1.000000000000000021e-02 9.584688935636278810e-69
5.003003003003003712e-02 2.506672082040083779e-37
9.006006006006006537e-02 2.731040270852840710e-28
1.300900900900901214e-01 2.678344665224265484e-23
1.701201201201201496e-01 5.595219334403252568e-20
2.101501501501501779e-01 1.485842836154136509e-17
2.501801801801802339e-01 1.110405186317106732e-15
2.902102102102102621e-01 3.548692473379857857e-14
3.302402402402402903e-01 6.199406674361734065e-13
3.702702702702703186e-01 6.915383021457166951e-12
4.103003003003003468e-01 5.466030894242421543e-11
4.503303303303303751e-01 3.292695143909315106e-10
4.903603603603604588e-01 1.593597309817373791e-09
5.303903903903904871e-01 6.445357874810752147e-09
5.704204204204205153e-01 2.244968749666285612e-08
6.104504504504505435e-01 6.893494276165892444e-08
6.504804804804805718e-01 1.901068329841762062e-07
6.905105105105106000e-01 4.779409123506277828e-07
7.305405405405406283e-01 1.108817144618009441e-06
7.705705705705706565e-01 2.397836346007495464e-06
8.106006006006006848e-01 4.874059283124358258e-06
8.506306306306307130e-01 9.378510419312231452e-06
8.906606606606607413e-01 1.718479857528635622e-05
9.306906906906907695e-01 3.013984638359240388e-05
9.707207207207209088e-01 5.081977674479081744e-05
1.010750750750750937e+00 8.269377897823891740e-05
1.050780780780780965e+00 1.302870365592680992e-04
1.090810810810810993e+00 1.993327377776887767e-04
1.130840840840841022e+00 2.969029154453513438e-04
1.170870870870871050e+00 4.315083836785617299e-04
1.210900900900901078e+00 6.131592876026395684e-04
1.250930930930931106e+00 8.533796206793671990e-04
1.290960960960961135e+00 1.165171319006746585e-03
1.330990990990991163e+00 1.562926020295254698e-03
1.371021021021021191e+00 2.062285089043717785e-03
1.411051051051051219e+00 2.679950890489848914e-03
1.451081081081081248e+00 3.433454406909812549e-03
1.491111111111111276e+00 4.340886030277272406e-03
1.531141141141141304e+00 5.420597672812894029e-03
1.571171171171171332e+00 6.690885185264833571e-03
1.611201201201201361e+00 8.169660467076768351e-03
1.651231231231231389e+00 9.874122623665142900e-03
1.691261261261261417e+00 1.182043712352442467e-02
1.731291291291291445e+00 1.402343119393547645e-02
1.771321321321321474e+00 1.649631273728547481e-02
1.811351351351351502e+00 1.925041892044447936e-02
1.851381381381381530e+00 2.229499935463235757e-02
1.891411411411411558e+00 2.563703750438505943e-02
1.931441441441441809e+00 2.928111269544566089e-02
1.971471471471471837e+00 3.322930387756807546e-02
2.011501501501501643e+00 3.748113517483101648e-02
2.051531531531531449e+00 4.203356224935816954e-02
2.091561561561561700e+00 4.688099763188868091e-02
2.131591591591591506e+00 5.201537244418853040e-02
2.171621621621621756e+00 5.742623135684649799e-02
2.211651651651651562e+00 6.310085718894475892e-02
2.251681681681681813e+00 6.902442125638759418e-02
2.291711711711711619e+00 7.518015540287303899e-02
2.331741741741741869e+00 8.154954158884682169e-02
2.371771771771771675e+00 8.811251495503423514e-02
2.411801801801801926e+00 9.484767640339669681e-02
2.451831831831831732e+00 1.017325109345795786e-01
2.491861861861861982e+00 1.087436082325836106e-01
2.531891891891891788e+00 1.158568822807300586e-01
2.571921921921922038e+00 1.230477871153884545e-01
2.611951951951952289e+00 1.302915261640068822e-01
2.651981981981982095e+00 1.375632529617579758e-01
2.692012012012012345e+00 1.448382613880105363e-01
2.732042042042042151e+00 1.520921639026845684e-01
2.772072072072072402e+00 1.593010565875252749e-01
2.812102102102102208e+00 1.664416701038460011e-01
2.852132132132132458e+00 1.734915059629404677e-01
2.892162162162162264e+00 1.804289577657316179e-01
2.932192192192192515e+00 1.872334173028449844e-01
2.972222222222222321e+00 1.938853656144444715e-01
3.012252252252252571e+00 2.003664492908131811e-01
3.052282282282282377e+00 2.066595424503080147e-01
3.092312312312312628e+00 2.127487949618837026e-01
3.132342342342342434e+00 2.186196675861724059e-01
3.172372372372372684e+00 2.242589547936379157e-01
3.212402402402402490e+00 2.296547960823043244e-01
3.252432432432432741e+00 2.347966766628235558e-01
3.292462462462462547e+00 2.396754184070487015e-01
3.332492492492492797e+00 2.442831619697152790e-01
3.372522522522522603e+00 2.486133409931347849e-01
3.412552552552552854e+00 2.526606492937834014e-01
3.452582582582582660e+00 2.564210019089884773e-01
3.492612612612612910e+00 2.598914908532249379e-01
3.532642642642642716e+00 2.630703363982624388e-01
3.572672672672672967e+00 2.659568346509655345e-01
3.612702702702702773e+00 2.685513021581415471e-01
3.652732732732733023e+00 2.708550182205882173e-01
3.692762762762762829e+00 2.728701655493911415e-01
3.732792792792793080e+00 2.745997698474293425e-01
3.772822822822822886e+00 2.760476388487204669e-01
3.812852852852853136e+00 2.772183012983107653e-01
3.852882882882883386e+00 2.781169463064400160e-01
3.892912912912913193e+00 2.787493634631388328e-01
3.932942942942943443e+00 2.791218840535985568e-01
3.972972972972973249e+00 2.792413236708997104e-01
4.013003003003003499e+00 2.791149264811975117e-01
4.053033033033033306e+00 2.787503113574099634e-01
4.093063063063063112e+00 2.781554200609440697e-01
4.133093093093093806e+00 2.773384676170733698e-01
4.173123123123123612e+00 2.763078949982902821e-01
4.213153153153153418e+00 2.750723242012512726e-01
4.253183183183183225e+00 2.736405157768060370e-01
4.293213213213213919e+00 2.720213288489489178e-01
4.333243243243243725e+00 2.702236836372995388e-01
4.373273273273273531e+00 2.682565264787851178e-01
4.413303303303303338e+00 2.661287973274606422e-01
4.453333333333334032e+00 2.638493996967394284e-01
4.493363363363363838e+00 2.614271729955889301e-01
4.533393393393393644e+00 2.588708671993502630e-01
4.573423423423423451e+00 2.561891197866322245e-01
4.613453453453454145e+00 2.533904348660778183e-01
4.653483483483483951e+00 2.504831644105863231e-01
4.693513513513513757e+00 2.474754915116602894e-01
4.733543543543543564e+00 2.443754155628236613e-01
4.773573573573574258e+00 2.411907392784043702e-01
4.813603603603604064e+00 2.379290574522813784e-01
4.853633633633633870e+00 2.345977473603626240e-01
4.893663663663663677e+00 2.312039607104813543e-01
4.933693693693694371e+00 2.277546170439917750e-01
4.973723723723724177e+00 2.242563984945095401e-01
5.013753753753753983e+00 2.207157458109180459e-01
5.053783783783783790e+00 2.171388555538580345e-01
5.093813813813814484e+00 2.135316783773755500e-01
5.133843843843844290e+00 2.098999183101596389e-01
5.173873873873874096e+00 2.062490329537993161e-01
5.213903903903904791e+00 2.025842345186788240e-01
5.253933933933934597e+00 1.989104916214628482e-01
5.293963963963964403e+00 1.952325317715640218e-01
5.333993993993994209e+00 1.915548444774884951e-01
5.374024024024024904e+00 1.878816849075007345e-01
5.414054054054054710e+00 1.842170780425927967e-01
5.454084084084084516e+00 1.805648232632753869e-01
5.494114114114114322e+00 1.769284993151997998e-01
5.534144144144145017e+00 1.733114696020500167e-01
5.574174174174174823e+00 1.697168877575037371e-01
5.614204204204204629e+00 1.661477034513325624e-01
5.654234234234234435e+00 1.626066683878848451e-01
5.694264264264265130e+00 1.590963424582618191e-01
5.734294294294294936e+00 1.556191000104505118e-01
5.774324324324324742e+00 1.521771362045105658e-01
5.814354354354354548e+00 1.487724734226255063e-01
5.854384384384385243e+00 1.454069677064130373e-01
5.894414414414415049e+00 1.420823151963526432e-01
5.934444444444444855e+00 1.388000585505170248e-01
5.974474474474474661e+00 1.355615933220085390e-01
6.014504504504505356e+00 1.323681742765787095e-01
6.054534534534535162e+00 1.292209216338734978e-01
6.094564564564564968e+00 1.261208272175857459e-01
6.134594594594594774e+00 1.230687605015211433e-01
6.174624624624625469e+00 1.200654745401944778e-01
6.214654654654655275e+00 1.171116117740735596e-01
6.254684684684685081e+00 1.142077097009827624e-01
6.294714714714714887e+00 1.113542064064738102e-01
6.334744744744745581e+00 1.085514459471657867e-01
6.374774774774775388e+00 1.057996835821607140e-01
6.414804804804805194e+00 1.030990908486559554e-01
6.454834834834835888e+00 1.004497604788066462e-01
6.494864864864865694e+00 9.785171115574108069e-02
6.534894894894895501e+00 9.530489210740843153e-02
6.574924924924925307e+00 9.280918753764411111e-02
6.614954954954956001e+00 9.036442089447467574e-02
6.654984984984985807e+00 8.797035897625990475e-02
6.695015015015015614e+00 8.562671587678448437e-02
6.735045045045045420e+00 8.333315677087578532e-02
6.775075075075076114e+00 8.108930154252960709e-02
6.815105105105105920e+00 7.889472825789113630e-02
6.855135135135135727e+00 7.674897648575261522e-02
6.895165165165165533e+00 7.465155046850675824e-02
6.935195195195196227e+00 7.260192214673193145e-02
6.975225225225226033e+00 7.059953404078732342e-02
7.015255255255255840e+00 6.864380199296590823e-02
7.055285285285285646e+00 6.673411777389363919e-02
7.095315315315316340e+00 6.486985155697531924e-02
7.135345345345346146e+00 6.305035426477530180e-02
7.175375375375375953e+00 6.127495979128528419e-02
7.215405405405405759e+00 5.954298710407741890e-02
7.255435435435436453e+00 5.785374223036351959e-02
7.295465465465466259e+00 5.620652013099144279e-02
7.335495495495496066e+00 5.460060646640139959e-02
7.375525525525525872e+00 5.303527925854614050e-02
7.415555555555556566e+00 5.150981045274326264e-02
7.455585585585586372e+00 5.002346738338771248e-02
7.495615615615616179e+00 4.857551414739536694e-02
7.535645645645645985e+00 4.716521288919107296e-02
7.575675675675676679e+00 4.579182500098298580e-02
7.615705705705706485e+00 4.445461224199065420e-02
7.655735735735736291e+00 4.315283778021325456e-02
7.695765765765766986e+00 4.188576716024147023e-02
7.735795795795796792e+00 4.065266920052557770e-02
7.775825825825826598e+00 3.945281682342025725e-02
7.815855855855856404e+00 3.828548782123600280e-02
7.855885885885887099e+00 3.714996556142617645e-02
7.895915915915916905e+00 3.604553963394634825e-02
7.935945945945946711e+00 3.497150644372040013e-02
7.975975975975976517e+00 3.392716975105382338e-02
8.016006006006007212e+00 3.291184116273238036e-02
8.056036036036037018e+00 3.192484057644933565e-02
8.096066066066066824e+00 3.096549658110654343e-02
8.136096096096096630e+00 3.003314681543775219e-02
8.176126126126126437e+00 2.912713828730877086e-02
8.216156156156156243e+00 2.824682765595493139e-02
8.256186186186187825e+00 2.739158147932504658e-02
8.296216216216217632e+00 2.656077642860991961e-02
8.336246246246247438e+00 2.575379947194673252e-02
8.376276276276277244e+00 2.497004802920371400e-02
8.416306306306307050e+00 2.420893009966499504e-02
8.456336336336336856e+00 2.346986436435528900e-02
8.496366366366366663e+00 2.275228026466303080e-02
8.536396396396396469e+00 2.205561805884389062e-02
8.576426426426428051e+00 2.137932885791233792e-02
8.616456456456457857e+00 2.072287464235494925e-02
8.656486486486487664e+00 2.008572826103066644e-02
8.696516516516517470e+00 1.946737341355427725e-02
8.736546546546547276e+00 1.886730461739418926e-02
8.776576576576577082e+00 1.828502716085310745e-02
8.816606606606606888e+00 1.772005704303821275e-02
8.856636636636636695e+00 1.717192090187065479e-02
8.896666666666668277e+00 1.664015593112637414e-02
8.936696696696698083e+00 1.612430978744731555e-02
8.976726726726727890e+00 1.562394048820982088e-02
9.016756756756757696e+00 1.513861630108757038e-02
9.056786786786787502e+00 1.466791562609880140e-02
9.096816816816817308e+00 1.421142687088183983e-02
9.136846846846847114e+00 1.376874831989942718e-02
9.176876876876878697e+00 1.333948799823124823e-02
9.216906906906908503e+00 1.292326353057326842e-02
9.256936936936938309e+00 1.251970199602546463e-02
9.296966966966968116e+00 1.212843977921305300e-02
9.336996996996997922e+00 1.174912241825169096e-02
9.377027027027027728e+00 1.138140445003444148e-02
9.417057057057057534e+00 1.102494925328684552e-02
9.457087087087087340e+00 1.067942888980735923e-02
9.497117117117118923e+00 1.034452394428125345e-02
9.537147147147148729e+00 1.001992336303007304e-02
9.577177177177178535e+00 9.705324292032923433e-03
9.617207207207208342e+00 9.400431914531758373e-03
9.657237237237238148e+00 9.104959288510126522e-03
9.697267267267267954e+00 8.818627184313162712e-03
9.737297297297297760e+00 8.541163922655923071e-03
9.777327327327327566e+00 8.272305213248334552e-03
9.817357357357359149e+00 8.011793994245817313e-03
9.857387387387388955e+00 7.759380272718717150e-03
9.897417417417418761e+00 7.514820966315624053e-03
9.937447447447448567e+00 7.277879746282408385e-03
9.977477477477478374e+00 7.048326881982064362e-03
1.001750750750750818e+01 6.825939087049022122e-03
1.005753753753753799e+01 6.610499367296752624e-03
1.009756756756756779e+01 6.401796870487305897e-03
1.013759759759759937e+01 6.199626738058557594e-03
1.017762762762762918e+01 6.003789958895390001e-03
1.021765765765765899e+01 5.814093225220656573e-03
1.025768768768768879e+01 5.630348790672413256e-03
1.029771771771771860e+01 5.452374330625434432e-03
1.033774774774774841e+01 5.279992804806806113e-03
1.037777777777777821e+01 5.113032322247674719e-03
1.041780780780780979e+01 4.951326008606252681e-03
1.045783783783783960e+01 4.794711875890830463e-03
1.049786786786786941e+01 4.643032694604599595e-03
1.053789789789789921e+01 4.496135868329731965e-03
1.057792792792792902e+01 4.353873310761422095e-03
1.061795795795795883e+01 4.216101325198771434e-03
1.065798798798798863e+01 4.082680486494393371e-03
1.069801801801801844e+01 3.953475525460557576e-03
1.073804804804805002e+01 3.828355215725658123e-03
1.077807807807807983e+01 3.707192263031770189e-03
1.081810810810810963e+01 3.589863196959989112e-03
1.085813813813813944e+01 3.476248265068189111e-03
1.089816816816816925e+01 3.366231329422354323e-03
1.093819819819819905e+01 3.259699765500612568e-03
1.097822822822822886e+01 3.156544363446731321e-03
1.101825825825825866e+01 3.056659231647842600e-03
1.105828828828829025e+01 2.959941702609097860e-03
1.109831831831832005e+01 2.866292241096826416e-03
1.113834834834834986e+01 2.775614354519720904e-03
1.117837837837837967e+01 2.687814505516761873e-03
1.121840840840840947e+01 2.602802026719044058e-03
1.125843843843843928e+01 2.520489037652101812e-03
1.129846846846846908e+01 2.440790363744016651e-03
1.133849849849849889e+01 2.363623457404236041e-03
1.137852852852853047e+01 2.288908321137154717e-03
1.141855855855856028e+01 2.216567432654160345e-03
1.145858858858859008e+01 2.146525671947295370e-03
1.149861861861861989e+01 2.078710250287517380e-03
1.153864864864864970e+01 2.013050641110251428e-03
1.157867867867867950e+01 1.949478512750660439e-03
1.161870870870870931e+01 1.887927662991263199e-03
1.165873873873874089e+01 1.828333955384158632e-03
1.169876876876877070e+01 1.770635257310622683e-03
1.173879879879880050e+01 1.714771379740421533e-03
1.177882882882883031e+01 1.660684018653894129e-03
1.181885885885886012e+01 1.608316698089727777e-03
1.185888888888888992e+01 1.557614714781646766e-03
1.189891891891891973e+01 1.508525084347739874e-03
1.193894894894894954e+01 1.460996488996246486e-03
1.197897897897898112e+01 1.414979226712159048e-03
1.201900900900901092e+01 1.370425161889378624e-03
1.205903903903904073e+01 1.327287677373438285e-03
1.209906906906907054e+01 1.285521627880584303e-03
1.213909909909910034e+01 1.245083294759069493e-03
1.217912912912913015e+01 1.205930342059438522e-03
1.221915915915915996e+01 1.168021773880691290e-03
1.225918918918918976e+01 1.131317892960052428e-03
1.229921921921922134e+01 1.095780260474472044e-03
1.233924924924925115e+01 1.061371657022471124e-03
1.237927927927928096e+01 1.028056044755678612e-03
1.241930930930931076e+01 9.957985306297955242e-04
1.245933933933934057e+01 9.645653307454208703e-04
1.249936936936937038e+01 9.343237357496318252e-04
1.253939939939940018e+01 9.050420772699090035e-04
1.257942942942942999e+01 8.766896953524707476e-04
1.261945945945946157e+01 8.492369068777232653e-04
1.265948948948949138e+01 8.226549749260574475e-04
1.269951951951952118e+01 7.969160790678685158e-04
1.273954954954955099e+01 7.719932865521842227e-04
1.277957957957958079e+01 7.478605243688749666e-04
1.281960960960961060e+01 7.244925521600176612e-04
1.285963963963964041e+01 7.018649359564977036e-04
1.289966966966967199e+01 6.799540227165112643e-04
1.293969969969970180e+01 6.587369156432083253e-04
1.297972972972973160e+01 6.381914502591998000e-04
1.301975975975976141e+01 6.182961712162522803e-04
1.305978978978979121e+01 5.990303098189883515e-04
1.309981981981982102e+01 5.803737622419403780e-04
1.313984984984985083e+01 5.623070684198304111e-04
1.317987987987988063e+01 5.448113915914472825e-04
1.321990990990991222e+01 5.278684984779977250e-04
1.325993993993994202e+01 5.114607400773038418e-04
1.329996996996997183e+01 4.955710330556738555e-04
1.334000000000000163e+01 4.801828417198190121e-04
1.338003003003003144e+01 4.652801605515453020e-04
1.342006006006006125e+01 4.508474972885145003e-04
1.346009009009009105e+01 4.368698565347556599e-04
1.350012012012012086e+01 4.233327238850520037e-04
1.354015015015015244e+01 4.102220505477908508e-04
1.358018018018018225e+01 3.975242384512313733e-04
1.362021021021021205e+01 3.852261258186237634e-04
1.366024024024024186e+01 3.733149731979647310e-04
1.370027027027027167e+01 3.617784499325769725e-04
1.374030030030030147e+01 3.506046210591239076e-04
1.378033033033033128e+01 3.397819346199926639e-04
1.382036036036036108e+01 3.292992093773907162e-04
1.386039039039039267e+01 3.191456229168346584e-04
1.390042042042042247e+01 3.093107001280799464e-04
1.394045045045045228e+01 2.997843020518669590e-04
1.398048048048048209e+01 2.905566150812015488e-04
1.402051051051051189e+01 2.816181405062143290e-04
1.406054054054054170e+01 2.729596843919685802e-04
1.410057057057057150e+01 2.645723477788647620e-04
1.414060060060060309e+01 2.564475171956398644e-04
1.418063063063063289e+01 2.485768554752251910e-04
1.422066066066066270e+01 2.409522928639962712e-04
1.426069069069069251e+01 2.335660184152831800e-04
1.430072072072072231e+01 2.264104716582263869e-04
1.434075075075075212e+01 2.194783345333445226e-04
1.438078078078078192e+01 2.127625235864724304e-04
1.442081081081081173e+01 2.062561824129126677e-04
1.446084084084084331e+01 1.999526743439566099e-04
1.450087087087087312e+01 1.938455753681194392e-04
1.454090090090090293e+01 1.879286672796863609e-04
1.458093093093093273e+01 1.821959310473884235e-04
1.462096096096096254e+01 1.766415403962471513e-04
1.466099099099099234e+01 1.712598555958300735e-04
1.470102102102102215e+01 1.660454174483710639e-04
1.474105105105105196e+01 1.609929414704239117e-04
1.478108108108108354e+01 1.560973122618741608e-04
1.482111111111111335e+01 1.513535780563771919e-04
1.486114114114114315e+01 1.467569454474231254e-04
1.490117117117117296e+01 1.423027742844347389e-04
1.494120120120120276e+01 1.379865727334858171e-04
1.498123123123123257e+01 1.338039924973629064e-04
1.502126126126126238e+01 1.297508241898931826e-04
1.506129129129129218e+01 1.258229928595929240e-04
1.510132132132132377e+01 1.220165536578629291e-04
1.514135135135135357e+01 1.183276876470943842e-04
1.518138138138138338e+01 1.147526977441970167e-04
1.522141141141141318e+01 1.112880047952129013e-04
1.526144144144144299e+01 1.079301437767955281e-04
1.530147147147147280e+01 1.046757601204796715e-04
1.534150150150150260e+01 1.015216061558028577e-04
1.538153153153153418e+01 9.846453766843650448e-05
1.542156156156156399e+01 9.550151056964284468e-05
1.546159159159159380e+01 9.262957767345565772e-05
1.550162162162162360e+01 8.984588557812355988e-05
1.554165165165165341e+01 8.714767164844482573e-05
1.558168168168168322e+01 8.453226109574379021e-05
1.562171171171171302e+01 8.199706415233692014e-05
1.566174174174174283e+01 7.953957333742958723e-05
1.570177177177177441e+01 7.715736081149931016e-05
1.574180180180180422e+01 7.484807581629594861e-05
1.578183183183183402e+01 7.260944219769672212e-05
1.582186186186186383e+01 7.043925600873066127e-05
1.586189189189189364e+01 6.833538319017936420e-05
1.590192192192192344e+01 6.629575732624644780e-05
1.594195195195195325e+01 6.431837747285576445e-05
1.598198198198198305e+01 6.240130605623429860e-05
1.602201201201201641e+01 6.054266683949676559e-05
1.606204204204204444e+01 5.874064295503015579e-05
1.610207207207207603e+01 5.699347500054136994e-05
1.614210210210210406e+01 5.529945919670928284e-05
1.618213213213213564e+01 5.365694560443466871e-05
1.622216216216216722e+01 5.206433639976319717e-05
1.626219219219219525e+01 5.052008420460213714e-05
1.630222222222222683e+01 4.902269047142360686e-05
1.634225225225225486e+01 4.757070392020328189e-05
1.638228228228228645e+01 4.616271902589239755e-05
1.642231231231231448e+01 4.479737455479018996e-05
1.646234234234234606e+01 4.347335214822140595e-05
1.650237237237237764e+01 4.218937495198688394e-05
1.654240240240240567e+01 4.094420629009919247e-05
1.658243243243243725e+01 3.973664838136225233e-05
1.662246246246246528e+01 3.856554109740771910e-05
1.666249249249249686e+01 3.742976076083555679e-05
1.670252252252252489e+01 3.632821898216141926e-05
1.674255255255255648e+01 3.525986153430442339e-05
1.678258258258258806e+01 3.422366726340020121e-05
1.682261261261261609e+01 3.321864703475520107e-05
1.686264264264264767e+01 3.224384271280210406e-05
1.690267267267267570e+01 3.129832617395236045e-05
1.694270270270270728e+01 3.038119835127374942e-05
1.698273273273273531e+01 2.949158830996364788e-05
1.702276276276276690e+01 2.862865235261175681e-05
1.706279279279279493e+01 2.779157315328978473e-05
1.710282282282282651e+01 2.697955891952800704e-05
1.714285285285285809e+01 2.619184258127456815e-05
1.718288288288288612e+01 2.542768100596035929e-05
1.722291291291291770e+01 2.468635423882174467e-05
1.726294294294294573e+01 2.396716476766151286e-05
1.730297297297297732e+01 2.326943681125285898e-05
1.734300300300300535e+01 2.259251563062191303e-05
1.738303303303303693e+01 2.193576686246147411e-05
1.742306306306306851e+01 2.129857587396304653e-05
1.746309309309309654e+01 2.068034713836693268e-05
1.750312312312312812e+01 2.008050363056186331e-05
1.754315315315315615e+01 1.949848624208277336e-05
1.758318318318318774e+01 1.893375321487534820e-05
1.762321321321321577e+01 1.838577959322215916e-05
1.766324324324324735e+01 1.785405669323960636e-05
1.770327327327327538e+01 1.733809158937512797e-05
1.774330330330330696e+01 1.683740661735660818e-05
1.778333333333333854e+01 1.635153889305784601e-05
1.782336336336336657e+01 1.588003984676642370e-05
1.786339339339339816e+01 1.542247477235387989e-05
1.790342342342342619e+01 1.497842239086725219e-05
1.794345345345345777e+01 1.454747442807250267e-05
1.798348348348348580e+01 1.412923520550162719e-05
1.802351351351351738e+01 1.372332124456323535e-05
1.806354354354354896e+01 1.332936088329628313e-05
1.810357357357357699e+01 1.294699390535750730e-05
1.814360360360360858e+01 1.257587118084613023e-05
1.818363363363363661e+01 1.221565431858491551e-05
1.822366366366366819e+01 1.186601532948542569e-05
1.826369369369369622e+01 1.152663630064185008e-05
1.830372372372372780e+01 1.119720907980428629e-05
1.834375375375375938e+01 1.087743496989846938e-05
1.838378378378378741e+01 1.056702443326715230e-05
1.842381381381381900e+01 1.026569680531856483e-05
1.846384384384384703e+01 9.973180017280435994e-06
1.850387387387387861e+01 9.689210327763907887e-06
1.854390390390390664e+01 9.413532062855412859e-06
1.858393393393393822e+01 9.145897364459835697e-06
1.862396396396396625e+01 8.886065946631247346e-06
1.866399399399399783e+01 8.633804859631933354e-06
1.870402402402402942e+01 8.388888261472976352e-06
1.874405405405405745e+01 8.151097196694163165e-06
1.878408408408408903e+01 7.920219382151109195e-06
1.882411411411411706e+01 7.696048999584716226e-06
1.886414414414414864e+01 7.478386494753941246e-06
1.890417417417417667e+01 7.267038382921982389e-06
1.894420420420420825e+01 7.061817060491496304e-06
1.898423423423423984e+01 6.862540622591478997e-06
1.902426426426426787e+01 6.669032686424853302e-06
1.906429429429429945e+01 6.481122220192169974e-06
1.910432432432432748e+01 6.298643377412492598e-06
1.914435435435435906e+01 6.121435336468399713e-06
1.918438438438438709e+01 5.949342145208236102e-06
1.922441441441441867e+01 5.782212570443040535e-06
1.926444444444445026e+01 5.619899952182115481e-06
1.930447447447447828e+01 5.462262062455045593e-06
1.934450450450450987e+01 5.309160968574181400e-06
1.938453453453453790e+01 5.160462900694942748e-06
1.942456456456456948e+01 5.016038123537068264e-06
1.946459459459459751e+01 4.875760812134085858e-06
1.950462462462462909e+01 4.739508931481773282e-06
1.954465465465465712e+01 4.607164119961839458e-06
1.958468468468468870e+01 4.478611576420111665e-06
1.962471471471472029e+01 4.353739950782889470e-06
1.966474474474474832e+01 4.232441238098497442e-06
1.970477477477477990e+01 4.114610675895246310e-06
1.974480480480480793e+01 4.000146644749971698e-06
1.978483483483483951e+01 3.888950571965234601e-06
1.982486486486486754e+01 3.780926838256141314e-06
1.986489489489489912e+01 3.675982687351022336e-06
1.990492492492493071e+01 3.574028138413915148e-06
1.994495495495495874e+01 3.474975901198416104e-06
1.998498498498499032e+01 3.378741293846984366e-06
2.002501501501501835e+01 3.285242163251328717e-06
2.006504504504504993e+01 3.194398807892700600e-06
2.010507507507507796e+01 3.106133903083717406e-06
2.014510510510510954e+01 3.020372428535348810e-06
2.018513513513513757e+01 2.937041598175752898e-06
2.022516516516516916e+01 2.856070792149329359e-06
2.026519519519520074e+01 2.777391490927439372e-06
2.030522522522522877e+01 2.700937211463683873e-06
2.034525525525526035e+01 2.626643445329405525e-06
2.038528528528528838e+01 2.554447598766611539e-06
2.042531531531531996e+01 2.484288934598100940e-06
2.046534534534534799e+01 2.416108515935907152e-06
2.050537537537537958e+01 2.349849151631539327e-06
2.054540540540541116e+01 2.285455343413122823e-06
2.058543543543543919e+01 2.222873234656137162e-06
2.062546546546547077e+01 2.162050560736566120e-06
2.066549549549549880e+01 2.102936600916480342e-06
2.070552552552553038e+01 2.045482131713899509e-06
2.074555555555555841e+01 1.989639381710417543e-06
2.078558558558559000e+01 1.935361987751157707e-06
2.082561561561562158e+01 1.882604952493645667e-06
2.086564564564564961e+01 1.831324603263022508e-06
2.090567567567568119e+01 1.781478552172773469e-06
2.094570570570570922e+01 1.733025657471307737e-06
2.098573573573574080e+01 1.685925986075778804e-06
2.102576576576576883e+01 1.640140777256344761e-06
2.106579579579580042e+01 1.595632407434470037e-06
2.110582582582582845e+01 1.552364356060736958e-06
2.114585585585586003e+01 1.510301172538184387e-06
2.118588588588589161e+01 1.469408444158749850e-06
2.122591591591591964e+01 1.429652765020917179e-06
2.126594594594595122e+01 1.391001705898209665e-06
2.130597597597597925e+01 1.353423785028646467e-06
2.134600600600601084e+01 1.316888439796633783e-06
2.138603603603603887e+01 1.281365999279424454e-06
2.142606606606607045e+01 1.246827657631106805e-06
2.146609609609610203e+01 1.213245448278332902e-06
2.150612612612613006e+01 1.180592218902259189e-06
2.154615615615616164e+01 1.148841607182456788e-06
2.158618618618618967e+01 1.117968017279021392e-06
2.162621621621622126e+01 1.087946597029998454e-06
2.166624624624624929e+01 1.058753215841975463e-06
2.170627627627628087e+01 1.030364443252201512e-06
2.174630630630630890e+01 1.002757528141652543e-06
2.178633633633634048e+01 9.759103785786454788e-07
2.182636636636637206e+01 9.498015422736217944e-07
2.186639639639640009e+01 9.244101876262081696e-07
2.190642642642643168e+01 8.997160853460991960e-07
2.194645645645645970e+01 8.756995906302355342e-07
2.198648648648649129e+01 8.523416258788963013e-07
2.202651651651651932e+01 8.296236639342487929e-07
2.206654654654655090e+01 8.075277118250920811e-07
2.210657657657658248e+01 7.860362950023195168e-07
2.214660660660661051e+01 7.651324420498602112e-07
2.218663663663664209e+01 7.447996698565996708e-07
2.222666666666667012e+01 7.250219692349420700e-07
2.226669669669670171e+01 7.057837909723938711e-07
2.230672672672672974e+01 6.870700323028438001e-07
2.234675675675676132e+01 6.688660237845688792e-07
2.238678678678679290e+01 6.511575165726191054e-07
2.242681681681682093e+01 6.339306700733171151e-07
2.246684684684685251e+01 6.171720399693193040e-07
2.250687687687688054e+01 6.008685666037752948e-07
2.254690690690691213e+01 5.850075637126172056e-07
2.258693693693694016e+01 5.695767074943861467e-07
2.262696696696697174e+01 5.545640260071386914e-07
2.266699699699699977e+01 5.399578888826015952e-07
2.270702702702703135e+01 5.257469973477392304e-07
2.274705705705706293e+01 5.119203745444506771e-07
2.278708708708709096e+01 4.984673561382558215e-07
2.282711711711712255e+01 4.853775812071262727e-07
2.286714714714715058e+01 4.726409834020454537e-07
2.290717717717718216e+01 4.602477823708614212e-07
2.294720720720721019e+01 4.481884754375455813e-07
2.298723723723724177e+01 4.364538295290530601e-07
2.302726726726727335e+01 4.250348733422171758e-07
2.306729729729730138e+01 4.139228897434534582e-07
2.310732732732733297e+01 4.031094083941596726e-07
2.314735735735736100e+01 3.925861985949896871e-07
2.318738738738739258e+01 3.823452623423396394e-07
2.322741741741742061e+01 3.723788275906604097e-07
2.326744744744745219e+01 3.626793417143017272e-07
2.330747747747748377e+01 3.532394651629170169e-07
2.334750750750751180e+01 3.440520653045241075e-07
2.338753753753754339e+01 3.351102104505726732e-07
2.342756756756757142e+01 3.264071640575299005e-07
2.346759759759760300e+01 3.179363790996225036e-07
2.350762762762763103e+01 3.096914926076226067e-07
2.354765765765766261e+01 3.016663203686145696e-07
2.358768768768769064e+01 2.938548517819466398e-07
2.362771771771772222e+01 2.862512448666216149e-07
2.366774774774775381e+01 2.788498214156070633e-07
2.370777777777778184e+01 2.716450622926139983e-07
2.374780780780781342e+01 2.646316028670797247e-07
2.378783783783784145e+01 2.578042285832187953e-07
2.382786786786787303e+01 2.511578706590773782e-07
2.386789789789790106e+01 2.446876019117444469e-07
2.390792792792793264e+01 2.383886327048852213e-07
2.394795795795796423e+01 2.322563070149801885e-07
2.398798798798799226e+01 2.262860986126779926e-07
2.402801801801802384e+01 2.204736073558493639e-07
2.406804804804805187e+01 2.148145555909840015e-07
2.410807807807808345e+01 2.093047846596852383e-07
2.414810810810811148e+01 2.039402515071616611e-07
2.418813813813814306e+01 1.987170253896304474e-07
2.422816816816817109e+01 1.936312846777040662e-07
2.426819819819820268e+01 1.886793137529017147e-07
2.430822822822823426e+01 1.838574999944977439e-07
2.434825825825826229e+01 1.791623308540374126e-07
2.438828828828829387e+01 1.745903910148975816e-07
2.442831831831832190e+01 1.701383596343700162e-07
2.446834834834835348e+01 1.658030076658155336e-07
2.450837837837838151e+01 1.615811952585192089e-07
2.454840840840841310e+01 1.574698692329215348e-07
2.458843843843844468e+01 1.534660606290179280e-07
2.462846846846847271e+01 1.495668823257390936e-07
2.466849849849850429e+01 1.457695267292106532e-07
2.470852852852853232e+01 1.420712635278768916e-07
2.474855855855856390e+01 1.384694375124771588e-07
2.478858858858859193e+01 1.349614664589860143e-07
2.482861861861862351e+01 1.315448390726465510e-07
2.486864864864865510e+01 1.282171129912914976e-07
2.490867867867868313e+01 1.249759128462154731e-07
2.494870870870871471e+01 1.218189283788841808e-07
2.498873873873874274e+01 1.187439126118537394e-07
2.502876876876877432e+01 1.157486800722924525e-07
2.506879879879880235e+01 1.128311050665659470e-07
2.510882882882883393e+01 1.099891200043752477e-07
2.514885885885886196e+01 1.072207137710033449e-07
2.518888888888889355e+01 1.045239301462470685e-07
2.522891891891892513e+01 1.018968662686732983e-07
2.526894894894895316e+01 9.933767114386602837e-08
2.530897897897898474e+01 9.684454419537463922e-08
2.534900900900901277e+01 9.441573385711679587e-08
2.538903903903904435e+01 9.204953620602137998e-08
2.542906906906907238e+01 8.974429363373128758e-08
2.546909909909910397e+01 8.749839355623097548e-08
2.550912912912913555e+01 8.531026716028632432e-08
2.554915915915916358e+01 8.317838818562481865e-08
2.558918918918919516e+01 8.110127174180981263e-08
2.562921921921922319e+01 7.907747315880783413e-08
2.566924924924925477e+01 7.710558687025244580e-08
2.570927927927928280e+01 7.518424532846478758e-08
2.574930930930931439e+01 7.331211795030480811e-08
2.578933933933934597e+01 7.148791009295318625e-08
2.582936936936937400e+01 6.971036205875619710e-08
2.586939939939940558e+01 6.797824812828993063e-08
2.590942942942943361e+01 6.629037562083011575e-08
2.594945945945946519e+01 6.464558398142080384e-08
2.598948948948949322e+01 6.304274389378635841e-08
2.602951951951952481e+01 6.148075641832275353e-08
2.606954954954955284e+01 5.995855215445967787e-08
2.610957957957958442e+01 5.847509042667149408e-08
2.614960960960961600e+01 5.702935849346735513e-08
2.618963963963964403e+01 5.562037077868745014e-08
2.622966966966967561e+01 5.424716812446792802e-08
2.626969969969970364e+01 5.290881706524674152e-08
2.630972972972973523e+01 5.160440912220314207e-08
2.634975975975976326e+01 5.033306011754441386e-08
2.638978978978979484e+01 4.909390950806784855e-08
2.642981981981982642e+01 4.788611973744342518e-08
2.646984984984985445e+01 4.670887560667738401e-08
2.650987987987988603e+01 4.556138366223729097e-08
2.654990990990991406e+01 4.444287160133096844e-08
2.658993993993994565e+01 4.335258769384440685e-08
2.662996996996997368e+01 4.228980022046570170e-08
2.667000000000000526e+01 4.125379692652517072e-08
2.671003003003003329e+01 4.024388449110981101e-08
2.675006006006006487e+01 3.925938801100558408e-08
2.679009009009009645e+01 3.829965049905164233e-08
2.683012012012012448e+01 3.736403239649078882e-08
2.687015015015015607e+01 3.645191109891588804e-08
2.691018018018018410e+01 3.556268049542694649e-08
2.695021021021021568e+01 3.469575052061958443e-08
2.699024024024024371e+01 3.385054671904077384e-08
2.703027027027027529e+01 3.302650982175599604e-08
2.707030030030030687e+01 3.222309533468378469e-08
2.711033033033033490e+01 3.143977313836188503e-08
2.715036036036036649e+01 3.067602709882062233e-08
2.719039039039039451e+01 2.993135468924903834e-08
2.723042042042042610e+01 2.920526662214581677e-08
2.727045045045045413e+01 2.849728649165716621e-08
2.731048048048048571e+01 2.780695042581653143e-08
2.735051051051051729e+01 2.713380674840020333e-08
2.739054054054054532e+01 2.647741565013089018e-08
2.743057057057057690e+01 2.583734886896235904e-08
2.747060060060060493e+01 2.521318937919084531e-08
2.751063063063063652e+01 2.460453108913978895e-08
2.755066066066066455e+01 2.401097854718062240e-08
2.759069069069069613e+01 2.343214665584975735e-08
2.763072072072072416e+01 2.286766039383826640e-08
2.767075075075075574e+01 2.231715454562711570e-08
2.771078078078078732e+01 2.178027343855749723e-08
2.775081081081081535e+01 2.125667068712373165e-08
2.779084084084084694e+01 2.074600894428671776e-08
2.783087087087087497e+01 2.024795965961143003e-08
2.787090090090090655e+01 1.976220284403459297e-08
2.791093093093093458e+01 1.928842684107965944e-08
2.795096096096096616e+01 1.882632810433435990e-08
2.799099099099099774e+01 1.837561098101872650e-08
2.803102102102102577e+01 1.793598750147071746e-08
2.807105105105105736e+01 1.750717717438528637e-08
2.811108108108108539e+01 1.708890678764420311e-08
2.815111111111111697e+01 1.668091021458239691e-08
2.819114114114114500e+01 1.628292822553740931e-08
2.823117117117117658e+01 1.589470830453409032e-08
2.827120120120120816e+01 1.551600447096373825e-08
2.831123123123123619e+01 1.514657710611528251e-08
2.835126126126126778e+01 1.478619278442521255e-08
2.839129129129129581e+01 1.443462410931435066e-08
2.843132132132132739e+01 1.409164955348386605e-08
2.847135135135135542e+01 1.375705330354649137e-08
2.851138138138138700e+01 1.343062510887203409e-08
2.855141141141141503e+01 1.311216013453110297e-08
2.859144144144144661e+01 1.280145881822215920e-08
2.863147147147147820e+01 1.249832673107272908e-08
2.867150150150150623e+01 1.220257444220532256e-08
2.871153153153153781e+01 1.191401738696630924e-08
2.875156156156156584e+01 1.163247573871443558e-08
2.879159159159159742e+01 1.135777428407119872e-08
2.883162162162162545e+01 1.108974230153775121e-08
2.887165165165165703e+01 1.082821344338399154e-08
2.891168168168168862e+01 1.057302562072120820e-08
2.895171171171171665e+01 1.032402089166959016e-08
2.899174174174174823e+01 1.008104535253434885e-08
2.903177177177177626e+01 9.843949031909862561e-09
2.907180180180180784e+01 9.612585787628403965e-09
2.911183183183183587e+01 9.386813206477838278e-09
2.915186186186186745e+01 9.166492506609856990e-09
2.919189189189189548e+01 8.951488442566593944e-09
2.923192192192192707e+01 8.741669212852474504e-09
2.927195195195195865e+01 8.536906369981812989e-09
2.931198198198198668e+01 8.337074732934901970e-09
2.935201201201201826e+01 8.142052301955257615e-09
2.939204204204204629e+01 7.951720175625279446e-09
2.943207207207207787e+01 7.765962470156653091e-09
2.947210210210210590e+01 7.584666240836168996e-09
2.951213213213213749e+01 7.407721405566784661e-09
2.955216216216216907e+01 7.235020670447937729e-09
2.959219219219219710e+01 7.066459457338021214e-09
2.963222222222222868e+01 6.901935833346500704e-09
2.967225225225225671e+01 6.741350442201502308e-09
2.971228228228228829e+01 6.584606437442961734e-09
2.975231231231231632e+01 6.431609417391229703e-09
2.979234234234234791e+01 6.282267361842141446e-09
2.983237237237237949e+01 6.136490570442863430e-09
2.987240240240240752e+01 5.994191602701872614e-09
2.991243243243243910e+01 5.855285219588722241e-09
2.995246246246246713e+01 5.719688326681349242e-09
2.999249249249249871e+01 5.587319918817458203e-09
3.003252252252252674e+01 5.458101026210589081e-09
3.007255255255255832e+01 5.331954661990513006e-09
3.011258258258258635e+01 5.208805771129404597e-09
3.015261261261261794e+01 5.088581180716246700e-09
3.019264264264264952e+01 4.971209551543621698e-09
3.023267267267267755e+01 4.856621330970508323e-09
3.027270270270270913e+01 4.744748707027186933e-09
3.031273273273273716e+01 4.635525563728943528e-09
3.035276276276276874e+01 4.528887437565062585e-09
3.039279279279279677e+01 4.424771475132609737e-09
3.043282282282282836e+01 4.323116391883201677e-09
3.047285285285285994e+01 4.223862431953387637e-09
3.051288288288288797e+01 4.126951329049162536e-09
3.055291291291291955e+01 4.032326268356470294e-09
3.059294294294294758e+01 3.939931849450097599e-09
3.063297297297297916e+01 3.849714050174054088e-09
3.067300300300300719e+01 3.761620191467590359e-09
3.071303303303303878e+01 3.675598903111091699e-09
3.075306306306307036e+01 3.591600090367762094e-09
3.079309309309309839e+01 3.509574901496644994e-09
3.083312312312312997e+01 3.429475696113763936e-09
3.087315315315315800e+01 3.351256014379056604e-09
3.091318318318318958e+01 3.274870546986420197e-09
3.095321321321321761e+01 3.200275105935931750e-09
3.099324324324324920e+01 3.127426596067133770e-09
3.103327327327327723e+01 3.056282987333132067e-09
3.107330330330330881e+01 2.986803287795781256e-09
3.111333333333334039e+01 2.918947517322566337e-09
3.115336336336336842e+01 2.852676681967009247e-09
3.119339339339340000e+01 2.787952749013596758e-09
3.123342342342342803e+01 2.724738622670456961e-09
3.127345345345345962e+01 2.662998120391819643e-09
3.131348348348348765e+01 2.602695949814135069e-09
3.135351351351351923e+01 2.543797686288971323e-09
3.139354354354355081e+01 2.486269750997579261e-09
3.143357357357357884e+01 2.430079389630938398e-09
3.147360360360361042e+01 2.375194651620925942e-09
3.151363363363363845e+01 2.321584369907692008e-09
3.155366366366367004e+01 2.269218141229119391e-09
3.159369369369369807e+01 2.218066306918747540e-09
3.163372372372372965e+01 2.168099934198262025e-09
3.167375375375375768e+01 2.119290797952211281e-09
3.171378378378378926e+01 2.071611362971447314e-09
3.175381381381382084e+01 2.025034766653550604e-09
3.179384384384384887e+01 1.979534802147821576e-09
3.183387387387388046e+01 1.935085901933334215e-09
3.187390390390390849e+01 1.891663121818583359e-09
3.191393393393394007e+01 1.849242125351521745e-09
3.195396396396396810e+01 1.807799168629504131e-09
3.199399399399399968e+01 1.767311085498293751e-09
3.203402402402402771e+01 1.727755273130192534e-09
3.207405405405405929e+01 1.689109677971063676e-09
3.211408408408408377e+01 1.651352782046958584e-09
3.215411411411411535e+01 1.614463589620511758e-09
3.219414414414414694e+01 1.578421614188299320e-09
3.223417417417417852e+01 1.543206865809984233e-09
3.227420420420420299e+01 1.508799838760690618e-09
3.231423423423423458e+01 1.475181499498216658e-09
3.235426426426426616e+01 1.442333274936684630e-09
3.239429429429429774e+01 1.410237041018815540e-09
3.243432432432432933e+01 1.378875111578916595e-09
3.247435435435435380e+01 1.348230227489086423e-09
3.251438438438438538e+01 1.318285546081187007e-09
3.255441441441441697e+01 1.289024630837454308e-09
3.259444444444444855e+01 1.260431441342739503e-09
3.263447447447448013e+01 1.232490323491625452e-09
3.267450450450450461e+01 1.205185999943642343e-09
3.271453453453453619e+01 1.178503560820366869e-09
3.275456456456456777e+01 1.152428454637972787e-09
3.279459459459459936e+01 1.126946479469151833e-09
3.283462462462462383e+01 1.102043774328479492e-09
3.287465465465465542e+01 1.077706810775418597e-09
3.291468468468468700e+01 1.053922384729420114e-09
3.295471471471471858e+01 1.030677608491421815e-09
3.299474474474475016e+01 1.007959902966689337e-09
3.303477477477477464e+01 9.857569900835728985e-10
3.307480480480480622e+01 9.640568854031216717e-10
3.311483483483483781e+01 9.428478909149535907e-10
3.315486486486486939e+01 9.221185880140749465e-10
3.319489489489489387e+01 9.018578306543608453e-10
3.323492492492492545e+01 8.820547386740603841e-10
3.327495495495495703e+01 8.626986912888570836e-10
3.331498498498498861e+01 8.437793207480782884e-10
3.335501501501502020e+01 8.252865061501451073e-10
3.339504504504504467e+01 8.072103674128853501e-10
3.343507507507507626e+01 7.895412593948610029e-10
3.347510510510510784e+01 7.722697661638310754e-10
3.351513513513513942e+01 7.553866954086093092e-10
3.355516516516517100e+01 7.388830729904772856e-10
3.359519519519519548e+01 7.227501376308727462e-10
3.363522522522522706e+01 7.069793357315172862e-10
3.367525525525525865e+01 6.915623163239423909e-10
3.371528528528529023e+01 6.764909261447566456e-10
3.375531531531531471e+01 6.617572048338077891e-10
3.379534534534534629e+01 6.473533802517537688e-10
3.383537537537537787e+01 6.332718639142932491e-10
3.387540540540540945e+01 6.195052465398419757e-10
3.391543543543544104e+01 6.060462937079235435e-10
3.395546546546546551e+01 5.928879416253974254e-10
3.399549549549549710e+01 5.800232929977724399e-10
3.403552552552552868e+01 5.674456130029612646e-10
3.407555555555556026e+01 5.551483253647977907e-10
3.411558558558558474e+01 5.431250085239556160e-10
3.415561561561561632e+01 5.313693919035528674e-10
3.419564564564564790e+01 5.198753522672368504e-10
3.423567567567567949e+01 5.086369101673427745e-10
3.427570570570571107e+01 4.976482264808043456e-10
3.431573573573573555e+01 4.869035990306423986e-10
3.435576576576576713e+01 4.763974592908396415e-10
3.439579579579579871e+01 4.661243691725162945e-10
3.443582582582583029e+01 4.560790178893439446e-10
3.447585585585585477e+01 4.462562189001721606e-10
3.451588588588588635e+01 4.366509069269193935e-10
3.455591591591591794e+01 4.272581350459185495e-10
3.459594594594594952e+01 4.180730718507059451e-10
3.463597597597598110e+01 4.090909986846225485e-10
3.467600600600600558e+01 4.003073069413037950e-10
3.471603603603603716e+01 3.917174954315115108e-10
3.475606606606606874e+01 3.833171678145069652e-10
3.479609609609610033e+01 3.751020300924482107e-10
3.483612612612613191e+01 3.670678881661197624e-10
3.487615615615615638e+01 3.592106454505599259e-10
3.491618618618618797e+01 3.515263005489994461e-10
3.495621621621621955e+01 3.440109449837383586e-10
3.499624624624625113e+01 3.366607609824241927e-10
3.503627627627627561e+01 3.294720193184304757e-10
3.507630630630630719e+01 3.224410772039704297e-10
3.511633633633633877e+01 3.155643762345536152e-10
3.515636636636637036e+01 3.088384403836332569e-10
3.519639639639640194e+01 3.022598740460526247e-10
3.523642642642642642e+01 2.958253601291686062e-10
3.527645645645645800e+01 2.895316581904222453e-10
3.531648648648648958e+01 2.833756026201934912e-10
3.535651651651652116e+01 2.773541008688341120e-10
3.539654654654654564e+01 2.714641317167912391e-10
3.543657657657657722e+01 2.657027435866543888e-10
3.547660660660660881e+01 2.600670528962473416e-10
3.551663663663664039e+01 2.545542424515801999e-10
3.555666666666667197e+01 2.491615598787803692e-10
3.559669669669669645e+01 2.438863160939744288e-10
3.563672672672672803e+01 2.387258838102167351e-10
3.567675675675675961e+01 2.336776960805335054e-10
3.571678678678679120e+01 2.287392448761690205e-10
3.575681681681682278e+01 2.239080796992018017e-10
3.579684684684684726e+01 2.191818062286221052e-10
3.583687687687687884e+01 2.145580849991198602e-10
3.587690690690691042e+01 2.100346301116883251e-10
3.591693693693694200e+01 2.056092079753470545e-10
3.595696696696696648e+01 2.012796360791237274e-10
3.599699699699699806e+01 1.970437817936186935e-10
3.603702702702702965e+01 1.928995612014034859e-10
3.607705705705706123e+01 1.888449379555184512e-10
3.611708708708709281e+01 1.848779221654154057e-10
3.615711711711711729e+01 1.809965693096254376e-10
3.619714714714714887e+01 1.771989791745485814e-10
3.623717717717718045e+01 1.734832948186619769e-10
3.627720720720721204e+01 1.698477015615929749e-10
3.631723723723723651e+01 1.662904259973598742e-10
3.635726726726726810e+01 1.628097350312775731e-10
3.639729729729729968e+01 1.594039349398792369e-10
3.643732732732733126e+01 1.560713704533142202e-10
3.647735735735736284e+01 1.528104238596982509e-10
3.651738738738738732e+01 1.496195141308111563e-10
3.655741741741741890e+01 1.464970960687062311e-10
3.659744744744745049e+01 1.434416594726314396e-10
3.663747747747748207e+01 1.404517283258490157e-10
3.667750750750751365e+01 1.375258600018021715e-10
3.671753753753753813e+01 1.346626444891880531e-10
3.675756756756756971e+01 1.318607036354679826e-10
3.679759759759760129e+01 1.291186904083802016e-10
3.683762762762763288e+01 1.264352881749912983e-10
3.687765765765765735e+01 1.238092099978702746e-10
3.691768768768768894e+01 1.212391979479779411e-10
3.695771771771772052e+01 1.187240224338504798e-10
3.699774774774775210e+01 1.162624815466937854e-10
3.703777777777778368e+01 1.138534004209934156e-10
3.707780780780780816e+01 1.114956306102600195e-10
3.711783783783783974e+01 1.091880494775562522e-10
3.715786786786787133e+01 1.069295596004386032e-10
3.719789789789790291e+01 1.047190881899580904e-10
3.723792792792792739e+01 1.025555865234053735e-10
3.727795795795795897e+01 1.004380293904206774e-10
3.731798798798799055e+01 9.836541455219722072e-11
3.735801801801802213e+01 9.633676221342781556e-11
3.739804804804805372e+01 9.435111450669745807e-11
3.743807807807807819e+01 9.240753498902824991e-11
3.747810810810810978e+01 9.050510815025362255e-11
3.751813813813814136e+01 8.864293893299165011e-11
3.755816816816817294e+01 8.682015226387627736e-11
3.759819819819820452e+01 8.503589259581566664e-11
3.763822822822822900e+01 8.328932346100394445e-11
3.767825825825826058e+01 8.157962703441454131e-11
3.771828828828829216e+01 7.990600370754118786e-11
3.775831831831832375e+01 7.826767167212376943e-11
3.779834834834834822e+01 7.666386651363112483e-11
3.783837837837837981e+01 7.509384081426553412e-11
3.787840840840841139e+01 7.355686376525230880e-11
3.791843843843844297e+01 7.205222078819283866e-11
3.795846846846847455e+01 7.057921316528192586e-11
3.799849849849849903e+01 6.913715767814761094e-11
3.803852852852853061e+01 6.772538625513472923e-11
3.807855855855856220e+01 6.634324562680734679e-11
3.811858858858859378e+01 6.499009698949516589e-11
3.815861861861861826e+01 6.366531567667103036e-11
3.819864864864864984e+01 6.236829083798928650e-11
3.823867867867868142e+01 6.109842512579058657e-11
3.827870870870871300e+01 5.985513438890715554e-11
3.831873873873874459e+01 5.863784737357162660e-11
3.835876876876876906e+01 5.744600543129770373e-11
3.839879879879880065e+01 5.627906223352188849e-11
3.843882882882883223e+01 5.513648349288726026e-11
3.847885885885886381e+01 5.401774669097777893e-11
3.851888888888889539e+01 5.292234081237191152e-11
3.855891891891891987e+01 5.184976608485912257e-11
3.859894894894895145e+01 5.079953372566266523e-11
3.863897897897898304e+01 4.977116569354493191e-11
3.867900900900901462e+01 4.876419444664263322e-11
3.871903903903903910e+01 4.777816270589539175e-11
3.875906906906907068e+01 4.681262322394470732e-11
3.879909909909910226e+01 4.586713855936535500e-11
3.883912912912913384e+01 4.494128085611065118e-11
3.887915915915916543e+01 4.403463162803378454e-11
3.891918918918918990e+01 4.314678154838810220e-11
3.895921921921922149e+01 4.227733024416489034e-11
3.899924924924925307e+01 4.142588609517460905e-11
3.903927927927928465e+01 4.059206603774186920e-11
3.907930930930930913e+01 3.977549537292181095e-11
3.911933933933934071e+01 3.897580757911829146e-11
3.915936936936937229e+01 3.819264412900930553e-11
3.919939939939940388e+01 3.742565431067173075e-11
3.923942942942943546e+01 3.667449505281200338e-11
3.927945945945945994e+01 3.593883075400173126e-11
3.931948948948949152e+01 3.521833311582715713e-11
3.935951951951952310e+01 3.451268097985929156e-11
3.939954954954955468e+01 3.382156016835474683e-11
3.943957957957957916e+01 3.314466332860347436e-11
3.947960960960961074e+01 3.248168978082844806e-11
3.951963963963964233e+01 3.183234536956761646e-11
3.955966966966967391e+01 3.119634231844519511e-11
3.959969969969970549e+01 3.057339908825808563e-11
3.963972972972972997e+01 2.996324023829891672e-11
3.967975975975976155e+01 2.936559629084203654e-11
3.971978978978979313e+01 2.878020359871378357e-11
3.975981981981982472e+01 2.820680421588059037e-11
3.979984984984985630e+01 2.764514577098124920e-11
3.983987987987988078e+01 2.709498134373370145e-11
3.987990990990991236e+01 2.655606934415343329e-11
3.991993993993994394e+01 2.602817339451487337e-11
3.995996996996997552e+01 2.551106221399179904e-11
4.000000000000000000e+01 2.500450950591697455e-11
