5.000000000000000000e-01 8.237027058505913146e+01
5.102602602602602788e-01 8.242849583297271465e+01
5.205205205205205576e-01 8.248670873675696669e+01
5.307807807807807254e-01 8.254490937663889838e+01
5.410410410410410043e-01 8.260309783243748427e+01
5.513013013013012831e-01 8.266127418356417422e+01
5.615615615615615619e-01 8.271943850902269446e+01
5.718218218218218407e-01 8.277759088740913285e+01
5.820820820820821195e-01 8.283573139691263520e+01
5.923423423423423984e-01 8.289386011531496479e+01
6.026026026026025662e-01 8.295197711999104229e+01
6.128628628628628450e-01 8.301008248790887478e+01
6.231231231231231238e-01 8.306817629562978311e+01
6.333833833833834026e-01 8.312625861930840188e+01
6.436436436436436814e-01 8.318432953469240942e+01
6.539039039039038492e-01 8.324238911712360789e+01
6.641641641641641280e-01 8.330043744153699947e+01
6.744244244244244069e-01 8.335847458246114172e+01
6.846846846846846857e-01 8.341650061401824701e+01
6.949449449449449645e-01 8.347451560992425357e+01
7.052052052052051323e-01 8.353251964348871184e+01
7.154654654654655221e-01 8.359051278761482706e+01
7.257257257257256899e-01 8.364849511479913247e+01
7.359859859859859688e-01 8.370646669713235610e+01
7.462462462462462476e-01 8.376442760629811346e+01
7.565065065065064154e-01 8.382237791357395906e+01
7.667667667667668052e-01 8.388031768983069014e+01
7.770270270270269730e-01 8.393824700553268769e+01
7.872872872872872518e-01 8.399616593073703541e+01
7.975475475475475307e-01 8.405407453509475602e+01
8.078078078078078095e-01 8.411197288784904913e+01
8.180680680680680883e-01 8.416986105783682603e+01
8.283283283283282561e-01 8.422773911348716069e+01
8.385885885885886459e-01 8.428560712282221346e+01
8.488488488488488137e-01 8.434346515345632156e+01
8.591091091091090926e-01 8.440131327259634020e+01
8.693693693693693714e-01 8.445915154704097461e+01
8.796296296296295392e-01 8.451698004318100743e+01
8.898898898898899290e-01 8.457479882699909979e+01
9.001501501501500968e-01 8.463260796406923703e+01
9.104104104104103756e-01 8.469040751955660085e+01
9.206706706706706544e-01 8.474819755821762612e+01
9.309309309309309333e-01 8.480597814439931881e+01
9.411911911911912121e-01 8.486374934203948328e+01
9.514514514514513799e-01 8.492151121466585550e+01
9.617117117117117697e-01 8.497926382539654355e+01
9.719719719719719375e-01 8.503700723693908969e+01
9.822322322322322163e-01 8.509474151159047040e+01
9.924924924924924952e-01 8.515246671123672684e+01
1.002752752752752663e+00 8.521018289735270912e+01
1.013013013013012831e+00 8.526789013100164993e+01
1.023273273273273221e+00 8.532558847283493719e+01
1.033533533533533610e+00 8.538327798309161665e+01
1.043793793793793778e+00 8.544095872159799399e+01
1.054054054054053946e+00 8.549863074776752114e+01
1.064314314314314336e+00 8.555629412060041261e+01
1.074574574574574504e+00 8.561394889868260805e+01
1.084834834834834894e+00 8.567159514018639754e+01
1.095095095095095061e+00 8.572923290286907161e+01
1.105355355355355229e+00 8.578686224407299221e+01
1.115615615615615619e+00 8.584448322072510962e+01
1.125875875875876009e+00 8.590209588933643658e+01
1.136136136136136177e+00 8.595970030600153677e+01
1.146396396396396344e+00 8.601729652639849633e+01
1.156656656656656512e+00 8.607488460578750278e+01
1.166916916916916902e+00 8.613246459901161245e+01
1.177177177177177292e+00 8.619003656049504514e+01
1.187437437437437460e+00 8.624760054424359623e+01
1.197697697697697627e+00 8.630515660384381249e+01
1.207957957957957795e+00 8.636270479246221043e+01
1.218218218218218185e+00 8.642024516284480740e+01
1.228478478478478575e+00 8.647777776731743415e+01
1.238738738738738743e+00 8.653530265778380226e+01
1.248998998998998911e+00 8.659281988572600142e+01
1.259259259259259078e+00 8.665032950220340524e+01
1.269519519519519468e+00 8.670783155785247232e+01
1.279779779779779858e+00 8.676532610288579406e+01
1.290040040040040026e+00 8.682281318709161155e+01
1.300300300300300194e+00 8.688029285983341765e+01
1.310560560560560361e+00 8.693776517004920379e+01
1.320820820820820751e+00 8.699523016625056471e+01
1.331081081081081141e+00 8.705268789652268424e+01
1.341341341341341309e+00 8.711013840852322687e+01
1.351601601601601477e+00 8.716758174948168403e+01
1.361861861861861867e+00 8.722501796619877723e+01
1.372122122122122034e+00 8.728244710504624493e+01
1.382382382382382424e+00 8.733986921196549247e+01
1.392642642642642592e+00 8.739728433246723682e+01
1.402902902902902760e+00 8.745469251163086710e+01
1.413163163163163150e+00 8.751209379410360611e+01
1.423423423423423539e+00 8.756948822409984245e+01
1.433683683683683707e+00 8.762687584540051944e+01
1.443943943943943875e+00 8.768425670135218297e+01
1.454204204204204043e+00 8.774163083486651260e+01
1.464464464464464433e+00 8.779899828841959675e+01
1.474724724724724823e+00 8.785635910405089533e+01
1.484984984984984990e+00 8.791371332336241551e+01
1.495245245245245158e+00 8.797106098751839909e+01
1.505505505505505548e+00 8.802840213724471141e+01
1.515765765765765716e+00 8.808573681282682344e+01
1.526026026026025884e+00 8.814306505411055070e+01
1.536286286286286273e+00 8.820038690050037644e+01
1.546546546546546441e+00 8.825770239095891156e+01
1.556806806806806831e+00 8.831501156400565833e+01
1.567067067067066999e+00 8.837231445771729454e+01
1.577327327327327167e+00 8.842961110972521510e+01
1.587587587587587556e+00 8.848690155721639883e+01
1.597847847847847724e+00 8.854418583693104949e+01
1.608108108108108114e+00 8.860146398516305055e+01
1.618368368368368282e+00 8.865873603775817458e+01
1.628628628628628672e+00 8.871600203011344377e+01
1.638888888888888840e+00 8.877326199717666100e+01
1.649149149149149007e+00 8.883051597344507400e+01
1.659409409409409397e+00 8.888776399296472164e+01
1.669669669669669565e+00 8.894500608932928287e+01
1.679929929929929955e+00 8.900224229567956513e+01
1.690190190190190123e+00 8.905947264470226798e+01
1.700450450450450290e+00 8.911669716862911628e+01
1.710710710710710680e+00 8.917391589923599327e+01
1.720970970970970848e+00 8.923112886784223008e+01
1.731231231231231238e+00 8.928833610530922726e+01
1.741491491491491406e+00 8.934553764203981530e+01
1.751751751751751796e+00 8.940273350797707508e+01
1.762012012012011963e+00 8.945992373260379793e+01
1.772272272272272131e+00 8.951710834494093660e+01
1.782532532532532521e+00 8.957428737354709369e+01
1.792792792792792689e+00 8.963146084651724266e+01
1.803053053053053079e+00 8.968862879148210254e+01
1.813313313313313246e+00 8.974579123560681637e+01
1.823573573573573414e+00 8.980294820558992797e+01
1.833833833833833804e+00 8.986009972766234455e+01
1.844094094094093972e+00 8.991724582758703832e+01
1.854354354354354362e+00 8.997438653065714220e+01
1.864614614614614529e+00 9.003152186169494087e+01
1.874874874874874697e+00 9.008865184505165757e+01
1.885135135135135087e+00 9.014577650460537939e+01
1.895395395395395255e+00 9.020289586376102875e+01
1.905655655655655645e+00 9.026000994544830291e+01
1.915915915915915813e+00 9.031711877212150341e+01
1.926176176176176202e+00 9.037422236575771706e+01
1.936436436436436370e+00 9.043132074785661700e+01
1.946696696696696538e+00 9.048841393943818900e+01
1.956956956956956928e+00 9.054550196104291615e+01
1.967217217217217096e+00 9.060258483272974672e+01
1.977477477477477485e+00 9.065966257407553996e+01
1.987737737737737653e+00 9.071673520417351710e+01
1.997997997997997821e+00 9.077380274163267870e+01
2.008258258258257989e+00 9.083086520457638358e+01
2.018518518518518157e+00 9.088792261064097033e+01
2.028778778778778769e+00 9.094497497697516053e+01
2.039039039039038936e+00 9.100202232023877968e+01
2.049299299299299548e+00 9.105906465660115146e+01
2.059559559559559716e+00 9.111610200174072816e+01
2.069819819819819884e+00 9.117313437084311545e+01
2.080080080080080052e+00 9.123016177860083076e+01
2.090340340340340219e+00 9.128718423921104375e+01
2.100600600600600387e+00 9.134420176637550526e+01
2.110860860860860555e+00 9.140121437329874254e+01
2.121121121121120723e+00 9.145822207268686554e+01
2.131381381381381335e+00 9.151522487674668582e+01
2.141641641641641503e+00 9.157222279718442337e+01
2.151901901901902114e+00 9.162921584520410079e+01
2.162162162162162282e+00 9.168620403150724485e+01
2.172422422422422450e+00 9.174318736629071225e+01
2.182682682682682618e+00 9.180016585924613537e+01
2.192942942942942786e+00 9.185713951955843015e+01
2.203203203203202953e+00 9.191410835590453132e+01
2.213463463463463121e+00 9.197107237645239763e+01
2.223723723723723733e+00 9.202803158885967605e+01
2.233983983983983901e+00 9.208498600027232328e+01
2.244244244244244069e+00 9.214193561732348314e+01
2.254504504504504681e+00 9.219888044613223599e+01
2.264764764764764848e+00 9.225582049230254711e+01
2.275025025025025016e+00 9.231275576092153301e+01
2.285285285285285184e+00 9.236968625655870824e+01
2.295545545545545352e+00 9.242661198326433691e+01
2.305805805805805520e+00 9.248353294456860851e+01
2.316066066066065687e+00 9.254044914347963413e+01
2.326326326326326299e+00 9.259736058248304857e+01
2.336586586586586467e+00 9.265426726354010611e+01
2.346846846846847079e+00 9.271116918808661467e+01
2.357107107107107247e+00 9.276806635703158577e+01
2.367367367367367414e+00 9.282495877075602664e+01
2.377627627627627582e+00 9.288184642911164701e+01
2.387887887887887750e+00 9.293872933141935277e+01
2.398148148148147918e+00 9.299560747646840753e+01
2.408408408408408086e+00 9.305248086251427253e+01
2.418668668668668253e+00 9.310934948727809513e+01
2.428928928928928865e+00 9.316621334794538711e+01
2.439189189189189033e+00 9.322307244116423419e+01
2.449449449449449645e+00 9.327992676304377540e+01
2.459709709709709813e+00 9.333677630915383361e+01
2.469969969969969981e+00 9.339362107452272710e+01
2.480230230230230148e+00 9.345046105363633160e+01
2.490490490490490316e+00 9.350729624043651711e+01
2.500750750750750484e+00 9.356412662832003946e+01
2.511011011011011096e+00 9.362095221013686341e+01
2.521271271271271264e+00 9.367777297818919635e+01
2.531531531531531432e+00 9.373458892422993927e+01
2.541791791791791599e+00 9.379140003946125148e+01
2.552052052052051767e+00 9.384820631453322903e+01
2.562312312312312379e+00 9.390500773954276781e+01
2.572572572572572547e+00 9.396180430403201456e+01
2.582832832832832715e+00 9.401859599698660475e+01
2.593093093093092882e+00 9.407538280683523624e+01
2.603353353353353050e+00 9.413216472144735292e+01
2.613613613613613662e+00 9.418894172813244836e+01
2.623873873873873830e+00 9.424571381363793421e+01
2.634134134134133998e+00 9.430248096414872805e+01
2.644394394394394165e+00 9.435924316528483757e+01
2.654654654654654333e+00 9.441600040210097688e+01
2.664914914914914945e+00 9.447275265908420749e+01
2.675175175175175113e+00 9.452949992015351199e+01
2.685435435435435281e+00 9.458624216865726453e+01
2.695695695695695449e+00 9.464297938737297500e+01
2.705955955955956060e+00 9.469971155850518585e+01
2.716216216216216228e+00 9.475643866368405099e+01
2.726476476476476396e+00 9.481316068396451158e+01
2.736736736736736564e+00 9.486987759982429225e+01
2.746996996996996732e+00 9.492658939116275008e+01
2.757257257257257343e+00 9.498329603729918347e+01
2.767517517517517511e+00 9.503999751697196530e+01
2.777777777777777679e+00 9.509669380833653918e+01
2.788038038038037847e+00 9.515338488896453839e+01
2.798298298298298015e+00 9.521007073584185321e+01
2.808558558558558627e+00 9.526675132536743718e+01
2.818818818818818794e+00 9.532342663335211341e+01
2.829079079079078962e+00 9.538009663501681246e+01
2.839339339339339130e+00 9.543676130499100907e+01
2.849599599599599298e+00 9.549342061731192643e+01
2.859859859859859910e+00 9.555007454542240453e+01
2.870120120120120077e+00 9.560672306217020378e+01
2.880380380380380245e+00 9.566336613980577397e+01
2.890640640640640413e+00 9.572000374998113159e+01
2.900900900900900581e+00 9.577663586374882243e+01
2.911161161161161193e+00 9.583326245156005996e+01
2.921421421421421361e+00 9.588988348326313371e+01
2.931681681681681528e+00 9.594649892810262770e+01
2.941941941941941696e+00 9.600310875471730299e+01
2.952202202202201864e+00 9.605971293113886134e+01
2.962462462462462476e+00 9.611631142479097889e+01
2.972722722722722644e+00 9.617290420248691873e+01
2.982982982982982811e+00 9.622949123042916142e+01
2.993243243243242979e+00 9.628607247420700332e+01
3.003503503503503591e+00 9.634264789879586033e+01
3.013763763763763759e+00 9.639921746855527829e+01
3.024024024024023927e+00 9.645578114722798091e+01
3.034284284284284094e+00 9.651233889793789444e+01
3.044544544544544262e+00 9.656889068318929503e+01
3.054804804804804874e+00 9.662543646486474813e+01
3.065065065065065042e+00 9.668197620422408534e+01
3.075325325325325210e+00 9.673850986190295487e+01
3.085585585585585378e+00 9.679503739791118733e+01
3.095845845845845545e+00 9.685155877163157356e+01
3.106106106106106157e+00 9.690807394181791778e+01
3.116366366366366325e+00 9.696458286659438386e+01
3.126626626626626493e+00 9.702108550345357685e+01
3.136886886886886661e+00 9.707758180925488034e+01
3.147147147147146828e+00 9.713407174022360380e+01
3.157407407407407440e+00 9.719055525194927725e+01
3.167667667667667608e+00 9.724703229938380389e+01
3.177927927927927776e+00 9.730350283684086321e+01
3.188188188188187944e+00 9.735996681799390728e+01
3.198448448448448111e+00 9.741642419587445545e+01
3.208708708708708723e+00 9.747287492287172483e+01
3.218968968968968891e+00 9.752931895072980240e+01
3.229229229229229059e+00 9.758575623054753123e+01
3.239489489489489227e+00 9.764218671277605210e+01
3.249749749749749395e+00 9.769861034721797921e+01
3.260010010010010006e+00 9.775502708302582278e+01
3.270270270270270174e+00 9.781143686870061060e+01
3.280530530530530342e+00 9.786783965209025382e+01
3.290790790790790510e+00 9.792423538038836739e+01
3.301051051051051122e+00 9.798062400013250794e+01
3.311311311311311290e+00 9.803700545720347748e+01
3.321571571571571457e+00 9.809337969682307801e+01
3.331831831831831625e+00 9.814974666355314525e+01
3.342092092092091793e+00 9.820610630129412755e+01
3.352352352352352405e+00 9.826245855328346579e+01
3.362612612612612573e+00 9.831880336209448501e+01
3.372872872872872740e+00 9.837514066963471748e+01
3.383133133133132908e+00 9.843147041714466638e+01
3.393393393393393076e+00 9.848779254519639892e+01
3.403653653653653688e+00 9.854410699369194049e+01
3.413913913913913856e+00 9.860041370186237941e+01
3.424174174174174023e+00 9.865671260826586320e+01
3.434434434434434191e+00 9.871300365078666061e+01
3.444694694694694359e+00 9.876928676663352746e+01
3.454954954954954971e+00 9.882556189233866917e+01
3.465215215215215139e+00 9.888182896375568021e+01
3.475475475475475307e+00 9.893808791605901831e+01
3.485735735735735474e+00 9.899433868374218548e+01
3.495995995995995642e+00 9.905058120061603688e+01
3.506256256256256254e+00 9.910681539980829768e+01
3.516516516516516422e+00 9.916304121376147407e+01
3.526776776776776590e+00 9.921925857423168793e+01
3.537037037037036757e+00 9.927546741228735527e+01
3.547297297297296925e+00 9.933166765830797829e+01
3.557557557557557537e+00 9.938785924198256794e+01
3.567817817817817705e+00 9.944404209230857816e+01
3.578078078078077873e+00 9.950021613759005845e+01
3.588338338338338041e+00 9.955638130543709963e+01
3.598598598598598652e+00 9.961253752276381590e+01
3.608858858858858820e+00 9.966868471578742117e+01
3.619119119119118988e+00 9.972482281002669424e+01
3.629379379379379156e+00 9.978095173030085618e+01
3.639639639639639324e+00 9.983707140072822028e+01
3.649899899899899935e+00 9.989318174472471412e+01
3.660160160160160103e+00 9.994928268500271429e+01
3.670420420420420271e+00 1.000053741435698242e+02
3.680680680680680439e+00 1.000614560417277517e+02
3.690940940940940607e+00 1.001175283000702763e+02
3.701201201201201219e+00 1.001735908384831362e+02
3.711461461461461386e+00 1.002296435761414983e+02
3.721721721721721554e+00 1.002856864315097170e+02
3.731981981981981722e+00 1.003417193223398414e+02
3.742242242242241890e+00 1.003977421656698539e+02
3.752502502502502502e+00 1.004537548778228029e+02
3.762762762762762669e+00 1.005097573744058366e+02
3.773023023023022837e+00 1.005657495703083697e+02
3.783283283283283005e+00 1.006217313797013446e+02
3.793543543543543173e+00 1.006777027160358813e+02
3.803803803803803785e+00 1.007336634920418419e+02
3.814064064064063952e+00 1.007896136197270494e+02
3.824324324324324120e+00 1.008455530103755819e+02
3.834584584584584288e+00 1.009014815745469775e+02
3.844844844844844456e+00 1.009573992220747698e+02
3.855105105105105068e+00 1.010133058620659767e+02
3.865365365365365236e+00 1.010692014028985284e+02
3.875625625625625403e+00 1.011250857522218070e+02
3.885885885885885571e+00 1.011809588169539751e+02
3.896146146146146183e+00 1.012368205032821038e+02
3.906406406406406351e+00 1.012926707166599840e+02
3.916666666666666519e+00 1.013485093618077713e+02
3.926926926926926686e+00 1.014043363427102520e+02
3.937187187187186854e+00 1.014601515626163177e+02
3.947447447447447466e+00 1.015159549240371035e+02
3.957707707707707634e+00 1.015717463287458600e+02
3.967967967967967802e+00 1.016275256777759637e+02
3.978228228228227970e+00 1.016832928714202211e+02
3.988488488488488137e+00 1.017390478092297741e+02
3.998748748748748749e+00 1.017947903900130768e+02
4.009009009009009361e+00 1.018505205118347021e+02
4.019269269269269529e+00 1.019062380720146024e+02
4.029529529529529697e+00 1.019619429671263475e+02
4.039789789789789864e+00 1.020176350929968976e+02
4.050050050050050032e+00 1.020733143447051958e+02
4.060310310310310200e+00 1.021289806165812166e+02
4.070570570570570368e+00 1.021846338022047718e+02
4.080830830830830536e+00 1.022402737944048425e+02
4.091091091091090703e+00 1.022959004852583718e+02
4.101351351351350871e+00 1.023515137660894823e+02
4.111611611611611039e+00 1.024071135274679563e+02
4.121871871871871207e+00 1.024626996592091501e+02
4.132132132132131375e+00 1.025182720503722607e+02
4.142392392392391542e+00 1.025738305892600266e+02
4.152652652652652598e+00 1.026293751634169524e+02
4.162912912912912766e+00 1.026849056596293224e+02
4.173173173173172934e+00 1.027404219639240210e+02
4.183433433433433102e+00 1.027959239615669134e+02
4.193693693693694158e+00 1.028514115370630577e+02
4.203953953953954326e+00 1.029068845741549723e+02
4.214214214214214493e+00 1.029623429558222369e+02
4.224474474474474661e+00 1.030177865642804704e+02
4.234734734734734829e+00 1.030732152809805768e+02
4.244994994994994997e+00 1.031286289866078079e+02
4.255255255255255165e+00 1.031840275610807964e+02
4.265515515515515332e+00 1.032394108835511446e+02
4.275775775775775500e+00 1.032947788324024856e+02
4.286036036036035668e+00 1.033501312852492759e+02
4.296296296296295836e+00 1.034054681189365397e+02
4.306556556556556004e+00 1.034607892095388593e+02
4.316816816816816171e+00 1.035160944323598784e+02
4.327077077077076339e+00 1.035713836619310513e+02
4.337337337337336507e+00 1.036266567720113159e+02
4.347597597597597563e+00 1.036819136355863691e+02
4.357857857857857731e+00 1.037371541248678994e+02
4.368118118118117899e+00 1.037923781112926349e+02
4.378378378378378066e+00 1.038475854655221440e+02
4.388638638638638234e+00 1.039027760574415993e+02
4.398898898898899290e+00 1.039579497561599197e+02
4.409159159159159458e+00 1.040131064300079800e+02
4.419419419419419626e+00 1.040682459465393066e+02
4.429679679679679793e+00 1.041233681725283304e+02
4.439939939939939961e+00 1.041784729739705426e+02
4.450200200200200129e+00 1.042335602160813011e+02
4.460460460460460297e+00 1.042886297632958161e+02
4.470720720720720465e+00 1.043436814792682696e+02
4.480980980980980632e+00 1.043987152268713032e+02
4.491241241241240800e+00 1.044537308681954784e+02
4.501501501501500968e+00 1.045087282645488926e+02
4.511761761761761136e+00 1.045637072764564124e+02
4.522022022022022192e+00 1.046186677636593743e+02
4.532282282282282360e+00 1.046736095851149031e+02
4.542542542542542527e+00 1.047285325989962104e+02
4.552802802802802695e+00 1.047834366626905762e+02
4.563063063063062863e+00 1.048383216328005290e+02
4.573323323323323031e+00 1.048931873651428504e+02
4.583583583583583199e+00 1.049480337147473819e+02
4.593843843843843366e+00 1.050028605358581331e+02
4.604104104104103534e+00 1.050576676819313917e+02
4.614364364364364590e+00 1.051124550056367326e+02
4.624624624624624758e+00 1.051672223588552981e+02
4.634884884884884926e+00 1.052219695926807219e+02
4.645145145145145094e+00 1.052766965574181484e+02
4.655405405405405261e+00 1.053314031025835789e+02
4.665665665665665429e+00 1.053860890769046819e+02
4.675925925925925597e+00 1.054407543283196418e+02
4.686186186186185765e+00 1.054953987039770738e+02
4.696446446446445933e+00 1.055500220502356967e+02
4.706706706706706100e+00 1.056046242126647172e+02
4.716966966966967156e+00 1.056592050360428772e+02
4.727227227227227324e+00 1.057137643643584966e+02
4.737487487487487492e+00 1.057683020408096013e+02
4.747747747747747660e+00 1.058228179078032127e+02
4.758008008008007828e+00 1.058773118069560297e+02
4.768268268268267995e+00 1.059317835790933486e+02
4.778528528528528163e+00 1.059862330642494044e+02
4.788788788788788331e+00 1.060406601016676547e+02
4.799049049049048499e+00 1.060950645297998705e+02
4.809309309309308667e+00 1.061494461863068750e+02
4.819569569569569722e+00 1.062038049080580606e+02
4.829829829829829890e+00 1.062581405311315166e+02
4.840090090090090058e+00 1.063124528908138302e+02
4.850350350350350226e+00 1.063667418216004137e+02
4.860610610610610394e+00 1.064210071571952909e+02
4.870870870870870561e+00 1.064752487305113959e+02
4.881131131131130729e+00 1.065294663736701324e+02
4.891391391391390897e+00 1.065836599180021125e+02
4.901651651651651065e+00 1.066378291940469722e+02
4.911911911911912121e+00 1.066919740315529737e+02
4.922172172172172289e+00 1.067460942594783972e+02
4.932432432432432456e+00 1.068001897059902774e+02
4.942692692692692624e+00 1.068542601984655960e+02
4.952952952952952792e+00 1.069083055634908987e+02
4.963213213213212960e+00 1.069623256268631195e+02
4.973473473473473128e+00 1.070163202135888412e+02
4.983733733733733295e+00 1.070702891478856031e+02
4.993993993993993463e+00 1.071242322531814750e+02
5.004254254254253631e+00 1.071781493521155966e+02
5.014514514514514687e+00 1.072320402665386752e+02
5.024774774774774855e+00 1.072859048175127299e+02
5.035035035035035023e+00 1.073397428253118306e+02
5.045295295295295190e+00 1.073935541094229222e+02
5.055555555555555358e+00 1.074473384885452703e+02
5.065815815815815526e+00 1.075010957805912568e+02
5.076076076076075694e+00 1.075548258026873896e+02
5.086336336336335862e+00 1.076085283711736338e+02
5.096596596596596029e+00 1.076622033016049613e+02
5.106856856856856197e+00 1.077158504087509527e+02
5.117117117117117253e+00 1.077694695065970762e+02
5.127377377377377421e+00 1.078230604083446167e+02
5.137637637637637589e+00 1.078766229264114997e+02
5.147897897897897757e+00 1.079301568724327751e+02
5.158158158158157924e+00 1.079836620572612418e+02
5.168418418418418092e+00 1.080371382909682154e+02
5.178678678678678260e+00 1.080905853828437984e+02
5.188938938938938428e+00 1.081440031413979597e+02
5.199199199199198596e+00 1.081973913743605920e+02
5.209459459459459651e+00 1.082507498886830035e+02
5.219719719719719819e+00 1.083040784905380889e+02
5.229979979979979987e+00 1.083573769853209257e+02
5.240240240240240155e+00 1.084106451776504514e+02
5.250500500500500323e+00 1.084638828713688525e+02
5.260760760760760490e+00 1.085170898695436961e+02
5.271021021021020658e+00 1.085702659744676879e+02
5.281281281281280826e+00 1.086234109876604066e+02
5.291541541541540994e+00 1.086765247098685023e+02
5.301801801801801162e+00 1.087296069410671748e+02
5.312062062062062218e+00 1.087826574804600597e+02
5.322322322322322385e+00 1.088356761264815589e+02
5.332582582582582553e+00 1.088886626767969972e+02
5.342842842842842721e+00 1.089416169283031621e+02
5.353103103103102889e+00 1.089945386771302793e+02
5.363363363363363057e+00 1.090474277186427088e+02
5.373623623623623224e+00 1.091002838474392718e+02
5.383883883883883392e+00 1.091531068573557661e+02
5.394144144144143560e+00 1.092058965414642557e+02
5.404404404404403728e+00 1.092586526920759695e+02
5.414664664664664784e+00 1.093113751007409604e+02
5.424924924924924952e+00 1.093640635582505070e+02
5.435185185185185119e+00 1.094167178546370707e+02
5.445445445445445287e+00 1.094693377791764419e+02
5.455705705705705455e+00 1.095219231203887489e+02
5.465965965965965623e+00 1.095744736660394807e+02
5.476226226226225791e+00 1.096269892031407380e+02
5.486486486486485958e+00 1.096794695179528532e+02
5.496746746746746126e+00 1.097319143959856973e+02
5.507007007007007182e+00 1.097843236219997323e+02
5.517267267267267350e+00 1.098366969800072752e+02
5.527527527527527518e+00 1.098890342532744313e+02
5.537787787787787686e+00 1.099413352243219890e+02
5.548048048048047853e+00 1.099935996749276086e+02
5.558308308308308021e+00 1.100458273861261915e+02
5.568568568568568189e+00 1.100980181382121543e+02
5.578828828828828357e+00 1.101501717107408922e+02
5.589089089089088525e+00 1.102022878825299301e+02
5.599349349349348692e+00 1.102543664316606424e+02
5.609609609609609748e+00 1.103064071354802422e+02
5.619869869869869916e+00 1.103584097706029468e+02
5.630130130130130084e+00 1.104103741129116258e+02
5.640390390390390252e+00 1.104622999375595498e+02
5.650650650650650419e+00 1.105141870189723505e+02
5.660910910910910587e+00 1.105660351308491727e+02
5.671171171171170755e+00 1.106178440461647483e+02
5.681431431431430923e+00 1.106696135371714291e+02
5.691691691691691091e+00 1.107213433754002523e+02
5.701951951951951258e+00 1.107730333316636120e+02
5.712212212212212314e+00 1.108246831760559843e+02
5.722472472472472482e+00 1.108762926779571103e+02
5.732732732732732650e+00 1.109278616060328631e+02
5.742992992992992818e+00 1.109793897282377060e+02
5.753253253253252986e+00 1.110308768118160714e+02
5.763513513513513153e+00 1.110823226233051031e+02
5.773773773773773321e+00 1.111337269285360065e+02
5.784034034034033489e+00 1.111850894926362656e+02
5.794294294294293657e+00 1.112364100800318596e+02
5.804554554554554713e+00 1.112876884544489258e+02
5.814814814814814881e+00 1.113389243789163316e+02
5.825075075075075048e+00 1.113901176157673234e+02
5.835335335335335216e+00 1.114412679266419843e+02
5.845595595595595384e+00 1.114923750724891818e+02
5.855855855855855552e+00 1.115434388135691108e+02
5.866116116116115720e+00 1.115944589094550992e+02
5.876376376376375887e+00 1.116454351190362502e+02
5.886636636636636055e+00 1.116963672005188499e+02
5.896896896896896223e+00 1.117472549114301614e+02
5.907157157157157279e+00 1.117980980086194194e+02
5.917417417417417447e+00 1.118488962482608429e+02
5.927677677677677615e+00 1.118996493858553976e+02
5.937937937937937782e+00 1.119503571762341636e+02
5.948198198198197950e+00 1.120010193735600126e+02
5.958458458458458118e+00 1.120516357313299096e+02
5.968718718718718286e+00 1.121022060023782245e+02
5.978978978978978454e+00 1.121527299388787640e+02
5.989239239239238621e+00 1.122032072923468746e+02
5.999499499499498789e+00 1.122536378136426265e+02
6.009759759759759845e+00 1.123040212529735555e+02
6.020020020020020013e+00 1.123543573598963690e+02
6.030280280280280181e+00 1.124046458833202706e+02
6.040540540540540349e+00 1.124548865715098458e+02
6.050800800800800516e+00 1.125050791720868801e+02
6.061061061061060684e+00 1.125552234320339124e+02
6.071321321321320852e+00 1.126053190976966931e+02
6.081581581581581020e+00 1.126553659147865432e+02
6.091841841841841187e+00 1.127053636283839353e+02
6.102102102102102243e+00 1.127553119829407819e+02
6.112362362362362411e+00 1.128052107222831495e+02
6.122622622622622579e+00 1.128550595896149957e+02
6.132882882882882747e+00 1.129048583275200173e+02
6.143143143143142915e+00 1.129546066779648328e+02
6.153403403403403082e+00 1.130043043823027205e+02
6.163663663663663250e+00 1.130539511812759059e+02
6.173923923923923418e+00 1.131035468150183192e+02
6.184184184184183586e+00 1.131530910230594600e+02
6.194444444444443754e+00 1.132025835443266999e+02
6.204704704704704810e+00 1.132520241171489772e+02
6.214964964964964977e+00 1.133014124792594117e+02
6.225225225225225145e+00 1.133507483677986727e+02
6.235485485485485313e+00 1.134000315193185457e+02
6.245745745745745481e+00 1.134492616697842067e+02
6.256006006006005649e+00 1.134984385545783852e+02
6.266266266266265816e+00 1.135475619085039227e+02
6.276526526526525984e+00 1.135966314657875529e+02
6.286786786786786152e+00 1.136456469600829422e+02
6.297047047047046320e+00 1.136946081244741436e+02
6.307307307307307376e+00 1.137435146914788646e+02
6.317567567567567544e+00 1.137923663930517790e+02
6.327827827827827711e+00 1.138411629605882496e+02
6.338088088088087879e+00 1.138899041249274973e+02
6.348348348348348047e+00 1.139385896163561966e+02
6.358608608608608215e+00 1.139872191646119290e+02
6.368868868868868383e+00 1.140357924988867211e+02
6.379129129129128550e+00 1.140843093478303416e+02
6.389389389389388718e+00 1.141327694395546359e+02
6.399649649649649774e+00 1.141811725016360271e+02
6.409909909909909942e+00 1.142295182611202762e+02
6.420170170170170110e+00 1.142778064445251118e+02
6.430430430430430278e+00 1.143260367778448483e+02
6.440690690690690445e+00 1.143742089865532563e+02
6.450950950950950613e+00 1.144223227956080251e+02
6.461211211211210781e+00 1.144703779294541022e+02
6.471471471471470949e+00 1.145183741120273311e+02
6.481731731731731116e+00 1.145663110667588569e+02
6.491991991991991284e+00 1.146141885165785084e+02
6.502252252252252340e+00 1.146620061839187201e+02
6.512512512512512508e+00 1.147097637907186680e+02
6.522772772772772676e+00 1.147574610584279924e+02
6.533033033033032844e+00 1.148050977080107060e+02
6.543293293293293011e+00 1.148526734599492727e+02
6.553553553553553179e+00 1.149001880342486714e+02
6.563813813813813347e+00 1.149476411504401767e+02
6.574074074074073515e+00 1.149950325275859910e+02
6.584334334334333683e+00 1.150423618842824709e+02
6.594594594594593850e+00 1.150896289386650295e+02
6.604854854854854906e+00 1.151368334084117322e+02
6.615115115115115074e+00 1.151839750107478153e+02
6.625375375375375242e+00 1.152310534624495943e+02
6.635635635635635410e+00 1.152780684798488693e+02
6.645895895895895578e+00 1.153250197788372304e+02
6.656156156156155745e+00 1.153719070748701938e+02
6.666416416416415913e+00 1.154187300829711518e+02
6.676676676676676081e+00 1.154654885177366594e+02
6.686936936936936249e+00 1.155121820933395327e+02
6.697197197197197305e+00 1.155588105235344898e+02
6.707457457457457473e+00 1.156053735216612779e+02
6.717717717717717640e+00 1.156518708006501441e+02
6.727977977977977808e+00 1.156983020730260137e+02
6.738238238238237976e+00 1.157446670509121844e+02
6.748498498498498144e+00 1.157909654460363811e+02
6.758758758758758312e+00 1.158371969697333839e+02
6.769019019019018479e+00 1.158833613329514378e+02
6.779279279279278647e+00 1.159294582462554075e+02
6.789539539539538815e+00 1.159754874198321772e+02
6.799799799799799871e+00 1.160214485634948574e+02
6.810060060060060039e+00 1.160673413866876729e+02
6.820320320320320207e+00 1.161131655984908377e+02
6.830580580580580374e+00 1.161589209076246050e+02
6.840840840840840542e+00 1.162046070224547094e+02
6.851101101101100710e+00 1.162502236509964035e+02
6.861361361361360878e+00 1.162957705009200993e+02
6.871621621621621046e+00 1.163412472795552191e+02
6.881881881881881213e+00 1.163866536938962639e+02
6.892142142142141381e+00 1.164319894506058830e+02
6.902402402402402437e+00 1.164772542560215527e+02
6.912662662662662605e+00 1.165224478161592288e+02
6.922922922922922773e+00 1.165675698367192723e+02
6.933183183183182940e+00 1.166126200230903578e+02
6.943443443443443108e+00 1.166575980803552142e+02
6.953703703703703276e+00 1.167025037132950729e+02
6.963963963963963444e+00 1.167473366263954944e+02
6.974224224224223612e+00 1.167920965238504749e+02
6.984484484484483779e+00 1.168367831095680600e+02
6.994744744744744835e+00 1.168813960871753466e+02
7.005005005005005003e+00 1.169259351600234567e+02
7.015265265265265171e+00 1.169704000311929235e+02
7.025525525525525339e+00 1.170147904034987647e+02
7.035785785785785507e+00 1.170591059794953708e+02
7.046046046046045674e+00 1.171033464614821469e+02
7.056306306306305842e+00 1.171475115515086713e+02
7.066566566566566010e+00 1.171916009513794847e+02
7.076826826826826178e+00 1.172356143626602289e+02
7.087087087087086346e+00 1.172795514866819673e+02
7.097347347347347402e+00 1.173234120245473520e+02
7.107607607607607569e+00 1.173671956771354701e+02
7.117867867867867737e+00 1.174109021451070731e+02
7.128128128128127905e+00 1.174545311289107588e+02
7.138388388388388073e+00 1.174980823287876746e+02
7.148648648648648241e+00 1.175415554447769466e+02
7.158908908908908408e+00 1.175849501767214207e+02
7.169169169169168576e+00 1.176282662242735739e+02
7.179429429429428744e+00 1.176715032868996076e+02
7.189689689689688912e+00 1.177146610638864104e+02
7.199949949949949968e+00 1.177577392543465749e+02
7.210210210210210136e+00 1.178007375572238260e+02
7.220470470470470303e+00 1.178436556712989329e+02
7.230730730730730471e+00 1.178864932951943558e+02
7.240990990990990639e+00 1.179292501273817777e+02
7.251251251251250807e+00 1.179719258661857708e+02
7.261511511511510975e+00 1.180145202097904047e+02
7.271771771771771142e+00 1.180570328562452573e+02
7.282032032032031310e+00 1.180994635034703464e+02
7.292292292292292366e+00 1.181418118492620835e+02
7.302552552552552534e+00 1.181840775912995554e+02
7.312812812812812702e+00 1.182262604271495547e+02
7.323073073073072869e+00 1.182683600542731597e+02
7.333333333333333037e+00 1.183103761700303522e+02
7.343593593593593205e+00 1.183523084716872518e+02
7.353853853853853373e+00 1.183941566564210319e+02
7.364114114114113541e+00 1.184359204213262018e+02
7.374374374374373708e+00 1.184775994634201339e+02
7.384634634634633876e+00 1.185191934796493598e+02
7.394894894894894932e+00 1.185607021668951688e+02
7.405155155155155100e+00 1.186021252219798754e+02
7.415415415415415268e+00 1.186434623416727874e+02
7.425675675675675436e+00 1.186847132226954358e+02
7.435935935935935603e+00 1.187258775617286801e+02
7.446196196196195771e+00 1.187669550554179807e+02
7.456456456456455939e+00 1.188079454003796656e+02
7.466716716716716107e+00 1.188488482932068706e+02
7.476976976976976275e+00 1.188896634304762046e+02
7.487237237237236442e+00 1.189303905087524669e+02
7.497497497497497498e+00 1.189710292245962364e+02
7.507757757757757666e+00 1.190115792745692715e+02
7.518018018018017834e+00 1.190520403552408482e+02
7.528278278278278002e+00 1.190924121631933872e+02
7.538538538538538170e+00 1.191326943950295885e+02
7.548798798798798337e+00 1.191728867473775892e+02
7.559059059059058505e+00 1.192129889168981407e+02
7.569319319319318673e+00 1.192530006002900791e+02
7.579579579579578841e+00 1.192929214942968486e+02
7.589839839839839897e+00 1.193327512957127396e+02
7.600100100100100065e+00 1.193724897013892701e+02
7.610360360360360232e+00 1.194121364082410253e+02
7.620620620620620400e+00 1.194516911132526218e+02
7.630880880880880568e+00 1.194911535134844200e+02
7.641141141141140736e+00 1.195305233060793881e+02
7.651401401401400904e+00 1.195698001882688004e+02
7.661661661661661071e+00 1.196089838573792719e+02
7.671921921921921239e+00 1.196480740108386982e+02
7.682182182182181407e+00 1.196870703461821535e+02
7.692442442442442463e+00 1.197259725610598338e+02
7.702702702702702631e+00 1.197647803532421023e+02
7.712962962962962798e+00 1.198034934206260118e+02
7.723223223223222966e+00 1.198421114612425669e+02
7.733483483483483134e+00 1.198806341732618819e+02
7.743743743743743302e+00 1.199190612550012531e+02
7.754004004004003470e+00 1.199573924049302889e+02
7.764264264264263637e+00 1.199956273216780431e+02
7.774524524524523805e+00 1.200337657040392401e+02
7.784784784784783973e+00 1.200718072509808536e+02
7.795045045045045029e+00 1.201097516616491134e+02
7.805305305305305197e+00 1.201475986353750756e+02
7.815565565565565365e+00 1.201853478716817563e+02
7.825825825825825532e+00 1.202229990702909248e+02
7.836086086086085700e+00 1.202605519311289868e+02
7.846346346346345868e+00 1.202980061543344874e+02
7.856606606606606036e+00 1.203353614402635685e+02
7.866866866866866204e+00 1.203726174894973298e+02
7.877127127127126371e+00 1.204097740028481809e+02
7.887387387387387427e+00 1.204468306813669614e+02
7.897647647647647595e+00 1.204837872263484257e+02
7.907907907907907763e+00 1.205206433393391592e+02
7.918168168168167931e+00 1.205573987221435743e+02
7.928428428428428099e+00 1.205940530768303631e+02
7.938688688688688266e+00 1.206306061057393322e+02
7.948948948948948434e+00 1.206670575114888493e+02
7.959209209209208602e+00 1.207034069969811441e+02
7.969469469469468770e+00 1.207396542654099960e+02
7.979729729729728938e+00 1.207757990202669731e+02
7.989989989989989994e+00 1.208118409653485656e+02
8.000250250250250161e+00 1.208477798047625953e+02
8.010510510510510329e+00 1.208836152429344821e+02
8.020770770770770497e+00 1.209193469846149753e+02
8.031031031031030665e+00 1.209549747348858659e+02
8.041291291291290833e+00 1.209904981991677886e+02
8.051551551551551000e+00 1.210259170832260196e+02
8.061811811811811168e+00 1.210612310931773976e+02
8.072072072072071336e+00 1.210964399354975853e+02
8.082332332332331504e+00 1.211315433170272655e+02
8.092592592592591672e+00 1.211665409449795874e+02
8.102852852852851839e+00 1.212014325269458226e+02
8.113113113113112007e+00 1.212362177709032949e+02
8.123373373373372175e+00 1.212708963852213202e+02
8.133633633633632343e+00 1.213054680786687527e+02
8.143893893893892511e+00 1.213399325604201096e+02
8.154154154154152678e+00 1.213742895400626480e+02
8.164414414414412846e+00 1.214085387276028314e+02
8.174674674674673014e+00 1.214426798334740312e+02
8.184934934934934958e+00 1.214767125685420126e+02
8.195195195195195126e+00 1.215106366441129495e+02
8.205455455455455294e+00 1.215444517719394355e+02
8.215715715715715461e+00 1.215781576642277031e+02
8.225975975975975629e+00 1.216117540336441465e+02
8.236236236236235797e+00 1.216452405933224696e+02
8.246496496496495965e+00 1.216786170568700243e+02
8.256756756756756133e+00 1.217118831383751711e+02
8.267017017017016300e+00 1.217450385524137175e+02
8.277277277277276468e+00 1.217780830140559374e+02
8.287537537537538412e+00 1.218110162388730515e+02
8.297797797797798580e+00 1.218438379429445888e+02
8.308058058058058748e+00 1.218765478428646674e+02
8.318318318318318916e+00 1.219091456557490432e+02
8.328578578578579084e+00 1.219416310992423860e+02
8.338838838838839251e+00 1.219740038915237648e+02
8.349099099099099419e+00 1.220062637513150747e+02
8.359359359359359587e+00 1.220384103978867500e+02
8.369619619619619755e+00 1.220704435510650114e+02
8.379879879879879923e+00 1.221023629312386163e+02
8.390140140140140090e+00 1.221341682593656941e+02
8.400400400400400258e+00 1.221658592569801129e+02
8.410660660660660426e+00 1.221974356461992812e+02
8.420920920920920594e+00 1.222288971497297467e+02
8.431181181181180762e+00 1.222602434908748279e+02
8.441441441441440929e+00 1.222914743935413071e+02
8.451701701701701097e+00 1.223225895822458398e+02
8.461961961961961265e+00 1.223535887821219461e+02
8.472222222222221433e+00 1.223844717189268039e+02
8.482482482482481601e+00 1.224152381190481549e+02
8.492742742742741768e+00 1.224458877095109699e+02
8.503003003003001936e+00 1.224764202179840424e+02
8.513263263263262104e+00 1.225068353727869521e+02
8.523523523523522272e+00 1.225371329028967011e+02
8.533783783783784216e+00 1.225673125379546775e+02
8.544044044044044384e+00 1.225973740082733912e+02
8.554304304304304551e+00 1.226273170448425418e+02
8.564564564564564719e+00 1.226571413793367498e+02
8.574824824824824887e+00 1.226868467441216239e+02
8.585085085085085055e+00 1.227164328722607394e+02
8.595345345345345223e+00 1.227458994975222737e+02
8.605605605605605390e+00 1.227752463543855725e+02
8.615865865865865558e+00 1.228044731780482834e+02
8.626126126126125726e+00 1.228335797044323101e+02
8.636386386386385894e+00 1.228625656701914721e+02
8.646646646646646062e+00 1.228914308127169761e+02
8.656906906906906229e+00 1.229201748701452459e+02
8.667167167167166397e+00 1.229487975813638627e+02
8.677427427427426565e+00 1.229772986860182868e+02
8.687687687687686733e+00 1.230056779245186931e+02
8.697947947947946901e+00 1.230339350380465504e+02
8.708208208208207068e+00 1.230620697685611873e+02
8.718468468468467236e+00 1.230900818588061867e+02
8.728728728728729180e+00 1.231179710523162498e+02
8.738988988988989348e+00 1.231457370934240316e+02
8.749249249249249516e+00 1.231733797272656261e+02
8.759509509509509684e+00 1.232008986997890787e+02
8.769769769769769852e+00 1.232282937577582231e+02
8.780030030030030019e+00 1.232555646487619327e+02
8.790290290290290187e+00 1.232827111212186821e+02
8.800550550550550355e+00 1.233097329243842069e+02
8.810810810810810523e+00 1.233366298083573724e+02
8.821071071071070691e+00 1.233634015240870525e+02
8.831331331331330858e+00 1.233900478233780547e+02
8.841591591591591026e+00 1.234165684588983822e+02
8.851851851851851194e+00 1.234429631841847907e+02
8.862112112112111362e+00 1.234692317536497939e+02
8.872372372372371530e+00 1.234953739225879303e+02
8.882632632632631697e+00 1.235213894471824858e+02
8.892892892892891865e+00 1.235472780845107650e+02
8.903153153153152033e+00 1.235730395925519787e+02
8.913413413413412201e+00 1.235986737301923171e+02
8.923673673673672369e+00 1.236241802572320125e+02
8.933933933933934313e+00 1.236495589343915356e+02
8.944194194194194480e+00 1.236748095233175917e+02
8.954454454454454648e+00 1.236999317865896586e+02
8.964714714714714816e+00 1.237249254877265088e+02
8.974974974974974984e+00 1.237497903911916382e+02
8.985235235235235152e+00 1.237745262624004710e+02
8.995495495495495319e+00 1.237991328677260441e+02
9.005755755755755487e+00 1.238236099745051320e+02
9.016016016016015655e+00 1.238479573510443856e+02
9.026276276276275823e+00 1.238721747666272961e+02
9.036536536536535991e+00 1.238962619915191112e+02
9.046796796796796158e+00 1.239202187969739271e+02
9.057057057057056326e+00 1.239440449552402015e+02
9.067317317317316494e+00 1.239677402395672203e+02
9.077577577577576662e+00 1.239913044242109521e+02
9.087837837837836830e+00 1.240147372844399456e+02
9.098098098098096997e+00 1.240380385965419379e+02
9.108358358358357165e+00 1.240612081378290554e+02
9.118618618618617333e+00 1.240842456866444650e+02
9.128878878878879277e+00 1.241071510223680150e+02
9.139139139139139445e+00 1.241299239254219771e+02
9.149399399399399613e+00 1.241525641772774975e+02
9.159659659659659781e+00 1.241750715604600401e+02
9.169919919919919948e+00 1.241974458585554686e+02
9.180180180180180116e+00 1.242196868562158016e+02
9.190440440440440284e+00 1.242417943391653097e+02
9.200700700700700452e+00 1.242637680942055880e+02
9.210960960960960620e+00 1.242856079092222785e+02
9.221221221221220787e+00 1.243073135731900294e+02
9.231481481481480955e+00 1.243288848761789467e+02
9.241741741741741123e+00 1.243503216093595114e+02
9.252002002002001291e+00 1.243716235650090454e+02
9.262262262262261459e+00 1.243927905365169693e+02
9.272522522522521626e+00 1.244138223183902596e+02
9.282782782782781794e+00 1.244347187062592468e+02
9.293043043043041962e+00 1.244554794968835694e+02
9.303303303303302130e+00 1.244761044881569347e+02
9.313563563563562298e+00 1.244965934791134714e+02
9.323823823823824242e+00 1.245169462699327028e+02
9.334084084084084409e+00 1.245371626619453451e+02
9.344344344344344577e+00 1.245572424576381536e+02
9.354604604604604745e+00 1.245771854606603739e+02
9.364864864864864913e+00 1.245969914758282755e+02
9.375125125125125081e+00 1.246166603091307081e+02
9.385385385385385248e+00 1.246361917677347435e+02
9.395645645645645416e+00 1.246555856599910896e+02
9.405905905905905584e+00 1.246748417954384252e+02
9.416166166166165752e+00 1.246939599848096663e+02
9.426426426426425920e+00 1.247129400400369974e+02
9.436686686686686087e+00 1.247317817742567172e+02
9.446946946946946255e+00 1.247504850018148232e+02
9.457207207207206423e+00 1.247690495382719291e+02
9.467467467467466591e+00 1.247874752004084087e+02
9.477727727727726759e+00 1.248057618062294551e+02
9.487987987987986926e+00 1.248239091749700123e+02
9.498248248248247094e+00 1.248419171271003734e+02
9.508508508508507262e+00 1.248597854843305015e+02
9.518768768768767430e+00 1.248775140696150459e+02
9.529029029029029374e+00 1.248951027071593245e+02
9.539289289289289542e+00 1.249125512224226213e+02
9.549549549549549710e+00 1.249298594421238420e+02
9.559809809809809877e+00 1.249470271942469708e+02
9.570070070070070045e+00 1.249640543080447515e+02
9.580330330330330213e+00 1.249809406140441297e+02
9.590590590590590381e+00 1.249976859440509429e+02
9.600850850850850549e+00 1.250142901311539276e+02
9.611111111111110716e+00 1.250307530097314981e+02
9.621371371371370884e+00 1.250470744154531673e+02
9.631631631631631052e+00 1.250632541852869508e+02
9.641891891891891220e+00 1.250792921575026355e+02
9.652152152152151388e+00 1.250951881716766394e+02
9.662412412412411555e+00 1.251109420686962750e+02
9.672672672672671723e+00 1.251265536907649789e+02
9.682932932932931891e+00 1.251420228814055946e+02
9.693193193193192059e+00 1.251573494854657724e+02
9.703453453453452227e+00 1.251725333491218066e+02
9.713713713713712394e+00 1.251875743198834243e+02
9.723973973973974338e+00 1.252024722465977220e+02
9.734234234234234506e+00 1.252172269794533292e+02
9.744494494494494674e+00 1.252318383699851267e+02
9.754754754754754842e+00 1.252463062710782964e+02
9.765015015015015010e+00 1.252606305369719308e+02
9.775275275275275177e+00 1.252748110232643057e+02
9.785535535535535345e+00 1.252888475869157219e+02
9.795795795795795513e+00 1.253027400862533085e+02
9.806056056056055681e+00 1.253164883809748318e+02
9.816316316316315849e+00 1.253300923321531855e+02
9.826576576576576016e+00 1.253435518022390482e+02
9.836836836836836184e+00 1.253568666550665256e+02
9.847097097097096352e+00 1.253700367558556081e+02
9.857357357357356520e+00 1.253830619712164918e+02
9.867617617617616688e+00 1.253959421691539404e+02
9.877877877877876855e+00 1.254086772190699293e+02
9.888138138138137023e+00 1.254212669917685616e+02
9.898398398398397191e+00 1.254337113594585276e+02
9.908658658658657359e+00 1.254460101957582623e+02
9.918918918918919303e+00 1.254581633756977368e+02
9.929179179179179471e+00 1.254701707757237443e+02
9.939439439439439639e+00 1.254820322737026430e+02
9.949699699699699806e+00 1.254937477489232975e+02
9.959959959959959974e+00 1.255053170821018398e+02
9.970220220220220142e+00 1.255167401553840847e+02
9.980480480480480310e+00 1.255280168523491966e+02
9.990740740740740478e+00 1.255391470580131710e+02
1.000100100100100065e+01 1.255501306588316055e+02
1.001126126126126081e+01 1.255609675427042191e+02
1.002152152152152098e+01 1.255716575989764294e+02
1.003178178178178115e+01 1.255822007184435307e+02
1.004204204204204132e+01 1.255925967933540051e+02
1.005230230230230148e+01 1.256028457174116824e+02
1.006256256256256165e+01 1.256129473857794494e+02
1.007282282282282182e+01 1.256229016950827599e+02
1.008308308308308199e+01 1.256327085434114679e+02
1.009334334334334216e+01 1.256423678303233089e+02
1.010360360360360232e+01 1.256518794568474533e+02
1.011386386386386249e+01 1.256612433254859553e+02
1.012412412412412444e+01 1.256704593402176187e+02
1.013438438438438460e+01 1.256795274065009238e+02
1.014464464464464477e+01 1.256884474312753781e+02
1.015490490490490494e+01 1.256972193229660490e+02
1.016516516516516511e+01 1.257058429914849427e+02
1.017542542542542527e+01 1.257143183482338600e+02
1.018568568568568544e+01 1.257226453061075802e+02
1.019594594594594561e+01 1.257308237794947843e+02
1.020620620620620578e+01 1.257388536842830433e+02
1.021646646646646595e+01 1.257467349378588466e+02
1.022672672672672611e+01 1.257544674591112681e+02
1.023698698698698628e+01 1.257620511684341409e+02
1.024724724724724645e+01 1.257694859877279754e+02
1.025750750750750662e+01 1.257767718404028159e+02
1.026776776776776678e+01 1.257839086513797753e+02
1.027802802802802695e+01 1.257908963470942751e+02
1.028828828828828712e+01 1.257977348554965005e+02
1.029854854854854729e+01 1.258044241060555635e+02
1.030880880880880746e+01 1.258109640297592478e+02
1.031906906906906940e+01 1.258173545591184279e+02
1.032932932932932957e+01 1.258235956281669985e+02
1.033958958958958974e+01 1.258296871724651140e+02
1.034984984984984990e+01 1.258356291291004538e+02
1.036011011011011007e+01 1.258414214366896715e+02
1.037037037037037024e+01 1.258470640353816918e+02
1.038063063063063041e+01 1.258525568668576540e+02
1.039089089089089057e+01 1.258578998743335404e+02
1.040115115115115074e+01 1.258630930025619108e+02
1.041141141141141091e+01 1.258681361978328255e+02
1.042167167167167108e+01 1.258730294079765031e+02
1.043193193193193125e+01 1.258777725823639315e+02
1.044219219219219141e+01 1.258823656719082322e+02
1.045245245245245158e+01 1.258868086290670476e+02
1.046271271271271175e+01 1.258911014078430810e+02
1.047297297297297192e+01 1.258952439637854752e+02
1.048323323323323208e+01 1.258992362539921146e+02
1.049349349349349225e+01 1.259030782371092414e+02
1.050375375375375242e+01 1.259067698733337863e+02
1.051401401401401436e+01 1.259103111244147328e+02
1.052427427427427453e+01 1.259137019536529891e+02
1.053453453453453470e+01 1.259169423259039888e+02
1.054479479479479487e+01 1.259200322075775063e+02
1.055505505505505504e+01 1.259229715666389211e+02
1.056531531531531520e+01 1.259257603726110091e+02
1.057557557557557537e+01 1.259283985965733308e+02
1.058583583583583554e+01 1.259308862111647898e+02
1.059609609609609571e+01 1.259332231905826802e+02
1.060635635635635587e+01 1.259354095105849325e+02
1.061661661661661604e+01 1.259374451484896582e+02
1.062687687687687621e+01 1.259393300831767277e+02
1.063713713713713638e+01 1.259410642950878270e+02
1.064739739739739655e+01 1.259426477662274806e+02
1.065765765765765671e+01 1.259440804801625973e+02
1.066791791791791688e+01 1.259453624220246724e+02
1.067817817817817705e+01 1.259464935785081394e+02
1.068843843843843722e+01 1.259474739378726866e+02
1.069869869869869738e+01 1.259483034899421909e+02
1.070895895895895755e+01 1.259489822261057697e+02
1.071921921921921950e+01 1.259495101393176810e+02
1.072947947947947966e+01 1.259498872240979068e+02
1.073973973973973983e+01 1.259501134765316834e+02
1.075000000000000000e+01 1.259501888942706813e+02
