2.500000000000000000e+01 3.251132307265943489e+00
2.622622622622622757e+01 3.573061389124180032e+00
2.745245245245245158e+01 3.909466392767004361e+00
2.867867867867867915e+01 4.260218437847805184e+00
2.990490490490490316e+01 4.625183312741157238e+00
3.113113113113113073e+01 5.004221547083113286e+00
3.235735735735735830e+01 5.397188487031316484e+00
3.358358358358358231e+01 5.803934373189396645e+00
3.480980980980980632e+01 6.224304421138654675e+00
3.603603603603603744e+01 6.658138904517553414e+00
3.726226226226226146e+01 7.105273240588664052e+00
3.848848848848848547e+01 7.565538078230282792e+00
3.971471471471471659e+01 8.038759388288735153e+00
4.094094094094094061e+01 8.524758556225616957e+00
4.216716716716716462e+01 9.023352476992856808e+00
4.339339339339339574e+01 9.534353652066926088e+00
4.461961961961961975e+01 1.005757028857223645e+01
4.584584584584584377e+01 1.059280640042220334e+01
4.707207207207207489e+01 1.113986191140580395e+01
4.829829829829829890e+01 1.169853276014534771e+01
4.952452452452452292e+01 1.226861100685114891e+01
5.075075075075075404e+01 1.284988494179668983e+01
5.197697697697697805e+01 1.344213919543768299e+01
5.320320320320320207e+01 1.404515485009724429e+01
5.442942942942943318e+01 1.465870955313830493e+01
5.565565565565565720e+01 1.528257763154417503e+01
5.688188188188188121e+01 1.591653020782692707e+01
5.810810810810810523e+01 1.656033531718304985e+01
5.933433433433433635e+01 1.721375802581502512e+01
6.056056056056056036e+01 1.787656055033719937e+01
6.178678678678678438e+01 1.854850237818362757e+01
6.301301301301301550e+01 1.922934038893575703e+01
6.423923923923923951e+01 1.991882897648674344e+01
6.546546546546545642e+01 2.061672017196000439e+01
6.669169169169168754e+01 2.132276376729868161e+01
6.791791791791791866e+01 2.203670743944283927e+01
6.914414414414414978e+01 2.275829687501179777e+01
7.037037037037038090e+01 2.348727589540823146e+01
7.159659659659659781e+01 2.422338658226131969e+01
7.282282282282281471e+01 2.496636940312670561e+01
7.404904904904904583e+01 2.571596333736076900e+01
7.527527527527527695e+01 2.647190600208737266e+01
7.650150150150150807e+01 2.723393377817581396e+01
7.772772772772772498e+01 2.800178193614891953e+01
7.895395395395395610e+01 2.877518476194122599e+01
8.018018018018017301e+01 2.955387568242717222e+01
8.140640640640640413e+01 3.033758739064079535e+01
8.263263263263263525e+01 3.112605197060825546e+01
8.385885885885886637e+01 3.191900102171614861e+01
8.508508508508508328e+01 3.271616578253907193e+01
8.631131131131131440e+01 3.351727725405080349e+01
8.753753753753753131e+01 3.432206632214440134e+01
8.876376376376376243e+01 3.513026387938826645e+01
8.998998998998999355e+01 3.594160094594522548e+01
9.121621621621621046e+01 3.675580878958382414e+01
9.244244244244244157e+01 3.757261904471174319e+01
9.366866866866867269e+01 3.839176383036248552e+01
9.489489489489488960e+01 3.921297586706835148e+01
9.612112112112112072e+01 4.003598859255306763e+01
9.734734734734735184e+01 4.086053627618039030e+01
9.857357357357356875e+01 4.168635413209413798e+01
9.979979979979979987e+01 4.251317843098978244e+01
1.010260260260260310e+02 4.334074661045580967e+01
1.022522522522522479e+02 4.416879738382724696e+01
1.034784784784784790e+02 4.499707084749432795e+01
1.047047047047047101e+02 4.582530858661058204e+01
1.059309309309309270e+02 4.665325377914714977e+01
1.071571571571571582e+02 4.748065129824146879e+01
1.083833833833833893e+02 4.830724781278930635e+01
1.096096096096096062e+02 4.913279188623302929e+01
1.108358358358358373e+02 4.995703407349861891e+01
1.120620620620620684e+02 5.077972701603626859e+01
1.132882882882882853e+02 5.160062553492282689e+01
1.145145145145145165e+02 5.241948672198365955e+01
1.157407407407407476e+02 5.323607002889524864e+01
1.169669669669669645e+02 5.405013735423127486e+01
1.181931931931931956e+02 5.486145312841605914e+01
1.194194194194194267e+02 5.566978439655233046e+01
1.206456456456456436e+02 5.647490089909118893e+01
1.218718718718718748e+02 5.727657515031509661e+01
1.230980980980980917e+02 5.807458251460487020e+01
1.243243243243243228e+02 5.886870128046611939e+01
1.255505505505505539e+02 5.965871273229030436e+01
1.267767767767767708e+02 6.044440121982817971e+01
1.280030030030030161e+02 6.122555422535614866e+01
1.292292292292292473e+02 6.200196242851684758e+01
1.304554554554554500e+02 6.277341976881735519e+01
1.316816816816816811e+02 6.353972350577144823e+01
1.329079079079079122e+02 6.430067427667265179e+01
1.341341341341341149e+02 6.505607615198744043e+01
1.353603603603603460e+02 6.580573668836055390e+01
1.365865865865865771e+02 6.654946697922470378e+01
1.378128128128128083e+02 6.728708170301008806e+01
1.390390390390390394e+02 6.801839916895002602e+01
1.402652652652652705e+02 6.874324136048218747e+01
1.414914914914915016e+02 6.946143397624454963e+01
1.427177177177177327e+02 7.017280646866909422e+01
1.439439439439439639e+02 7.087719208017692551e+01
1.451701701701701666e+02 7.157442787697978304e+01
1.463963963963963977e+02 7.226435478049661754e+01
1.476226226226226288e+02 7.294681759639195207e+01
1.488488488488488315e+02 7.362166504124891730e+01
1.500750750750750626e+02 7.428874976688757670e+01
1.513013013013012937e+02 7.494792838234241117e+01
1.525275275275275249e+02 7.559906147351532013e+01
1.537537537537537560e+02 7.624201362051913122e+01
1.549799799799799871e+02 7.687665341273159925e+01
1.562062062062062182e+02 7.750285346157825472e+01
1.574324324324324209e+02 7.812049041106597258e+01
1.586586586586586520e+02 7.872944494608935884e+01
1.598848848848848831e+02 7.932960179853326110e+01
1.611111111111111143e+02 7.992084975119776402e+01
1.623373373373373454e+02 8.050308163957052443e+01
1.635635635635635765e+02 8.107619435147448428e+01
1.647897897897897792e+02 8.164008882462012195e+01
1.660160160160160103e+02 8.219467004209099059e+01
1.672422422422422414e+02 8.273984702579451778e+01
1.684684684684684726e+02 8.327553282790890421e+01
1.696946946946947037e+02 8.380164452036032685e+01
1.709209209209209348e+02 8.431810318236259150e+01
1.721471471471471375e+02 8.482483388605598407e+01
1.733733733733733686e+02 8.532176568027942665e+01
1.745995995995995997e+02 8.580883157251308546e+01
1.758258258258258309e+02 8.628596850902881954e+01
1.770520520520520620e+02 8.675311735328621410e+01
1.782782782782782931e+02 8.721022286261296586e+01
1.795045045045044958e+02 8.765723366320931120e+01
1.807307307307307269e+02 8.809410222351583286e+01
1.819569569569569580e+02 8.852078482598606968e+01
1.831831831831831892e+02 8.893724153730421733e+01
1.844094094094094203e+02 8.934343617709012619e+01
1.856356356356356230e+02 8.973933628513321992e+01
1.868618618618618541e+02 9.012491308719799576e+01
1.880880880880880852e+02 9.050014145944338395e+01
1.893143143143143163e+02 9.086499989150023282e+01
1.905405405405405475e+02 9.121947044824858608e+01
1.917667667667667786e+02 9.156353873034026947e+01
1.929929929929929813e+02 9.189719383350876569e+01
1.942192192192192124e+02 9.222042830671151137e+01
1.954454454454454435e+02 9.253323810914855585e+01
1.966716716716716746e+02 9.283562256620113828e+01
1.978978978978979058e+02 9.312758432433501810e+01
1.991241241241241369e+02 9.340912930501235678e+01
2.003503503503503396e+02 9.368026665765663097e+01
2.015765765765765707e+02 9.394100871171384881e+01
2.028028028028028018e+02 9.419137092785562970e+01
2.040290290290290329e+02 9.443137184836601250e+01
2.052552552552552640e+02 9.466103304675719698e+01
2.064814814814814952e+02 9.488037907665699322e+01
2.077077077077076979e+02 9.508943742001083876e+01
2.089339339339339290e+02 9.528823843464256527e+01
2.101601601601601601e+02 9.547681530121489857e+01
2.113863863863863912e+02 9.565520396963353278e+01
2.126126126126126223e+02 9.582344310493520823e+01
2.138388388388388535e+02 9.598157403270266741e+01
2.150650650650650562e+02 9.612964068404710360e+01
2.162912912912912873e+02 9.626768954019813407e+01
2.175175175175175184e+02 9.639576957674282198e+01
2.187437437437437495e+02 9.651393220755230118e+01
2.199699699699699806e+02 9.662223122843583667e+01
2.211961961961961833e+02 9.672072276056034923e+01
2.224224224224224145e+02 9.680946519367486758e+01
2.236486486486486456e+02 9.688851912917557740e+01
2.248748748748748767e+02 9.695794732304979391e+01
2.261011011011011078e+02 9.701781462873449868e+01
2.273273273273273389e+02 9.706818793992538019e+01
2.285535535535535416e+02 9.710913613337132233e+01
2.297797797797797728e+02 9.714073001168848975e+01
2.310060060060060039e+02 9.716304224622764707e+01
2.322322322322322350e+02 9.717614732002854794e+01
2.334584584584584661e+02 9.718012147089179109e+01
2.346846846846846972e+02 9.717504263460183722e+01
2.359109109109108999e+02 9.716099038833024792e+01
2.371371371371371310e+02 9.713804589425031111e+01
2.383633633633633622e+02 9.710629184339106246e+01
2.395895895895895933e+02 9.706581239976134157e+01
2.408158158158158244e+02 9.701669314476887962e+01
2.420420420420420555e+02 9.695902102196392036e+01
2.432682682682682582e+02 9.689288428213220072e+01
2.444944944944944893e+02 9.681837242876224536e+01
2.457207207207207205e+02 9.673557616391362046e+01
2.469469469469469516e+02 9.664458733450757677e+01
2.481731731731731827e+02 9.654549887906478034e+01
2.493993993993994138e+02 9.643840477491133356e+01
2.506256256256256165e+02 9.632339998587529806e+01
2.518518518518518476e+02 9.620058041049431097e+01
2.530780780780780788e+02 9.607004283075234241e+01
2.543043043043043099e+02 9.593188486136804727e+01
2.555305305305305410e+02 9.578620489964973217e+01
2.567567567567567721e+02 9.563310207593562495e+01
2.579829829829830032e+02 9.547267620463691173e+01
2.592092092092092344e+02 9.530502773589770982e+01
2.604354354354354655e+02 9.513025770788854629e+01
2.616616616616616966e+02 9.494846769974701317e+01
2.628878878878879277e+02 9.475975978517870146e+01
2.641141141141141020e+02 9.456423648673268190e+01
2.653403403403403331e+02 9.436200073076157935e+01
2.665665665665665642e+02 9.415315580307925813e+01
2.677927927927927954e+02 9.393780530532590944e+01
2.690190190190190265e+02 9.371605311204980637e+01
2.702452452452452576e+02 9.348800332851617156e+01
2.714714714714714319e+02 9.325376024925083129e+01
2.726976976976976630e+02 9.301342831732534933e+01
2.739239239239238941e+02 9.276711208439304812e+01
2.751501501501501252e+02 9.251491617147975433e+01
2.763763763763763563e+02 9.225694523053628870e+01
2.776026026026025875e+02 9.199330390675774538e+01
2.788288288288288186e+02 9.172409680167297097e+01
2.800550550550550497e+02 9.144942843700930268e+01
2.812812812812812808e+02 9.116940321933394387e+01
2.825075075075075119e+02 9.088412540547648177e+01
2.837337337337337431e+02 9.059369906873277500e+01
2.849599599599599742e+02 9.029822806585228534e+01
2.861861861861862053e+02 8.999781600480996246e+01
2.874124124124124364e+02 8.969256621336148783e+01
2.886386386386386675e+02 8.938258170838328454e+01
2.898648648648648418e+02 8.906796516599555957e+01
2.910910910910910729e+02 8.874881889246641720e+01
2.923173173173173041e+02 8.842524479589657460e+01
2.935435435435435352e+02 8.809734435868085711e+01
2.947697697697697663e+02 8.776521861074499498e+01
2.959959959959959974e+02 8.742896810355321691e+01
2.972222222222222285e+02 8.708869288488368454e+01
2.984484484484484597e+02 8.674449247436756139e+01
2.996746746746746908e+02 8.639646583978669980e+01
3.009009009009009219e+02 8.604471137412554071e+01
3.021271271271271530e+02 8.568932687337147058e+01
3.033533533533533273e+02 8.533040951505800820e+01
3.045795795795795584e+02 8.496805583754515112e+01
3.058058058058057895e+02 8.460236172002971955e+01
3.070320320320320207e+02 8.423342236327994215e+01
3.082582582582582518e+02 8.386133227108605581e+01
3.094844844844844829e+02 8.348618523242059553e+01
3.107107107107107140e+02 8.310807430430078568e+01
3.119369369369369451e+02 8.272709179534361112e+01
3.131631631631631763e+02 8.234332925000772718e+01
3.143893893893894074e+02 8.195687743351201959e+01
3.156156156156156385e+02 8.156782631742288459e+01
3.168418418418418696e+02 8.117626506590150370e+01
3.180680680680680439e+02 8.078228202260169155e+01
3.192942942942942750e+02 8.038596469820915047e+01
3.205205205205205061e+02 7.998739975861356299e+01
3.217467467467467372e+02 7.958667301370236657e+01
3.229729729729729684e+02 7.918386940676802510e+01
3.241991991991991995e+02 7.877907300451768435e+01
3.254254254254254306e+02 7.837236698767657117e+01
3.266516516516516617e+02 7.796383364217351186e+01
3.278778778778778928e+02 7.755355435089960281e+01
3.291041041041041240e+02 7.714160958602904827e+01
3.303303303303303551e+02 7.672807890189170621e+01
3.315565565565565862e+02 7.631304092838769293e+01
3.327827827827827605e+02 7.589657336493218054e+01
3.340090090090089916e+02 7.547875297492122115e+01
3.352352352352352227e+02 7.505965558070673183e+01
3.364614614614614538e+02 7.463935605907106208e+01
3.376876876876876850e+02 7.421792833718927795e+01
3.389139139139139161e+02 7.379544538906976925e+01
3.401401401401401472e+02 7.337197923246121434e+01
3.413663663663663783e+02 7.294760092621638137e+01
3.425925925925926094e+02 7.252238056810085709e+01
3.438188188188188406e+02 7.209638729303698312e+01
3.450450450450450717e+02 7.166968927177208570e+01
3.462712712712712460e+02 7.124235370995992866e+01
3.474974974974974771e+02 7.081444684764562680e+01
3.487237237237237082e+02 7.038603395914250882e+01
3.499499499499499393e+02 6.995717935329155068e+01
3.511761761761761704e+02 6.952794637409199652e+01
3.524024024024024015e+02 6.909839740169338995e+01
3.536286286286286327e+02 6.866859385373858515e+01
3.548548548548548638e+02 6.823859618704737784e+01
3.560810810810810949e+02 6.780846389963093657e+01
3.573073073073073260e+02 6.737825553302712933e+01
3.585335335335335571e+02 6.694802867494591680e+01
3.597597597597597883e+02 6.651783996221632833e+01
3.609859859859859625e+02 6.608774508402439096e+01
3.622122122122121937e+02 6.565779878543213499e+01
3.634384384384384248e+02 6.522805487116980316e+01
3.646646646646646559e+02 6.479856620968929803e+01
3.658908908908908870e+02 6.436938473747241574e+01
3.671171171171171181e+02 6.394056146358237669e+01
3.683433433433433493e+02 6.351214647445091543e+01
3.695695695695695804e+02 6.308418893889214019e+01
3.707957957957958115e+02 6.265673711333317186e+01
3.720220220220220426e+02 6.222983834725464902e+01
3.732482482482482737e+02 6.180353908883103031e+01
3.744744744744745049e+02 6.137788489076365295e+01
3.757007007007006791e+02 6.095292041629691937e+01
3.769269269269269103e+02 6.052868944541141616e+01
3.781531531531531414e+02 6.010523488118397495e+01
3.793793793793793725e+02 5.968259875630845812e+01
3.806056056056056036e+02 5.926082223976912644e+01
3.818318318318318347e+02 5.883994564365857372e+01
3.830580580580580659e+02 5.842000843013378386e+01
3.842842842842842970e+02 5.800104921850260808e+01
3.855105105105105281e+02 5.758310579243347860e+01
3.867367367367367592e+02 5.716621510728202793e+01
3.879629629629629903e+02 5.675041329752723840e+01
3.891891891891891646e+02 5.633573568431079792e+01
3.904154154154153957e+02 5.592221678307356569e+01
3.916416416416416268e+02 5.550989031128205653e+01
3.928678678678678580e+02 5.509878919623933768e+01
3.940940940940940891e+02 5.468894558297466091e+01
3.953203203203203202e+02 5.428039084220478827e+01
3.965465465465465513e+02 5.387315557836258506e+01
3.977727727727727824e+02 5.346726963768666963e+01
3.989989989989990136e+02 5.306276211636672002e+01
4.002252252252252447e+02 5.265966136873913683e+01
4.014514514514514758e+02 5.225799501552823756e+01
4.026776776776777069e+02 5.185778995212777431e+01
4.039039039039038812e+02 5.145907235691764470e+01
4.051301301301301123e+02 5.106186769961173155e+01
4.063563563563563434e+02 5.066620074963157805e+01
4.075825825825825746e+02 5.027209558450211802e+01
4.088088088088088057e+02 4.987957559826455878e+01
4.100350350350350368e+02 4.948866350990265772e+01
4.112612612612612679e+02 4.909938137177811512e+01
4.124874874874874990e+02 4.871175057807151632e+01
4.137137137137137302e+02 4.832579187322436809e+01
4.149399399399399613e+02 4.794152536037933032e+01
4.161661661661661924e+02 4.755897050981448615e+01
4.173923923923923667e+02 4.717814616736886535e+01
4.186186186186185978e+02 4.679907056285518507e+01
4.198448448448448289e+02 4.642176131845713627e+01
4.210710710710710600e+02 4.604623545710811072e+01
4.222972972972972912e+02 4.567250941084834892e+01
4.235235235235235223e+02 4.530059902915744630e+01
4.247497497497497534e+02 4.493051958726003647e+01
4.259759759759759845e+02 4.456228579440135462e+01
4.272022022022022156e+02 4.419591180209081926e+01
4.284284284284284468e+02 4.383141121231069093e+01
4.296546546546546779e+02 4.346879708568805967e+01
4.308808808808809090e+02 4.310808194962708484e+01
4.321071071071070833e+02 4.274927780640042840e+01
4.333333333333333144e+02 4.239239614119721011e+01
4.345595595595595455e+02 4.203744793012555903e+01
4.357857857857857766e+02 4.168444364816825498e+01
4.370120120120120077e+02 4.133339327708941369e+01
4.382382382382382389e+02 4.098430631329073037e+01
4.394644644644644700e+02 4.063719177561574725e+01
4.406906906906907011e+02 4.029205821310029734e+01
4.419169169169169322e+02 3.994891371266847102e+01
4.431431431431431633e+02 3.960776590677158993e+01
4.443693693693693945e+02 3.926862198097036583e+01
4.455955955955956256e+02 3.893148868145772923e+01
4.468218218218217999e+02 3.859637232252215000e+01
4.480480480480480310e+02 3.826327879394984421e+01
4.492742742742742621e+02 3.793221356836540537e+01
4.505005005005004932e+02 3.760318170850936070e+01
4.517267267267267243e+02 3.727618787445214821e+01
4.529529529529529555e+02 3.695123633074393155e+01
4.541791791791791866e+02 3.662833095349901669e+01
4.554054054054054177e+02 3.630747523741460014e+01
4.566316316316316488e+02 3.598867230272318807e+01
4.578578578578578799e+02 3.567192490207778377e+01
4.590840840840841111e+02 3.535723542737010661e+01
4.603103103103102853e+02 3.504460591648032164e+01
4.615365365365365165e+02 3.473403805995907589e+01
4.627627627627627476e+02 3.442553320764028513e+01
4.639889889889889787e+02 3.411909237518555216e+01
4.652152152152152098e+02 3.381471625055887387e+01
4.664414414414414409e+02 3.351240520043211291e+01
4.676676676676676720e+02 3.321215927652092148e+01
4.688938938938939032e+02 3.291397822185076194e+01
4.701201201201201343e+02 3.261786147695310234e+01
4.713463463463463654e+02 3.232380818599187933e+01
4.725725725725725965e+02 3.203181720281955336e+01
4.737987987987988276e+02 3.174188709696372968e+01
4.750250250250250019e+02 3.145401615954361674e+01
4.762512512512512330e+02 3.116820240911642514e+01
4.774774774774774642e+02 3.088444359745452772e+01
4.787037037037036953e+02 3.060273721525260981e+01
4.799299299299299264e+02 3.032308049776536762e+01
4.811561561561561575e+02 3.004547043037612397e+01
4.823823823823823886e+02 2.976990375409614842e+01
4.836086086086086198e+02 2.949637697099517908e+01
4.848348348348348509e+02 2.922488634956342679e+01
4.860610610610610820e+02 2.895542793000510073e+01
4.872872872872873131e+02 2.868799752946387116e+01
4.885135135135135442e+02 2.842259074718078793e+01
4.897397397397397185e+02 2.815920296958450919e+01
4.909659659659659496e+02 2.789782937531463958e+01
4.921921921921921808e+02 2.763846494017842659e+01
4.934184184184184119e+02 2.738110444204082938e+01
4.946446446446446430e+02 2.712574246564899383e+01
4.958708708708708741e+02 2.687237340739089220e+01
4.970970970970971052e+02 2.662099147998915782e+01
4.983233233233233364e+02 2.637159071712997616e+01
4.995495495495495675e+02 2.612416497802778181e+01
5.007757757757757986e+02 2.587870795192635853e+01
5.020020020020020297e+02 2.563521316253624960e+01
5.032282282282282040e+02 2.539367397240972934e+01
5.044544544544544351e+02 2.515408358725301241e+01
5.056806806806806662e+02 2.491643506017693710e+01
5.069069069069068973e+02 2.468072129588587060e+01
5.081331331331331285e+02 2.444693505480602269e+01
5.093593593593593596e+02 2.421506895715320340e+01
5.105855855855855907e+02 2.398511548694085604e+01
5.118118118118118218e+02 2.375706699592845794e+01
5.130380380380380529e+02 2.353091570751139017e+01
5.142642642642642841e+02 2.330665372055241846e+01
5.154904904904905152e+02 2.308427301315522229e+01
5.167167167167167463e+02 2.286376544638078201e+01
5.179429429429428637e+02 2.264512276790713940e+01
5.191691691691692085e+02 2.242833661563285474e+01
5.203953953953953260e+02 2.221339852122502379e+01
5.216216216216216708e+02 2.200029991361172321e+01
5.228478478478477882e+02 2.178903212242059695e+01
5.240740740740741330e+02 2.157958638136272356e+01
5.253003003003002505e+02 2.137195383156361927e+01
5.265265265265265953e+02 2.116612552484078336e+01
5.277527527527527127e+02 2.096209242692938446e+01
5.289789789789790575e+02 2.075984542065550897e+01
5.302052052052051749e+02 2.055937530905867661e+01
5.314314314314315197e+02 2.036067281846319688e+01
5.326576576576576372e+02 2.016372860149950696e+01
5.338838838838838683e+02 1.996853324007565789e+01
5.351101101101100994e+02 1.977507724829989044e+01
5.363363363363363305e+02 1.958335107535428676e+01
5.375625625625625617e+02 1.939334510832066982e+01
5.387887887887887928e+02 1.920504967495859105e+01
5.400150150150150239e+02 1.901845504643662110e+01
5.412412412412412550e+02 1.883355144001690462e+01
5.424674674674674861e+02 1.865032902169385665e+01
5.436936936936937173e+02 1.846877790878735581e+01
5.449199199199199484e+02 1.828888817249102061e+01
5.461461461461461795e+02 1.811064984037596659e+01
5.473723723723724106e+02 1.793405289885081189e+01
5.485985985985986417e+02 1.775908729557808385e+01
5.498248248248248728e+02 1.758574294184780840e+01
5.510510510510511040e+02 1.741400971490872251e+01
5.522772772772773351e+02 1.724387746025751156e+01
5.535035035035034525e+02 1.707533599388671419e+01
5.547297297297296836e+02 1.690837510449149406e+01
5.559559559559559148e+02 1.674298455563628707e+01
5.571821821821821459e+02 1.657915408788123202e+01
5.584084084084083770e+02 1.641687342086919088e+01
5.596346346346346081e+02 1.625613225537383855e+01
5.608608608608608392e+02 1.609692027530914871e+01
5.620870870870870704e+02 1.593922714970079113e+01
5.633133133133133015e+02 1.578304253462002649e+01
5.645395395395395326e+02 1.562835607508029234e+01
5.657657657657657637e+02 1.547515740689736141e+01
5.669919919919919948e+02 1.532343615851297791e+01
5.682182182182182260e+02 1.517318195278290993e+01
5.694444444444444571e+02 1.502438440872951908e+01
5.706706706706706882e+02 1.487703314325958992e+01
5.718968968968969193e+02 1.473111777284752755e+01
5.731231231231231504e+02 1.458662791518464275e+01
5.743493493493493816e+02 1.444355319079468281e+01
5.755755755755756127e+02 1.430188322461641626e+01
5.768018018018018438e+02 1.416160764755322887e+01
5.780280280280280749e+02 1.402271609799045571e+01
5.792542542542543060e+02 1.388519822328085240e+01
5.804804804804805372e+02 1.374904368119842779e+01
5.817067067067066546e+02 1.361424214136124178e+01
5.829329329329328857e+02 1.348078328662339764e+01
5.841591591591591168e+02 1.334865681443686469e+01
5.853853853853853479e+02 1.321785243818324851e+01
5.866116116116115791e+02 1.308835988847600618e+01
5.878378378378378102e+02 1.296016891443364649e+01
5.890640640640640413e+02 1.283326928492403418e+01
5.902902902902902724e+02 1.270765078978037543e+01
5.915165165165165035e+02 1.258330324098921693e+01
5.927427427427427347e+02 1.246021647385068398e+01
5.939689689689689658e+02 1.233838034811153861e+01
5.951951951951951969e+02 1.221778474907138623e+01
5.964214214214214280e+02 1.209841958866220146e+01
5.976476476476476591e+02 1.198027480650171128e+01
5.988738738738738903e+02 1.186334037092105476e+01
6.001001001001001214e+02 1.174760627996674422e+01
6.013263263263263525e+02 1.163306256237775393e+01
6.025525525525525836e+02 1.151969927853752296e+01
6.037787787787788147e+02 1.140750652140178900e+01
6.050050050050050459e+02 1.129647441740211811e+01
6.062312312312312770e+02 1.118659312732571287e+01
6.074574574574575081e+02 1.107785284717181895e+01
6.086836836836837392e+02 1.097024380898491103e+01
6.099099099099099703e+02 1.086375628166518936e+01
6.111361361361360878e+02 1.075838057175658058e+01
6.123623623623623189e+02 1.065410702421245936e+01
6.135885885885885500e+02 1.055092602313971994e+01
6.148148148148147811e+02 1.044882799252118843e+01
6.160410410410410122e+02 1.034780339691687878e+01
6.172672672672672434e+02 1.024784274214430901e+01
6.184934934934934745e+02 1.014893657593819754e+01
6.197197197197197056e+02 1.005107548858992850e+01
6.209459459459459367e+02 9.954250113566883940e+00
6.221721721721721678e+02 9.858451128112189821e+00
6.233983983983983990e+02 9.763669253824918570e+00
6.246246246246246301e+02 9.669895257221293505e+00
6.258508508508508612e+02 9.577119950276884452e+00
6.270770770770770923e+02 9.485334190950410971e+00
6.283033033033033234e+02 9.394528883689162058e+00
6.295295295295295546e+02 9.304694979916350306e+00
6.307557557557557857e+02 9.215823478500954735e+00
6.319819819819820168e+02 9.127905426209844464e+00
6.332082082082082479e+02 9.040931918142943502e+00
6.344344344344344790e+02 8.954894098151326531e+00
6.356606606606607102e+02 8.869783159238727066e+00
6.368868868868869413e+02 8.785590343946646286e+00
6.381131131131131724e+02 8.702306944723352089e+00
6.393393393393392898e+02 8.619924304276961990e+00
6.405655655655655210e+02 8.538433815912929603e+00
6.417917917917917521e+02 8.457826923856213597e+00
6.430180180180179832e+02 8.378095123558264135e+00
6.442442442442442143e+02 8.299229961989141202e+00
6.454704704704704454e+02 8.221223037915095233e+00
6.466966966966966766e+02 8.144066002161684636e+00
6.479229229229229077e+02 8.067750557862792604e+00
6.491491491491491388e+02 7.992268460695735932e+00
6.503753753753753699e+02 7.917611519102704776e+00
6.516016016016016010e+02 7.843771594498786470e+00
6.528278278278278322e+02 7.770740601466802566e+00
6.540540540540540633e+02 7.698510507939093195e+00
6.552802802802802944e+02 7.627073335366701734e+00
6.565065065065065255e+02 7.556421158875893163e+00
6.577327327327327566e+02 7.486546107412445750e+00
6.589589589589589878e+02 7.417440363873905262e+00
6.601851851851852189e+02 7.349096165229864752e+00
6.614114114114114500e+02 7.281505802630698909e+00
6.626376376376376811e+02 7.214661621504833811e+00
6.638638638638639122e+02 7.148556021644778546e+00
6.650900900900901433e+02 7.083181457282162086e+00
6.663163163163163745e+02 7.018530437151966339e+00
6.675425425425424919e+02 6.954595524546150820e+00
6.687687687687687230e+02 6.891369337356859859e+00
6.699949949949949541e+02 6.828844548109461954e+00
6.712212212212211853e+02 6.767013883985598000e+00
6.724474474474474164e+02 6.705870126836349421e+00
6.736736736736736475e+02 6.645406113185888586e+00
6.748998998998998786e+02 6.585614734225656797e+00
6.761261261261261097e+02 6.526488935799291013e+00
6.773523523523523409e+02 6.468021718378603069e+00
6.785785785785785720e+02 6.410206137030591833e+00
6.798048048048048031e+02 6.353035301375815180e+00
6.810310310310310342e+02 6.296502375538322482e+00
6.822572572572572653e+02 6.240600578087222239e+00
6.834834834834834965e+02 6.185323181970121986e+00
6.847097097097097276e+02 6.130663514438624340e+00
6.859359359359359587e+02 6.076614956966014169e+00
6.871621621621621898e+02 6.023170945157376721e+00
6.883883883883884209e+02 5.970324968652202635e+00
6.896146146146146521e+02 5.918070571019774739e+00
6.908408408408408832e+02 5.866401349647428987e+00
6.920670670670671143e+02 5.815310955621837863e+00
6.932932932932933454e+02 5.764793093603556962e+00
6.945195195195195765e+02 5.714841521694900450e+00
6.957457457457456940e+02 5.665450051301387902e+00
6.969719719719719251e+02 5.616612546986834431e+00
6.981981981981981562e+02 5.568322926322338162e+00
6.994244244244243873e+02 5.520575159729203207e+00
7.006506506506506184e+02 5.473363270316082385e+00
7.018768768768768496e+02 5.426681333710292598e+00
7.031031031031030807e+02 5.380523477883719430e+00
7.043293293293293118e+02 5.334883882973219471e+00
7.055555555555555429e+02 5.289756781095728222e+00
7.067817817817817740e+02 5.245136456158308036e+00
7.080080080080080052e+02 5.201017243663162759e+00
7.092342342342342363e+02 5.157393530507820678e+00
7.104604604604604674e+02 5.114259754780554168e+00
7.116866866866866985e+02 5.071610405551296274e+00
7.129129129129129296e+02 5.029440022658000942e+00
7.141391391391391608e+02 4.987743196488780839e+00
7.153653653653653919e+02 4.946514567759803249e+00
7.165915915915916230e+02 4.905748827289124314e+00
7.178178178178178541e+02 4.865440715766573554e+00
7.190440440440440852e+02 4.825585023519865402e+00
7.202702702702703164e+02 4.786176590276956411e+00
7.214964964964965475e+02 4.747210304924879942e+00
7.227227227227227786e+02 4.708681105265078770e+00
7.239489489489490097e+02 4.670583977765430994e+00
7.251751751751751272e+02 4.632913957309063413e+00
7.264014014014013583e+02 4.595666126939958573e+00
7.276276276276275894e+02 4.558835617605736523e+00
7.288538538538538205e+02 4.522417607897350145e+00
7.300800800800800516e+02 4.486407323786143486e+00
7.313063063063062827e+02 4.450800038358176280e+00
7.325325325325325139e+02 4.415591071545969193e+00
7.337587587587587450e+02 4.380775789857814573e+00
7.349849849849849761e+02 4.346349606104706886e+00
7.362112112112112072e+02 4.312307979125005630e+00
7.374374374374374383e+02 4.278646413506939972e+00
7.386636636636636695e+02 4.245360459309046597e+00
7.398898898898899006e+02 4.212445711778621593e+00
7.411161161161161317e+02 4.179897811068313374e+00
7.423423423423423628e+02 4.147712441950922369e+00
7.435685685685685939e+02 4.115885333532490975e+00
7.447947947947948251e+02 4.084412258963809883e+00
7.460210210210210562e+02 4.053289035150405617e+00
7.472472472472472873e+02 4.022511522461075906e+00
7.484734734734735184e+02 3.992075624435102554e+00
7.496996996996997495e+02 3.961977287488192889e+00
7.509259259259259807e+02 3.932212500617239037e+00
7.521521521521522118e+02 3.902777295103996735e+00
7.533783783783783292e+02 3.873667744217698328e+00
7.546046046046045603e+02 3.844879962916781135e+00
7.558308308308307915e+02 3.816410107549714326e+00
7.570570570570570226e+02 3.788254375555049958e+00
7.582832832832832537e+02 3.760409005160746165e+00
7.595095095095094848e+02 3.732870275082843303e+00
7.607357357357357159e+02 3.705634504223602743e+00
7.619619619619619471e+02 3.678698051369084787e+00
7.631881881881881782e+02 3.652057314886338002e+00
7.644144144144144093e+02 3.625708732420209301e+00
7.656406406406406404e+02 3.599648780589810304e+00
7.668668668668668715e+02 3.573873974684821153e+00
7.680930930930931027e+02 3.548380868361555418e+00
7.693193193193193338e+02 3.523166053338926407e+00
7.705455455455455649e+02 3.498226159094397936e+00
7.717717717717717960e+02 3.473557852559868486e+00
7.729979979979980271e+02 3.449157837817687700e+00
7.742242242242242583e+02 3.425022855796769683e+00
7.754504504504504894e+02 3.401149683968863968e+00
7.766766766766767205e+02 3.377535136045096031e+00
7.779029029029029516e+02 3.354176061672745845e+00
7.791291291291291827e+02 3.331069346132407460e+00
7.803553553553554138e+02 3.308211910035504744e+00
7.815815815815815313e+02 3.285600709022263199e+00
7.828078078078077624e+02 3.263232733460151636e+00
7.840340340340339935e+02 3.241105008142874055e+00
7.852602602602602246e+02 3.219214591989926877e+00
7.864864864864864558e+02 3.197558577746777875e+00
7.877127127127126869e+02 3.176134091685745009e+00
7.889389389389389180e+02 3.154938293307537389e+00
7.901651651651651491e+02 3.133968375043601373e+00
7.913913913913913802e+02 3.113221561959222505e+00
7.926176176176176114e+02 3.092695111457485879e+00
7.938438438438438425e+02 3.072386312984104695e+00
7.950700700700700736e+02 3.052292487733147208e+00
7.962962962962963047e+02 3.032410988353746450e+00
7.975225225225225358e+02 3.012739198657746531e+00
7.987487487487487670e+02 2.993274533328431630e+00
7.999749749749749981e+02 2.974014437630231544e+00
8.012012012012012292e+02 2.954956387119589856e+00
8.024274274274274603e+02 2.936097887356901026e+00
8.036536536536536914e+02 2.917436473619619886e+00
8.048798798798799226e+02 2.898969710616543516e+00
8.061061061061061537e+02 2.880695192203315713e+00
8.073323323323323848e+02 2.862610541099138484e+00
8.085585585585586159e+02 2.844713408604802041e+00
8.097847847847847333e+02 2.827001474321958252e+00
8.110110110110109645e+02 2.809472445873728574e+00
8.122372372372371956e+02 2.792124058626687333e+00
8.134634634634634267e+02 2.774954075414156840e+00
8.146896896896896578e+02 2.757960286260940475e+00
8.159159159159158889e+02 2.741140508109443985e+00
8.171421421421421201e+02 2.724492584547260510e+00
8.183683683683683512e+02 2.708014385536169577e+00
8.195945945945945823e+02 2.691703807142669991e+00
8.208208208208208134e+02 2.675558771269948899e+00
8.220470470470470445e+02 2.659577225391418498e+00
8.232732732732732757e+02 2.643757142285763528e+00
8.244994994994995068e+02 2.628096519773532869e+00
8.257257257257257379e+02 2.612593380455324077e+00
8.269519519519519690e+02 2.597245771451513363e+00
8.281781781781782001e+02 2.582051764143643791e+00
8.294044044044044313e+02 2.567009453917357131e+00
8.306306306306306624e+02 2.552116959907015481e+00
8.318568568568568935e+02 2.537372424741917598e+00
8.330830830830831246e+02 2.522774014294199230e+00
8.343093093093093557e+02 2.508319917428392554e+00
8.355355355355355869e+02 2.494008345752635858e+00
8.367617617617618180e+02 2.479837533371620495e+00
8.379879879879880491e+02 2.465805736641200063e+00
8.392142142142141665e+02 2.451911233924706668e+00
8.404404404404403977e+02 2.438152325351000904e+00
8.416666666666666288e+02 2.424527332574238248e+00
8.428928928928928599e+02 2.411034598535373163e+00
8.441191191191190910e+02 2.397672487225386284e+00
8.453453453453453221e+02 2.384439383450279504e+00
8.465715715715715532e+02 2.371333692597820342e+00
8.477977977977977844e+02 2.358353840406032020e+00
8.490240240240240155e+02 2.345498272733455458e+00
8.502502502502502466e+02 2.332765455331191617e+00
8.514764764764764777e+02 2.320153873616698004e+00
8.527027027027027088e+02 2.307662032449359746e+00
8.539289289289289400e+02 2.295288455907889436e+00
8.551551551551551711e+02 2.283031687069413174e+00
8.563813813813814022e+02 2.270890287790456874e+00
8.576076076076076333e+02 2.258862838489629876e+00
8.588338338338338644e+02 2.246947937932141759e+00
8.600600600600600956e+02 2.235144203016099951e+00
8.612862862862863267e+02 2.223450268560595244e+00
8.625125125125125578e+02 2.211864787095577878e+00
8.637387387387387889e+02 2.200386428653526405e+00
8.649649649649650200e+02 2.189013880562915570e+00
8.661911911911912512e+02 2.177745847243449884e+00
8.674174174174173686e+02 2.166581050003112185e+00
8.686436436436435997e+02 2.155518226836988571e+00
8.698698698698698308e+02 2.144556132227863454e+00
8.710960960960960620e+02 2.133693536948632286e+00
8.723223223223222931e+02 2.122929227866452884e+00
8.735485485485485242e+02 2.112262007748702874e+00
8.747747747747747553e+02 2.101690695070703718e+00
8.760010010010009864e+02 2.091214123825201554e+00
8.772272272272272176e+02 2.080831143333643940e+00
8.784534534534534487e+02 2.070540618059180993e+00
8.796796796796796798e+02 2.060341427421450877e+00
8.809059059059059109e+02 2.050232465613120780e+00
8.821321321321321420e+02 2.040212641418144734e+00
8.833583583583583732e+02 2.030280878031812453e+00
8.845845845845846043e+02 2.020436112882481261e+00
8.858108108108108354e+02 2.010677297455082169e+00
8.870370370370370665e+02 2.001003397116334348e+00
8.882632632632632976e+02 1.991413390941677353e+00
8.894894894894895288e+02 1.981906271543912190e+00
8.907157157157157599e+02 1.972481044903571012e+00
8.919419419419419910e+02 1.963136730200955915e+00
8.931681681681682221e+02 1.953872359649887036e+00
8.943943943943944532e+02 1.944686978333133087e+00
8.956206206206205707e+02 1.935579644039516767e+00
8.968468468468468018e+02 1.926549427102695278e+00
8.980730730730730329e+02 1.917595410241588860e+00
8.992992992992992640e+02 1.908716688402471329e+00
9.005255255255254951e+02 1.899912368602723722e+00
9.017517517517517263e+02 1.891181569776177573e+00
9.029779779779779574e+02 1.882523422620146603e+00
9.042042042042041885e+02 1.873937069444023606e+00
9.054304304304304196e+02 1.865421664019523362e+00
9.066566566566566507e+02 1.856976371432515815e+00
9.078828828828828819e+02 1.848600367936436006e+00
9.091091091091091130e+02 1.840292840807324470e+00
9.103353353353353441e+02 1.832052988200375543e+00
9.115615615615615752e+02 1.823880019008103703e+00
9.127877877877878063e+02 1.815773152720039807e+00
9.140140140140140375e+02 1.807731619283975188e+00
9.152402402402402686e+02 1.799754658968751420e+00
9.164664664664664997e+02 1.791841522228548866e+00
9.176926926926927308e+02 1.783991469568740662e+00
9.189189189189189619e+02 1.776203771413179533e+00
9.201451451451451931e+02 1.768477707973051150e+00
9.213713713713714242e+02 1.760812569117161885e+00
9.225975975975976553e+02 1.753207654243726488e+00
9.238238238238238864e+02 1.745662272153605477e+00
9.250500500500500038e+02 1.738175740925012480e+00
9.262762762762762350e+02 1.730747387789633773e+00
9.275025025025024661e+02 1.723376549010223968e+00
9.287287287287286972e+02 1.716062569759576162e+00
9.299549549549549283e+02 1.708804804000930044e+00
9.311811811811811594e+02 1.701602614369777111e+00
9.324074074074073906e+02 1.694455372057053211e+00
9.336336336336336217e+02 1.687362456693690893e+00
9.348598598598598528e+02 1.680323256236571305e+00
9.360860860860860839e+02 1.673337166855806801e+00
9.373123123123123150e+02 1.666403592823368474e+00
9.385385385385385462e+02 1.659521946403070158e+00
9.397647647647647773e+02 1.652691647741847625e+00
9.409909909909910084e+02 1.645912124762368478e+00
9.422172172172172395e+02 1.639182813056927701e+00
9.434434434434434706e+02 1.632503155782649928e+00
9.446696696696697018e+02 1.625872603557950269e+00
9.458958958958959329e+02 1.619290614360283653e+00
9.471221221221221640e+02 1.612756653425129860e+00
9.483483483483483951e+02 1.606270193146238645e+00
9.495745745745746262e+02 1.599830712977093450e+00
9.508008008008008574e+02 1.593437699333623225e+00
9.520270270270270885e+02 1.587090645498086650e+00
9.532532532532532059e+02 1.580789051524200239e+00
9.544794794794794370e+02 1.574532424143421983e+00
9.557057057057056682e+02 1.568320276672432012e+00
9.569319319319318993e+02 1.562152128921766581e+00
9.581581581581581304e+02 1.556027507105620877e+00
9.593843843843843615e+02 1.549945943752793598e+00
9.606106106106105926e+02 1.543906977618758614e+00
9.618368368368368237e+02 1.537910153598860186e+00
9.630630630630630549e+02 1.531955022642636166e+00
9.642892892892892860e+02 1.526041141669209900e+00
9.655155155155155171e+02 1.520168073483815663e+00
9.667417417417417482e+02 1.514335386695361718e+00
9.679679679679679793e+02 1.508542655635085161e+00
9.691941941941942105e+02 1.502789460276251932e+00
9.704204204204204416e+02 1.497075386154930410e+00
9.716466466466466727e+02 1.491400024291752890e+00
9.728728728728729038e+02 1.485762971114751974e+00
9.740990990990991349e+02 1.480163828383171287e+00
9.753253253253253661e+02 1.474602203112317156e+00
9.765515515515515972e+02 1.469077707499368612e+00
9.777777777777778283e+02 1.463589958850191719e+00
9.790040040040040594e+02 1.458138579507130661e+00
9.802302302302302905e+02 1.452723196777733206e+00
9.814564564564564080e+02 1.447343442864459151e+00
9.826826826826826391e+02 1.441998954795313370e+00
9.839089089089088702e+02 1.436689374355402560e+00
9.851351351351351013e+02 1.431414348019445448e+00
9.863613613613613325e+02 1.426173526885156306e+00
9.875875875875875636e+02 1.420966566607535286e+00
9.888138138138137947e+02 1.415793127334080914e+00
9.900400400400400258e+02 1.410652873640842797e+00
9.912662662662662569e+02 1.405545474469365619e+00
9.924924924924924881e+02 1.400470603064500219e+00
9.937187187187187192e+02 1.395427936913043343e+00
9.949449449449449503e+02 1.390417157683233595e+00
9.961711711711711814e+02 1.385437951165084058e+00
9.973973973973974125e+02 1.380490007211523595e+00
9.986236236236236437e+02 1.375573019680351505e+00
9.998498498498498748e+02 1.370686686377008856e+00
1.001076076076076106e+03 1.365830708998135190e+00
1.002302302302302337e+03 1.361004793075891284e+00
1.003528528528528568e+03 1.356208647923089705e+00
1.004754754754754799e+03 1.351441986579073440e+00
1.005980980980981030e+03 1.346704525756341253e+00
1.007207207207207261e+03 1.341995985787948431e+00
1.008433433433433493e+03 1.337316090575610961e+00
1.009659659659659610e+03 1.332664567538573319e+00
1.010885885885885841e+03 1.328041147563168156e+00
1.012112112112112072e+03 1.323445564953100950e+00
1.013338338338338303e+03 1.318877557380451648e+00
1.014564564564564535e+03 1.314336865837336221e+00
1.015790790790790766e+03 1.309823234588285423e+00
1.017017017017016997e+03 1.305336411123287021e+00
1.018243243243243228e+03 1.300876146111499043e+00
1.019469469469469459e+03 1.296442193355617389e+00
1.020695695695695690e+03 1.292034309746914245e+00
1.021921921921921921e+03 1.287652255220889330e+00
1.023148148148148152e+03 1.283295792713599726e+00
1.024374374374374383e+03 1.278964688118570336e+00
1.025600600600600501e+03 1.274658710244359172e+00
1.026826826826826846e+03 1.270377630772712596e+00
1.028053053053053191e+03 1.266121224217350738e+00
1.029279279279279308e+03 1.261889267883316457e+00
1.030505505505505425e+03 1.257681541826930482e+00
1.031731731731731770e+03 1.253497828816330761e+00
1.032957957957958115e+03 1.249337914292576679e+00
1.034184184184184232e+03 1.245201586331320387e+00
1.035410410410410350e+03 1.241088635605047008e+00
1.036636636636636695e+03 1.236998855345831538e+00
1.037862862862863039e+03 1.232932041308700821e+00
1.039089089089089157e+03 1.228887991735468255e+00
1.040315315315315274e+03 1.224866507319128051e+00
1.041541541541541392e+03 1.220867391168780181e+00
1.042767767767767737e+03 1.216890448775052036e+00
1.043993993993994081e+03 1.212935487976033233e+00
1.045220220220220199e+03 1.209002318923722674e+00
1.046446446446446316e+03 1.205090754050946344e+00
1.047672672672672661e+03 1.201200608038798023e+00
1.048898898898899006e+03 1.197331697784528748e+00
1.050125125125125123e+03 1.193483842369926551e+00
1.051351351351351468e+03 1.189656863030165379e+00
1.052577577577577586e+03 1.185850583123112312e+00
1.053803803803803703e+03 1.182064828099079312e+00
1.055030030030030048e+03 1.178299425471062367e+00
1.056256256256256165e+03 1.174554204785366318e+00
1.057482482482482510e+03 1.170828997592717746e+00
1.058708708708708627e+03 1.167123637419780868e+00
1.059934934934934972e+03 1.163437959741098204e+00
1.061161161161161090e+03 1.159771801951482217e+00
1.062387387387387435e+03 1.156125003338764667e+00
1.063613613613613552e+03 1.152497405057004043e+00
1.064839839839839897e+03 1.148888850100063586e+00
1.066066066066066014e+03 1.145299183275604760e+00
1.067292292292292359e+03 1.141728251179452647e+00
1.068518518518518476e+03 1.138175902170360798e+00
1.069744744744744821e+03 1.134641986345150233e+00
1.070970970970970939e+03 1.131126355514216142e+00
1.072197197197197283e+03 1.127628863177415841e+00
1.073423423423423401e+03 1.124149364500306003e+00
1.074649649649649746e+03 1.120687716290742486e+00
1.075875875875875863e+03 1.117243776975844760e+00
1.077102102102102208e+03 1.113817406579290736e+00
1.078328328328328325e+03 1.110408466698961982e+00
1.079554554554554670e+03 1.107016820484922892e+00
1.080780780780780788e+03 1.103642332617748467e+00
1.082007007007006905e+03 1.100284869287141198e+00
1.083233233233233250e+03 1.096944298170931864e+00
1.084459459459459367e+03 1.093620488414333458e+00
1.085685685685685712e+03 1.090313310609557940e+00
1.086911911911911830e+03 1.087022636775714313e+00
1.088138138138138174e+03 1.083748340339022898e+00
1.089364364364364292e+03 1.080490296113330473e+00
1.090590590590590637e+03 1.077248380280906082e+00
1.091816816816816754e+03 1.074022470373559024e+00
1.093043043043043099e+03 1.070812445254005763e+00
1.094269269269269216e+03 1.067618185097547467e+00
1.095495495495495561e+03 1.064439571374018900e+00
1.096721721721721678e+03 1.061276486829999310e+00
1.097947947947948023e+03 1.058128815471316653e+00
1.099174174174174141e+03 1.054996442545787394e+00
1.100400400400400486e+03 1.051879254526260743e+00
1.101626626626626603e+03 1.048777139093870936e+00
1.102852852852852948e+03 1.045689985121581511e+00
1.104079079079079065e+03 1.042617682657973610e+00
1.105305305305305410e+03 1.039560122911258544e+00
1.106531531531531527e+03 1.036517198233569914e+00
1.107757757757757872e+03 1.033488802105451354e+00
1.108983983983983990e+03 1.030474829120627378e+00
1.110210210210210107e+03 1.027475174970964078e+00
1.111436436436436452e+03 1.024489736431689613e+00
1.112662662662662569e+03 1.021518411346818311e+00
1.113888888888888914e+03 1.018561098614804150e+00
1.115115115115115032e+03 1.015617698174423156e+00
1.116341341341341376e+03 1.012688110990852097e+00
1.117567567567567494e+03 1.009772239041962782e+00
1.118793793793793839e+03 1.006869985304842618e+00
1.120020020020019956e+03 1.003981253742501689e+00
1.121246246246246301e+03 1.001105949290774122e+00
1.122472472472472418e+03 9.982439778454538226e-01
1.123698698698698763e+03 9.953952462495809783e-01
1.124924924924924881e+03 9.925596622809608194e-01
1.126151151151151225e+03 9.897371346398408098e-01
1.127377377377377343e+03 9.869275729368018890e-01
1.128603603603603688e+03 9.841308876808083639e-01
1.129829829829829805e+03 9.813469902674567535e-01
1.131056056056056150e+03 9.785757929673997157e-01
1.132282282282282267e+03 9.758172089149296236e-01
1.133508508508508612e+03 9.730711520967690875e-01
1.134734734734734729e+03 9.703375373409862670e-01
1.135960960960961074e+03 9.676162803061196804e-01
1.137187187187187192e+03 9.649072974704424599e-01
1.138413413413413309e+03 9.622105061213901411e-01
1.139639639639639654e+03 9.595258243451618707e-01
1.140865865865865771e+03 9.568531710164707160e-01
1.142092092092092116e+03 9.541924657884424121e-01
1.143318318318318234e+03 9.515436290826736476e-01
1.144544544544544578e+03 9.489065820794411188e-01
1.145770770770770696e+03 9.462812467080549128e-01
1.146996996996997041e+03 9.436675456373556647e-01
1.148223223223223158e+03 9.410654022663585971e-01
1.149449449449449503e+03 9.384747407150322296e-01
1.150675675675675620e+03 9.358954858152265244e-01
1.151901901901901965e+03 9.333275631017218243e-01
1.153128128128128083e+03 9.307708988034195663e-01
1.154354354354354427e+03 9.282254198346777674e-01
1.155580580580580545e+03 9.256910537867466537e-01
1.156806806806806890e+03 9.231677289193558344e-01
1.158033033033033007e+03 9.206553741524250434e-01
1.159259259259259352e+03 9.181539190578851262e-01
1.160485485485485469e+03 9.156632938516382492e-01
1.161711711711711814e+03 9.131834293856174734e-01
1.162937937937937932e+03 9.107142571399874376e-01
1.164164164164164276e+03 9.082557092154386336e-01
1.165390390390390394e+03 9.058077183256191267e-01
1.166616616616616511e+03 9.033702177896500984e-01
1.167842842842842856e+03 9.009431415247829422e-01
1.169069069069068973e+03 8.985264240391388491e-01
1.170295295295295318e+03 8.961200004245699624e-01
1.171521521521521436e+03 8.937238063496297791e-01
1.172747747747747781e+03 8.913377780526187122e-01
1.173973973973973898e+03 8.889618523347840862e-01
1.175200200200200243e+03 8.865959665535586565e-01
1.176426426426426360e+03 8.842400586159459008e-01
1.177652652652652705e+03 8.818940669719799175e-01
1.178878878878878822e+03 8.795579306082866866e-01
1.180105105105105167e+03 8.772315890417382578e-01
1.181331331331331285e+03 8.749149823131973092e-01
1.182557557557557629e+03 8.726080509813594066e-01
1.183783783783783747e+03 8.703107361166790845e-01
1.185010010010010092e+03 8.680229792953848555e-01
1.186236236236236209e+03 8.657447225935818169e-01
1.187462462462462554e+03 8.634759085814461832e-01
1.188688688688688671e+03 8.612164803174809924e-01
1.189914914914915016e+03 8.589663813428929373e-01
1.191141141141141134e+03 8.567255556760147162e-01
1.192367367367367478e+03 8.544939478068190875e-01
1.193593593593593596e+03 8.522715026915234082e-01
1.194819819819819941e+03 8.500581657472584540e-01
1.196046046046046058e+03 8.478538828468136224e-01
1.197272272272272176e+03 8.456586003134656249e-01
1.198498498498498520e+03 8.434722649158724606e-01
1.199724724724724638e+03 8.412948238630444386e-01
1.200950950950950983e+03 8.391262247993903634e-01
1.202177177177177100e+03 8.369664157998244480e-01
1.203403403403403445e+03 8.348153453649493905e-01
1.204629629629629562e+03 8.326729624163049515e-01
1.205855855855855907e+03 8.305392162916855892e-01
1.207082082082082024e+03 8.284140567405281486e-01
1.208308308308308369e+03 8.262974339193460693e-01
1.209534534534534487e+03 8.241892983872508571e-01
1.210760760760760832e+03 8.220896011015301763e-01
1.211986986986986949e+03 8.199982934132674650e-01
1.213213213213213294e+03 8.179153270630571404e-01
1.214439439439439411e+03 8.158406541767480036e-01
1.215665665665665756e+03 8.137742272612683569e-01
1.216891891891891873e+03 8.117159992004875368e-01
1.218118118118118218e+03 8.096659232511659310e-01
1.219344344344344336e+03 8.076239530389175414e-01
1.220570570570570681e+03 8.055900425542726895e-01
1.221796796796796798e+03 8.035641461487665893e-01
1.223023023023023143e+03 8.015462185310824328e-01
1.224249249249249260e+03 7.995362147632681937e-01
1.225475475475475378e+03 7.975340902569826307e-01
1.226701701701701722e+03 7.955398007697991325e-01
1.227927927927927840e+03 7.935533024015674064e-01
1.229154154154154185e+03 7.915745515908165775e-01
1.230380380380380302e+03 7.896035051112036962e-01
1.231606606606606647e+03 7.876401200680274162e-01
1.232832832832832764e+03 7.856843538947633210e-01
1.234059059059059109e+03 7.837361643496679742e-01
1.235285285285285227e+03 7.817955095124197173e-01
1.236511511511511571e+03 7.798623477807948845e-01
1.237737737737737689e+03 7.779366378674110738e-01
1.238963963963964034e+03 7.760183387964922908e-01
1.240190190190190151e+03 7.741074099006881593e-01
1.241416416416416496e+03 7.722038108179286597e-01
1.242642642642642613e+03 7.703075014883306038e-01
1.243868868868868958e+03 7.684184421511307539e-01
1.245095095095095076e+03 7.665365933416773414e-01
1.246321321321321420e+03 7.646619158884372380e-01
1.247547547547547538e+03 7.627943709100697411e-01
1.248773773773773883e+03 7.609339198125099069e-01
1.250000000000000000e+03 7.590805242861188296e-01
