1.000000000000000021e-03 3.522510199242036435e-05
1.100900900900900897e-02 1.665886244977290943e-03
2.101801801801802053e-02 3.586670012982106845e-03
3.102702702702703208e-02 5.382774588031699614e-03
4.103603603603604016e-02 7.019780535698993615e-03
5.104504504504504825e-02 8.507611806654106351e-03
6.105405405405406327e-02 9.863158797467703326e-03
7.106306306306306442e-02 1.110283019682358450e-02
8.107207207207207944e-02 1.224100309853462173e-02
9.108108108108109446e-02 1.328991618028120374e-02
1.010900900900900956e-01 1.425991873788479657e-02
1.110990990990991106e-01 1.515977547543220783e-02
1.211081081081081257e-01 1.599694406197844226e-02
1.311171171171171268e-01 1.677780753039445280e-02
1.411261261261261279e-01 1.750786313756564488e-02
1.511351351351351568e-01 1.819187435382746409e-02
1.611441441441441580e-01 1.883399306370484722e-02
1.711531531531531591e-01 1.943785813054186781e-02
1.811621621621621880e-01 2.000667530933625607e-02
1.911711711711711892e-01 2.054328243233543433e-02
2.011801801801801903e-01 2.105020292348203786e-02
2.111891891891892192e-01 2.152969001511766817e-02
2.211981981981982204e-01 2.198376351322536490e-02
2.312072072072072215e-01 2.241424055317485856e-02
2.412162162162162504e-01 2.282276147806138258e-02
2.512252252252252238e-01 2.321081173366920658e-02
2.612342342342342527e-01 2.357974049043310913e-02
2.712432432432432816e-01 2.393077656034341485e-02
2.812522522522522550e-01 2.426504206565563773e-02
2.912612612612612839e-01 2.458356422910857458e-02
3.012702702702703128e-01 2.488728558655881745e-02
3.112792792792792862e-01 2.517707286831435964e-02
3.212882882882883151e-01 2.545372475181849684e-02
3.312972972972973440e-01 2.571797865329157606e-02
3.413063063063063174e-01 2.597051669763333556e-02
3.513153153153153463e-01 2.621197098290641361e-02
3.613243243243243752e-01 2.644292823696744663e-02
3.713333333333333486e-01 2.666393394843029688e-02
3.813423423423423775e-01 2.687549604147362534e-02
3.913513513513514064e-01 2.707808815351532561e-02
4.013603603603603798e-01 2.727215256605768079e-02
4.113693693693694087e-01 2.745810283172901017e-02
4.213783783783784376e-01 2.763632613444928776e-02
4.313873873873874110e-01 2.780718541451565953e-02
4.413963963963964399e-01 2.797102128607347610e-02
4.514054054054054688e-01 2.812815377076737997e-02
4.614144144144144422e-01 2.827888386824742306e-02
4.714234234234234711e-01 2.842349498154430817e-02
4.814324324324325000e-01 2.856225421305120388e-02
4.914414414414414733e-01 2.869541354489540258e-02
5.014504504504504467e-01 2.882321091580340722e-02
5.114594594594594756e-01 2.894587120510981951e-02
5.214684684684685045e-01 2.906360713330738421e-02
5.314774774774775334e-01 2.917662008744491969e-02
5.414864864864865623e-01 2.928510087873250137e-02
5.514954954954955912e-01 2.938923043888846953e-02
5.615045045045045091e-01 2.948918046104077526e-02
5.715135135135135380e-01 2.958511399036219472e-02
5.815225225225225669e-01 2.967718596906641568e-02
5.915315315315315958e-01 2.976554373990143026e-02
6.015405405405406247e-01 2.985032751184946154e-02
6.115495495495496536e-01 2.993167079136043601e-02
6.215585585585585715e-01 3.000970078211197614e-02
6.315675675675676004e-01 3.008453875598995561e-02
6.415765765765766293e-01 3.015630039771978119e-02
6.515855855855856582e-01 3.022509612534307957e-02
6.615945945945946871e-01 3.029103138852520111e-02
6.716036036036036050e-01 3.035420694649162629e-02
6.816126126126126339e-01 3.041471912722406093e-02
6.916216216216216628e-01 3.047266006939773272e-02
7.016306306306306917e-01 3.052811794840712759e-02
7.116396396396397206e-01 3.058117718770590743e-02
7.216486486486487495e-01 3.063191865658023219e-02
7.316576576576576674e-01 3.068041985537522248e-02
7.416666666666666963e-01 3.072675508910720568e-02
7.516756756756757252e-01 3.077099563031548968e-02
7.616846846846847541e-01 3.081320987193394631e-02
7.716936936936937830e-01 3.085346347089954269e-02
7.817027027027028119e-01 3.089181948315456241e-02
7.917117117117117298e-01 3.092833849064668267e-02
8.017207207207207587e-01 3.096307872088213675e-02
8.117297297297297876e-01 3.099609615954306355e-02
8.217387387387388165e-01 3.102744465664002832e-02
8.317477477477478454e-01 3.105717602663406532e-02
8.417567567567568743e-01 3.108534014292891820e-02
8.517657657657657921e-01 3.111198502710409153e-02
8.617747747747748210e-01 3.113715693323074879e-02
8.717837837837838499e-01 3.116090042758782111e-02
8.817927927927928788e-01 3.118325846407129370e-02
8.918018018018019077e-01 3.120427245556916390e-02
9.018108108108109366e-01 3.122398234155399077e-02
9.118198198198198545e-01 3.124242665212767153e-02
9.218288288288288834e-01 3.125964256873586117e-02
9.318378378378379123e-01 3.127566598175447743e-02
9.418468468468469412e-01 3.129053154513653651e-02
9.518558558558559701e-01 3.130427272829470337e-02
9.618648648648649990e-01 3.131692186538266587e-02
9.718738738738739169e-01 3.132851020212793630e-02
9.818828828828829458e-01 3.133906794035777599e-02
9.918918918918919747e-01 3.134862428035128240e-02
1.001900900900900782e+00 3.135720746114113028e-02
1.011909909909909810e+00 3.136484479888115157e-02
1.021918918918918839e+00 3.137156272338782748e-02
1.031927927927927868e+00 3.137738681295718784e-02
1.041936936936936897e+00 3.138234182755209739e-02
1.051945945945945926e+00 3.138645174044875363e-02
1.061954954954954955e+00 3.138973976842607261e-02
1.071963963963963984e+00 3.139222840057576125e-02
1.081972972972973013e+00 3.139393942580703811e-02
1.091981981981982042e+00 3.139489395911452402e-02
1.101990990990991071e+00 3.139511246667438943e-02
1.111999999999999877e+00 3.139461478982941145e-02
1.122009009009008906e+00 3.139342016802058183e-02
1.132018018018017935e+00 3.139154726071875096e-02
1.142027027027026964e+00 3.138901416840745445e-02
1.152036036036035993e+00 3.138583845266448152e-02
1.162045045045045022e+00 3.138203715538730870e-02
1.172054054054054051e+00 3.137762681720498992e-02
1.182063063063063080e+00 3.137262349511641540e-02
1.192072072072072109e+00 3.136704277939274255e-02
1.202081081081081138e+00 3.136089980978003927e-02
1.212090090090090166e+00 3.135420929103529403e-02
1.222099099099099195e+00 3.134698550782819698e-02
1.232108108108108002e+00 3.133924233903846723e-02
1.242117117117117031e+00 3.133099327147748081e-02
1.252126126126126060e+00 3.132225141306083094e-02
1.262135135135135089e+00 3.131302950545766101e-02
1.272144144144144118e+00 3.130333993624082739e-02
1.282153153153153147e+00 3.129319475056058925e-02
1.292162162162162176e+00 3.128260566236382156e-02
1.302171171171171205e+00 3.127158406517908940e-02
1.312180180180180233e+00 3.126014104248715786e-02
1.322189189189189262e+00 3.124828737769546130e-02
1.332198198198198291e+00 3.123603356373406970e-02
1.342207207207207098e+00 3.122338981228972923e-02
1.352216216216216127e+00 3.121036606269404767e-02
1.362225225225225156e+00 3.119697199048048972e-02
1.372234234234234185e+00 3.118321701562502130e-02
1.382243243243243214e+00 3.116911031048323968e-02
1.392252252252252243e+00 3.115466080743773541e-02
1.402261261261261271e+00 3.113987720626738495e-02
1.412270270270270300e+00 3.112476798125052638e-02
1.422279279279279329e+00 3.110934138801304052e-02
1.432288288288288358e+00 3.109360547013222467e-02
1.442297297297297387e+00 3.107756806550607265e-02
1.452306306306306416e+00 3.106123681249809906e-02
1.462315315315315223e+00 3.104461915586654089e-02
1.472324324324324252e+00 3.102772235248683549e-02
1.482333333333333281e+00 3.101055347687568450e-02
1.492342342342342310e+00 3.099311942652468316e-02
1.502351351351351338e+00 3.097542692705108902e-02
1.512360360360360367e+00 3.095748253717299850e-02
1.522369369369369396e+00 3.093929265351575211e-02
1.532378378378378425e+00 3.092086351525648660e-02
1.542387387387387454e+00 3.090220120861275274e-02
1.552396396396396483e+00 3.088331167118146467e-02
1.562405405405405512e+00 3.086420069613398168e-02
1.572414414414414541e+00 3.084487393627271742e-02
1.582423423423423348e+00 3.082533690795455708e-02
1.592432432432432377e+00 3.080559499488635250e-02
1.602441441441441405e+00 3.078565345179689813e-02
1.612450450450450434e+00 3.076551740799047044e-02
1.622459459459459463e+00 3.074519187078609758e-02
1.632468468468468492e+00 3.072468172884676441e-02
1.642477477477477521e+00 3.070399175540281314e-02
1.652486486486486550e+00 3.068312661137320707e-02
1.662495495495495579e+00 3.066209084838855334e-02
1.672504504504504608e+00 3.064088891171938209e-02
1.682513513513513637e+00 3.061952514311308549e-02
1.692522522522522443e+00 3.059800378354275360e-02
1.702531531531531472e+00 3.057632897587138354e-02
1.712540540540540501e+00 3.055450476743384880e-02
1.722549549549549530e+00 3.053253511254025443e-02
1.732558558558558559e+00 3.051042387490286376e-02
1.742567567567567588e+00 3.048817482998963588e-02
1.752576576576576617e+00 3.046579166730680951e-02
1.762585585585585646e+00 3.044327799261292364e-02
1.772594594594594675e+00 3.042063733006681800e-02
1.782603603603603704e+00 3.039787312431164318e-02
1.792612612612612732e+00 3.037498874249743019e-02
1.802621621621621761e+00 3.035198747624379481e-02
1.812630630630630568e+00 3.032887254354539597e-02
1.822639639639639597e+00 3.030564709062156040e-02
1.832648648648648626e+00 3.028231419371222102e-02
1.842657657657657655e+00 3.025887686082202876e-02
1.852666666666666684e+00 3.023533803341406020e-02
1.862675675675675713e+00 3.021170058805501893e-02
1.872684684684684742e+00 3.018796733801362361e-02
1.882693693693693771e+00 3.016414103481328962e-02
1.892702702702702799e+00 3.014022436974123087e-02
1.902711711711711828e+00 3.011621997531462036e-02
1.912720720720720857e+00 3.009213042670601940e-02
1.922729729729729886e+00 3.006795824312873816e-02
1.932738738738738693e+00 3.004370588918372359e-02
1.942747747747747722e+00 3.001937577616919928e-02
1.952756756756756751e+00 2.999497026335407740e-02
1.962765765765765780e+00 2.997049165921645761e-02
1.972774774774774809e+00 2.994594222264823982e-02
1.982783783783783838e+00 2.992132416412690218e-02
1.992792792792792866e+00 2.989663964685544337e-02
2.002801801801801673e+00 2.987189078787169313e-02
2.012810810810810924e+00 2.984707965912746647e-02
2.022819819819819731e+00 2.982220828853908434e-02
2.032828828828828982e+00 2.979727866100971220e-02
2.042837837837837789e+00 2.977229271942447367e-02
2.052846846846847040e+00 2.974725236561929359e-02
2.062855855855855847e+00 2.972215946132411579e-02
2.072864864864865098e+00 2.969701582908136628e-02
2.082873873873873904e+00 2.967182325314037666e-02
2.092882882882883155e+00 2.964658348032843740e-02
2.102891891891891962e+00 2.962129822089919554e-02
2.112900900900900769e+00 2.959596914935921225e-02
2.122909909909910020e+00 2.957059790527316948e-02
2.132918918918918827e+00 2.954518609404826329e-02
2.142927927927928078e+00 2.951973528769868613e-02
2.152936936936936885e+00 2.949424702559052397e-02
2.162945945945946136e+00 2.946872281516782835e-02
2.172954954954954943e+00 2.944316413266017188e-02
2.182963963963964193e+00 2.941757242377245410e-02
2.192972972972973000e+00 2.939194910435742603e-02
2.202981981981982251e+00 2.936629556107120051e-02
2.212990990990991058e+00 2.934061315201265049e-02
2.222999999999999865e+00 2.931490320734669516e-02
2.233009009009009116e+00 2.928916702991229623e-02
2.243018018018017923e+00 2.926340589581538990e-02
2.253027027027027174e+00 2.923762105500719855e-02
2.263036036036035981e+00 2.921181373184852589e-02
2.273045045045045232e+00 2.918598512566005637e-02
2.283054054054054038e+00 2.916013641125945327e-02
2.293063063063063289e+00 2.913426873948524523e-02
2.303072072072072096e+00 2.910838323770831293e-02
2.313081081081081347e+00 2.908248101033071922e-02
2.323090090090090154e+00 2.905656313927286807e-02
2.333099099099098961e+00 2.903063068444885347e-02
2.343108108108108212e+00 2.900468468423044247e-02
2.353117117117117019e+00 2.897872615590016410e-02
2.363126126126126270e+00 2.895275609609354941e-02
2.373135135135135076e+00 2.892677548123103251e-02
2.383144144144144327e+00 2.890078526793950220e-02
2.393153153153153134e+00 2.887478639346422599e-02
2.403162162162162385e+00 2.884877977607093469e-02
2.413171171171171192e+00 2.882276631543865056e-02
2.423180180180180443e+00 2.879674689304331098e-02
2.433189189189189250e+00 2.877072237253257628e-02
2.443198198198198501e+00 2.874469360009193966e-02
2.453207207207207308e+00 2.871866140480245841e-02
2.463216216216216115e+00 2.869262659899022086e-02
2.473225225225225365e+00 2.866658997856786489e-02
2.483234234234234172e+00 2.864055232336832138e-02
2.493243243243243423e+00 2.861451439747089709e-02
2.503252252252252230e+00 2.858847694952009605e-02
2.513261261261261481e+00 2.856244071303710649e-02
2.523270270270270288e+00 2.853640640672438014e-02
2.533279279279279539e+00 2.851037473476327605e-02
2.543288288288288346e+00 2.848434638710515068e-02
2.553297297297297597e+00 2.845832203975586297e-02
2.563306306306306404e+00 2.843230235505396844e-02
2.573315315315315210e+00 2.840628798194279325e-02
2.583324324324324461e+00 2.838027955623643669e-02
2.593333333333333268e+00 2.835427770087989990e-02
2.603342342342342519e+00 2.832828302620355593e-02
2.613351351351351326e+00 2.830229613017195070e-02
2.623360360360360577e+00 2.827631759862724720e-02
2.633369369369369384e+00 2.825034800552733705e-02
2.643378378378378635e+00 2.822438791317873064e-02
2.653387387387387442e+00 2.819843787246445466e-02
2.663396396396396693e+00 2.817249842306699878e-02
2.673405405405405499e+00 2.814657009368648488e-02
2.683414414414414306e+00 2.812065340225408661e-02
2.693423423423423557e+00 2.809474885614089354e-02
2.703432432432432364e+00 2.806885695236237960e-02
2.713441441441441615e+00 2.804297817777844440e-02
2.723450450450450422e+00 2.801711300928916640e-02
2.733459459459459673e+00 2.799126191402648983e-02
2.743468468468468480e+00 2.796542534954182119e-02
2.753477477477477731e+00 2.793960376398968784e-02
2.763486486486486537e+00 2.791379759630745194e-02
2.773495495495495788e+00 2.788800727639137791e-02
2.783504504504504595e+00 2.786223322526893906e-02
2.793513513513513846e+00 2.783647585526750901e-02
2.803522522522522653e+00 2.781073557017961495e-02
2.813531531531531460e+00 2.778501276542473183e-02
2.823540540540540711e+00 2.775930782820766260e-02
2.833549549549549518e+00 2.773362113767373696e-02
2.843558558558558769e+00 2.770795306506080094e-02
2.853567567567567576e+00 2.768230397384797634e-02
2.863576576576576826e+00 2.765667421990156832e-02
2.873585585585585633e+00 2.763106415161775686e-02
2.883594594594594884e+00 2.760547411006258195e-02
2.893603603603603691e+00 2.757990442910894513e-02
2.903612612612612942e+00 2.755435543557090486e-02
2.913621621621621749e+00 2.752882744933523793e-02
2.923630630630630556e+00 2.750332078349029472e-02
2.933639639639639807e+00 2.747783574445234259e-02
2.943648648648648614e+00 2.745237263208927594e-02
2.953657657657657865e+00 2.742693173984194280e-02
2.963666666666666671e+00 2.740151335484299414e-02
2.973675675675675922e+00 2.737611775803330816e-02
2.983684684684684729e+00 2.735074522427625998e-02
2.993693693693693980e+00 2.732539602246947946e-02
3.003702702702702787e+00 2.730007041565465573e-02
3.013711711711712038e+00 2.727476866112497900e-02
3.023720720720720845e+00 2.724949101053054934e-02
3.033729729729729652e+00 2.722423770998168291e-02
3.043738738738738903e+00 2.719900900015020939e-02
3.053747747747747709e+00 2.717380511636877452e-02
3.063756756756756960e+00 2.714862628872819622e-02
3.073765765765765767e+00 2.712347274217296114e-02
3.083774774774775018e+00 2.709834469659478870e-02
3.093783783783783825e+00 2.707324236692441877e-02
3.103792792792793076e+00 2.704816596322168545e-02
3.113801801801801883e+00 2.702311569076372086e-02
3.123810810810811134e+00 2.699809175013156634e-02
3.133819819819819941e+00 2.697309433729504907e-02
3.143828828828829192e+00 2.694812364369608693e-02
3.153837837837837998e+00 2.692317985633035926e-02
3.163846846846846805e+00 2.689826315782737828e-02
3.173855855855856056e+00 2.687337372652915876e-02
3.183864864864864863e+00 2.684851173656722587e-02
3.193873873873874114e+00 2.682367735793831157e-02
3.203882882882882921e+00 2.679887075657850018e-02
3.213891891891892172e+00 2.677409209443604859e-02
3.223900900900900979e+00 2.674934152954278055e-02
3.233909909909910230e+00 2.672461921608415905e-02
3.243918918918919037e+00 2.669992530446806817e-02
3.253927927927928287e+00 2.667525994139223131e-02
3.263936936936937094e+00 2.665062326991041175e-02
3.273945945945945901e+00 2.662601542949743702e-02
3.283954954954955152e+00 2.660143655611284935e-02
3.293963963963963959e+00 2.657688678226355003e-02
3.303972972972973210e+00 2.655236623706515656e-02
3.313981981981982017e+00 2.652787504630228083e-02
3.323990990990991268e+00 2.650341333248766584e-02
3.334000000000000075e+00 2.647898121492025039e-02
3.344009009009009326e+00 2.645457880974212347e-02
3.354018018018018132e+00 2.643020622999447955e-02
3.364027027027027383e+00 2.640586358567254682e-02
3.374036036036036190e+00 2.638155098377943306e-02
3.384045045045044997e+00 2.635726852837909362e-02
3.394054054054054248e+00 2.633301632064823788e-02
3.404063063063063055e+00 2.630879445892733703e-02
3.414072072072072306e+00 2.628460303877073329e-02
3.424081081081081113e+00 2.626044215299572215e-02
3.434090090090090364e+00 2.623631189173093389e-02
3.444099099099099170e+00 2.621221234246360818e-02
3.454108108108108421e+00 2.618814359008624082e-02
3.464117117117117228e+00 2.616410571694221046e-02
3.474126126126126479e+00 2.614009880287070792e-02
3.484135135135135286e+00 2.611612292525075651e-02
3.494144144144144537e+00 2.609217815904453508e-02
3.504153153153153344e+00 2.606826457683987172e-02
3.514162162162162151e+00 2.604438224889200904e-02
3.524171171171171402e+00 2.602053124316451582e-02
3.534180180180180209e+00 2.599671162536968533e-02
3.544189189189189459e+00 2.597292345900801061e-02
3.554198198198198266e+00 2.594916680540704582e-02
3.564207207207207517e+00 2.592544172375955622e-02
3.574216216216216324e+00 2.590174827116106457e-02
3.584225225225225575e+00 2.587808650264659255e-02
3.594234234234234382e+00 2.585445647122686444e-02
3.604243243243243633e+00 2.583085822792390365e-02
3.614252252252252440e+00 2.580729182180586598e-02
3.624261261261261247e+00 2.578375730002135588e-02
3.634270270270270498e+00 2.576025470783314605e-02
3.644279279279279304e+00 2.573678408865127942e-02
3.654288288288288555e+00 2.571334548406555703e-02
3.664297297297297362e+00 2.568993893387759228e-02
3.674306306306306613e+00 2.566656447613211919e-02
3.684315315315315420e+00 2.564322214714787398e-02
3.694324324324324671e+00 2.561991198154795618e-02
3.704333333333333478e+00 2.559663401228960342e-02
3.714342342342342729e+00 2.557338827069342499e-02
3.724351351351351536e+00 2.555017478647224338e-02
3.734360360360360342e+00 2.552699358775937372e-02
3.744369369369369593e+00 2.550384470113630300e-02
3.754378378378378400e+00 2.548072815166014388e-02
3.764387387387387651e+00 2.545764396289038056e-02
3.774396396396396458e+00 2.543459215691528177e-02
3.784405405405405709e+00 2.541157275437781748e-02
3.794414414414414516e+00 2.538858577450116283e-02
3.804423423423423767e+00 2.536563123511369894e-02
3.814432432432432574e+00 2.534270915267370153e-02
3.824441441441441825e+00 2.531981954229346396e-02
3.834450450450450631e+00 2.529696241776314622e-02
3.844459459459459882e+00 2.527413779157411042e-02
3.854468468468468689e+00 2.525134567494195792e-02
3.864477477477477496e+00 2.522858607782908422e-02
3.874486486486486747e+00 2.520585900896688686e-02
3.884495495495495554e+00 2.518316447587764031e-02
3.894504504504504805e+00 2.516050248489594410e-02
3.904513513513513612e+00 2.513787304118978924e-02
3.914522522522522863e+00 2.511527614878139580e-02
3.924531531531531670e+00 2.509271181056752648e-02
3.934540540540540920e+00 2.507018002833957815e-02
3.944549549549549727e+00 2.504768080280333695e-02
3.954558558558558978e+00 2.502521413359829264e-02
3.964567567567567785e+00 2.500278001931676916e-02
3.974576576576576592e+00 2.498037845752263536e-02
3.984585585585585843e+00 2.495800944476975897e-02
3.994594594594594650e+00 2.493567297662008936e-02
4.004603603603603901e+00 2.491336904766152174e-02
4.014612612612613596e+00 2.489109765152542481e-02
4.024621621621622403e+00 2.486885878090384222e-02
4.034630630630631209e+00 2.484665242756644091e-02
4.044639639639640016e+00 2.482447858237721641e-02
4.054648648648649711e+00 2.480233723531083401e-02
4.064657657657658518e+00 2.478022837546877202e-02
4.074666666666667325e+00 2.475815199109518069e-02
4.084675675675676132e+00 2.473610806959242528e-02
4.094684684684684939e+00 2.471409659753646959e-02
4.104693693693694634e+00 2.469211756069193686e-02
4.114702702702703441e+00 2.467017094402692082e-02
4.124711711711712248e+00 2.464825673172757817e-02
4.134720720720721054e+00 2.462637490721250599e-02
4.144729729729730749e+00 2.460452545314678607e-02
4.154738738738739556e+00 2.458270835145593899e-02
4.164747747747748363e+00 2.456092358333948969e-02
4.174756756756757170e+00 2.453917112928448441e-02
4.184765765765766865e+00 2.451745096907859828e-02
4.194774774774775672e+00 2.449576308182323248e-02
4.204783783783784479e+00 2.447410744594618812e-02
4.214792792792793286e+00 2.445248403921432279e-02
4.224801801801802092e+00 2.443089283874583240e-02
4.234810810810811788e+00 2.440933382102248445e-02
4.244819819819820594e+00 2.438780696190155639e-02
4.254828828828829401e+00 2.436631223662757625e-02
4.264837837837838208e+00 2.434484961984392792e-02
4.274846846846847903e+00 2.432341908560425522e-02
4.284855855855856710e+00 2.430202060738362660e-02
4.294864864864865517e+00 2.428065415808960611e-02
4.304873873873874324e+00 2.425931971007302609e-02
4.314882882882883131e+00 2.423801723513873893e-02
4.324891891891892826e+00 2.421674670455605319e-02
4.334900900900901632e+00 2.419550808906908643e-02
4.344909909909910439e+00 2.417430135890690293e-02
4.354918918918919246e+00 2.415312648379353694e-02
4.364927927927928941e+00 2.413198343295776954e-02
4.374936936936937748e+00 2.411087217514289865e-02
4.384945945945946555e+00 2.408979267861616549e-02
4.394954954954955362e+00 2.406874491117815679e-02
4.404963963963965057e+00 2.404772884017200921e-02
4.414972972972973864e+00 2.402674443249250627e-02
4.424981981981982671e+00 2.400579165459494624e-02
4.434990990990991477e+00 2.398487047250396492e-02
4.445000000000000284e+00 2.396398085182211563e-02
4.455009009009009979e+00 2.394312275773845602e-02
4.465018018018018786e+00 2.392229615503680198e-02
4.475027027027027593e+00 2.390150100810403341e-02
4.485036036036036400e+00 2.388073728093815032e-02
4.495045045045046095e+00 2.386000493715624560e-02
4.505054054054054902e+00 2.383930394000233557e-02
4.515063063063063709e+00 2.381863425235507606e-02
4.525072072072072515e+00 2.379799583673536043e-02
4.535081081081082210e+00 2.377738865531377893e-02
4.545090090090091017e+00 2.375681266991794618e-02
4.555099099099099824e+00 2.373626784203975576e-02
4.565108108108108631e+00 2.371575413284248215e-02
4.575117117117117438e+00 2.369527150316778907e-02
4.585126126126127133e+00 2.367481991354261281e-02
4.595135135135135940e+00 2.365439932418592073e-02
4.605144144144144747e+00 2.363400969501542118e-02
4.615153153153153553e+00 2.361365098565409298e-02
4.625162162162163249e+00 2.359332315543665598e-02
4.635171171171172055e+00 2.357302616341595131e-02
4.645180180180180862e+00 2.355275996836913091e-02
4.655189189189189669e+00 2.353252452880389561e-02
4.665198198198198476e+00 2.351231980296448337e-02
4.675207207207208171e+00 2.349214574883763673e-02
4.685216216216216978e+00 2.347200232415855986e-02
4.695225225225225785e+00 2.345188948641654947e-02
4.705234234234234592e+00 2.343180719286076102e-02
4.715243243243244287e+00 2.341175540050577028e-02
4.725252252252253093e+00 2.339173406613712439e-02
4.735261261261261900e+00 2.337174314631666749e-02
4.745270270270270707e+00 2.335178259738793227e-02
4.755279279279280402e+00 2.333185237548135449e-02
4.765288288288289209e+00 2.331195243651946331e-02
4.775297297297298016e+00 2.329208273622189115e-02
4.785306306306306823e+00 2.327224323011044260e-02
4.795315315315315630e+00 2.325243387351397586e-02
4.805324324324325325e+00 2.323265462157323574e-02
4.815333333333334132e+00 2.321290542924563105e-02
4.825342342342342938e+00 2.319318625130990102e-02
4.835351351351351745e+00 2.317349704237073663e-02
4.845360360360361440e+00 2.315383775686332204e-02
4.855369369369370247e+00 2.313420834905778253e-02
4.865378378378379054e+00 2.311460877306360795e-02
4.875387387387387861e+00 2.309503898283391671e-02
4.885396396396397556e+00 2.307549893216980300e-02
4.895405405405406363e+00 2.305598857472442031e-02
4.905414414414415170e+00 2.303650786400718298e-02
4.915423423423423976e+00 2.301705675338779414e-02
4.925432432432432783e+00 2.299763519610018708e-02
4.935441441441442478e+00 2.297824314524654285e-02
4.945450450450451285e+00 2.295888055380107540e-02
4.955459459459460092e+00 2.293954737461386881e-02
4.965468468468468899e+00 2.292024356041460695e-02
4.975477477477478594e+00 2.290096906381629618e-02
4.985486486486487401e+00 2.288172383731878687e-02
4.995495495495496208e+00 2.286250783331245442e-02
5.005504504504505014e+00 2.284332100408163410e-02
5.015513513513513821e+00 2.282416330180809735e-02
5.025522522522523516e+00 2.280503467857443803e-02
5.035531531531532323e+00 2.278593508636740303e-02
5.045540540540541130e+00 2.276686447708123340e-02
5.055549549549549937e+00 2.274782280252084579e-02
5.065558558558559632e+00 2.272881001440499663e-02
5.075567567567568439e+00 2.270982606436951906e-02
5.085576576576577246e+00 2.269087090397026163e-02
5.095585585585586053e+00 2.267194448468626278e-02
5.105594594594595748e+00 2.265304675792260622e-02
5.115603603603604554e+00 2.263417767501347058e-02
5.125612612612613361e+00 2.261533718722491884e-02
5.135621621621622168e+00 2.259652524575781612e-02
5.145630630630630975e+00 2.257774180175056364e-02
5.155639639639640670e+00 2.255898680628191585e-02
5.165648648648649477e+00 2.254026021037362770e-02
5.175657657657658284e+00 2.252156196499314686e-02
5.185666666666667091e+00 2.250289202105623665e-02
5.195675675675676786e+00 2.248425032942951915e-02
5.205684684684685593e+00 2.246563684093304952e-02
5.215693693693694399e+00 2.244705150634281055e-02
5.225702702702703206e+00 2.242849427639311000e-02
5.235711711711712901e+00 2.240996510177908907e-02
5.245720720720721708e+00 2.239146393315898098e-02
5.255729729729730515e+00 2.237299072115656734e-02
5.265738738738739322e+00 2.235454541636338471e-02
5.275747747747748129e+00 2.233612796934100753e-02
5.285756756756757824e+00 2.231773833062328932e-02
5.295765765765766631e+00 2.229937645071856933e-02
5.305774774774775437e+00 2.228104228011174720e-02
5.315783783783784244e+00 2.226273576926647221e-02
5.325792792792793939e+00 2.224445686862720067e-02
5.335801801801802746e+00 2.222620552862120472e-02
5.345810810810811553e+00 2.220798169966066785e-02
5.355819819819820360e+00 2.218978533214457580e-02
5.365828828828829167e+00 2.217161637646072880e-02
5.375837837837838862e+00 2.215347478298760470e-02
5.385846846846847669e+00 2.213536050209629832e-02
5.395855855855856476e+00 2.211727348415231872e-02
5.405864864864865282e+00 2.209921367951744181e-02
5.415873873873874977e+00 2.208118103855149020e-02
5.425882882882883784e+00 2.206317551161411650e-02
5.435891891891892591e+00 2.204519704906646865e-02
5.445900900900901398e+00 2.202724560127299405e-02
5.455909909909911093e+00 2.200932111860300078e-02
5.465918918918919900e+00 2.199142355143240274e-02
5.475927927927928707e+00 2.197355285014527745e-02
5.485936936936937514e+00 2.195570896513548975e-02
5.495945945945946320e+00 2.193789184680820445e-02
5.505954954954956015e+00 2.192010144558149271e-02
5.515963963963964822e+00 2.190233771188779266e-02
5.525972972972973629e+00 2.188460059617542558e-02
5.535981981981982436e+00 2.186689004891002180e-02
5.545990990990992131e+00 2.184920602057599179e-02
5.556000000000000938e+00 2.183154846167791735e-02
5.566009009009009745e+00 2.181391732274196027e-02
5.576018018018018552e+00 2.179631255431718068e-02
5.586027027027028247e+00 2.177873410697691442e-02
5.596036036036037054e+00 2.176118193132008799e-02
5.606045045045045860e+00 2.174365597797249874e-02
5.616054054054054667e+00 2.172615619758808125e-02
5.626063063063063474e+00 2.170868254085017712e-02
5.636072072072073169e+00 2.169123495847273889e-02
5.646081081081081976e+00 2.167381340120156860e-02
5.656090090090090783e+00 2.165641781981546624e-02
5.666099099099099590e+00 2.163904816512740928e-02
5.676108108108109285e+00 2.162170438798569766e-02
5.686117117117118092e+00 2.160438643927509519e-02
5.696126126126126898e+00 2.158709426991788083e-02
5.706135135135135705e+00 2.156982783087498662e-02
5.716144144144144512e+00 2.155258707314704550e-02
5.726153153153154207e+00 2.153537194777541477e-02
5.736162162162163014e+00 2.151818240584323083e-02
5.746171171171171821e+00 2.150101839847641874e-02
5.756180180180180628e+00 2.148387987684464984e-02
5.766189189189190323e+00 2.146676679216234784e-02
5.776198198198199130e+00 2.144967909568962910e-02
5.786207207207207937e+00 2.143261673873324627e-02
5.796216216216216743e+00 2.141557967264749382e-02
5.806225225225226438e+00 2.139856784883513094e-02
5.816234234234235245e+00 2.138158121874825929e-02
5.826243243243244052e+00 2.136461973388918689e-02
5.836252252252252859e+00 2.134768334581129204e-02
5.846261261261261666e+00 2.133077200611985594e-02
5.856270270270271361e+00 2.131388566647290234e-02
5.866279279279280168e+00 2.129702427858195732e-02
5.876288288288288975e+00 2.128018779421291320e-02
5.886297297297297781e+00 2.126337616518673285e-02
5.896306306306307476e+00 2.124658934338026842e-02
5.906315315315316283e+00 2.122982728072697958e-02
5.916324324324325090e+00 2.121308992921766556e-02
5.926333333333333897e+00 2.119637724090119371e-02
5.936342342342343592e+00 2.117968916788522810e-02
5.946351351351352399e+00 2.116302566233686441e-02
5.956360360360361206e+00 2.114638667648335857e-02
5.966369369369370013e+00 2.112977216261276506e-02
5.976378378378378819e+00 2.111318207307461697e-02
5.986387387387388515e+00 2.109661636028051582e-02
5.996396396396397321e+00 2.108007497670482192e-02
6.006405405405406128e+00 2.106355787488520259e-02
6.016414414414414935e+00 2.104706500742328790e-02
6.026423423423424630e+00 2.103059632698523265e-02
6.036432432432433437e+00 2.101415178630228545e-02
6.046441441441442244e+00 2.099773133817138537e-02
6.056450450450451051e+00 2.098133493545569633e-02
6.066459459459459858e+00 2.096496253108512745e-02
6.076468468468469553e+00 2.094861407805692632e-02
6.086477477477478359e+00 2.093228952943612664e-02
6.096486486486487166e+00 2.091598883835611711e-02
6.106495495495495973e+00 2.089971195801908904e-02
6.116504504504505668e+00 2.088345884169657413e-02
6.126513513513514475e+00 2.086722944272988503e-02
6.136522522522523282e+00 2.085102371453059766e-02
6.146531531531532089e+00 2.083484161058099526e-02
6.156540540540541784e+00 2.081868308443454024e-02
6.166549549549550591e+00 2.080254808971628705e-02
6.176558558558559398e+00 2.078643658012331585e-02
6.186567567567568204e+00 2.077034850942515928e-02
6.196576576576577011e+00 2.075428383146419795e-02
6.206585585585586706e+00 2.073824250015607676e-02
6.216594594594595513e+00 2.072222446949005883e-02
6.226603603603604320e+00 2.070622969352945916e-02
6.236612612612613127e+00 2.069025812641197073e-02
6.246621621621622822e+00 2.067430972235006006e-02
6.256630630630631629e+00 2.065838443563128290e-02
6.266639639639640436e+00 2.064248222061868324e-02
6.276648648648649242e+00 2.062660303175108123e-02
6.286657657657658937e+00 2.061074682354343754e-02
6.296666666666667744e+00 2.059491355058714127e-02
6.306675675675676551e+00 2.057910316755037425e-02
6.316684684684685358e+00 2.056331562917835046e-02
6.326693693693694165e+00 2.054755089029367682e-02
6.336702702702703860e+00 2.053180890579659953e-02
6.346711711711712667e+00 2.051608963066530941e-02
6.356720720720721474e+00 2.050039301995619859e-02
6.366729729729730280e+00 2.048471902880417278e-02
6.376738738738739976e+00 2.046906761242282824e-02
6.386747747747748782e+00 2.045343872610479868e-02
6.396756756756757589e+00 2.043783232522193571e-02
6.406765765765766396e+00 2.042224836522559678e-02
6.416774774774775203e+00 2.040668680164681864e-02
6.426783783783784898e+00 2.039114759009660535e-02
6.436792792792793705e+00 2.037563068626611559e-02
6.446801801801802512e+00 2.036013604592688125e-02
6.456810810810811319e+00 2.034466362493101213e-02
6.466819819819821014e+00 2.032921337921139715e-02
6.476828828828829820e+00 2.031378526478191254e-02
6.486837837837838627e+00 2.029837923773758837e-02
6.496846846846847434e+00 2.028299525425480282e-02
6.506855855855857129e+00 2.026763327059145567e-02
6.516864864864865936e+00 2.025229324308714177e-02
6.526873873873874743e+00 2.023697512816332450e-02
6.536882882882883550e+00 2.022167888232346070e-02
6.546891891891892357e+00 2.020640446215321573e-02
6.556900900900902052e+00 2.019115182432052943e-02
6.566909909909910859e+00 2.017592092557585204e-02
6.576918918918919665e+00 2.016071172275218232e-02
6.586927927927928472e+00 2.014552417276529658e-02
6.596936936936938167e+00 2.013035823261380419e-02
6.606945945945946974e+00 2.011521385937931061e-02
6.616954954954955781e+00 2.010009101022650763e-02
6.626963963963964588e+00 2.008498964240331558e-02
6.636972972972974283e+00 2.006990971324095277e-02
6.646981981981983090e+00 2.005485118015407076e-02
6.656990990990991897e+00 2.003981400064083762e-02
6.667000000000000703e+00 2.002479813228302472e-02
6.677009009009009510e+00 2.000980353274613155e-02
6.687018018018019205e+00 1.999483015977940314e-02
6.697027027027028012e+00 1.997987797121598269e-02
6.707036036036036819e+00 1.996494692497293930e-02
6.717045045045045626e+00 1.995003697905135820e-02
6.727054054054055321e+00 1.993514809153638934e-02
6.737063063063064128e+00 1.992028022059735143e-02
6.747072072072072935e+00 1.990543332448774239e-02
6.757081081081081742e+00 1.989060736154531911e-02
6.767090090090090548e+00 1.987580229019214606e-02
6.777099099099100243e+00 1.986101806893464730e-02
6.787108108108109050e+00 1.984625465636363079e-02
6.797117117117117857e+00 1.983151201115435427e-02
6.807126126126126664e+00 1.981679009206652881e-02
6.817135135135136359e+00 1.980208885794438808e-02
6.827144144144145166e+00 1.978740826771667807e-02
6.837153153153153973e+00 1.977274828039672638e-02
6.847162162162162780e+00 1.975810885508240411e-02
6.857171171171172475e+00 1.974348995095621256e-02
6.867180180180181281e+00 1.972889152728523818e-02
6.877189189189190088e+00 1.971431354342120107e-02
6.887198198198198895e+00 1.969975595880045505e-02
6.897207207207207702e+00 1.968521873294397026e-02
6.907216216216217397e+00 1.967070182545736443e-02
6.917225225225226204e+00 1.965620519603089936e-02
6.927234234234235011e+00 1.964172880443944280e-02
6.937243243243243818e+00 1.962727261054252048e-02
6.947252252252253513e+00 1.961283657428421895e-02
6.957261261261262320e+00 1.959842065569327926e-02
6.967270270270271126e+00 1.958402481488297209e-02
6.977279279279279933e+00 1.956964901205117749e-02
6.987288288288289628e+00 1.955529320748028085e-02
6.997297297297298435e+00 1.954095736153720758e-02
7.007306306306307242e+00 1.952664143467335023e-02
7.017315315315316049e+00 1.951234538742458238e-02
7.027324324324324856e+00 1.949806918041119275e-02
7.037333333333334551e+00 1.948381277433785391e-02
7.047342342342343358e+00 1.946957612999360154e-02
7.057351351351352164e+00 1.945535920825178927e-02
7.067360360360360971e+00 1.944116197007002972e-02
7.077369369369370666e+00 1.942698437649017021e-02
7.087378378378379473e+00 1.941282638863823032e-02
7.097387387387388280e+00 1.939868796772435330e-02
7.107396396396397087e+00 1.938456907504278529e-02
7.117405405405405894e+00 1.937046967197175382e-02
7.127414414414415589e+00 1.935638971997349564e-02
7.137423423423424396e+00 1.934232918059412137e-02
7.147432432432433203e+00 1.932828801546360858e-02
7.157441441441442009e+00 1.931426618629571851e-02
7.167450450450451704e+00 1.930026365488791626e-02
7.177459459459460511e+00 1.928628038312133613e-02
7.187468468468469318e+00 1.927231633296069141e-02
7.197477477477478125e+00 1.925837146645420495e-02
7.207486486486487820e+00 1.924444574573354674e-02
7.217495495495496627e+00 1.923053913301375067e-02
7.227504504504505434e+00 1.921665159059314162e-02
7.237513513513514241e+00 1.920278308085324528e-02
7.247522522522523047e+00 1.918893356625873611e-02
7.257531531531532742e+00 1.917510300935732284e-02
7.267540540540541549e+00 1.916129137277970337e-02
7.277549549549550356e+00 1.914749861923942600e-02
7.287558558558559163e+00 1.913372471153285473e-02
7.297567567567568858e+00 1.911996961253905128e-02
7.307576576576577665e+00 1.910623328521969880e-02
7.317585585585586472e+00 1.909251569261899775e-02
7.327594594594595279e+00 1.907881679786359308e-02
7.337603603603604974e+00 1.906513656416243888e-02
7.347612612612613781e+00 1.905147495480676717e-02
7.357621621621622587e+00 1.903783193316991793e-02
7.367630630630631394e+00 1.902420746270729740e-02
7.377639639639640201e+00 1.901060150695623591e-02
7.387648648648649896e+00 1.899701402953592536e-02
7.397657657657658703e+00 1.898344499414728395e-02
7.407666666666667510e+00 1.896989436457285558e-02
7.417675675675676317e+00 1.895636210467673000e-02
7.427684684684686012e+00 1.894284817840440061e-02
7.437693693693694819e+00 1.892935254978267770e-02
7.447702702702703625e+00 1.891587518291958092e-02
7.457711711711712432e+00 1.890241604200421088e-02
7.467720720720721239e+00 1.888897509130664856e-02
7.477729729729730934e+00 1.887555229517784081e-02
7.487738738738739741e+00 1.886214761804949278e-02
7.497747747747748548e+00 1.884876102443393264e-02
7.507756756756757355e+00 1.883539247892401444e-02
7.517765765765767050e+00 1.882204194619300358e-02
7.527774774774775857e+00 1.880870939099442418e-02
7.537783783783784664e+00 1.879539477816199664e-02
7.547792792792793470e+00 1.878209807260944331e-02
7.557801801801803165e+00 1.876881923933043997e-02
7.567810810810811972e+00 1.875555824339843886e-02
7.577819819819820779e+00 1.874231504996658193e-02
7.587828828828829586e+00 1.872908962426754823e-02
7.597837837837838393e+00 1.871588193161344976e-02
7.607846846846848088e+00 1.870269193739567890e-02
7.617855855855856895e+00 1.868951960708481810e-02
7.627864864864865702e+00 1.867636490623048040e-02
7.637873873873874508e+00 1.866322780046119137e-02
7.647882882882884203e+00 1.865010825548425386e-02
7.657891891891893010e+00 1.863700623708564388e-02
7.667900900900901817e+00 1.862392171112983372e-02
7.677909909909910624e+00 1.861085464355969471e-02
7.687918918918920319e+00 1.859780500039635159e-02
7.697927927927929126e+00 1.858477274773904717e-02
7.707936936936937933e+00 1.857175785176502433e-02
7.717945945945946740e+00 1.855876027872935957e-02
7.727954954954955546e+00 1.854577999496485191e-02
7.737963963963965242e+00 1.853281696688189109e-02
7.747972972972974048e+00 1.851987116096829103e-02
7.757981981981982855e+00 1.850694254378918227e-02
7.767990990990991662e+00 1.849403108198685933e-02
7.778000000000001357e+00 1.848113674228064190e-02
7.788009009009010164e+00 1.846825949146673959e-02
7.798018018018018971e+00 1.845539929641811655e-02
7.808027027027027778e+00 1.844255612408431458e-02
7.818036036036036585e+00 1.842972994149137678e-02
7.828045045045046280e+00 1.841692071574164632e-02
7.838054054054055086e+00 1.840412841401366240e-02
7.848063063063063893e+00 1.839135300356198668e-02
7.858072072072072700e+00 1.837859445171709238e-02
7.868081081081082395e+00 1.836585272588518378e-02
7.878090090090091202e+00 1.835312779354809215e-02
7.888099099099100009e+00 1.834041962226310232e-02
7.898108108108108816e+00 1.832772817966280346e-02
7.908117117117118511e+00 1.831505343345497805e-02
7.918126126126127318e+00 1.830239535142241802e-02
7.928135135135136125e+00 1.828975390142280333e-02
7.938144144144144931e+00 1.827712905138852151e-02
7.948153153153153738e+00 1.826452076932658097e-02
7.958162162162163433e+00 1.825192902331839936e-02
7.968171171171172240e+00 1.823935378151969600e-02
7.978180180180181047e+00 1.822679501216031839e-02
7.988189189189189854e+00 1.821425268354411389e-02
7.998198198198199549e+00 1.820172676404877357e-02
8.008207207207206579e+00 1.818921722212568301e-02
8.018216216216217163e+00 1.817672402629975578e-02
8.028225225225225969e+00 1.816424714516931202e-02
8.038234234234234776e+00 1.815178654740592229e-02
8.048243243243243583e+00 1.813934220175422718e-02
8.058252252252252390e+00 1.812691407703182628e-02
8.068261261261261197e+00 1.811450214212910470e-02
8.078270270270270004e+00 1.810210636600909778e-02
8.088279279279278811e+00 1.808972671770730720e-02
8.098288288288287617e+00 1.807736316633158299e-02
8.108297297297298201e+00 1.806501568106196054e-02
8.118306306306307008e+00 1.805268423115050785e-02
8.128315315315315814e+00 1.804036878592116949e-02
8.138324324324324621e+00 1.802806931476962082e-02
8.148333333333333428e+00 1.801578578716310150e-02
8.158342342342342235e+00 1.800351817264028362e-02
8.168351351351351042e+00 1.799126644081110518e-02
8.178360360360359849e+00 1.797903056135661051e-02
8.188369369369368655e+00 1.796681050402882188e-02
8.198378378378379239e+00 1.795460623865055214e-02
8.208387387387388046e+00 1.794241773511528679e-02
8.218396396396396852e+00 1.793024496338699661e-02
8.228405405405405659e+00 1.791808789350000236e-02
8.238414414414414466e+00 1.790594649555882212e-02
8.248423423423423273e+00 1.789382073973801168e-02
8.258432432432432080e+00 1.788171059628200499e-02
8.268441441441440887e+00 1.786961603550497532e-02
8.278450450450449694e+00 1.785753702779066532e-02
8.288459459459460277e+00 1.784547354359223084e-02
8.298468468468469084e+00 1.783342555343212302e-02
8.308477477477477890e+00 1.782139302790187313e-02
8.318486486486486697e+00 1.780937593766198160e-02
8.328495495495495504e+00 1.779737425344175492e-02
8.338504504504504311e+00 1.778538794603914605e-02
8.348513513513513118e+00 1.777341698632059833e-02
8.358522522522521925e+00 1.776146134522089970e-02
8.368531531531532508e+00 1.774952099374300582e-02
8.378540540540541315e+00 1.773759590295792207e-02
8.388549549549550122e+00 1.772568604400451622e-02
8.398558558558558929e+00 1.771379138808937617e-02
8.408567567567567735e+00 1.770191190648665036e-02
8.418576576576576542e+00 1.769004757053790899e-02
8.428585585585585349e+00 1.767819835165196016e-02
8.438594594594594156e+00 1.766636422130472492e-02
8.448603603603602963e+00 1.765454515103906732e-02
8.458612612612613546e+00 1.764274111246463828e-02
8.468621621621622353e+00 1.763095207725771940e-02
8.478630630630631160e+00 1.761917801716108428e-02
8.488639639639639967e+00 1.760741890398382845e-02
8.498648648648648773e+00 1.759567470960121324e-02
8.508657657657657580e+00 1.758394540595452360e-02
8.518666666666666387e+00 1.757223096505091189e-02
8.528675675675675194e+00 1.756053135896322795e-02
8.538684684684684001e+00 1.754884655982988026e-02
8.548693693693694584e+00 1.753717653985467986e-02
8.558702702702703391e+00 1.752552127130667034e-02
8.568711711711712198e+00 1.751388072652002026e-02
8.578720720720721005e+00 1.750225487789380113e-02
8.588729729729729812e+00 1.749064369789187987e-02
8.598738738738738618e+00 1.747904715904275569e-02
8.608747747747747425e+00 1.746746523393940403e-02
8.618756756756756232e+00 1.745589789523912735e-02
8.628765765765765039e+00 1.744434511566338858e-02
8.638774774774775622e+00 1.743280686799766541e-02
8.648783783783784429e+00 1.742128312509131846e-02
8.658792792792793236e+00 1.740977385985739007e-02
8.668801801801802043e+00 1.739827904527250363e-02
8.678810810810810850e+00 1.738679865437666242e-02
8.688819819819819656e+00 1.737533266027314893e-02
8.698828828828828463e+00 1.736388103612832370e-02
8.708837837837837270e+00 1.735244375517149690e-02
8.718846846846847853e+00 1.734102079069478261e-02
8.728855855855856660e+00 1.732961211605291846e-02
8.738864864864865467e+00 1.731821770466316149e-02
8.748873873873874274e+00 1.730683753000507655e-02
8.758882882882883081e+00 1.729547156562042873e-02
8.768891891891891888e+00 1.728411978511302030e-02
8.778900900900900695e+00 1.727278216214853113e-02
8.788909909909909501e+00 1.726145867045437293e-02
8.798918918918918308e+00 1.725014928381955401e-02
8.808927927927928891e+00 1.723885397609448492e-02
8.818936936936937698e+00 1.722757272119089175e-02
8.828945945945946505e+00 1.721630549308159411e-02
8.838954954954955312e+00 1.720505226580042527e-02
8.848963963963964119e+00 1.719381301344201016e-02
8.858972972972972926e+00 1.718258771016168904e-02
8.868981981981981733e+00 1.717137633017531972e-02
8.878990990990990539e+00 1.716017884775912494e-02
8.888999999999999346e+00 1.714899523724957436e-02
8.899009009009009930e+00 1.713782547304321113e-02
8.909018018018018736e+00 1.712666952959652697e-02
8.919027027027027543e+00 1.711552738142577482e-02
8.929036036036036350e+00 1.710439900310686476e-02
8.939045045045045157e+00 1.709328436927517667e-02
8.949054054054053964e+00 1.708218345462543530e-02
8.959063063063062771e+00 1.707109623391155767e-02
8.969072072072071578e+00 1.706002268194651422e-02
8.979081081081080384e+00 1.704896277360215540e-02
8.989090090090090968e+00 1.703791648380908672e-02
8.999099099099099774e+00 1.702688378755652654e-02
9.009108108108108581e+00 1.701586465989212565e-02
9.019117117117117388e+00 1.700485907592186666e-02
9.029126126126126195e+00 1.699386701080988007e-02
9.039135135135135002e+00 1.698288843977832641e-02
9.049144144144143809e+00 1.697192333810720877e-02
9.059153153153152616e+00 1.696097168113429657e-02
9.069162162162163199e+00 1.695003344425490693e-02
9.079171171171172006e+00 1.693910860292180409e-02
9.089180180180180812e+00 1.692819713264502937e-02
9.099189189189189619e+00 1.691729900899179018e-02
9.109198198198198426e+00 1.690641420758627611e-02
9.119207207207207233e+00 1.689554270410954448e-02
9.129216216216216040e+00 1.688468447429935376e-02
9.139225225225224847e+00 1.687383949395004218e-02
9.149234234234233654e+00 1.686300773891237503e-02
9.159243243243244237e+00 1.685218918509338512e-02
9.169252252252253044e+00 1.684138380845625824e-02
9.179261261261261851e+00 1.683059158502016317e-02
9.189270270270270657e+00 1.681981249086013722e-02
9.199279279279279464e+00 1.680904650210693005e-02
9.209288288288288271e+00 1.679829359494685107e-02
9.219297297297297078e+00 1.678755374562163061e-02
9.229306306306305885e+00 1.677682693042831588e-02
9.239315315315314692e+00 1.676611312571907667e-02
9.249324324324325275e+00 1.675541230790108735e-02
9.259333333333334082e+00 1.674472445343639163e-02
9.269342342342342889e+00 1.673404953884177759e-02
9.279351351351351695e+00 1.672338754068858346e-02
9.289360360360360502e+00 1.671273843560261430e-02
9.299369369369369309e+00 1.670210220026396158e-02
9.309378378378378116e+00 1.669147881140691306e-02
9.319387387387386923e+00 1.668086824581975144e-02
9.329396396396395730e+00 1.667027048034467121e-02
9.339405405405406313e+00 1.665968549187759468e-02
9.349414414414415120e+00 1.664911325736808528e-02
9.359423423423423927e+00 1.663855375381914636e-02
9.369432432432432734e+00 1.662800695828714481e-02
9.379441441441441540e+00 1.661747284788162027e-02
9.389450450450450347e+00 1.660695139976520532e-02
9.399459459459459154e+00 1.659644259115343815e-02
9.409468468468467961e+00 1.658594639931464110e-02
9.419477477477478544e+00 1.657546280156979579e-02
9.429486486486487351e+00 1.656499177529242167e-02
9.439495495495496158e+00 1.655453329790837480e-02
9.449504504504504965e+00 1.654408734689579580e-02
9.459513513513513772e+00 1.653365389978491209e-02
9.469522522522522578e+00 1.652323293415794078e-02
9.479531531531531385e+00 1.651282442764893249e-02
9.489540540540540192e+00 1.650242835794364649e-02
9.499549549549548999e+00 1.649204470277941190e-02
9.509558558558559582e+00 1.648167343994501322e-02
9.519567567567568389e+00 1.647131454728052030e-02
9.529576576576577196e+00 1.646096800267718430e-02
9.539585585585586003e+00 1.645063378407729884e-02
9.549594594594594810e+00 1.644031186947407172e-02
9.559603603603603617e+00 1.643000223691146872e-02
9.569612612612612423e+00 1.641970486448410607e-02
9.579621621621621230e+00 1.640941973033712559e-02
9.589630630630630037e+00 1.639914681266603502e-02
9.599639639639640620e+00 1.638888608971659708e-02
9.609648648648649427e+00 1.637863753978468367e-02
9.619657657657658234e+00 1.636840114121617881e-02
9.629666666666667041e+00 1.635817687240680163e-02
9.639675675675675848e+00 1.634796471180201619e-02
9.649684684684684655e+00 1.633776463789687189e-02
9.659693693693693461e+00 1.632757662923589592e-02
9.669702702702702268e+00 1.631740066441294754e-02
9.679711711711711075e+00 1.630723672207112437e-02
9.689720720720721658e+00 1.629708478090257165e-02
9.699729729729730465e+00 1.628694481964840929e-02
9.709738738738739272e+00 1.627681681709858968e-02
9.719747747747748079e+00 1.626670075209176239e-02
9.729756756756756886e+00 1.625659660351513880e-02
9.739765765765765693e+00 1.624650435030438808e-02
9.749774774774774500e+00 1.623642397144349145e-02
9.759783783783783306e+00 1.622635544596463114e-02
9.769792792792793890e+00 1.621629875294805512e-02
9.779801801801802696e+00 1.620625387152194868e-02
9.789810810810811503e+00 1.619622078086231307e-02
9.799819819819820310e+00 1.618619946019284397e-02
9.809828828828829117e+00 1.617618988878481365e-02
9.819837837837837924e+00 1.616619204595691819e-02
9.829846846846846731e+00 1.615620591107517004e-02
9.839855855855855538e+00 1.614623146355279384e-02
9.849864864864864344e+00 1.613626868285006691e-02
9.859873873873874928e+00 1.612631754847422202e-02
9.869882882882883735e+00 1.611637803997930871e-02
9.879891891891892541e+00 1.610645013696609604e-02
9.889900900900901348e+00 1.609653381908190614e-02
9.899909909909910155e+00 1.608662906602052745e-02
9.909918918918918962e+00 1.607673585752207937e-02
9.919927927927927769e+00 1.606685417337291172e-02
9.929936936936936576e+00 1.605698399340543814e-02
9.939945945945945383e+00 1.604712529749806674e-02
9.949954954954955966e+00 1.603727806557503008e-02
9.959963963963964773e+00 1.602744227760632620e-02
9.969972972972973579e+00 1.601761791360752779e-02
9.979981981981982386e+00 1.600780495363971628e-02
9.989990990990991193e+00 1.599800337780933612e-02
1.000000000000000000e+01 1.598821316626808722e-02
