5.000000000000000000e-01 7.877282778170172084e-02
5.102602602602602788e-01 7.890690955930647343e-02
5.205205205205205576e-01 7.904090736992251676e-02
5.307807807807807254e-01 7.917482116770531431e-02
5.410410410410410043e-01 7.930865090795376215e-02
5.513013013013012831e-01 7.944239654710125165e-02
5.615615615615615619e-01 7.957605804270655170e-02
5.718218218218218407e-01 7.970963535344480211e-02
5.820820820820821195e-01 7.984312843909870117e-02
5.923423423423423984e-01 7.997653726054929080e-02
6.026026026026025662e-01 8.010986177976750500e-02
6.128628628628628450e-01 8.024310195980506599e-02
6.231231231231231238e-01 8.037625776478571349e-02
6.333833833833834026e-01 8.050932915989665595e-02
6.436436436436436814e-01 8.064231611137982758e-02
6.539039039039038492e-01 8.077521858652320086e-02
6.641641641641641280e-01 8.090803655365208513e-02
6.744244244244244069e-01 8.104076998212110527e-02
6.846846846846846857e-01 8.117341884230505622e-02
6.949449449449449645e-01 8.130598310559070119e-02
7.052052052052051323e-01 8.143846274436870869e-02
7.154654654654655221e-01 8.157085773202464585e-02
7.257257257257256899e-01 8.170316804293115132e-02
7.359859859859859688e-01 8.183539365243946984e-02
7.462462462462462476e-01 8.196753453687127822e-02
7.565065065065064154e-01 8.209959067351053907e-02
7.667667667667668052e-01 8.223156204059500762e-02
7.770270270270269730e-01 8.236344861730865441e-02
7.872872872872872518e-01 8.249525038377321373e-02
7.975475475475475307e-01 8.262696732104034270e-02
8.078078078078078095e-01 8.275859941108351658e-02
8.180680680680680883e-01 8.289014663679006301e-02
8.283283283283282561e-01 8.302160898195350136e-02
8.385885885885886459e-01 8.315298643126547984e-02
8.488488488488488137e-01 8.328427897030767080e-02
8.591091091091090926e-01 8.341548658554466533e-02
8.693693693693693714e-01 8.354660926431581314e-02
8.796296296296295392e-01 8.367764699482731217e-02
8.898898898898899290e-01 8.380859976614503382e-02
9.001501501501500968e-01 8.393946756818650157e-02
9.104104104104103756e-01 8.407025039171341085e-02
9.206706706706706544e-01 8.420094822832420445e-02
9.309309309309309333e-01 8.433156107044638417e-02
9.411911911911912121e-01 8.446208891132919727e-02
9.514514514514513799e-01 8.459253174503585104e-02
9.617117117117117697e-01 8.472288956643667102e-02
9.719719719719719375e-01 8.485316237120106575e-02
9.822322322322322163e-01 8.498335015579085161e-02
9.924924924924924952e-01 8.511345291745238406e-02
1.002752752752752663e+00 8.524347065420974368e-02
1.013013013013012831e+00 8.537340336485713110e-02
1.023273273273273221e+00 8.550325104895198369e-02
1.033533533533533610e+00 8.563301370680773128e-02
1.043793793793793778e+00 8.576269133948651036e-02
1.054054054054053946e+00 8.589228394879208639e-02
1.064314314314314336e+00 8.602179153726330352e-02
1.074574574574574504e+00 8.615121410816638237e-02
1.084834834834834894e+00 8.628055166548831423e-02
1.095095095095095061e+00 8.640980421392964461e-02
1.105355355355355229e+00 8.653897175889796456e-02
1.115615615615615619e+00 8.666805430650065256e-02
1.125875875875876009e+00 8.679705186353826873e-02
1.136136136136136177e+00 8.692596443749760204e-02
1.146396396396396344e+00 8.705479203654466203e-02
1.156656656656656512e+00 8.718353466951851705e-02
1.166916916916916902e+00 8.731219234592398071e-02
1.177177177177177292e+00 8.744076507592514480e-02
1.187437437437437460e+00 8.756925287033887062e-02
1.197697697697697627e+00 8.769765574062787783e-02
1.207957957957957795e+00 8.782597369889431904e-02
1.218218218218218185e+00 8.795420675787309073e-02
1.228478478478478575e+00 8.808235493092554658e-02
1.238738738738738743e+00 8.821041823203251697e-02
1.248998998998998911e+00 8.833839667578836929e-02
1.259259259259259078e+00 8.846629027739424944e-02
1.269519519519519468e+00 8.859409905265161478e-02
1.279779779779779858e+00 8.872182301795608628e-02
1.290040040040040026e+00 8.884946219029093983e-02
1.300300300300300194e+00 8.897701658722048657e-02
1.310560560560560361e+00 8.910448622688453557e-02
1.320820820820820751e+00 8.923187112799135789e-02
1.331081081081081141e+00 8.935917130981171908e-02
1.341341341341341309e+00 8.948638679217270353e-02
1.351601601601601477e+00 8.961351759545155282e-02
1.361861861861861867e+00 8.974056374056939289e-02
1.372122122122122034e+00 8.986752524898503069e-02
1.382382382382382424e+00 8.999440214268922267e-02
1.392642642642642592e+00 9.012119444419798564e-02
1.402902902902902760e+00 9.024790217654711511e-02
1.413163163163163150e+00 9.037452536328578756e-02
1.423423423423423539e+00 9.050106402847080123e-02
1.433683683683683707e+00 9.062751819666035880e-02
1.443943943943943875e+00 9.075388789290828040e-02
1.454204204204204043e+00 9.088017314275813330e-02
1.464464464464464433e+00 9.100637397223712566e-02
1.474724724724724823e+00 9.113249040785037502e-02
1.484984984984984990e+00 9.125852247657513516e-02
1.495245245245245158e+00 9.138447020585459268e-02
1.505505505505505548e+00 9.151033362359274614e-02
1.515765765765765716e+00 9.163611275814788348e-02
1.526026026026025884e+00 9.176180763832730847e-02
1.536286286286286273e+00 9.188741829338140099e-02
1.546546546546546441e+00 9.201294475299823250e-02
1.556806806806806831e+00 9.213838704729743201e-02
1.567067067067066999e+00 9.226374520682478764e-02
1.577327327327327167e+00 9.238901926254670938e-02
1.587587587587587556e+00 9.251420924584437266e-02
1.597847847847847724e+00 9.263931518850822278e-02
1.608108108108108114e+00 9.276433712273265964e-02
1.618368368368368282e+00 9.288927508111005649e-02
1.628628628628628672e+00 9.301412909662548634e-02
1.638888888888888840e+00 9.313889920265150391e-02
1.649149149149149007e+00 9.326358543294206715e-02
1.659409409409409397e+00 9.338818782162755516e-02
1.669669669669669565e+00 9.351270640320923089e-02
1.679929929929929955e+00 9.363714121255370393e-02
1.690190190190190123e+00 9.376149228488774023e-02
1.700450450450450290e+00 9.388575965579276650e-02
1.710710710710710680e+00 9.400994336119952721e-02
1.720970970970970848e+00 9.413404343738290825e-02
1.731231231231231238e+00 9.425805992095646901e-02
1.741491491491491406e+00 9.438199284886734930e-02
1.751751751751751796e+00 9.450584225839064878e-02
1.762012012012011963e+00 9.462960818712461142e-02
1.772272272272272131e+00 9.475329067298528252e-02
1.782532532532532521e+00 9.487688975420123516e-02
1.792792792792792689e+00 9.500040546930826890e-02
1.803053053053053079e+00 9.512383785714459417e-02
1.813313313313313246e+00 9.524718695684539216e-02
1.823573573573573414e+00 9.537045280783788825e-02
1.833833833833833804e+00 9.549363544983612007e-02
1.844094094094093972e+00 9.561673492283603859e-02
1.854354354354354362e+00 9.573975126711004036e-02
1.864614614614614529e+00 9.586268452320252653e-02
1.874874874874874697e+00 9.598553473192435181e-02
1.885135135135135087e+00 9.610830193434835578e-02
1.895395395395395255e+00 9.623098617180335379e-02
1.905655655655655645e+00 9.635358748587068145e-02
1.915915915915915813e+00 9.647610591837792182e-02
1.926176176176176202e+00 9.659854151139465883e-02
1.936436436436436370e+00 9.672089430722723147e-02
1.946696696696696538e+00 9.684316434841425125e-02
1.956956956956956928e+00 9.696535167772114827e-02
1.967217217217217096e+00 9.708745633813593845e-02
1.977477477477477485e+00 9.720947837286381121e-02
1.987737737737737653e+00 9.733141782532277186e-02
1.997997997997997821e+00 9.745327473913814598e-02
2.008258258258257989e+00 9.757504915813890178e-02
2.018518518518518157e+00 9.769674112635177987e-02
2.028778778778778769e+00 9.781835068799704658e-02
2.039039039039038936e+00 9.793987788748366452e-02
2.049299299299299548e+00 9.806132276940479620e-02
2.059559559559559716e+00 9.818268537853240552e-02
2.069819819819819884e+00 9.830396575981353857e-02
2.080080080080080052e+00 9.842516395836471699e-02
2.090340340340340219e+00 9.854628001946776072e-02
2.100600600600600387e+00 9.866731398856533330e-02
2.110860860860860555e+00 9.878826591125559886e-02
2.121121121121120723e+00 9.890913583328835024e-02
2.131381381381381335e+00 9.902992380055992971e-02
2.141641641641641503e+00 9.915062985910873261e-02
2.151901901901902114e+00 9.927125405511093292e-02
2.162162162162162282e+00 9.939179643487539018e-02
2.172422422422422450e+00 9.951225704483968038e-02
2.182682682682682618e+00 9.963263593156485021e-02
2.192942942942942786e+00 9.975293314173173942e-02
2.203203203203202953e+00 9.987314872213594319e-02
2.213463463463463121e+00 9.999328271968321857e-02
2.223723723723723733e+00 1.001133351813854461e-01
2.233983983983983901e+00 1.002333061543560638e-01
2.244244244244244069e+00 1.003531956858050717e-01
2.254504504504504681e+00 1.004730038230353673e-01
2.264764764764764848e+00 1.005927306134379862e-01
2.275025025025025016e+00 1.007123761044875221e-01
2.285285285285285184e+00 1.008319403437378942e-01
2.295545545545545352e+00 1.009514233788181420e-01
2.305805805805805520e+00 1.010708252574276794e-01
2.316066066066065687e+00 1.011901460273323256e-01
2.326326326326326299e+00 1.013093857363596001e-01
2.336586586586586467e+00 1.014285444323945046e-01
2.346846846846847079e+00 1.015476221633755116e-01
2.357107107107107247e+00 1.016666189772898049e-01
2.367367367367367414e+00 1.017855349221692962e-01
2.377627627627627582e+00 1.019043700460861152e-01
2.387887887887887750e+00 1.020231243971484320e-01
2.398148148148147918e+00 1.021417980234963635e-01
2.408408408408408086e+00 1.022603909732973521e-01
2.418668668668668253e+00 1.023789032947423627e-01
2.428928928928928865e+00 1.024973350360412760e-01
2.439189189189189033e+00 1.026156862454190299e-01
2.449449449449449645e+00 1.027339569711108458e-01
2.459709709709709813e+00 1.028521472613589394e-01
2.469969969969969981e+00 1.029702571644072334e-01
2.480230230230230148e+00 1.030882867284982768e-01
2.490490490490490316e+00 1.032062360018683178e-01
2.500750750750750484e+00 1.033241050327434324e-01
2.511011011011011096e+00 1.034418938693352219e-01
2.521271271271271264e+00 1.035596025598370801e-01
2.531531531531531432e+00 1.036772311524197659e-01
2.541791791791791599e+00 1.037947796952272544e-01
2.552052052052051767e+00 1.039122482363726979e-01
2.562312312312312379e+00 1.040296368239343877e-01
2.572572572572572547e+00 1.041469455059517435e-01
2.582832832832832715e+00 1.042641743304211221e-01
2.593093093093092882e+00 1.043813233452918487e-01
2.603353353353353050e+00 1.044983925984618034e-01
2.613613613613613662e+00 1.046153821377741044e-01
2.623873873873873830e+00 1.047322920110124317e-01
2.634134134134133998e+00 1.048491222658971961e-01
2.644394394394394165e+00 1.049658729500817372e-01
2.654654654654654333e+00 1.050825441111479103e-01
2.664914914914914945e+00 1.051991357966025609e-01
2.675175175175175113e+00 1.053156480538731260e-01
2.685435435435435281e+00 1.054320809303039008e-01
2.695695695695695449e+00 1.055484344731519308e-01
2.705955955955956060e+00 1.056647087295831955e-01
2.716216216216216228e+00 1.057809037466687224e-01
2.726476476476476396e+00 1.058970195713802159e-01
2.736736736736736564e+00 1.060130562505864071e-01
2.746996996996996732e+00 1.061290138310494874e-01
2.757257257257257343e+00 1.062448923594204037e-01
2.767517517517517511e+00 1.063606918822357500e-01
2.777777777777777679e+00 1.064764124459129657e-01
2.788038038038037847e+00 1.065920540967475599e-01
2.798298298298298015e+00 1.067076168809082404e-01
2.808558558558558627e+00 1.068231008444333885e-01
2.818818818818818794e+00 1.069385060332274373e-01
2.829079079079078962e+00 1.070538324930566387e-01
2.839339339339339130e+00 1.071690802695453304e-01
2.849599599599599298e+00 1.072842494081719666e-01
2.859859859859859910e+00 1.073993399542657878e-01
2.870120120120120077e+00 1.075143519530022129e-01
2.880380380380380245e+00 1.076292854493995366e-01
2.890640640640640413e+00 1.077441404883150017e-01
2.900900900900900581e+00 1.078589171144407055e-01
2.911161161161161193e+00 1.079736153723003939e-01
2.921421421421421361e+00 1.080882353062450063e-01
2.931681681681681528e+00 1.082027769604492068e-01
2.941941941941941696e+00 1.083172403789074978e-01
2.952202202202201864e+00 1.084316256054306260e-01
2.962462462462462476e+00 1.085459326836415300e-01
2.972722722722722644e+00 1.086601616569718154e-01
2.982982982982982811e+00 1.087743125686577300e-01
2.993243243243242979e+00 1.088883854617364311e-01
3.003503503503503591e+00 1.090023803790425710e-01
3.013763763763763759e+00 1.091162973632044120e-01
3.024024024024023927e+00 1.092301364566395372e-01
3.034284284284284094e+00 1.093438977015519092e-01
3.044544544544544262e+00 1.094575811399276233e-01
3.054804804804804874e+00 1.095711868135315625e-01
3.065065065065065042e+00 1.096847147639030545e-01
3.075325325325325210e+00 1.097981650323530400e-01
3.085585585585585378e+00 1.099115376599596877e-01
3.095845845845845545e+00 1.100248326875644944e-01
3.106106106106106157e+00 1.101380501557695929e-01
3.116366366366366325e+00 1.102511901049331305e-01
3.126626626626626493e+00 1.103642525751657305e-01
3.136886886886886661e+00 1.104772376063273137e-01
3.147147147147146828e+00 1.105901452380226718e-01
3.157407407407407440e+00 1.107029755095985807e-01
3.167667667667667608e+00 1.108157284601394149e-01
3.177927927927927776e+00 1.109284041284640254e-01
3.188188188188187944e+00 1.110410025531214234e-01
3.198448448448448111e+00 1.111535237723881298e-01
3.208708708708708723e+00 1.112659678242636091e-01
3.218968968968968891e+00 1.113783347464668422e-01
3.229229229229229059e+00 1.114906245764329534e-01
3.239489489489489227e+00 1.116028373513095195e-01
3.249749749749749395e+00 1.117149731079525032e-01
3.260010010010010006e+00 1.118270318829231863e-01
3.270270270270270174e+00 1.119390137124841034e-01
3.280530530530530342e+00 1.120509186325958778e-01
3.290790790790790510e+00 1.121627466789129474e-01
3.301051051051051122e+00 1.122744978867805249e-01
3.311311311311311290e+00 1.123861722912309485e-01
3.321571571571571457e+00 1.124977699269794351e-01
3.331831831831831625e+00 1.126092908284214572e-01
3.342092092092091793e+00 1.127207350296284272e-01
3.352352352352352405e+00 1.128321025643441861e-01
3.362612612612612573e+00 1.129433934659815619e-01
3.372872872872872740e+00 1.130546077676189698e-01
3.383133133133132908e+00 1.131657455019962483e-01
3.393393393393393076e+00 1.132768067015116481e-01
3.403653653653653688e+00 1.133877913982179464e-01
3.413913913913913856e+00 1.134986996238189633e-01
3.424174174174174023e+00 1.136095314096658843e-01
3.434434434434434191e+00 1.137202867867538880e-01
3.444694694694694359e+00 1.138309657857183854e-01
3.454954954954954971e+00 1.139415684368315917e-01
3.465215215215215139e+00 1.140520947699985854e-01
3.475475475475475307e+00 1.141625448147545741e-01
3.485735735735735474e+00 1.142729186002603009e-01
3.495995995995995642e+00 1.143832161552993804e-01
3.506256256256256254e+00 1.144934375082741901e-01
3.516516516516516422e+00 1.146035826872026098e-01
3.526776776776776590e+00 1.147136517197142047e-01
3.537037037037036757e+00 1.148236446330471172e-01
3.547297297297296925e+00 1.149335614540438338e-01
3.557557557557557537e+00 1.150434022091484237e-01
3.567817817817817705e+00 1.151531669244024586e-01
3.578078078078077873e+00 1.152628556254416264e-01
3.588338338338338041e+00 1.153724683374924426e-01
3.598598598598598652e+00 1.154820050853684055e-01
3.608858858858858820e+00 1.155914658934664441e-01
3.619119119119118988e+00 1.157008507857636009e-01
3.629379379379379156e+00 1.158101597858136322e-01
3.639639639639639324e+00 1.159193929167429138e-01
3.649899899899899935e+00 1.160285502012475128e-01
3.660160160160160103e+00 1.161376316615894411e-01
3.670420420420420271e+00 1.162466373195932406e-01
3.680680680680680439e+00 1.163555671966421817e-01
3.690940940940940607e+00 1.164644213136749318e-01
3.701201201201201219e+00 1.165731996911824192e-01
3.711461461461461386e+00 1.166819023492034896e-01
3.721721721721721554e+00 1.167905293073224632e-01
3.731981981981981722e+00 1.168990805846644859e-01
3.742242242242241890e+00 1.170075561998929620e-01
3.752502502502502502e+00 1.171159561712055014e-01
3.762762762762762669e+00 1.172242805163308393e-01
3.773023023023022837e+00 1.173325292525250474e-01
3.783283283283283005e+00 1.174407023965679808e-01
3.793543543543543173e+00 1.175487999647599202e-01
3.803803803803803785e+00 1.176568219729184489e-01
3.814064064064063952e+00 1.177647684363741509e-01
3.824324324324324120e+00 1.178726393699679048e-01
3.834584584584584288e+00 1.179804347880468451e-01
3.844844844844844456e+00 1.180881547044614344e-01
3.855105105105105068e+00 1.181957991325612300e-01
3.865365365365365236e+00 1.183033680851920538e-01
3.875625625625625403e+00 1.184108615746925913e-01
3.885885885885885571e+00 1.185182796128900484e-01
3.896146146146146183e+00 1.186256222110978892e-01
3.906406406406406351e+00 1.187328893801111729e-01
3.916666666666666519e+00 1.188400811302040005e-01
3.926926926926926686e+00 1.189471974711256014e-01
3.937187187187186854e+00 1.190542384120969743e-01
3.947447447447447466e+00 1.191612039618073632e-01
3.957707707707707634e+00 1.192680941284110507e-01
3.967967967967967802e+00 1.193749089195235008e-01
3.978228228228227970e+00 1.194816483422180831e-01
3.988488488488488137e+00 1.195883124030226313e-01
3.998748748748748749e+00 1.196949011079163627e-01
4.009009009009009361e+00 1.198014144623256172e-01
4.019269269269269529e+00 1.199078524711209293e-01
4.029529529529529697e+00 1.200142151386135725e-01
4.039789789789789864e+00 1.201205024685522982e-01
4.050050050050050032e+00 1.202267144641190055e-01
4.060310310310310200e+00 1.203328511279266461e-01
4.070570570570570368e+00 1.204389124620144635e-01
4.080830830830830536e+00 1.205448984678454960e-01
4.091091091091090703e+00 1.206508091463029536e-01
4.101351351351350871e+00 1.207566444976860692e-01
4.111611611611611039e+00 1.208624045217079473e-01
4.121871871871871207e+00 1.209680892174907485e-01
4.132132132132131375e+00 1.210736985835634827e-01
4.142392392392391542e+00 1.211792326178577073e-01
4.152652652652652598e+00 1.212846913177045294e-01
4.162912912912912766e+00 1.213900746798313307e-01
4.173173173173172934e+00 1.214953827003575904e-01
4.183433433433433102e+00 1.216006153747925811e-01
4.193693693693694158e+00 1.217057726980309285e-01
4.203953953953954326e+00 1.218108546643501267e-01
4.214214214214214493e+00 1.219158612674059866e-01
4.224474474474474661e+00 1.220207925002304850e-01
4.234734734734734829e+00 1.221256483552275729e-01
4.244994994994994997e+00 1.222304288241699288e-01
4.255255255255255165e+00 1.223351338981956832e-01
4.265515515515515332e+00 1.224397635678050184e-01
4.275775775775775500e+00 1.225443178228565605e-01
4.286036036036035668e+00 1.226487966525643541e-01
4.296296296296295836e+00 1.227532000454943512e-01
4.306556556556556004e+00 1.228575279895605110e-01
4.316816816816816171e+00 1.229617804720223861e-01
4.327077077077076339e+00 1.230659574794809863e-01
4.337337337337336507e+00 1.231700589978758642e-01
4.347597597597597563e+00 1.232740850124813270e-01
4.357857857857857731e+00 1.233780355079035496e-01
4.368118118118117899e+00 1.234819104680767027e-01
4.378378378378378066e+00 1.235857098762602746e-01
4.388638638638638234e+00 1.236894337150348661e-01
4.398898898898899290e+00 1.237930819662996923e-01
4.409159159159159458e+00 1.238966546112685030e-01
4.419419419419419626e+00 1.240001516304672924e-01
4.429679679679679793e+00 1.241035730037292895e-01
4.439939939939939961e+00 1.242069187101936950e-01
4.450200200200200129e+00 1.243101887283003804e-01
4.460460460460460297e+00 1.244133830357881110e-01
4.470720720720720465e+00 1.245165016096902860e-01
4.480980980980980632e+00 1.246195444263322183e-01
4.491241241241240800e+00 1.247225114613274843e-01
4.501501501501500968e+00 1.248254026895745661e-01
4.511761761761761136e+00 1.249282180852542695e-01
4.522022022022022192e+00 1.250309576218253671e-01
4.532282282282282360e+00 1.251336212720218777e-01
4.542542542542542527e+00 1.252362090078502910e-01
4.552802802802802695e+00 1.253387208005857234e-01
4.563063063063062863e+00 1.254411566207680739e-01
4.573323323323323031e+00 1.255435164382003865e-01
4.583583583583583199e+00 1.256458002219444647e-01
4.593843843843843366e+00 1.257480079403172912e-01
4.604104104104103534e+00 1.258501395608890572e-01
4.614364364364364590e+00 1.259521950504788601e-01
4.624624624624624758e+00 1.260541743751525390e-01
4.634884884884884926e+00 1.261560775002178170e-01
4.645145145145145094e+00 1.262579043902235520e-01
4.655405405405405261e+00 1.263596550089539639e-01
4.665665665665665429e+00 1.264613293194269683e-01
4.675925925925925597e+00 1.265629272838913189e-01
4.686186186186185765e+00 1.266644488638219990e-01
4.696446446446445933e+00 1.267658940199185569e-01
4.706706706706706100e+00 1.268672627121011642e-01
4.716966966966967156e+00 1.269685548995076463e-01
4.727227227227227324e+00 1.270697705404907341e-01
4.737487487487487492e+00 1.271709095926137345e-01
4.747747747747747660e+00 1.272719720126495035e-01
4.758008008008007828e+00 1.273729577565758109e-01
4.768268268268267995e+00 1.274738667795726199e-01
4.778528528528528163e+00 1.275746990360190902e-01
4.788788788788788331e+00 1.276754544794910518e-01
4.799049049049048499e+00 1.277761330627565639e-01
4.809309309309308667e+00 1.278767347377749442e-01
4.819569569569569722e+00 1.279772594556920773e-01
4.829829829829829890e+00 1.280777071668383338e-01
4.840090090090090058e+00 1.281780778207249893e-01
4.850350350350350226e+00 1.282783713660417824e-01
4.860610610610610394e+00 1.283785877506544715e-01
4.870870870870870561e+00 1.284787269216003114e-01
4.881131131131130729e+00 1.285787888250862487e-01
4.891391391391390897e+00 1.286787734064864519e-01
4.901651651651651065e+00 1.287786806103387027e-01
4.911911911911912121e+00 1.288785103803412602e-01
4.922172172172172289e+00 1.289782626593513615e-01
4.932432432432432456e+00 1.290779373893811144e-01
4.942692692692692624e+00 1.291775345115946383e-01
4.952952952952952792e+00 1.292770539663068430e-01
4.963213213213212960e+00 1.293764956929794319e-01
4.973473473473473128e+00 1.294758596302178211e-01
4.983733733733733295e+00 1.295751457157696962e-01
4.993993993993993463e+00 1.296743538865207102e-01
5.004254254254253631e+00 1.297734840784944554e-01
5.014514514514514687e+00 1.298725362268460803e-01
5.024774774774774855e+00 1.299715102658635379e-01
5.035035035035035023e+00 1.300704061289620905e-01
5.045295295295295190e+00 1.301692237486834214e-01
5.055555555555555358e+00 1.302679630566919156e-01
5.065815815815815526e+00 1.303666239837734941e-01
5.076076076076075694e+00 1.304652064598320893e-01
5.086336336336335862e+00 1.305637104138875348e-01
5.096596596596596029e+00 1.306621357740729295e-01
5.106856856856856197e+00 1.307604824676328603e-01
5.117117117117117253e+00 1.308587504209198782e-01
5.127377377377377421e+00 1.309569395593938035e-01
5.137637637637637589e+00 1.310550498076178683e-01
5.147897897897897757e+00 1.311530810892570231e-01
5.158158158158157924e+00 1.312510333270763552e-01
5.168418418418418092e+00 1.313489064429376463e-01
5.178678678678678260e+00 1.314467003577980964e-01
5.188938938938938428e+00 1.315444149917081029e-01
5.199199199199198596e+00 1.316420502638088741e-01
5.209459459459459651e+00 1.317396060923301526e-01
5.219719719719719819e+00 1.318370823945890780e-01
5.229979979979979987e+00 1.319344790869874384e-01
5.240240240240240155e+00 1.320317960850097283e-01
5.250500500500500323e+00 1.321290333032219266e-01
5.260760760760760490e+00 1.322261906552687216e-01
5.271021021021020658e+00 1.323232680538723449e-01
5.281281281281280826e+00 1.324202654108308230e-01
5.291541541541540994e+00 1.325171826370156736e-01
5.301801801801801162e+00 1.326140196423708784e-01
5.312062062062062218e+00 1.327107763359104964e-01
5.322322322322322385e+00 1.328074526257183030e-01
5.332582582582582553e+00 1.329040484189447369e-01
5.342842842842842721e+00 1.330005636218070109e-01
5.353103103103102889e+00 1.330969981395859481e-01
5.363363363363363057e+00 1.331933518766260649e-01
5.373623623623623224e+00 1.332896247363334896e-01
5.383883883883883392e+00 1.333858166211749074e-01
5.394144144144143560e+00 1.334819274326763672e-01
5.404404404404403728e+00 1.335779570714223652e-01
5.414664664664664784e+00 1.336739054370535695e-01
5.424924924924924952e+00 1.337697724282676526e-01
5.435185185185185119e+00 1.338655579428170428e-01
5.445445445445445287e+00 1.339612618775079256e-01
5.455705705705705455e+00 1.340568841282006318e-01
5.465965965965965623e+00 1.341524245898071122e-01
5.476226226226225791e+00 1.342478831562914365e-01
5.486486486486485958e+00 1.343432597206696277e-01
5.496746746746746126e+00 1.344385541750067747e-01
5.507007007007007182e+00 1.345337664104193642e-01
5.517267267267267350e+00 1.346288963170728381e-01
5.527527527527527518e+00 1.347239437841826482e-01
5.537787787787787686e+00 1.348189087000122299e-01
5.548048048048047853e+00 1.349137909518746403e-01
5.558308308308308021e+00 1.350085904261317249e-01
5.568568568568568189e+00 1.351033070081935072e-01
5.578828828828828357e+00 1.351979405825189384e-01
5.589089089089088525e+00 1.352924910326158969e-01
5.599349349349348692e+00 1.353869582410412442e-01
5.609609609609609748e+00 1.354813420894012688e-01
5.619869869869869916e+00 1.355756424583519637e-01
5.630130130130130084e+00 1.356698592275995263e-01
5.640390390390390252e+00 1.357639922759009687e-01
5.650650650650650419e+00 1.358580414810650061e-01
5.660910910910910587e+00 1.359520067199522786e-01
5.671171171171170755e+00 1.360458878684770445e-01
5.681431431431430923e+00 1.361396848016066252e-01
5.691691691691691091e+00 1.362333973933645970e-01
5.701951951951951258e+00 1.363270255168308465e-01
5.712212212212212314e+00 1.364205690441420704e-01
5.722472472472472482e+00 1.365140278464945789e-01
5.732732732732732650e+00 1.366074017941449892e-01
5.742992992992992818e+00 1.367006907564122520e-01
5.753253253253252986e+00 1.367938946016788171e-01
5.763513513513513153e+00 1.368870131973931314e-01
5.773773773773773321e+00 1.369800464100710269e-01
5.784034034034033489e+00 1.370729941052988565e-01
5.794294294294293657e+00 1.371658561477334948e-01
5.804554554554554713e+00 1.372586324011074166e-01
5.814814814814814881e+00 1.373513227282293914e-01
5.825075075075075048e+00 1.374439269909872308e-01
5.835335335335335216e+00 1.375364450503513691e-01
5.845595595595595384e+00 1.376288767663763901e-01
5.855855855855855552e+00 1.377212219982055785e-01
5.866116116116115720e+00 1.378134806040727245e-01
5.876376376376375887e+00 1.379056524413062035e-01
5.886636636636636055e+00 1.379977373663314466e-01
5.896896896896896223e+00 1.380897352346759921e-01
5.907157157157157279e+00 1.381816459009718445e-01
5.917417417417417447e+00 1.382734692189602488e-01
5.927677677677677615e+00 1.383652050414942991e-01
5.937937937937937782e+00 1.384568532205454061e-01
5.948198198198197950e+00 1.385484136072050454e-01
5.958458458458458118e+00 1.386398860516915021e-01
5.968718718718718286e+00 1.387312704033523136e-01
5.978978978978978454e+00 1.388225665106714857e-01
5.989239239239238621e+00 1.389137742212720461e-01
5.999499499499498789e+00 1.390048933819233723e-01
6.009759759759759845e+00 1.390959238385442998e-01
6.020020020020020013e+00 1.391868654362105884e-01
6.030280280280280181e+00 1.392777180191596686e-01
6.040540540540540349e+00 1.393684814307962205e-01
6.050800800800800516e+00 1.394591555136985572e-01
6.061061061061060684e+00 1.395497401096247592e-01
6.071321321321320852e+00 1.396402350595190300e-01
6.081581581581581020e+00 1.397306402035189410e-01
6.091841841841841187e+00 1.398209553809602324e-01
6.102102102102102243e+00 1.399111804303859452e-01
6.112362362362362411e+00 1.400013151895524166e-01
6.122622622622622579e+00 1.400913594954369956e-01
6.132882882882882747e+00 1.401813131842453708e-01
6.143143143143142915e+00 1.402711760914192030e-01
6.153403403403403082e+00 1.403609480516443409e-01
6.163663663663663250e+00 1.404506288988590645e-01
6.173923923923923418e+00 1.405402184662616905e-01
6.184184184184183586e+00 1.406297165863199528e-01
6.194444444444443754e+00 1.407191230907795243e-01
6.204704704704704810e+00 1.408084378106730095e-01
6.214964964964964977e+00 1.408976605763284651e-01
6.225225225225225145e+00 1.409867912173802251e-01
6.235485485485485313e+00 1.410758295627771164e-01
6.245745745745745481e+00 1.411647754407930333e-01
6.256006006006005649e+00 1.412536286790370965e-01
6.266266266266265816e+00 1.413423891044632563e-01
6.276526526526525984e+00 1.414310565433815614e-01
6.286786786786786152e+00 1.415196308214685394e-01
6.297047047047046320e+00 1.416081117637784659e-01
6.307307307307307376e+00 1.416964991947538832e-01
6.317567567567567544e+00 1.417847929382380079e-01
6.327827827827827711e+00 1.418729928174853328e-01
6.338088088088087879e+00 1.419610986551743670e-01
6.348348348348348047e+00 1.420491102734195155e-01
6.358608608608608215e+00 1.421370274937829303e-01
6.368868868868868383e+00 1.422248501372883889e-01
6.379129129129128550e+00 1.423125780244329230e-01
6.389389389389388718e+00 1.424002109751998646e-01
6.399649649649649774e+00 1.424877488090731115e-01
6.409909909909909942e+00 1.425751913450498121e-01
6.420170170170170110e+00 1.426625384016553255e-01
6.430430430430430278e+00 1.427497897969554341e-01
6.440690690690690445e+00 1.428369453485719975e-01
6.450950950950950613e+00 1.429240048736969415e-01
6.461211211211210781e+00 1.430109681891076345e-01
6.471471471471470949e+00 1.430978351111812930e-01
6.481731731731731116e+00 1.431846054559096637e-01
6.491991991991991284e+00 1.432712790389158719e-01
6.502252252252252340e+00 1.433578556754686595e-01
6.512512512512512508e+00 1.434443351805001488e-01
6.522772772772772676e+00 1.435307173686198035e-01
6.533033033033032844e+00 1.436170020541327474e-01
6.543293293293293011e+00 1.437031890510550580e-01
6.553553553553553179e+00 1.437892781731317793e-01
6.563813813813813347e+00 1.438752692338525208e-01
6.574074074074073515e+00 1.439611620464708586e-01
6.584334334334333683e+00 1.440469564240199063e-01
6.594594594594593850e+00 1.441326521793312165e-01
6.604854854854854906e+00 1.442182491250521281e-01
6.615115115115115074e+00 1.443037470736648065e-01
6.625375375375375242e+00 1.443891458375041459e-01
6.635635635635635410e+00 1.444744452287760883e-01
6.645895895895895578e+00 1.445596450595769411e-01
6.656156156156155745e+00 1.446447451419122232e-01
6.666416416416415913e+00 1.447297452877163160e-01
6.676676676676676081e+00 1.448146453088712537e-01
6.686936936936936249e+00 1.448994450172266524e-01
6.697197197197197305e+00 1.449841442246201373e-01
6.707457457457457473e+00 1.450687427428955789e-01
6.717717717717717640e+00 1.451532403839254082e-01
6.727977977977977808e+00 1.452376369596295735e-01
6.738238238238237976e+00 1.453219322819968573e-01
6.748498498498498144e+00 1.454061261631044710e-01
6.758758758758758312e+00 1.454902184151400657e-01
6.769019019019018479e+00 1.455742088504219378e-01
6.779279279279278647e+00 1.456580972814202624e-01
6.789539539539538815e+00 1.457418835207787422e-01
6.799799799799799871e+00 1.458255673813352582e-01
6.810060060060060039e+00 1.459091486761437961e-01
6.820320320320320207e+00 1.459926272184962071e-01
6.830580580580580374e+00 1.460760028219428019e-01
6.840840840840840542e+00 1.461592753003157497e-01
6.851101101101100710e+00 1.462424444677495883e-01
6.861361361361360878e+00 1.463255101387036794e-01
6.871621621621621046e+00 1.464084721279837464e-01
6.881881881881881213e+00 1.464913302507645509e-01
6.892142142142141381e+00 1.465740843226114865e-01
6.902402402402402437e+00 1.466567341595025886e-01
6.912662662662662605e+00 1.467392795778509895e-01
6.922922922922922773e+00 1.468217203945264560e-01
6.933183183183182940e+00 1.469040564268780935e-01
6.943443443443443108e+00 1.469862874927554408e-01
6.953703703703703276e+00 1.470684134105319785e-01
6.963963963963963444e+00 1.471504339991257237e-01
6.974224224224223612e+00 1.472323490780210742e-01
6.984484484484483779e+00 1.473141584672925108e-01
6.994744744744744835e+00 1.473958619876233056e-01
7.005005005005005003e+00 1.474774594603303901e-01
7.015265265265265171e+00 1.475589507073827300e-01
7.025525525525525339e+00 1.476403355514252225e-01
7.035785785785785507e+00 1.477216138157982916e-01
7.046046046046045674e+00 1.478027853245594547e-01
7.056306306306305842e+00 1.478838499025041664e-01
7.066566566566566010e+00 1.479648073751863580e-01
7.076826826826826178e+00 1.480456575689381715e-01
7.087087087087086346e+00 1.481264003108916927e-01
7.097347347347347402e+00 1.482070354289967418e-01
7.107607607607607569e+00 1.482875627520422457e-01
7.117867867867867737e+00 1.483679821096735019e-01
7.128128128128127905e+00 1.484482933324137166e-01
7.138388388388388073e+00 1.485284962516802143e-01
7.148648648648648241e+00 1.486085906998035056e-01
7.158908908908908408e+00 1.486885765100454948e-01
7.169169169169168576e+00 1.487684535166158839e-01
7.179429429429428744e+00 1.488482215546901577e-01
7.189689689689688912e+00 1.489278804604249051e-01
7.199949949949949968e+00 1.490074300709751665e-01
7.210210210210210136e+00 1.490868702245085331e-01
7.220470470470470303e+00 1.491662007602203854e-01
7.230730730730730471e+00 1.492454215183494637e-01
7.240990990990990639e+00 1.493245323401899138e-01
7.251251251251250807e+00 1.494035330681055818e-01
7.261511511511510975e+00 1.494824235455414485e-01
7.271771771771771142e+00 1.495612036170367309e-01
7.282032032032031310e+00 1.496398731282352623e-01
7.292292292292292366e+00 1.497184319258953733e-01
7.302552552552552534e+00 1.497968798579011329e-01
7.312812812812812702e+00 1.498752167732699814e-01
7.323073073073072869e+00 1.499534425221598077e-01
7.333333333333333037e+00 1.500315569558789142e-01
7.343593593593593205e+00 1.501095599268898184e-01
7.353853853853853373e+00 1.501874512888163316e-01
7.364114114114113541e+00 1.502652308964454175e-01
7.374374374374373708e+00 1.503428986057357142e-01
7.384634634634633876e+00 1.504204542738135364e-01
7.394894894894894932e+00 1.504978977589799816e-01
7.405155155155155100e+00 1.505752289207080430e-01
7.415415415415415268e+00 1.506524476196434703e-01
7.425675675675675436e+00 1.507295537176023270e-01
7.435935935935935603e+00 1.508065470775671324e-01
7.446196196196195771e+00 1.508834275636848077e-01
7.456456456456455939e+00 1.509601950412600702e-01
7.466716716716716107e+00 1.510368493767478004e-01
7.476976976976976275e+00 1.511133904377474080e-01
7.487237237237236442e+00 1.511898180929903968e-01
7.497497497497497498e+00 1.512661322123335095e-01
7.507757757757757666e+00 1.513423326667437951e-01
7.518018018018017834e+00 1.514184193282845092e-01
7.528278278278278002e+00 1.514943920701034563e-01
7.538538538538538170e+00 1.515702507664134779e-01
7.548798798798798337e+00 1.516459952924762988e-01
7.559059059059058505e+00 1.517216255245807111e-01
7.569319319319318673e+00 1.517971413400240610e-01
7.579579579579578841e+00 1.518725426170875470e-01
7.589839839839839897e+00 1.519478292350113779e-01
7.600100100100100065e+00 1.520230010739697657e-01
7.610360360360360232e+00 1.520980580150427253e-01
7.620620620620620400e+00 1.521729999401824351e-01
7.630880880880880568e+00 1.522478267321911993e-01
7.641141141141140736e+00 1.523225382746747625e-01
7.651401401401400904e+00 1.523971344520189120e-01
7.661661661661661071e+00 1.524716151493407945e-01
7.671921921921921239e+00 1.525459802524609942e-01
7.682182182182181407e+00 1.526202296478552378e-01
7.692442442442442463e+00 1.526943632226098468e-01
7.702702702702702631e+00 1.527683808643813812e-01
7.712962962962962798e+00 1.528422824613449860e-01
7.723223223223222966e+00 1.529160679021458191e-01
7.733483483483483134e+00 1.529897370758484532e-01
7.743743743743743302e+00 1.530632898718809753e-01
7.754004004004003470e+00 1.531367261799777557e-01
7.764264264264263637e+00 1.532100458901242690e-01
7.774524524524523805e+00 1.532832488924927294e-01
7.784784784784783973e+00 1.533563350773804734e-01
7.795045045045045029e+00 1.534293043351448727e-01
7.805305305305305197e+00 1.535021565561301982e-01
7.815565565565565365e+00 1.535748916306058365e-01
7.825825825825825532e+00 1.536475094486872695e-01
7.836086086086085700e+00 1.537200099002594134e-01
7.846346346346345868e+00 1.537923928749033164e-01
7.856606606606606036e+00 1.538646582618132530e-01
7.866866866866866204e+00 1.539368059497150110e-01
7.877127127127126371e+00 1.540088358267761026e-01
7.887387387387387427e+00 1.540807477805216652e-01
7.897647647647647595e+00 1.541525416977460594e-01
7.907907907907907763e+00 1.542242174644067598e-01
7.918168168168167931e+00 1.542957749655463617e-01
7.928428428428428099e+00 1.543672140851796160e-01
7.938688688688688266e+00 1.544385347061945912e-01
7.948948948948948434e+00 1.545097367102537256e-01
7.959209209209208602e+00 1.545808199776825820e-01
7.969469469469468770e+00 1.546517843873565778e-01
7.979729729729728938e+00 1.547226298165976233e-01
7.989989989989989994e+00 1.547933561410466952e-01
8.000250250250250161e+00 1.548639632345554518e-01
8.010510510510510329e+00 1.549344509690639693e-01
8.020770770770770497e+00 1.550048192144689030e-01
8.031031031031030665e+00 1.550750678385079406e-01
8.041291291291290833e+00 1.551451967066165838e-01
8.051551551551551000e+00 1.552152056818117964e-01
8.061811811811811168e+00 1.552850946245460106e-01
8.072072072072071336e+00 1.553548633925692923e-01
8.082332332332331504e+00 1.554245118407938386e-01
8.092592592592591672e+00 1.554940398211416552e-01
8.102852852852851839e+00 1.555634471824136611e-01
8.113113113113112007e+00 1.556327337701187696e-01
8.123373373373372175e+00 1.557018994263413281e-01
8.133633633633632343e+00 1.557709439895714754e-01
8.143893893893892511e+00 1.558398672945576491e-01
8.154154154154152678e+00 1.559086691721430495e-01
8.164414414414412846e+00 1.559773494490954149e-01
8.174674674674673014e+00 1.560459079479487865e-01
8.184934934934934958e+00 1.561143444868303698e-01
8.195195195195195126e+00 1.561826588792996073e-01
8.205455455455455294e+00 1.562508509341559992e-01
8.215715715715715461e+00 1.563189204552808964e-01
8.225975975975975629e+00 1.563868672414294725e-01
8.236236236236235797e+00 1.564546910860965534e-01
8.246496496496495965e+00 1.565223917772782247e-01
8.256756756756756133e+00 1.565899690973172054e-01
8.267017017017016300e+00 1.566574228227186061e-01
8.277277277277276468e+00 1.567247527239323535e-01
8.287537537537538412e+00 1.567919585651605663e-01
8.297797797797798580e+00 1.568590401041952132e-01
8.308058058058058748e+00 1.569259970921821901e-01
8.318318318318318916e+00 1.569928292734351361e-01
8.328578578578579084e+00 1.570595363852229087e-01
8.338838838838839251e+00 1.571261181575790977e-01
8.349099099099099419e+00 1.571925743130938580e-01
8.359359359359359587e+00 1.572589045666644703e-01
8.369619619619619755e+00 1.573251086253521225e-01
8.379879879879879923e+00 1.573911861881085728e-01
8.390140140140140090e+00 1.574571369455818326e-01
8.400400400400400258e+00 1.575229605799094157e-01
8.410660660660660426e+00 1.575886567644843306e-01
8.420920920920920594e+00 1.576542251637460812e-01
8.431181181181180762e+00 1.577196654329296455e-01
8.441441441441440929e+00 1.577849772178894772e-01
8.451701701701701097e+00 1.578501601548442379e-01
8.461961961961961265e+00 1.579152138701496455e-01
8.472222222222221433e+00 1.579801379800654104e-01
8.482482482482481601e+00 1.580449320905573107e-01
8.492742742742741768e+00 1.581095957970327370e-01
8.503003003003001936e+00 1.581741286841327476e-01
8.513263263263262104e+00 1.582385303254933429e-01
8.523523523523522272e+00 1.583028002835082937e-01
8.533783783783784216e+00 1.583669381090924422e-01
8.544044044044044384e+00 1.584309433414779200e-01
8.554304304304304551e+00 1.584948155079369259e-01
8.564564564564564719e+00 1.585585541235891571e-01
8.574824824824824887e+00 1.586221586911164549e-01
8.585085085085085055e+00 1.586856287005992405e-01
8.595345345345345223e+00 1.587489636292238049e-01
8.605605605605605390e+00 1.588121629410611246e-01
8.615865865865865558e+00 1.588752260868456223e-01
8.626126126126125726e+00 1.589381525037397713e-01
8.636386386386385894e+00 1.590009416150843791e-01
8.646646646646646062e+00 1.590635928302105151e-01
8.656906906906906229e+00 1.591261055441231531e-01
8.667167167167166397e+00 1.591884791373752717e-01
8.677427427427426565e+00 1.592507129757619322e-01
8.687687687687686733e+00 1.593128064101122510e-01
8.697947947947946901e+00 1.593747587761036033e-01
8.708208208208207068e+00 1.594365693939430728e-01
8.718468468468467236e+00 1.594982375682423292e-01
8.728728728728729180e+00 1.595597625877622772e-01
8.738988988988989348e+00 1.596211437251541243e-01
8.749249249249249516e+00 1.596823802367879075e-01
8.759509509509509684e+00 1.597434713625243696e-01
8.769769769769769852e+00 1.598044163254959404e-01
8.780030030030030019e+00 1.598652143319000962e-01
8.790290290290290187e+00 1.599258645707889170e-01
8.800550550550550355e+00 1.599863662138704123e-01
8.810810810810810523e+00 1.600467184153059885e-01
8.821071071071070691e+00 1.601069203114841577e-01
8.831331331331330858e+00 1.601669710208612762e-01
8.841591591591591026e+00 1.602268696437873230e-01
8.851851851851851194e+00 1.602866152622018925e-01
8.862112112112111362e+00 1.603462069396468792e-01
8.872372372372371530e+00 1.604056437208706276e-01
8.882632632632631697e+00 1.604649246318161915e-01
8.892892892892891865e+00 1.605240486793513832e-01
8.903153153153152033e+00 1.605830148511644129e-01
8.913413413413412201e+00 1.606418221155297144e-01
8.923673673673672369e+00 1.607004694212317841e-01
8.933933933933934313e+00 1.607589556973221812e-01
8.944194194194194480e+00 1.608172798530957959e-01
8.954454454454454648e+00 1.608754407778022200e-01
8.964714714714714816e+00 1.609334373406207108e-01
8.974974974974974984e+00 1.609912683904103359e-01
8.985235235235235152e+00 1.610489327557682870e-01
8.995495495495495319e+00 1.611064292447159096e-01
9.005755755755755487e+00 1.611637566447082781e-01
9.016016016016015655e+00 1.612209137224536737e-01
9.026276276276275823e+00 1.612778992238489972e-01
9.036536536536535991e+00 1.613347118739096864e-01
9.046796796796796158e+00 1.613913503766287172e-01
9.057057057057056326e+00 1.614478134148818189e-01
9.067317317317316494e+00 1.615040996504618631e-01
9.077577577577576662e+00 1.615602077238804668e-01
9.087837837837836830e+00 1.616161362543870328e-01
9.098098098098096997e+00 1.616718838398624458e-01
9.108358358358357165e+00 1.617274490568546830e-01
9.118618618618617333e+00 1.617828304604686518e-01
9.128878878878879277e+00 1.618380265843454568e-01
9.139139139139139445e+00 1.618930359406963171e-01
9.149399399399399613e+00 1.619478570201775269e-01
9.159659659659659781e+00 1.620024882920481912e-01
9.169919919919919948e+00 1.620569282040313641e-01
9.180180180180180116e+00 1.621111751823912928e-01
9.190440440440440284e+00 1.621652276319288377e-01
9.200700700700700452e+00 1.622190839360338199e-01
9.210960960960960620e+00 1.622727424567362020e-01
9.221221221221220787e+00 1.623262015346894627e-01
9.231481481481480955e+00 1.623794594893240573e-01
9.241741741741741123e+00 1.624325146187828306e-01
9.252002002002001291e+00 1.624853652001847226e-01
9.262262262262261459e+00 1.625380094895069183e-01
9.272522522522521626e+00 1.625904457218060872e-01
9.282782782782781794e+00 1.626426721113026219e-01
9.293043043043041962e+00 1.626946868514744793e-01
9.303303303303302130e+00 1.627464881152250187e-01
9.313563563563562298e+00 1.627980740548447824e-01
9.323823823823824242e+00 1.628494428024674368e-01
9.334084084084084409e+00 1.629005924699855334e-01
9.344344344344344577e+00 1.629515211492525706e-01
9.354604604604604745e+00 1.630022269122769762e-01
9.364864864864864913e+00 1.630527078115175665e-01
9.375125125125125081e+00 1.631029618798275627e-01
9.385385385385385248e+00 1.631529871309281843e-01
9.395645645645645416e+00 1.632027815594529474e-01
9.405905905905905584e+00 1.632523431412227777e-01
9.416166166166165752e+00 1.633016698335631456e-01
9.426426426426425920e+00 1.633507595753413144e-01
9.436686686686686087e+00 1.633996102874612499e-01
9.446946946946946255e+00 1.634482198730460578e-01
9.457207207207206423e+00 1.634965862176598339e-01
9.467467467467466591e+00 1.635447071895883842e-01
9.477727727727726759e+00 1.635925806403317473e-01
9.487987987987986926e+00 1.636402044046293969e-01
9.498248248248247094e+00 1.636875763010323670e-01
9.508508508508507262e+00 1.637346941320489968e-01
9.518768768768767430e+00 1.637815556846424492e-01
9.529029029029029374e+00 1.638281587304987186e-01
9.539289289289289542e+00 1.638745010262982749e-01
9.549549549549549710e+00 1.639205803143699292e-01
9.559809809809809877e+00 1.639663943227096521e-01
9.570070070070070045e+00 1.640119407657373296e-01
9.580330330330330213e+00 1.640572173443567427e-01
9.590590590590590381e+00 1.641022217467085764e-01
9.600850850850850549e+00 1.641469516482701452e-01
9.611111111111110716e+00 1.641914047125405951e-01
9.621371371371370884e+00 1.642355785913516275e-01
9.631631631631631052e+00 1.642794709254003227e-01
9.641891891891891220e+00 1.643230793446068538e-01
9.652152152152151388e+00 1.643664014686587738e-01
9.662412412412411555e+00 1.644094349075354566e-01
9.672672672672671723e+00 1.644521772619136624e-01
9.682932932932931891e+00 1.644946261237107132e-01
9.693193193193192059e+00 1.645367790765528138e-01
9.703453453453452227e+00 1.645786336963570851e-01
9.713713713713712394e+00 1.646201875518960855e-01
9.723973973973974338e+00 1.646614382051194425e-01
9.734234234234234506e+00 1.647023832119430542e-01
9.744494494494494674e+00 1.647430201226405266e-01
9.754754754754754842e+00 1.647833464825233796e-01
9.765015015015015010e+00 1.648233598324613247e-01
9.775275275275275177e+00 1.648630577092848326e-01
9.785535535535535345e+00 1.649024376467544406e-01
9.795795795795795513e+00 1.649414971757803550e-01
9.806056056056055681e+00 1.649802338251845080e-01
9.816316316316315849e+00 1.650186451222387107e-01
9.826576576576576016e+00 1.650567285935082840e-01
9.836836836836836184e+00 1.650944817649983021e-01
9.847097097097096352e+00 1.651319021632300932e-01
9.857357357357356520e+00 1.651689873157019262e-01
9.867617617617616688e+00 1.652057347514054308e-01
9.877877877877876855e+00 1.652421420016890463e-01
9.888138138138137023e+00 1.652782066007691120e-01
9.898398398398397191e+00 1.653139260862029614e-01
9.908658658658657359e+00 1.653492980001131929e-01
9.918918918918919303e+00 1.653843198891008504e-01
9.929179179179179471e+00 1.654189893055685312e-01
9.939439439439439639e+00 1.654533038078350449e-01
9.949699699699699806e+00 1.654872609612704770e-01
9.959959959959959974e+00 1.655208583386625631e-01
9.970220220220220142e+00 1.655540935209699194e-01
9.980480480480480310e+00 1.655869640981500746e-01
9.990740740740740478e+00 1.656194676695712242e-01
1.000100100100100065e+01 1.656516018449414873e-01
1.001126126126126081e+01 1.656833642447930743e-01
1.002152152152152098e+01 1.657147525013359379e-01
1.003178178178178115e+01 1.657457642589948710e-01
1.004204204204204132e+01 1.657763971753065391e-01
1.005230230230230148e+01 1.658066489213578243e-01
1.006256256256256165e+01 1.658365171825800510e-01
1.007282282282282182e+01 1.658659996595565067e-01
1.008308308308308199e+01 1.658950940685345044e-01
1.009334334334334216e+01 1.659237981421026464e-01
1.010360360360360232e+01 1.659521096301304344e-01
1.011386386386386249e+01 1.659800263001343645e-01
1.012412412412412444e+01 1.660075459380783713e-01
1.013438438438438460e+01 1.660346663492150709e-01
1.014464464464464477e+01 1.660613853584840538e-01
1.015490490490490494e+01 1.660877008114469977e-01
1.016516516516516511e+01 1.661136105747657299e-01
1.017542542542542527e+01 1.661391125368681387e-01
1.018568568568568544e+01 1.661642046088964708e-01
1.019594594594594561e+01 1.661888847249678169e-01
1.020620620620620578e+01 1.662131508430575444e-01
1.021646646646646595e+01 1.662370009458208897e-01
1.022672672672672611e+01 1.662604330406638464e-01
1.023698698698698628e+01 1.662834451610244457e-01
1.024724724724724645e+01 1.663060353667323576e-01
1.025750750750750662e+01 1.663282017444855099e-01
1.026776776776776678e+01 1.663499424087296619e-01
1.027802802802802695e+01 1.663712555022451023e-01
1.028828828828828712e+01 1.663921391965124952e-01
1.029854854854854729e+01 1.664125916925731918e-01
1.030880880880880746e+01 1.664326112216458209e-01
1.031906906906906940e+01 1.664521960454599103e-01
1.032932932932932957e+01 1.664713444568891865e-01
1.033958958958958974e+01 1.664900547808518538e-01
1.034984984984984990e+01 1.665083253745365255e-01
1.036011011011011007e+01 1.665261546279292459e-01
1.037037037037037024e+01 1.665435409646277010e-01
1.038063063063063041e+01 1.665604828420957084e-01
1.039089089089089057e+01 1.665769787523035117e-01
1.040115115115115074e+01 1.665930272223977160e-01
1.041141141141141091e+01 1.666086268148867511e-01
1.042167167167167108e+01 1.666237761283343166e-01
1.043193193193193125e+01 1.666384737978302555e-01
1.044219219219219141e+01 1.666527184953380536e-01
1.045245245245245158e+01 1.666665089302493408e-01
1.046271271271271175e+01 1.666798438499689783e-01
1.047297297297297192e+01 1.666927220398822795e-01
1.048323323323323208e+01 1.667051423244435560e-01
1.049349349349349225e+01 1.667171035669540724e-01
1.050375375375375242e+01 1.667286046703014279e-01
1.051401401401401436e+01 1.667396445772691693e-01
1.052427427427427453e+01 1.667502222709876247e-01
1.053453453453453470e+01 1.667603367750415955e-01
1.054479479479479487e+01 1.667699871540932743e-01
1.055505505505505504e+01 1.667791725140776726e-01
1.056531531531531520e+01 1.667878920023729283e-01
1.057557557557557537e+01 1.667961448083584985e-01
1.058583583583583554e+01 1.668039301637163352e-01
1.059609609609609571e+01 1.668112473423978004e-01
1.060635635635635587e+01 1.668180956611172716e-01
1.061661661661661604e+01 1.668244744795370493e-01
1.062687687687687621e+01 1.668303832004938425e-01
1.063713713713713638e+01 1.668358212702501786e-01
1.064739739739739655e+01 1.668407881785234637e-01
1.065765765765765671e+01 1.668452834588620148e-01
1.066791791791791688e+01 1.668493066888356580e-01
1.067817817817817705e+01 1.668528574898630323e-01
1.068843843843843722e+01 1.668559355277523526e-01
1.069869869869869738e+01 1.668585405126219445e-01
1.070895895895895755e+01 1.668606721989767672e-01
1.071921921921921950e+01 1.668623303857671158e-01
1.072947947947947966e+01 1.668635149167236875e-01
1.073973973973973983e+01 1.668642256799151291e-01
1.075000000000000000e+01 1.668644626084838378e-01
