5.000000000000000000e-01 8.027160883282714110e+01
8.203125000000000000e-01 8.085620712775033780e+01
1.140625000000000000e+00 8.498915941266344021e+01
1.460937500000000000e+00 8.736004283715942620e+01
1.781250000000000000e+00 8.908267678284376245e+01
2.101562500000000000e+00 9.321709069123896541e+01
2.421875000000000000e+00 9.402014988617789015e+01
2.742187500000000000e+00 9.727767529931585955e+01
3.062500000000000000e+00 9.872036813690165502e+01
3.382812500000000000e+00 1.033679275959614614e+02
3.703125000000000000e+00 1.050592291906089599e+02
4.023437500000000000e+00 1.074534717459039683e+02
4.343750000000000000e+00 1.113430461676911563e+02
4.664062500000000000e+00 1.136830788077069485e+02
4.984375000000000000e+00 1.156290931397735449e+02
5.304687500000000000e+00 1.184421949702603740e+02
5.625000000000000000e+00 1.219882457879299409e+02
5.945312500000000000e+00 1.260322682035562138e+02
6.265625000000000000e+00 1.252446613146726406e+02
6.585937500000000000e+00 1.301778659218223595e+02
6.906250000000000000e+00 1.304530656419971706e+02
7.226562500000000000e+00 1.336252916022642694e+02
7.546875000000000000e+00 1.341757106036830294e+02
7.867187500000000000e+00 1.379778964114136670e+02
8.187500000000000000e+00 1.381697630290512961e+02
8.507812500000000000e+00 1.408147609624030281e+02
8.828125000000000000e+00 1.432812807475582701e+02
9.148437500000000000e+00 1.430022884340353357e+02
9.468750000000000000e+00 1.449314885911772706e+02
9.789062500000000000e+00 1.454902604878230363e+02
1.010937500000000000e+01 1.459868300660453428e+02
1.042968750000000000e+01 1.452623430118289320e+02
1.075000000000000000e+01 1.441406960487805407e+02
