5.000000000000000000e-01 1.199897595144176421e+02
6.523437500000000000e-01 1.230597643141942967e+02
8.046875000000000000e-01 1.241888913262362166e+02
9.570312500000000000e-01 1.259730617553908019e+02
1.109375000000000000e+00 1.267924577980664935e+02
1.261718750000000000e+00 1.308263332677830419e+02
1.414062500000000000e+00 1.367034782731516032e+02
1.566406250000000000e+00 1.366320069182151826e+02
1.718750000000000000e+00 1.378264770098316774e+02
1.871093750000000000e+00 1.408000561572209790e+02
2.023437500000000000e+00 1.398856789368026341e+02
2.175781250000000000e+00 1.425042760495258563e+02
2.328125000000000000e+00 1.446040310267866005e+02
2.480468750000000000e+00 1.458546605350459231e+02
2.632812500000000000e+00 1.465800891476484651e+02
2.785156250000000000e+00 1.475014180469444511e+02
2.937500000000000000e+00 1.487476291121824659e+02
3.089843750000000000e+00 1.533842391693596312e+02
3.242187500000000000e+00 1.525394621514876974e+02
3.394531250000000000e+00 1.542230214582203018e+02
3.546875000000000000e+00 1.557440687134386508e+02
3.699218750000000000e+00 1.546097595001471348e+02
3.851562500000000000e+00 1.562680622018363295e+02
4.003906250000000000e+00 1.586294298002619598e+02
4.156250000000000000e+00 1.564206214278969185e+02
4.308593750000000000e+00 1.557276537155613312e+02
4.460937500000000000e+00 1.577432533596653741e+02
4.613281250000000000e+00 1.591490122464054195e+02
4.765625000000000000e+00 1.589823589534598796e+02
4.917968750000000000e+00 1.602725408221087093e+02
5.070312500000000000e+00 1.589696089577676332e+02
5.222656250000000000e+00 1.607063908918208597e+02
5.375000000000000000e+00 1.595402079264809743e+02
