5.000000000000000000e-01 1.891324546853405397e-01
5.102602602602602788e-01 1.893316417004145547e-01
5.205205205205205576e-01 1.895308989398758193e-01
5.307807807807807254e-01 1.897302267652211938e-01
5.410410410410410043e-01 1.899296255377156128e-01
5.513013013013012831e-01 1.901290956183896153e-01
5.615615615615615619e-01 1.903286373680373178e-01
5.718218218218218407e-01 1.905282511472148610e-01
5.820820820820821195e-01 1.907279373162365510e-01
5.923423423423423984e-01 1.909276962351738050e-01
6.026026026026025662e-01 1.911275282638512929e-01
6.128628628628628450e-01 1.913274337618461607e-01
6.231231231231231238e-01 1.915274130884842829e-01
6.333833833833834026e-01 1.917274666028380148e-01
6.436436436436436814e-01 1.919275946637236108e-01
6.539039039039038492e-01 1.921277976296983936e-01
6.641641641641641280e-01 1.923280758590582007e-01
6.744244244244244069e-01 1.925284297098355801e-01
6.846846846846846857e-01 1.927288595397945170e-01
6.949449449449449645e-01 1.929293657064301837e-01
7.052052052052051323e-01 1.931299485669649985e-01
7.154654654654655221e-01 1.933306084783457945e-01
7.257257257257256899e-01 1.935313457972400175e-01
7.359859859859859688e-01 1.937321608800354200e-01
7.462462462462462476e-01 1.939330540828330673e-01
7.565065065065064154e-01 1.941340257614482812e-01
7.667667667667668052e-01 1.943350762714041446e-01
7.770270270270269730e-01 1.945362059679305589e-01
7.872872872872872518e-01 1.947374152059602737e-01
7.975475475475475307e-01 1.949387043401252795e-01
8.078078078078078095e-01 1.951400737247540040e-01
8.180680680680680883e-01 1.953415237138683980e-01
8.283283283283282561e-01 1.955430546611790499e-01
8.385885885885886459e-01 1.957446669200834655e-01
8.488488488488488137e-01 1.959463608436611826e-01
8.591091091091090926e-01 1.961481367846714952e-01
8.693693693693693714e-01 1.963499950955485684e-01
8.796296296296295392e-01 1.965519361283992184e-01
8.898898898898899290e-01 1.967539602349983874e-01
9.001501501501500968e-01 1.969560677667847870e-01
9.104104104104103756e-01 1.971582590748590380e-01
9.206706706706706544e-01 1.973605345099782027e-01
9.309309309309309333e-01 1.975628944225526484e-01
9.411911911911912121e-01 1.977653391626422452e-01
9.514514514514513799e-01 1.979678690799515361e-01
9.617117117117117697e-01 1.981704845238273505e-01
9.719719719719719375e-01 1.983731858432527806e-01
9.822322322322322163e-01 1.985759733868448784e-01
9.924924924924924952e-01 1.987788475028494373e-01
1.002752752752752663e+00 1.989818085391372726e-01
1.013013013013012831e+00 1.991848568431998090e-01
1.023273273273273221e+00 1.993879927621449166e-01
1.033533533533533610e+00 1.995912166426924428e-01
1.043793793793793778e+00 1.997945288311694101e-01
1.054054054054053946e+00 1.999979296735069356e-01
1.064314314314314336e+00 2.002014195152345688e-01
1.074574574574574504e+00 2.004049987014757117e-01
1.084834834834834894e+00 2.006086675769437611e-01
1.095095095095095061e+00 2.008124264859368902e-01
1.105355355355355229e+00 2.010162757723336635e-01
1.115615615615615619e+00 2.012202157795880963e-01
1.125875875875876009e+00 2.014242468507253525e-01
1.136136136136136177e+00 2.016283693283358880e-01
1.146396396396396344e+00 2.018325835545718983e-01
1.156656656656656512e+00 2.020368898711413508e-01
1.166916916916916902e+00 2.022412886193029058e-01
1.177177177177177292e+00 2.024457801398620860e-01
1.187437437437437460e+00 2.026503647731648372e-01
1.197697697697697627e+00 2.028550428590928656e-01
1.207957957957957795e+00 2.030598147370588080e-01
1.218218218218218185e+00 2.032646807460002647e-01
1.228478478478478575e+00 2.034696412243748864e-01
1.238738738738738743e+00 2.036746965101552398e-01
1.248998998998998911e+00 2.038798469408221459e-01
1.259259259259259078e+00 2.040850928533615716e-01
1.269519519519519468e+00 2.042904345842565528e-01
1.279779779779779858e+00 2.044958724694831143e-01
1.290040040040040026e+00 2.047014068445041912e-01
1.300300300300300194e+00 2.049070380442636341e-01
1.310560560560560361e+00 2.051127664031806297e-01
1.320820820820820751e+00 2.053185922551453158e-01
1.331081081081081141e+00 2.055245159335099547e-01
1.341341341341341309e+00 2.057305377710851868e-01
1.351601601601601477e+00 2.059366581001336460e-01
1.361861861861861867e+00 2.061428772523637432e-01
1.372122122122122034e+00 2.063491955589233096e-01
1.382382382382382424e+00 2.065556133503940739e-01
1.392642642642642592e+00 2.067621309567847787e-01
1.402902902902902760e+00 2.069687487075249355e-01
1.413163163163163150e+00 2.071754669314594677e-01
1.423423423423423539e+00 2.073822859568407451e-01
1.433683683683683707e+00 2.075892061113233100e-01
1.443943943943943875e+00 2.077962277219570775e-01
1.454204204204204043e+00 2.080033511151804515e-01
1.464464464464464433e+00 2.082105766168139693e-01
1.474724724724724823e+00 2.084179045520538065e-01
1.484984984984984990e+00 2.086253352454642274e-01
1.495245245245245158e+00 2.088328690209715899e-01
1.505505505505505548e+00 2.090405062018571569e-01
1.515765765765765716e+00 2.092482471107497133e-01
1.526026026026025884e+00 2.094560920696199591e-01
1.536286286286286273e+00 2.096640413997713226e-01
1.546546546546546441e+00 2.098720954218345758e-01
1.556806806806806831e+00 2.100802544557599238e-01
1.567067067067066999e+00 2.102885188208099276e-01
1.577327327327327167e+00 2.104968888355518153e-01
1.587587587587587556e+00 2.107053648178510707e-01
1.597847847847847724e+00 2.109139470848620801e-01
1.608108108108108114e+00 2.111226359530233021e-01
1.618368368368368282e+00 2.113314317380467766e-01
1.628628628628628672e+00 2.115403347549130175e-01
1.638888888888888840e+00 2.117493453178619089e-01
1.649149149149149007e+00 2.119584637403847116e-01
1.659409409409409397e+00 2.121676903352175125e-01
1.669669669669669565e+00 2.123770254143317049e-01
1.679929929929929955e+00 2.125864692889280205e-01
1.690190190190190123e+00 2.127960222694260106e-01
1.700450450450450290e+00 2.130056846654579394e-01
1.710710710710710680e+00 2.132154567858601524e-01
1.720970970970970848e+00 2.134253389386642219e-01
1.731231231231231238e+00 2.136353314310888429e-01
1.741491491491491406e+00 2.138454345695323944e-01
1.751751751751751796e+00 2.140556486595629748e-01
1.762012012012011963e+00 2.142659740059109363e-01
1.772272272272272131e+00 2.144764109124601137e-01
1.782532532532532521e+00 2.146869596822388870e-01
1.792792792792792689e+00 2.148976206174120218e-01
1.803053053053053079e+00 2.151083940192711208e-01
1.813313313313313246e+00 2.153192801882262974e-01
1.823573573573573414e+00 2.155302794237973496e-01
1.833833833833833804e+00 2.157413920246040728e-01
1.844094094094093972e+00 2.159526182883579892e-01
1.854354354354354362e+00 2.161639585118527163e-01
1.864614614614614529e+00 2.163754129909550294e-01
1.874874874874874697e+00 2.165869820205954255e-01
1.885135135135135087e+00 2.167986658947587686e-01
1.895395395395395255e+00 2.170104649064747149e-01
1.905655655655655645e+00 2.172223793478086362e-01
1.915915915915915813e+00 2.174344095098514618e-01
1.926176176176176202e+00 2.176465556827109071e-01
1.936436436436436370e+00 2.178588181555010383e-01
1.946696696696696538e+00 2.180711972163320855e-01
1.956956956956956928e+00 2.182836931523021162e-01
1.967217217217217096e+00 2.184963062494853503e-01
1.977477477477477485e+00 2.187090367929235279e-01
1.987737737737737653e+00 2.189218850666148908e-01
1.997997997997997821e+00 2.191348513535042730e-01
2.008258258258257989e+00 2.193479359354732483e-01
2.018518518518518157e+00 2.195611390933294993e-01
2.028778778778778769e+00 2.197744611067966036e-01
2.039039039039038936e+00 2.199879022545027929e-01
2.049299299299299548e+00 2.202014628139717378e-01
2.059559559559559716e+00 2.204151430616109464e-01
2.069819819819819884e+00 2.206289432727016886e-01
2.080080080080080052e+00 2.208428637213872836e-01
2.090340340340340219e+00 2.210569046806637739e-01
2.100600600600600387e+00 2.212710664223673795e-01
2.110860860860860555e+00 2.214853492171647564e-01
2.121121121121120723e+00 2.216997533345412275e-01
2.131381381381381335e+00 2.219142790427896805e-01
2.141641641641641503e+00 2.221289266089999936e-01
2.151901901901902114e+00 2.223436962990462118e-01
2.162162162162162282e+00 2.225585883775773322e-01
2.172422422422422450e+00 2.227736031080040924e-01
2.182682682682682618e+00 2.229887407524880349e-01
2.192942942942942786e+00 2.232040015719298498e-01
2.203203203203202953e+00 2.234193858259577448e-01
2.213463463463463121e+00 2.236348937729156494e-01
2.223723723723723733e+00 2.238505256698512247e-01
2.233983983983983901e+00 2.240662817725037614e-01
2.244244244244244069e+00 2.242821623352931337e-01
2.254504504504504681e+00 2.244981676113057267e-01
2.264764764764764848e+00 2.247142978522849721e-01
2.275025025025025016e+00 2.249305533086163322e-01
2.285285285285285184e+00 2.251469342293169196e-01
2.295545545545545352e+00 2.253634408620221741e-01
2.305805805805805520e+00 2.255800734529732898e-01
2.316066066066065687e+00 2.257968322470055578e-01
2.326326326326326299e+00 2.260137174875340715e-01
2.336586586586586467e+00 2.262307294165427363e-01
2.346846846846847079e+00 2.264478682745703075e-01
2.357107107107107247e+00 2.266651343006978458e-01
2.367367367367367414e+00 2.268825277325355050e-01
2.377627627627627582e+00 2.271000488062094314e-01
2.387887887887887750e+00 2.273176977563492185e-01
2.398148148148147918e+00 2.275354748160739737e-01
2.408408408408408086e+00 2.277533802169793009e-01
2.418668668668668253e+00 2.279714141891235335e-01
2.428928928928928865e+00 2.281895769610146896e-01
2.439189189189189033e+00 2.284078687595965940e-01
2.449449449449449645e+00 2.286262898102351671e-01
2.459709709709709813e+00 2.288448403367056017e-01
2.469969969969969981e+00 2.290635205611764591e-01
2.480230230230230148e+00 2.292823307041976233e-01
2.490490490490490316e+00 2.295012709846861176e-01
2.500750750750750484e+00 2.297203416199108672e-01
2.511011011011011096e+00 2.299395428254796536e-01
2.521271271271271264e+00 2.301588748153242658e-01
2.531531531531531432e+00 2.303783378016860950e-01
2.541791791791791599e+00 2.305979319951026452e-01
2.552052052052051767e+00 2.308176576043916572e-01
2.562312312312312379e+00 2.310375148366369535e-01
2.572572572572572547e+00 2.312575038971743102e-01
2.582832832832832715e+00 2.314776249895765525e-01
2.593093093093092882e+00 2.316978783156382893e-01
2.603353353353353050e+00 2.319182640753603419e-01
2.613613613613613662e+00 2.321387824669366162e-01
2.623873873873873830e+00 2.323594336867371157e-01
2.634134134134133998e+00 2.325802179292935923e-01
2.644394394394394165e+00 2.328011353872846134e-01
2.654654654654654333e+00 2.330221862515187703e-01
2.664914914914914945e+00 2.332433707109212440e-01
2.675175175175175113e+00 2.334646889525158198e-01
2.685435435435435281e+00 2.336861411614116757e-01
2.695695695695695449e+00 2.339077275207860629e-01
2.705955955955956060e+00 2.341294482118692344e-01
2.716216216216216228e+00 2.343513034139280693e-01
2.726476476476476396e+00 2.345732933042499191e-01
2.736736736736736564e+00 2.347954180581273420e-01
2.746996996996996732e+00 2.350176778488419216e-01
2.757257257257257343e+00 2.352400728476463365e-01
2.767517517517517511e+00 2.354626032237507882e-01
2.777777777777777679e+00 2.356852691443039050e-01
2.788038038038037847e+00 2.359080707743774208e-01
2.798298298298298015e+00 2.361310082769502994e-01
2.808558558558558627e+00 2.363540818128906928e-01
2.818818818818818794e+00 2.365772915409396771e-01
2.829079079079078962e+00 2.368006376176951255e-01
2.839339339339339130e+00 2.370241201975929746e-01
2.849599599599599298e+00 2.372477394328921518e-01
2.859859859859859910e+00 2.374714954736565908e-01
2.870120120120120077e+00 2.376953884677374118e-01
2.880380380380380245e+00 2.379194185607564072e-01
2.890640640640640413e+00 2.381435858960892216e-01
2.900900900900900581e+00 2.383678906148459509e-01
2.911161161161161193e+00 2.385923328558551548e-01
2.921421421421421361e+00 2.388169127556460936e-01
2.931681681681681528e+00 2.390416304484305754e-01
2.941941941941941696e+00 2.392664860660848880e-01
2.952202202202201864e+00 2.394914797381325344e-01
2.962462462462462476e+00 2.397166115917258034e-01
2.972722722722722644e+00 2.399418817516275892e-01
2.982982982982982811e+00 2.401672903401937675e-01
2.993243243243242979e+00 2.403928374773543486e-01
3.003503503503503591e+00 2.406185232805952146e-01
3.013763763763763759e+00 2.408443478649404668e-01
3.024024024024023927e+00 2.410703113429319422e-01
3.034284284284284094e+00 2.412964138246133927e-01
3.044544544544544262e+00 2.415226554175093632e-01
3.054804804804804874e+00 2.417490362266077608e-01
3.065065065065065042e+00 2.419755563543399823e-01
3.075325325325325210e+00 2.422022159005633168e-01
3.085585585585585378e+00 2.424290149625402124e-01
3.095845845845845545e+00 2.426559536349209845e-01
3.106106106106106157e+00 2.428830320097228046e-01
3.116366366366366325e+00 2.431102501763119650e-01
3.126626626626626493e+00 2.433376082213828395e-01
3.136886886886886661e+00 2.435651062289404256e-01
3.147147147147146828e+00 2.437927442802788891e-01
3.157407407407407440e+00 2.440205224539630235e-01
3.167667667667667608e+00 2.442484408258082940e-01
3.177927927927927776e+00 2.444764994688606863e-01
3.188188188188187944e+00 2.447046984533770564e-01
3.198448448448448111e+00 2.449330378468055625e-01
3.208708708708708723e+00 2.451615177137649593e-01
3.218968968968968891e+00 2.453901381160241979e-01
3.229229229229229059e+00 2.456188991124833021e-01
3.239489489489489227e+00 2.458478007591522185e-01
3.249749749749749395e+00 2.460768431091305275e-01
3.260010010010010006e+00 2.463060262125870981e-01
3.270270270270270174e+00 2.465353501167391048e-01
3.280530530530530342e+00 2.467648148658324048e-01
3.290790790790790510e+00 2.469944205011195826e-01
3.301051051051051122e+00 2.472241670608395780e-01
3.311311311311311290e+00 2.474540545801973135e-01
3.321571571571571457e+00 2.476840830913423219e-01
3.331831831831831625e+00 2.479142526233468757e-01
3.342092092092091793e+00 2.481445632021863634e-01
3.352352352352352405e+00 2.483750148507174738e-01
3.362612612612612573e+00 2.486056075886560190e-01
3.372872872872872740e+00 2.488363414325563128e-01
3.383133133133132908e+00 2.490672163957901586e-01
3.393393393393393076e+00 2.492982324885250067e-01
3.403653653653653688e+00 2.495293897177009723e-01
3.413913913913913856e+00 2.497606880870118229e-01
3.424174174174174023e+00 2.499921275968809697e-01
3.434434434434434191e+00 2.502237082444399019e-01
3.444694694694694359e+00 2.504554300235074527e-01
3.454954954954954971e+00 2.506872929245668180e-01
3.465215215215215139e+00 2.509192969347431856e-01
3.475475475475475307e+00 2.511514420377828904e-01
3.485735735735735474e+00 2.513837282140296003e-01
3.495995995995995642e+00 2.516161554404031664e-01
3.506256256256256254e+00 2.518487236903773629e-01
3.516516516516516422e+00 2.520814329339558513e-01
3.526776776776776590e+00 2.523142831376511408e-01
3.537037037037036757e+00 2.525472742644622737e-01
3.547297297297296925e+00 2.527804062738505664e-01
3.557557557557557537e+00 2.530136791217172387e-01
3.567817817817817705e+00 2.532470927603823752e-01
3.578078078078077873e+00 2.534806471385599447e-01
3.588338338338338041e+00 2.537143422013364291e-01
3.598598598598598652e+00 2.539481778901459541e-01
3.608858858858858820e+00 2.541821541427478626e-01
3.619119119119118988e+00 2.544162708932056760e-01
3.629379379379379156e+00 2.546505280718601716e-01
3.639639639639639324e+00 2.548849256053097312e-01
3.649899899899899935e+00 2.551194634163834740e-01
3.660160160160160103e+00 2.553541414241206065e-01
3.670420420420420271e+00 2.555889595437459971e-01
3.680680680680680439e+00 2.558239176866448084e-01
3.690940940940940607e+00 2.560590157603429562e-01
3.701201201201201219e+00 2.562942536684786332e-01
3.711461461461461386e+00 2.565296313107829906e-01
3.721721721721721554e+00 2.567651485830526048e-01
3.731981981981981722e+00 2.570008053771269951e-01
3.742242242242241890e+00 2.572366015808655870e-01
3.752502502502502502e+00 2.574725370781238420e-01
3.762762762762762669e+00 2.577086117487256689e-01
3.773023023023022837e+00 2.579448254684438835e-01
3.783283283283283005e+00 2.581811781089735081e-01
3.793543543543543173e+00 2.584176695379081790e-01
3.803803803803803785e+00 2.586542996187153332e-01
3.814064064064063952e+00 2.588910682107118388e-01
3.824324324324324120e+00 2.591279751690409028e-01
3.834584584584584288e+00 2.593650203446458136e-01
3.844844844844844456e+00 2.596022035842463493e-01
3.855105105105105068e+00 2.598395247303141864e-01
3.865365365365365236e+00 2.600769836210476416e-01
3.875625625625625403e+00 2.603145800903482465e-01
3.885885885885885571e+00 2.605523139677943800e-01
3.896146146146146183e+00 2.607901850786171760e-01
3.906406406406406351e+00 2.610281932436771535e-01
3.916666666666666519e+00 2.612663382794361833e-01
3.926926926926926686e+00 2.615046199979361163e-01
3.937187187187186854e+00 2.617430382067693628e-01
3.947447447447447466e+00 2.619815927090592966e-01
3.957707707707707634e+00 2.622202833034307790e-01
3.967967967967967802e+00 2.624591097839872322e-01
3.978228228228227970e+00 2.626980719402841058e-01
3.988488488488488137e+00 2.629371695573061718e-01
3.998748748748748749e+00 2.631764024154374937e-01
4.009009009009009361e+00 2.634157702904424414e-01
4.019269269269269529e+00 2.636552729534351602e-01
4.029529529529529697e+00 2.638949101708558675e-01
4.039789789789789864e+00 2.641346817044469830e-01
4.050050050050050032e+00 2.643745873112254841e-01
4.060310310310310200e+00 2.646146267434590915e-01
4.070570570570570368e+00 2.648547997486387362e-01
4.080830830830830536e+00 2.650951060694557992e-01
4.091091091091090703e+00 2.653355454437733574e-01
4.101351351351350871e+00 2.655761176046038674e-01
4.111611611611611039e+00 2.658168222800798008e-01
4.121871871871871207e+00 2.660576591934333268e-01
4.132132132132131375e+00 2.662986280629630054e-01
4.142392392392391542e+00 2.665397286020156908e-01
4.152652652652652598e+00 2.667809605189563893e-01
4.162912912912912766e+00 2.670223235171431120e-01
4.173173173173172934e+00 2.672638172949023949e-01
4.183433433433433102e+00 2.675054415455015433e-01
4.193693693693694158e+00 2.677471959571244842e-01
4.203953953953954326e+00 2.679890802128451210e-01
4.214214214214214493e+00 2.682310939906008551e-01
4.224474474474474661e+00 2.684732369631687710e-01
4.234734734734734829e+00 2.687155087981369928e-01
4.244994994994994997e+00 2.689579091578807590e-01
4.255255255255255165e+00 2.692004376995359993e-01
4.265515515515515332e+00 2.694430940749714676e-01
4.275775775775775500e+00 2.696858779307665377e-01
4.286036036036035668e+00 2.699287889081822267e-01
4.296296296296295836e+00 2.701718266431361037e-01
4.306556556556556004e+00 2.704149907661761998e-01
4.316816816816816171e+00 2.706582809024546399e-01
4.327077077077076339e+00 2.709016966717027186e-01
4.337337337337336507e+00 2.711452376882036996e-01
4.347597597597597563e+00 2.713889035607682243e-01
4.357857857857857731e+00 2.716326938927057788e-01
4.368118118118117899e+00 2.718766082818013796e-01
4.378378378378378066e+00 2.721206463202879844e-01
4.388638638638638234e+00 2.723648075948214009e-01
4.398898898898899290e+00 2.726090916864526426e-01
4.409159159159159458e+00 2.728534981706040030e-01
4.419419419419419626e+00 2.730980266170415782e-01
4.429679679679679793e+00 2.733426765898493427e-01
4.439939939939939961e+00 2.735874476474053907e-01
4.450200200200200129e+00 2.738323393423512386e-01
4.460460460460460297e+00 2.740773512215714525e-01
4.470720720720720465e+00 2.743224828261631720e-01
4.480980980980980632e+00 2.745677336914126299e-01
4.491241241241240800e+00 2.748131033467690609e-01
4.501501501501500968e+00 2.750585913158172247e-01
4.511761761761761136e+00 2.753041971162535906e-01
4.522022022022022192e+00 2.755499202598592490e-01
4.532282282282282360e+00 2.757957602524738761e-01
4.542542542542542527e+00 2.760417165939714201e-01
4.552802802802802695e+00 2.762877887782316799e-01
4.563063063063062863e+00 2.765339762931178225e-01
4.573323323323323031e+00 2.767802786204485166e-01
4.583583583583583199e+00 2.770266952359711765e-01
4.593843843843843366e+00 2.772732256093395908e-01
4.604104104104103534e+00 2.775198692040863335e-01
4.614364364364364590e+00 2.777666254775964516e-01
4.624624624624624758e+00 2.780134938810837064e-01
4.634884884884884926e+00 2.782604738595637062e-01
4.645145145145145094e+00 2.785075648518286484e-01
4.655405405405405261e+00 2.787547662904231172e-01
4.665665665665665429e+00 2.790020776016159387e-01
4.675925925925925597e+00 2.792494982053781993e-01
4.686186186186185765e+00 2.794970275153560446e-01
4.696446446446445933e+00 2.797446649388445894e-01
4.706706706706706100e+00 2.799924098767657688e-01
4.716966966966967156e+00 2.802402617236401383e-01
4.727227227227227324e+00 2.804882198675623939e-01
4.737487487487487492e+00 2.807362836901771685e-01
4.747747747747747660e+00 2.809844525666551074e-01
4.758008008008007828e+00 2.812327258656648898e-01
4.768268268268267995e+00 2.814811029493514694e-01
4.778528528528528163e+00 2.817295831733089839e-01
4.788788788788788331e+00 2.819781658865567198e-01
4.799049049049048499e+00 2.822268504315157966e-01
4.809309309309308667e+00 2.824756361439834107e-01
4.819569569569569722e+00 2.827245223531065221e-01
4.829829829829829890e+00 2.829735083813623153e-01
4.840090090090090058e+00 2.832225935445280007e-01
4.850350350350350226e+00 2.834717771516607754e-01
4.860610610610610394e+00 2.837210585050719547e-01
4.870870870870870561e+00 2.839704369003033801e-01
4.881131131131130729e+00 2.842199116261011071e-01
4.891391391391390897e+00 2.844694819643968642e-01
4.901651651651651065e+00 2.847191471902773552e-01
4.911911911911912121e+00 2.849689065719656078e-01
4.922172172172172289e+00 2.852187593707946611e-01
4.932432432432432456e+00 2.854687048411853612e-01
4.942692692692692624e+00 2.857187422306216584e-01
4.952952952952952792e+00 2.859688707796281260e-01
4.963213213213212960e+00 2.862190897217462560e-01
4.973473473473473128e+00 2.864693982835114228e-01
4.983733733733733295e+00 2.867197956844287909e-01
4.993993993993993463e+00 2.869702811369518325e-01
5.004254254254253631e+00 2.872208538464581795e-01
5.014514514514514687e+00 2.874715130112289185e-01
5.024774774774774855e+00 2.877222578224213345e-01
5.035035035035035023e+00 2.879730874640524241e-01
5.045295295295295190e+00 2.882240011129719726e-01
5.055555555555555358e+00 2.884749979388400720e-01
5.065815815815815526e+00 2.887260771041100238e-01
5.076076076076075694e+00 2.889772377639984180e-01
5.086336336336335862e+00 2.892284790664704230e-01
5.096596596596596029e+00 2.894798001522140285e-01
5.106856856856856197e+00 2.897312001546180071e-01
5.117117117117117253e+00 2.899826781997522085e-01
5.127377377377377421e+00 2.902342334063460205e-01
5.137637637637637589e+00 2.904858648857646108e-01
5.147897897897897757e+00 2.907375717419906636e-01
5.158158158158157924e+00 2.909893530716024523e-01
5.168418418418418092e+00 2.912412079637513029e-01
5.178678678678678260e+00 2.914931355001415536e-01
5.188938938938938428e+00 2.917451347550126250e-01
5.199199199199198596e+00 2.919972047951139293e-01
5.209459459459459651e+00 2.922493446796892158e-01
5.219719719719719819e+00 2.925015534604514245e-01
5.229979979979979987e+00 2.927538301815671984e-01
5.240240240240240155e+00 2.930061738796337356e-01
5.250500500500500323e+00 2.932585835836617472e-01
5.260760760760760490e+00 2.935110583150537522e-01
5.271021021021020658e+00 2.937635970875848712e-01
5.281281281281280826e+00 2.940161989073857285e-01
5.291541541541540994e+00 2.942688627729200257e-01
5.301801801801801162e+00 2.945215876749676664e-01
5.312062062062062218e+00 2.947743725966075479e-01
5.322322322322322385e+00 2.950272165131945235e-01
5.332582582582582553e+00 2.952801183923458583e-01
5.342842842842842721e+00 2.955330771939198020e-01
5.353103103103102889e+00 2.957860918699986019e-01
5.363363363363363057e+00 2.960391613648710729e-01
5.373623623623623224e+00 2.962922846150135014e-01
5.383883883883883392e+00 2.965454605490747686e-01
5.394144144144143560e+00 2.967986880878556444e-01
5.404404404404403728e+00 2.970519661442953541e-01
5.414664664664664784e+00 2.973052936234515387e-01
5.424924924924924952e+00 2.975586694224846007e-01
5.435185185185185119e+00 2.978120924306428274e-01
5.445445445445445287e+00 2.980655615292429061e-01
5.455705705705705455e+00 2.983190755916571568e-01
5.465965965965965623e+00 2.985726334832948803e-01
5.476226226226225791e+00 2.988262340615880364e-01
5.486486486486485958e+00 2.990798761759765334e-01
5.496746746746746126e+00 2.993335586678908533e-01
5.507007007007007182e+00 2.995872803707392285e-01
5.517267267267267350e+00 2.998410401098889344e-01
5.527527527527527518e+00 3.000948367026582408e-01
5.537787787787787686e+00 3.003486689582958169e-01
5.548048048048047853e+00 3.006025356779695179e-01
5.558308308308308021e+00 3.008564356547515084e-01
5.568568568568568189e+00 3.011103676736054946e-01
5.578828828828828357e+00 3.013643305113719584e-01
5.589089089089088525e+00 3.016183229367556118e-01
5.599349349349348692e+00 3.018723437103135177e-01
5.609609609609609748e+00 3.021263915844391024e-01
5.619869869869869916e+00 3.023804653033535517e-01
5.630130130130130084e+00 3.026345636030889352e-01
5.640390390390390252e+00 3.028886852114822670e-01
5.650650650650650419e+00 3.031428288481583522e-01
5.660910910910910587e+00 3.033969932245189072e-01
5.671171171171170755e+00 3.036511770437345659e-01
5.681431431431430923e+00 3.039053790007303357e-01
5.691691691691691091e+00 3.041595977821770491e-01
5.701951951951951258e+00 3.044138320664787623e-01
5.712212212212212314e+00 3.046680805237655387e-01
5.722472472472472482e+00 3.049223418158791832e-01
5.732732732732732650e+00 3.051766145963670795e-01
5.742992992992992818e+00 3.054308975104724211e-01
5.753253253253252986e+00 3.056851891951227751e-01
5.763513513513513153e+00 3.059394882789217007e-01
5.773773773773773321e+00 3.061937933821434754e-01
5.784034034034033489e+00 3.064481031167202718e-01
5.794294294294293657e+00 3.067024160862347193e-01
5.804554554554554713e+00 3.069567308859164068e-01
5.814814814814814881e+00 3.072110461026276162e-01
5.825075075075075048e+00 3.074653603148633785e-01
5.835335335335335216e+00 3.077196720927370954e-01
5.845595595595595384e+00 3.079739799979803738e-01
5.855855855855855552e+00 3.082282825839317564e-01
5.866116116116115720e+00 3.084825783955353340e-01
5.876376376376375887e+00 3.087368659693288664e-01
5.886636636636636055e+00 3.089911438334446148e-01
5.896896896896896223e+00 3.092454105076003490e-01
5.907157157157157279e+00 3.094996645030954618e-01
5.917417417417417447e+00 3.097539043228065836e-01
5.927677677677677615e+00 3.100081284611834742e-01
5.937937937937937782e+00 3.102623354042435277e-01
5.948198198198197950e+00 3.105165236295716613e-01
5.958458458458458118e+00 3.107706916063115998e-01
5.968718718718718286e+00 3.110248377951712051e-01
5.978978978978978454e+00 3.112789606484085425e-01
5.989239239239238621e+00 3.115330586098398746e-01
5.999499499499498789e+00 3.117871301148306129e-01
6.009759759759759845e+00 3.120411735903008132e-01
6.020020020020020013e+00 3.122951874547148510e-01
6.030280280280280181e+00 3.125491701180870829e-01
6.040540540540540349e+00 3.128031199819792385e-01
6.050800800800800516e+00 3.130570354394997534e-01
6.061061061061060684e+00 3.133109148753029372e-01
6.071321321321320852e+00 3.135647566655917484e-01
6.081581581581581020e+00 3.138185591781166295e-01
6.091841841841841187e+00 3.140723207721764498e-01
6.102102102102102243e+00 3.143260397986196719e-01
6.112362362362362411e+00 3.145797145998495137e-01
6.122622622622622579e+00 3.148333435098208954e-01
6.132882882882882747e+00 3.150869248540435485e-01
6.143143143143142915e+00 3.153404569495910637e-01
6.153403403403403082e+00 3.155939381050958947e-01
6.163663663663663250e+00 3.158473666207580188e-01
6.173923923923923418e+00 3.161007407883454357e-01
6.184184184184183586e+00 3.163540588912017726e-01
6.194444444444443754e+00 3.166073192042478945e-01
6.204704704704704810e+00 3.168605199939901751e-01
6.214964964964964977e+00 3.171136595185206630e-01
6.225225225225225145e+00 3.173667360275288507e-01
6.235485485485485313e+00 3.176197477623040055e-01
6.245745745745745481e+00 3.178726929557407765e-01
6.256006006006005649e+00 3.181255698323506298e-01
6.266266266266265816e+00 3.183783766082631250e-01
6.276526526526525984e+00 3.186311114912381837e-01
6.286786786786786152e+00 3.188837726806727502e-01
6.297047047047046320e+00 3.191363583676065652e-01
6.307307307307307376e+00 3.193888667347365984e-01
6.317567567567567544e+00 3.196412959564186584e-01
6.327827827827827711e+00 3.198936441986856005e-01
6.338088088088087879e+00 3.201459096192467157e-01
6.348348348348348047e+00 3.203980903675111014e-01
6.358608608608608215e+00 3.206501845845854404e-01
6.368868868868868383e+00 3.209021904032934303e-01
6.379129129129128550e+00 3.211541059481837213e-01
6.389389389389388718e+00 3.214059293355442382e-01
6.399649649649649774e+00 3.216576586734127274e-01
6.409909909909909942e+00 3.219092920615885811e-01
6.420170170170170110e+00 3.221608275916496011e-01
6.430430430430430278e+00 3.224122633469621024e-01
6.440690690690690445e+00 3.226635974026947906e-01
6.450950950950950613e+00 3.229148278258373583e-01
6.461211211211210781e+00 3.231659526752089784e-01
6.471471471471470949e+00 3.234169700014790094e-01
6.481731731731731116e+00 3.236678778471802631e-01
6.491991991991991284e+00 3.239186742467256019e-01
6.502252252252252340e+00 3.241693572264206513e-01
6.512512512512512508e+00 3.244199248044888906e-01
6.522772772772772676e+00 3.246703749910814230e-01
6.533033033033032844e+00 3.249207057882969596e-01
6.543293293293293011e+00 3.251709151902020811e-01
6.553553553553553179e+00 3.254210011828469473e-01
6.563813813813813347e+00 3.256709617442856697e-01
6.574074074074073515e+00 3.259207948445961289e-01
6.584334334334333683e+00 3.261704984458980161e-01
6.594594594594593850e+00 3.264200705023776461e-01
6.604854854854854906e+00 3.266695089603015578e-01
6.615115115115115074e+00 3.269188117580437147e-01
6.625375375375375242e+00 3.271679768261050447e-01
6.635635635635635410e+00 3.274170020871344788e-01
6.645895895895895578e+00 3.276658854559546530e-01
6.656156156156155745e+00 3.279146248395802821e-01
6.666416416416415913e+00 3.281632181372453050e-01
6.676676676676676081e+00 3.284116632404252001e-01
6.686936936936936249e+00 3.286599580328609660e-01
6.697197197197197305e+00 3.289081003905857115e-01
6.707457457457457473e+00 3.291560881819466933e-01
6.717717717717717640e+00 3.294039192676332939e-01
6.727977977977977808e+00 3.296515915007026121e-01
6.738238238238237976e+00 3.298991027266055531e-01
6.748498498498498144e+00 3.301464507832158612e-01
6.758758758758758312e+00 3.303936335008519354e-01
6.769019019019018479e+00 3.306406487023133556e-01
6.779279279279278647e+00 3.308874942028994237e-01
6.789539539539538815e+00 3.311341678104470776e-01
6.799799799799799871e+00 3.313806673253538171e-01
6.810060060060060039e+00 3.316269905406108998e-01
6.820320320320320207e+00 3.318731352418303748e-01
6.830580580580580374e+00 3.321190992072797221e-01
6.840840840840840542e+00 3.323648802079073872e-01
6.851101101101100710e+00 3.326104760073805844e-01
6.861361361361360878e+00 3.328558843621148844e-01
6.871621621621621046e+00 3.331011030213031909e-01
6.881881881881881213e+00 3.333461297269539325e-01
6.892142142142141381e+00 3.335909622139226482e-01
6.902402402402402437e+00 3.338355982099401875e-01
6.912662662662662605e+00 3.340800354356592283e-01
6.922922922922922773e+00 3.343242716046789242e-01
6.933183183183182940e+00 3.345683044235818193e-01
6.943443443443443108e+00 3.348121315919725949e-01
6.953703703703703276e+00 3.350557508025119868e-01
6.963963963963963444e+00 3.352991597409557545e-01
6.974224224224223612e+00 3.355423560861870991e-01
6.984484484484483779e+00 3.357853375102593518e-01
6.994744744744744835e+00 3.360281016784307240e-01
7.005005005005005003e+00 3.362706462492062731e-01
7.015265265265265171e+00 3.365129688743719316e-01
7.025525525525525339e+00 3.367550671990359179e-01
7.035785785785785507e+00 3.369969388616739780e-01
7.046046046046045674e+00 3.372385814941615823e-01
7.056306306306305842e+00 3.374799927218172235e-01
7.066566566566566010e+00 3.377211701634497687e-01
7.076826826826826178e+00 3.379621114313888786e-01
7.087087087087086346e+00 3.382028141315390757e-01
7.097347347347347402e+00 3.384432758634164373e-01
7.107607607607607569e+00 3.386834942201904508e-01
7.117867867867867737e+00 3.389234667887298103e-01
7.128128128128127905e+00 3.391631911496491569e-01
7.138388388388388073e+00 3.394026648773487143e-01
7.148648648648648241e+00 3.396418855400615278e-01
7.158908908908908408e+00 3.398808506999023704e-01
7.169169169169168576e+00 3.401195579129063229e-01
7.179429429429428744e+00 3.403580047290813426e-01
7.189689689689688912e+00 3.405961886924566140e-01
7.199949949949949968e+00 3.408341073411197408e-01
7.210210210210210136e+00 3.410717582072785303e-01
7.220470470470470303e+00 3.413091388172981855e-01
7.230730730730730471e+00 3.415462466917578155e-01
7.240990990990990639e+00 3.417830793454932348e-01
7.251251251251250807e+00 3.420196342876506979e-01
7.261511511511510975e+00 3.422559090217380251e-01
7.271771771771771142e+00 3.424919010456705659e-01
7.282032032032031310e+00 3.427276078518275426e-01
7.292292292292292366e+00 3.429630269271004006e-01
7.302552552552552534e+00 3.431981557529458216e-01
7.312812812812812702e+00 3.434329918054397357e-01
7.323073073073072869e+00 3.436675325553294469e-01
7.333333333333333037e+00 3.439017754680804284e-01
7.343593593593593205e+00 3.441357180039452124e-01
7.353853853853853373e+00 3.443693576180033022e-01
7.364114114114113541e+00 3.446026917602226791e-01
7.374374374374373708e+00 3.448357178755149244e-01
7.384634634634633876e+00 3.450684334037897871e-01
7.394894894894894932e+00 3.453008357800117500e-01
7.405155155155155100e+00 3.455329224342551520e-01
7.415415415415415268e+00 3.457646907917646395e-01
7.425675675675675436e+00 3.459961382730095680e-01
7.435935935935935603e+00 3.462272622937466737e-01
7.446196196196195771e+00 3.464580602650688679e-01
7.456456456456455939e+00 3.466885295934754585e-01
7.466716716716716107e+00 3.469186676809273284e-01
7.476976976976976275e+00 3.471484719249006146e-01
7.487237237237236442e+00 3.473779397184559858e-01
7.497497497497497498e+00 3.476070684502954311e-01
7.507757757757757666e+00 3.478358555048228773e-01
7.518018018018017834e+00 3.480642982622078052e-01
7.528278278278278002e+00 3.482923940984413158e-01
7.538538538538538170e+00 3.485201403854108482e-01
7.548798798798798337e+00 3.487475344909464203e-01
7.559059059059058505e+00 3.489745737789008428e-01
7.569319319319318673e+00 3.492012556091990683e-01
7.579579579579578841e+00 3.494275773379154071e-01
7.589839839839839897e+00 3.496535363173225441e-01
7.600100100100100065e+00 3.498791298959752494e-01
7.610360360360360232e+00 3.501043554187601159e-01
7.620620620620620400e+00 3.503292102269697783e-01
7.630880880880880568e+00 3.505536916583649742e-01
7.641141141141140736e+00 3.507777970472448770e-01
7.651401401401400904e+00 3.510015237245108222e-01
7.661661661661661071e+00 3.512248690177383614e-01
7.671921921921921239e+00 3.514478302512400454e-01
7.682182182182181407e+00 3.516704047461361449e-01
7.692442442442442463e+00 3.518925898204269820e-01
7.702702702702702631e+00 3.521143827890524380e-01
7.712962962962962798e+00 3.523357809639733329e-01
7.723223223223222966e+00 3.525567816542317101e-01
7.733483483483483134e+00 3.527773821660317166e-01
7.743743743743743302e+00 3.529975798027962242e-01
7.754004004004003470e+00 3.532173718652492078e-01
7.764264264264263637e+00 3.534367556514868003e-01
7.774524524524523805e+00 3.536557284570411852e-01
7.784784784784783973e+00 3.538742875749619765e-01
7.795045045045045029e+00 3.540924302958842751e-01
7.805305305305305197e+00 3.543101539081043305e-01
7.815565565565565365e+00 3.545274556976476532e-01
7.825825825825825532e+00 3.547443329483507823e-01
7.836086086086085700e+00 3.549607829419294536e-01
7.846346346346345868e+00 3.551768029580561481e-01
7.856606606606606036e+00 3.553923902744341445e-01
7.866866866866866204e+00 3.556075421668718484e-01
7.877127127127126371e+00 3.558222559093644488e-01
7.887387387387387427e+00 3.560365287741599771e-01
7.897647647647647595e+00 3.562503580318408525e-01
7.907907907907907763e+00 3.564637409514082589e-01
7.918168168168167931e+00 3.566766748003443732e-01
7.928428428428428099e+00 3.568891568447010165e-01
7.938688688688688266e+00 3.571011843491767590e-01
7.948948948948948434e+00 3.573127545771869751e-01
7.959209209209208602e+00 3.575238647909539380e-01
7.969469469469468770e+00 3.577345122515731002e-01
7.979729729729728938e+00 3.579446942191056302e-01
7.989989989989989994e+00 3.581544079526476354e-01
8.000250250250250161e+00 3.583636507104140945e-01
8.010510510510510329e+00 3.585724197498229571e-01
8.020770770770770497e+00 3.587807123275656429e-01
8.031031031031030665e+00 3.589885256996981355e-01
8.041291291291290833e+00 3.591958571217160889e-01
8.051551551551551000e+00 3.594027038486394821e-01
8.061811811811811168e+00 3.596090631350910560e-01
8.072072072072071336e+00 3.598149322353834667e-01
8.082332332332331504e+00 3.600203084035945023e-01
8.092592592592591672e+00 3.602251888936599533e-01
8.102852852852851839e+00 3.604295709594440567e-01
8.113113113113112007e+00 3.606334518548365842e-01
8.123373373373372175e+00 3.608368288338223429e-01
8.133633633633632343e+00 3.610396991505774311e-01
8.143893893893892511e+00 3.612420600595439568e-01
8.154154154154152678e+00 3.614439088155217417e-01
8.164414414414412846e+00 3.616452426737495895e-01
8.174674674674673014e+00 3.618460588899876096e-01
8.184934934934934958e+00 3.620463547206067556e-01
8.195195195195195126e+00 3.622461274226738137e-01
8.205455455455455294e+00 3.624453742540370560e-01
8.215715715715715461e+00 3.626440924734061766e-01
8.225975975975975629e+00 3.628422793404528779e-01
8.236236236236235797e+00 3.630399321158789827e-01
8.246496496496495965e+00 3.632370480615190189e-01
8.256756756756756133e+00 3.634336244404138827e-01
8.267017017017016300e+00 3.636296585169129236e-01
8.277277277277276468e+00 3.638251475567478854e-01
8.287537537537538412e+00 3.640200888271284962e-01
8.297797797797798580e+00 3.642144795968264015e-01
8.308058058058058748e+00 3.644083171362661466e-01
8.318318318318318916e+00 3.646015987176097206e-01
8.328578578578579084e+00 3.647943216148498147e-01
8.338838838838839251e+00 3.649864831038931445e-01
8.349099099099099419e+00 3.651780804626562627e-01
8.359359359359359587e+00 3.653691109711498242e-01
8.369619619619619755e+00 3.655595719115646292e-01
8.379879879879879923e+00 3.657494605683714317e-01
8.390140140140140090e+00 3.659387742284002654e-01
8.400400400400400258e+00 3.661275101809380317e-01
8.410660660660660426e+00 3.663156657178126552e-01
8.420920920920920594e+00 3.665032381334830669e-01
8.431181181181180762e+00 3.666902247251405123e-01
8.441441441441440929e+00 3.668766227927811596e-01
8.451701701701701097e+00 3.670624296393125707e-01
8.461961961961961265e+00 3.672476425706373004e-01
8.472222222222221433e+00 3.674322588957414926e-01
8.482482482482481601e+00 3.676162759267935232e-01
8.492742742742741768e+00 3.677996909792319302e-01
8.503003003003001936e+00 3.679825013718470150e-01
8.513263263263262104e+00 3.681647044268939739e-01
8.523523523523522272e+00 3.683462974701607329e-01
8.533783783783784216e+00 3.685272778310793029e-01
8.544044044044044384e+00 3.687076428428009978e-01
8.554304304304304551e+00 3.688873898423020714e-01
8.564564564564564719e+00 3.690665161704713149e-01
8.574824824824824887e+00 3.692450191721922126e-01
8.585085085085085055e+00 3.694228961964570734e-01
8.595345345345345223e+00 3.696001445964325893e-01
8.605605605605605390e+00 3.697767617295758535e-01
8.615865865865865558e+00 3.699527449577130755e-01
8.626126126126125726e+00 3.701280916471355042e-01
8.636386386386385894e+00 3.703027991686929643e-01
8.646646646646646062e+00 3.704768648978878920e-01
8.656906906906906229e+00 3.706502862149618771e-01
8.667167167167166397e+00 3.708230605049967488e-01
8.677427427427426565e+00 3.709951851580018944e-01
8.687687687687686733e+00 3.711666575690090730e-01
8.697947947947946901e+00 3.713374751381637306e-01
8.708208208208207068e+00 3.715076352708225338e-01
8.718468468468467236e+00 3.716771353776359699e-01
8.728728728728729180e+00 3.718459728746557613e-01
8.738988988988989348e+00 3.720141451834168000e-01
8.749249249249249516e+00 3.721816497310338478e-01
8.759509509509509684e+00 3.723484839502951838e-01
8.769769769769769852e+00 3.725146452797508667e-01
8.780030030030030019e+00 3.726801311638202607e-01
8.790290290290290187e+00 3.728449390528586482e-01
8.800550550550550355e+00 3.730090664032836290e-01
8.810810810810810523e+00 3.731725106776350720e-01
8.821071071071070691e+00 3.733352693446926884e-01
8.831331331331330858e+00 3.734973398795555233e-01
8.841591591591591026e+00 3.736587197637404323e-01
8.851851851851851194e+00 3.738194064852745635e-01
8.862112112112111362e+00 3.739793975387856739e-01
8.872372372372371530e+00 3.741386904255914470e-01
8.882632632632631697e+00 3.742972826538072395e-01
8.892892892892891865e+00 3.744551717384158596e-01
8.903153153153152033e+00 3.746123552013855829e-01
8.913413413413412201e+00 3.747688305717373214e-01
8.923673673673672369e+00 3.749245953856563118e-01
8.933933933933934313e+00 3.750796471865736059e-01
8.944194194194194480e+00 3.752339835252648803e-01
8.954454454454454648e+00 3.753876019599345915e-01
8.964714714714714816e+00 3.755405000563197815e-01
8.974974974974974984e+00 3.756926753877647962e-01
8.985235235235235152e+00 3.758441255353339727e-01
8.995495495495495319e+00 3.759948480878830823e-01
9.005755755755755487e+00 3.761448406421653567e-01
9.016016016016015655e+00 3.762941008029176415e-01
9.026276276276275823e+00 3.764426261829504350e-01
9.036536536536535991e+00 3.765904144032340417e-01
9.046796796796796158e+00 3.767374630930082069e-01
9.057057057057056326e+00 3.768837698898475641e-01
9.067317317317316494e+00 3.770293324397713808e-01
9.077577577577576662e+00 3.771741483973263809e-01
9.087837837837836830e+00 3.773182154256822796e-01
9.098098098098096997e+00 3.774615311967064457e-01
9.108358358358357165e+00 3.776040933910752018e-01
9.118618618618617333e+00 3.777458996983494854e-01
9.128878878878879277e+00 3.778869478170679974e-01
9.139139139139139445e+00 3.780272354548410152e-01
9.149399399399399613e+00 3.781667603284281642e-01
9.159659659659659781e+00 3.783055201638425569e-01
9.169919919919919948e+00 3.784435126964232898e-01
9.180180180180180116e+00 3.785807356709390281e-01
9.190440440440440284e+00 3.787171868416652210e-01
9.200700700700700452e+00 3.788528639724792479e-01
9.210960960960960620e+00 3.789877648369404106e-01
9.221221221221220787e+00 3.791218872183874100e-01
9.231481481481480955e+00 3.792552289100177276e-01
9.241741741741741123e+00 3.793877877149804956e-01
9.252002002002001291e+00 3.795195614464552669e-01
9.262262262262261459e+00 3.796505479277445527e-01
9.272522522522521626e+00 3.797807449923665257e-01
9.282782782782781794e+00 3.799101504841250754e-01
9.293043043043041962e+00 3.800387622572043433e-01
9.303303303303302130e+00 3.801665781762577079e-01
9.313563563563562298e+00 3.802935961164864431e-01
9.323823823823824242e+00 3.804198139637278708e-01
9.334084084084084409e+00 3.805452296145401814e-01
9.344344344344344577e+00 3.806698409762809265e-01
9.354604604604604745e+00 3.807936459672029983e-01
9.364864864864864913e+00 3.809166425165199654e-01
9.375125125125125081e+00 3.810388285645119888e-01
9.385385385385385248e+00 3.811602020625874943e-01
9.395645645645645416e+00 3.812807609733785963e-01
9.405905905905905584e+00 3.814005032708209231e-01
9.416166166166165752e+00 3.815194269402311655e-01
9.426426426426425920e+00 3.816375299783933972e-01
9.436686686686686087e+00 3.817548103936392878e-01
9.446946946946946255e+00 3.818712662059272067e-01
9.457207207207206423e+00 3.819868954469218814e-01
9.467467467467466591e+00 3.821016961600798845e-01
9.477727727727726759e+00 3.822156664007233529e-01
9.487987987987986926e+00 3.823288042361231431e-01
9.498248248248247094e+00 3.824411077455761032e-01
9.508508508508507262e+00 3.825525750204785691e-01
9.518768768768767430e+00 3.826632041644194016e-01
9.529029029029029374e+00 3.827729932932390500e-01
9.539289289289289542e+00 3.828819405351221450e-01
9.549549549549549710e+00 3.829900440306640008e-01
9.559809809809809877e+00 3.830973019329490525e-01
9.570070070070070045e+00 3.832037124076383416e-01
9.580330330330330213e+00 3.833092736330244721e-01
9.590590590590590381e+00 3.834139838001250356e-01
9.600850850850850549e+00 3.835178411127523335e-01
9.611111111111110716e+00 3.836208437875778809e-01
9.621371371371370884e+00 3.837229900542192818e-01
9.631631631631631052e+00 3.838242781553075633e-01
9.641891891891891220e+00 3.839247063465626719e-01
9.652152152152151388e+00 3.840242728968583097e-01
9.662412412412411555e+00 3.841229760883076438e-01
9.672672672672671723e+00 3.842208142163283102e-01
9.682932932932931891e+00 3.843177855896975914e-01
9.693193193193192059e+00 3.844138885306556674e-01
9.703453453453452227e+00 3.845091213749458614e-01
9.713713713713712394e+00 3.846034824719006262e-01
9.723973973973974338e+00 3.846969701845063261e-01
9.734234234234234506e+00 3.847895828894705161e-01
9.744494494494494674e+00 3.848813189772868348e-01
9.754754754754754842e+00 3.849721768523150511e-01
9.765015015015015010e+00 3.850621549328345217e-01
9.775275275275275177e+00 3.851512516511160777e-01
9.785535535535535345e+00 3.852394654534881391e-01
9.795795795795795513e+00 3.853267948004051036e-01
9.806056056056055681e+00 3.854132381665028029e-01
9.816316316316315849e+00 3.854987940406742197e-01
9.826576576576576016e+00 3.855834609261260537e-01
9.836836836836836184e+00 3.856672373404466669e-01
9.847097097097096352e+00 3.857501218156604850e-01
9.857357357357356520e+00 3.858321128983056569e-01
9.867617617617616688e+00 3.859132091494740791e-01
9.877877877877876855e+00 3.859934091448965487e-01
9.888138138138137023e+00 3.860727114749814559e-01
9.898398398398397191e+00 3.861511147448900561e-01
9.908658658658657359e+00 3.862286175745869854e-01
9.918918918918919303e+00 3.863052185989052090e-01
9.929179179179179471e+00 3.863809164675954810e-01
9.939439439439439639e+00 3.864557098453988981e-01
9.949699699699699806e+00 3.865295974120837585e-01
9.959959959959959974e+00 3.866025778625184484e-01
9.970220220220220142e+00 3.866746499067232334e-01
9.980480480480480310e+00 3.867458122699191647e-01
9.990740740740740478e+00 3.868160636925859208e-01
1.000100100100100065e+01 3.868854029305273112e-01
1.001126126126126081e+01 3.869538287548984212e-01
1.002152152152152098e+01 3.870213399522886011e-01
1.003178178178178115e+01 3.870879353247461685e-01
1.004204204204204132e+01 3.871536136898564018e-01
1.005230230230230148e+01 3.872183738807684072e-01
1.006256256256256165e+01 3.872822147462564590e-01
1.007282282282282182e+01 3.873451351507732898e-01
1.008308308308308199e+01 3.874071339744904474e-01
1.009334334334334216e+01 3.874682101133525847e-01
1.010360360360360232e+01 3.875283624791235892e-01
1.011386386386386249e+01 3.875875899994288276e-01
1.012412412412412444e+01 3.876458916178056602e-01
1.013438438438438460e+01 3.877032662937572316e-01
1.014464464464464477e+01 3.877597130027749528e-01
1.015490490490490494e+01 3.878152307364116091e-01
1.016516516516516511e+01 3.878698185022977918e-01
1.017542542542542527e+01 3.879234753242061240e-01
1.018568568568568544e+01 3.879762002420811262e-01
1.019594594594594561e+01 3.880279923120844576e-01
1.020620620620620578e+01 3.880788506066356613e-01
1.021646646646646595e+01 3.881287742144526876e-01
1.022672672672672611e+01 3.881777622405925277e-01
1.023698698698698628e+01 3.882258138064870190e-01
1.024724724724724645e+01 3.882729280499842561e-01
1.025750750750750662e+01 3.883191041253847287e-01
1.026776776776776678e+01 3.883643412034772369e-01
1.027802802802802695e+01 3.884086384715737528e-01
1.028828828828828712e+01 3.884519951335516086e-01
1.029854854854854729e+01 3.884944104098826956e-01
1.030880880880880746e+01 3.885358835376600539e-01
1.031906906906906940e+01 3.885764137706539945e-01
1.032932932932932957e+01 3.886160003793096007e-01
1.033958958958958974e+01 3.886546426508208363e-01
1.034984984984984990e+01 3.886923398891262149e-01
1.036011011011011007e+01 3.887290914149530430e-01
1.037037037037037024e+01 3.887648965658480060e-01
1.038063063063063041e+01 3.887997546962115858e-01
1.039089089089089057e+01 3.888336651773046104e-01
1.040115115115115074e+01 3.888666273973077070e-01
1.041141141141141091e+01 3.888986407613159169e-01
1.042167167167167108e+01 3.889297046913874345e-01
1.043193193193193125e+01 3.889598186265619262e-01
1.044219219219219141e+01 3.889889820228824568e-01
1.045245245245245158e+01 3.890171943534173615e-01
1.046271271271271175e+01 3.890444551082940516e-01
1.047297297297297192e+01 3.890707637947024566e-01
1.048323323323323208e+01 3.890961199369451506e-01
1.049349349349349225e+01 3.891205230764325229e-01
1.050375375375375242e+01 3.891439727717109220e-01
1.051401401401401436e+01 3.891664685984859151e-01
1.052427427427427453e+01 3.891880101496287270e-01
1.053453453453453470e+01 3.892085970352229807e-01
1.054479479479479487e+01 3.892282288825451575e-01
1.055505505505505504e+01 3.892469053361013454e-01
1.056531531531531520e+01 3.892646260576444472e-01
1.057557557557557537e+01 3.892813907261843398e-01
1.058583583583583554e+01 3.892971990379929803e-01
1.059609609609609571e+01 3.893120507066343272e-01
1.060635635635635587e+01 3.893259454629693916e-01
1.061661661661661604e+01 3.893388830551625102e-01
1.062687687687687621e+01 3.893508632487001075e-01
1.063713713713713638e+01 3.893618858264016325e-01
1.064739739739739655e+01 3.893719505884219445e-01
1.065765765765765671e+01 3.893810573522629714e-01
1.066791791791791688e+01 3.893892059527924721e-01
1.067817817817817705e+01 3.893963962422291591e-01
1.068843843843843722e+01 3.894026280901686787e-01
1.069869869869869738e+01 3.894079013835813341e-01
1.070895895895895755e+01 3.894122160268200794e-01
1.071921921921921950e+01 3.894155719416171890e-01
1.072947947947947966e+01 3.894179690671022431e-01
1.073973973973973983e+01 3.894194073597884165e-01
1.075000000000000000e+01 3.894198867935804165e-01
