5.000000000000000000e-01 2.620646802371669470e-01
5.102602602602602788e-01 2.623123940909490304e-01
5.205205205205205576e-01 2.625601226474490457e-01
5.307807807807807254e-01 2.628078662646649022e-01
5.410410410410410043e-01 2.630556252997580113e-01
5.513013013013012831e-01 2.633034001090510667e-01
5.615615615615615619e-01 2.635511910480275999e-01
5.718218218218218407e-01 2.637989984713270952e-01
5.820820820820821195e-01 2.640468227327441575e-01
5.923423423423423984e-01 2.642946641852257916e-01
6.026026026026025662e-01 2.645425231808684607e-01
6.128628628628628450e-01 2.647904000709159766e-01
6.231231231231231238e-01 2.650382952057570018e-01
6.333833833833834026e-01 2.652862089349218300e-01
6.436436436436436814e-01 2.655341416070795546e-01
6.539039039039038492e-01 2.657820935700369591e-01
6.641641641641641280e-01 2.660300651707335762e-01
6.744244244244244069e-01 2.662780567552406885e-01
6.846846846846846857e-01 2.665260686687577207e-01
6.949449449449449645e-01 2.667741012556088531e-01
7.052052052052051323e-01 2.670221548592410232e-01
7.154654654654655221e-01 2.672702298222207062e-01
7.257257257257256899e-01 2.675183264862301402e-01
7.359859859859859688e-01 2.677664451920651056e-01
7.462462462462462476e-01 2.680145862796328715e-01
7.565065065065064154e-01 2.682627500879454785e-01
7.667667667667668052e-01 2.685109369551211822e-01
7.770270270270269730e-01 2.687591472183773478e-01
7.872872872872872518e-01 2.690073812140289511e-01
7.975475475475475307e-01 2.692556392774859142e-01
8.078078078078078095e-01 2.695039217432487200e-01
8.180680680680680883e-01 2.697522289449049704e-01
8.283283283283282561e-01 2.700005612151255008e-01
8.385885885885886459e-01 2.702489188856622704e-01
8.488488488488488137e-01 2.704973022873453092e-01
8.591091091091090926e-01 2.707457117500760013e-01
8.693693693693693714e-01 2.709941476028265850e-01
8.796296296296295392e-01 2.712426101736352124e-01
8.898898898898899290e-01 2.714910997896018974e-01
9.001501501501500968e-01 2.717396167768866833e-01
9.104104104104103756e-01 2.719881614607030373e-01
9.206706706706706544e-01 2.722367341653159634e-01
9.309309309309309333e-01 2.724853352140376161e-01
9.411911911911912121e-01 2.727339649292239154e-01
9.514514514514513799e-01 2.729826236322693278e-01
9.617117117117117697e-01 2.732313116436037026e-01
9.719719719719719375e-01 2.734800292826887191e-01
9.822322322322322163e-01 2.737287768680122801e-01
9.924924924924924952e-01 2.739775547170855696e-01
1.002752752752752663e+00 2.742263631464399998e-01
1.013013013013012831e+00 2.744752024716186622e-01
1.023273273273273221e+00 2.747240730071777159e-01
1.033533533533533610e+00 2.749729750666775052e-01
1.043793793793793778e+00 2.752219089626808390e-01
1.054054054054053946e+00 2.754708750067478285e-01
1.064314314314314336e+00 2.757198735094307240e-01
1.074574574574574504e+00 2.759689047802701967e-01
1.084834834834834894e+00 2.762179691277911187e-01
1.095095095095095061e+00 2.764670668594969571e-01
1.105355355355355229e+00 2.767161982818659993e-01
1.115615615615615619e+00 2.769653637003458568e-01
1.125875875875876009e+00 2.772145634193490249e-01
1.136136136136136177e+00 2.774637977422502177e-01
1.146396396396396344e+00 2.777130669713764322e-01
1.156656656656656512e+00 2.779623714080080021e-01
1.166916916916916902e+00 2.782117113523696617e-01
1.177177177177177292e+00 2.784610871036264923e-01
1.187437437437437460e+00 2.787104989598811478e-01
1.197697697697697627e+00 2.789599472181644724e-01
1.207957957957957795e+00 2.792094321744349461e-01
1.218218218218218185e+00 2.794589541235702468e-01
1.228478478478478575e+00 2.797085133593631978e-01
1.238738738738738743e+00 2.799581101745178824e-01
1.248998998998998911e+00 2.802077448606419274e-01
1.259259259259259078e+00 2.804574177082421182e-01
1.269519519519519468e+00 2.807071290067200131e-01
1.279779779779779858e+00 2.809568790443657260e-01
1.290040040040040026e+00 2.812066681083518760e-01
1.300300300300300194e+00 2.814564964847284245e-01
1.310560560560560361e+00 2.817063644584180127e-01
1.320820820820820751e+00 2.819562723132093551e-01
1.331081081081081141e+00 2.822062203317515783e-01
1.341341341341341309e+00 2.824562087955493350e-01
1.351601601601601477e+00 2.827062379849556994e-01
1.361861861861861867e+00 2.829563081791673929e-01
1.372122122122122034e+00 2.832064196562187885e-01
1.382382382382382424e+00 2.834565726929758611e-01
1.392642642642642592e+00 2.837067675651301357e-01
1.402902902902902760e+00 2.839570045471929705e-01
1.413163163163163150e+00 2.842072839124877848e-01
1.423423423423423539e+00 2.844576059331486162e-01
1.433683683683683707e+00 2.847079708801071307e-01
1.443943943943943875e+00 2.849583790230932334e-01
1.454204204204204043e+00 2.852088306306227450e-01
1.464464464464464433e+00 2.854593259699964580e-01
1.474724724724724823e+00 2.857098653072899230e-01
1.484984984984984990e+00 2.859604489073488964e-01
1.495245245245245158e+00 2.862110770337827903e-01
1.505505505505505548e+00 2.864617499489564567e-01
1.515765765765765716e+00 2.867124679139870791e-01
1.526026026026025884e+00 2.869632311887331810e-01
1.536286286286286273e+00 2.872140400317917952e-01
1.546546546546546441e+00 2.874648947004902477e-01
1.556806806806806831e+00 2.877157954508783866e-01
1.567067067067066999e+00 2.879667425377233081e-01
1.577327327327327167e+00 2.882177362145016408e-01
1.587587587587587556e+00 2.884687767333943831e-01
1.597847847847847724e+00 2.887198643452764668e-01
1.608108108108108114e+00 2.889709992997127608e-01
1.618368368368368282e+00 2.892221818449494108e-01
1.628628628628628672e+00 2.894734122279083444e-01
1.638888888888888840e+00 2.897246906941789435e-01
1.649149149149149007e+00 2.899760174880100516e-01
1.659409409409409397e+00 2.902273928523050883e-01
1.669669669669669565e+00 2.904788170286111137e-01
1.679929929929929955e+00 2.907302902571157754e-01
1.690190190190190123e+00 2.909818127766367613e-01
1.700450450450450290e+00 2.912333848246150270e-01
1.710710710710710680e+00 2.914850066371084680e-01
1.720970970970970848e+00 2.917366784487821496e-01
1.731231231231231238e+00 2.919884004929031995e-01
1.741491491491491406e+00 2.922401730013314824e-01
1.751751751751751796e+00 2.924919962045113286e-01
1.762012012012011963e+00 2.927438703314652613e-01
1.772272272272272131e+00 2.929957956097862248e-01
1.782532532532532521e+00 2.932477722656280372e-01
1.792792792792792689e+00 2.934998005236983953e-01
1.803053053053053079e+00 2.937518806072516586e-01
1.813313313313313246e+00 2.940040127380797452e-01
1.823573573573573414e+00 2.942561971365037499e-01
1.833833833833833804e+00 2.945084340213663943e-01
1.844094094094093972e+00 2.947607236100250327e-01
1.854354354354354362e+00 2.950130661183403835e-01
1.864614614614614529e+00 2.952654617606709220e-01
1.874874874874874697e+00 2.955179107498628888e-01
1.885135135135135087e+00 2.957704132972432398e-01
1.895395395395395255e+00 2.960229696126099319e-01
1.905655655655655645e+00 2.962755799042233185e-01
1.915915915915915813e+00 2.965282443787998767e-01
1.926176176176176202e+00 2.967809632414993293e-01
1.936436436436436370e+00 2.970337366959206471e-01
1.946696696696696538e+00 2.972865649440895597e-01
1.956956956956956928e+00 2.975394481864520047e-01
1.967217217217217096e+00 2.977923866218644688e-01
1.977477477477477485e+00 2.980453804475846069e-01
1.987737737737737653e+00 2.982984298592630257e-01
1.997997997997997821e+00 2.985515350509342358e-01
2.008258258258257989e+00 2.988046962150069930e-01
2.018518518518518157e+00 2.990579135422559154e-01
2.028778778778778769e+00 2.993111872218118807e-01
2.039039039039038936e+00 2.995645174411522005e-01
2.049299299299299548e+00 2.998179043860926818e-01
2.059559559559559716e+00 3.000713482407765254e-01
2.069819819819819884e+00 3.003248491876669979e-01
2.080080080080080052e+00 3.005784074075368850e-01
2.090340340340340219e+00 3.008320230794581107e-01
2.100600600600600387e+00 3.010856963807937992e-01
2.110860860860860555e+00 3.013394274871871725e-01
2.121121121121120723e+00 3.015932165725528358e-01
2.131381381381381335e+00 3.018470638090672287e-01
2.141641641641641503e+00 3.021009693671581897e-01
2.151901901901902114e+00 3.023549334154945756e-01
2.162162162162162282e+00 3.026089561209784895e-01
2.172422422422422450e+00 3.028630376487325138e-01
2.182682682682682618e+00 3.031171781620921046e-01
2.192942942942942786e+00 3.033713778225935465e-01
2.203203203203202953e+00 3.036256367899656805e-01
2.213463463463463121e+00 3.038799552221190248e-01
2.223723723723723733e+00 3.041343332751346717e-01
2.233983983983983901e+00 3.043887711032541299e-01
2.244244244244244069e+00 3.046432688588712745e-01
2.254504504504504681e+00 3.048978266925189695e-01
2.264764764764764848e+00 3.051524447528599082e-01
2.275025025025025016e+00 3.054071231866761771e-01
2.285285285285285184e+00 3.056618621388589863e-01
2.295545545545545352e+00 3.059166617523969012e-01
2.305805805805805520e+00 3.061715221683662946e-01
2.316066066066065687e+00 3.064264435259199115e-01
2.326326326326326299e+00 3.066814259622769878e-01
2.336586586586586467e+00 3.069364696127105940e-01
2.346846846846847079e+00 3.071915746105393641e-01
2.357107107107107247e+00 3.074467410871137285e-01
2.367367367367367414e+00 3.077019691718071437e-01
2.377627627627627582e+00 3.079572589920028802e-01
2.387887887887887750e+00 3.082126106730868620e-01
2.398148148148147918e+00 3.084680243384304021e-01
2.408408408408408086e+00 3.087235001093839859e-01
2.418668668668668253e+00 3.089790381052650026e-01
2.428928928928928865e+00 3.092346384433440343e-01
2.439189189189189033e+00 3.094903012388368624e-01
2.449449449449449645e+00 3.097460266048897015e-01
2.459709709709709813e+00 3.100018146525702067e-01
2.469969969969969981e+00 3.102576654908546505e-01
2.480230230230230148e+00 3.105135792266170980e-01
2.490490490490490316e+00 3.107695559646163619e-01
2.500750750750750484e+00 3.110255958074852334e-01
2.511011011011011096e+00 3.112816988557196574e-01
2.521271271271271264e+00 3.115378652076645216e-01
2.531531531531531432e+00 3.117940949595039979e-01
2.541791791791791599e+00 3.120503882052475531e-01
2.552052052052051767e+00 3.123067450367203457e-01
2.562312312312312379e+00 3.125631655435488487e-01
2.572572572572572547e+00 3.128196498131502468e-01
2.582832832832832715e+00 3.130761979307193910e-01
2.593093093093092882e+00 3.133328099792164756e-01
2.603353353353353050e+00 3.135894860393565464e-01
2.613613613613613662e+00 3.138462261895943461e-01
2.623873873873873830e+00 3.141030305061140449e-01
2.634134134134133998e+00 3.143598990628158063e-01
2.644394394394394165e+00 3.146168319313038531e-01
2.654654654654654333e+00 3.148738291808739209e-01
2.664914914914914945e+00 3.151308908784988261e-01
2.675175175175175113e+00 3.153880170888192502e-01
2.685435435435435281e+00 3.156452078741276979e-01
2.695695695695695449e+00 3.159024632943580602e-01
2.705955955955956060e+00 3.161597834070709601e-01
2.716216216216216228e+00 3.164171682674422059e-01
2.726476476476476396e+00 3.166746179282495244e-01
2.736736736736736564e+00 3.169321324398589046e-01
2.746996996996996732e+00 3.171897118502118307e-01
2.757257257257257343e+00 3.174473562048144570e-01
2.767517517517517511e+00 3.177050655467190676e-01
2.777777777777777679e+00 3.179628399165176922e-01
2.788038038038037847e+00 3.182206793523223443e-01
2.798298298298298015e+00 3.184785838897566390e-01
2.808558558558558627e+00 3.187365535619401946e-01
2.818818818818818794e+00 3.189945883994749209e-01
2.829079079079078962e+00 3.192526884304326407e-01
2.839339339339339130e+00 3.195108536803414334e-01
2.849599599599599298e+00 3.197690841721705923e-01
2.859859859859859910e+00 3.200273799263195218e-01
2.870120120120120077e+00 3.202857409606023054e-01
2.880380380380380245e+00 3.205441672902327177e-01
2.890640640640640413e+00 3.208026589278149543e-01
2.900900900900900581e+00 3.210612158833245355e-01
2.911161161161161193e+00 3.213198381640978152e-01
2.921421421421421361e+00 3.215785257748173254e-01
2.931681681681681528e+00 3.218372787174958449e-01
2.941941941941941696e+00 3.220960969914666294e-01
2.952202202202201864e+00 3.223549805933650925e-01
2.962462462462462476e+00 3.226139295171157051e-01
2.972722722722722644e+00 3.228729437539205049e-01
2.982982982982982811e+00 3.231320232922401670e-01
2.993243243243242979e+00 3.233911681177846775e-01
3.003503503503503591e+00 3.236503782134947937e-01
3.013763763763763759e+00 3.239096535595309967e-01
3.024024024024023927e+00 3.241689941332570046e-01
3.034284284284284094e+00 3.244283999092252846e-01
3.044544544544544262e+00 3.246878708591640628e-01
3.054804804804804874e+00 3.249474069519610597e-01
3.065065065065065042e+00 3.252070081536499457e-01
3.075325325325325210e+00 3.254666744273947976e-01
3.085585585585585378e+00 3.257264057334770535e-01
3.095845845845845545e+00 3.259862020292784712e-01
3.106106106106106157e+00 3.262460632692680829e-01
3.116366366366366325e+00 3.265059894049864853e-01
3.126626626626626493e+00 3.267659803850310185e-01
3.136886886886886661e+00 3.270260361550413331e-01
3.147147147147146828e+00 3.272861566576833470e-01
3.157407407407407440e+00 3.275463418326360343e-01
3.167667667667667608e+00 3.278065916165732729e-01
3.177927927927927776e+00 3.280669059431531864e-01
3.188188188188187944e+00 3.283272847429982155e-01
3.198448448448448111e+00 3.285877279436826282e-01
3.208708708708708723e+00 3.288482354697180310e-01
3.218968968968968891e+00 3.291088072425347733e-01
3.229229229229229059e+00 3.293694431804697897e-01
3.239489489489489227e+00 3.296301431987492814e-01
3.249749749749749395e+00 3.298909072094752815e-01
3.260010010010010006e+00 3.301517351216071150e-01
3.270270270270270174e+00 3.304126268409494083e-01
3.280530530530530342e+00 3.306735822701340477e-01
3.290790790790790510e+00 3.309346013086036931e-01
3.301051051051051122e+00 3.311956838526012303e-01
3.311311311311311290e+00 3.314568297951475673e-01
3.321571571571571457e+00 3.317180390260303646e-01
3.331831831831831625e+00 3.319793114317870497e-01
3.342092092092091793e+00 3.322406468956879411e-01
3.352352352352352405e+00 3.325020452977220931e-01
3.362612612612612573e+00 3.327635065145804205e-01
3.372872872872872740e+00 3.330250304196395450e-01
3.383133133133132908e+00 3.332866168829474729e-01
3.393393393393393076e+00 3.335482657712049992e-01
3.403653653653653688e+00 3.338099769477522738e-01
3.413913913913913856e+00 3.340717502725516486e-01
3.424174174174174023e+00 3.343335856021705244e-01
3.434434434434434191e+00 3.345954827897671957e-01
3.444694694694694359e+00 3.348574416850730318e-01
3.454954954954954971e+00 3.351194621343780433e-01
3.465215215215215139e+00 3.353815439805122867e-01
3.475475475475475307e+00 3.356436870628318747e-01
3.485735735735735474e+00 3.359058912172012690e-01
3.495995995995995642e+00 3.361681562759772923e-01
3.506256256256256254e+00 3.364304820679929753e-01
3.516516516516516422e+00 3.366928684185412912e-01
3.526776776776776590e+00 3.369553151493584475e-01
3.537037037037036757e+00 3.372178220786070657e-01
3.547297297297296925e+00 3.374803890208603052e-01
3.557557557557557537e+00 3.377430157870853211e-01
3.567817817817817705e+00 3.380057021846260557e-01
3.578078078078077873e+00 3.382684480171884722e-01
3.588338338338338041e+00 3.385312530848204049e-01
3.598598598598598652e+00 3.387941171838994570e-01
3.608858858858858820e+00 3.390570401071122952e-01
3.619119119119118988e+00 3.393200216434405503e-01
3.629379379379379156e+00 3.395830615781435524e-01
3.639639639639639324e+00 3.398461596927409567e-01
3.649899899899899935e+00 3.401093157649954235e-01
3.660160160160160103e+00 3.403725295688993513e-01
3.670420420420420271e+00 3.406358008746525612e-01
3.680680680680680439e+00 3.408991294486505841e-01
3.690940940940940607e+00 3.411625150534648987e-01
3.701201201201201219e+00 3.414259574478260562e-01
3.711461461461461386e+00 3.416894563866086920e-01
3.721721721721721554e+00 3.419530116208132631e-01
3.731981981981981722e+00 3.422166228975488944e-01
3.742242242242241890e+00 3.424802899600171147e-01
3.752502502502502502e+00 3.427440125474948140e-01
3.762762762762762669e+00 3.430077903953167029e-01
3.773023023023022837e+00 3.432716232348596574e-01
3.783283283283283005e+00 3.435355107935231245e-01
3.793543543543543173e+00 3.437994527947152434e-01
3.803803803803803785e+00 3.440634489578337507e-01
3.814064064064063952e+00 3.443274989982485490e-01
3.824324324324324120e+00 3.445916026272878296e-01
3.834584584584584288e+00 3.448557595522165897e-01
3.844844844844844456e+00 3.451199694762220882e-01
3.855105105105105068e+00 3.453842320983964154e-01
3.865365365365365236e+00 3.456485471137197840e-01
3.875625625625625403e+00 3.459129142130421553e-01
3.885885885885885571e+00 3.461773330830665296e-01
3.896146146146146183e+00 3.464418034063340146e-01
3.906406406406406351e+00 3.467063248612015647e-01
3.916666666666666519e+00 3.469708971218308236e-01
3.926926926926926686e+00 3.472355198581659752e-01
3.937187187187186854e+00 3.475001927359204767e-01
3.947447447447447466e+00 3.477649154165571854e-01
3.957707707707707634e+00 3.480296875572713167e-01
3.967967967967967802e+00 3.482945088109756782e-01
3.978228228228227970e+00 3.485593788262805748e-01
3.988488488488488137e+00 3.488242972474787096e-01
3.998748748748748749e+00 3.490892637145268096e-01
4.009009009009009361e+00 3.493542778630278622e-01
4.019269269269269529e+00 3.496193393242167380e-01
4.029529529529529697e+00 3.498844477249390961e-01
4.039789789789789864e+00 3.501496026876375622e-01
4.050050050050050032e+00 3.504148038303325219e-01
4.060310310310310200e+00 3.506800507666062994e-01
4.070570570570570368e+00 3.509453431055835626e-01
4.080830830830830536e+00 3.512106804519187775e-01
4.091091091091090703e+00 3.514760624057726712e-01
4.101351351351350871e+00 3.517414885628016297e-01
4.111611611611611039e+00 3.520069585141356039e-01
4.121871871871871207e+00 3.522724718463632332e-01
4.132132132132131375e+00 3.525380281415142480e-01
4.142392392392391542e+00 3.528036269770432054e-01
4.152652652652652598e+00 3.530692679258105593e-01
4.162912912912912766e+00 3.533349505560671733e-01
4.173173173173172934e+00 3.536006744314367234e-01
4.183433433433433102e+00 3.538664391108982676e-01
4.193693693693694158e+00 3.541322441487697592e-01
4.203953953953954326e+00 3.543980890946901718e-01
4.214214214214214493e+00 3.546639734936046784e-01
4.224474474474474661e+00 3.549298968857438896e-01
4.234734734734734829e+00 3.551958588066114753e-01
4.244994994994994997e+00 3.554618587869626256e-01
4.255255255255255165e+00 3.557278963527906179e-01
4.265515515515515332e+00 3.559939710253082201e-01
4.275775775775775500e+00 3.562600823209308709e-01
4.286036036036035668e+00 3.565262297512614142e-01
4.296296296296295836e+00 3.567924128230696157e-01
4.306556556556556004e+00 3.570586310382805051e-01
4.316816816816816171e+00 3.573248838939522831e-01
4.327077077077076339e+00 3.575911708822635537e-01
4.337337337337336507e+00 3.578574914904949500e-01
4.347597597597597563e+00 3.581238452010126472e-01
4.357857857857857731e+00 3.583902314912510434e-01
4.368118118118117899e+00 3.586566498336978270e-01
4.378378378378378066e+00 3.589230996958754361e-01
4.388638638638638234e+00 3.591895805403259589e-01
4.398898898898899290e+00 3.594560918245934267e-01
4.409159159159159458e+00 3.597226330012081030e-01
4.419419419419419626e+00 3.599892035176717187e-01
4.429679679679679793e+00 3.602558028164356552e-01
4.439939939939939961e+00 3.605224303348913417e-01
4.450200200200200129e+00 3.607890855053488277e-01
4.460460460460460297e+00 3.610557677550246813e-01
4.470720720720720465e+00 3.613224765060192856e-01
4.480980980980980632e+00 3.615892111753101212e-01
4.491241241241240800e+00 3.618559711747259544e-01
4.501501501501500968e+00 3.621227559109375660e-01
4.511761761761761136e+00 3.623895647854382673e-01
4.522022022022022192e+00 3.626563971945290232e-01
4.532282282282282360e+00 3.629232525293026312e-01
4.542542542542542527e+00 3.631901301756273459e-01
4.552802802802802695e+00 3.634570295141312246e-01
4.563063063063062863e+00 3.637239499201860848e-01
4.573323323323323031e+00 3.639908907638923496e-01
4.583583583583583199e+00 3.642578514100631715e-01
4.593843843843843366e+00 3.645248312182082229e-01
4.604104104104103534e+00 3.647918295425183199e-01
4.614364364364364590e+00 3.650588457318509894e-01
4.624624624624624758e+00 3.653258791297134822e-01
4.634884884884884926e+00 3.655929290742481741e-01
4.645145145145145094e+00 3.658599948982180217e-01
4.655405405405405261e+00 3.661270759289895205e-01
4.665665665665665429e+00 3.663941714885186052e-01
4.675925925925925597e+00 3.666612808933348844e-01
4.686186186186185765e+00 3.669284034545284290e-01
4.696446446446445933e+00 3.671955384777316200e-01
4.706706706706706100e+00 3.674626852631087126e-01
4.716966966966967156e+00 3.677298431053355743e-01
4.727227227227227324e+00 3.679970112935886939e-01
4.737487487487487492e+00 3.682641891115300825e-01
4.747747747747747660e+00 3.685313758372905646e-01
4.758008008008007828e+00 3.687985707434586757e-01
4.768268268268267995e+00 3.690657730970627881e-01
4.778528528528528163e+00 3.693329821595588425e-01
4.788788788788788331e+00 3.696001971868149716e-01
4.799049049049048499e+00 3.698674174290985106e-01
4.809309309309308667e+00 3.701346421310595103e-01
4.819569569569569722e+00 3.704018705317200788e-01
4.829829829829829890e+00 3.706691018644576729e-01
4.840090090090090058e+00 3.709363353569915533e-01
4.850350350350350226e+00 3.712035702313711272e-01
4.860610610610610394e+00 3.714708057039597944e-01
4.870870870870870561e+00 3.717380409854222356e-01
4.881131131131130729e+00 3.720052752807112006e-01
4.891391391391390897e+00 3.722725077890531309e-01
4.901651651651651065e+00 3.725397377039373903e-01
4.911911911911912121e+00 3.728069642130986683e-01
4.922172172172172289e+00 3.730741864985092637e-01
4.932432432432432456e+00 3.733414037363608773e-01
4.942692692692692624e+00 3.736086150970549524e-01
4.952952952952952792e+00 3.738758197451894638e-01
4.963213213213212960e+00 3.741430168395444289e-01
4.973473473473473128e+00 3.744102055330716938e-01
4.983733733733733295e+00 3.746773849728807226e-01
4.993993993993993463e+00 3.749445543002280501e-01
5.004254254254253631e+00 3.752117126505006839e-01
5.014514514514514687e+00 3.754788591532108311e-01
5.024774774774774855e+00 3.757459929319772463e-01
5.035035035035035023e+00 3.760131131045169606e-01
5.045295295295295190e+00 3.762802187826335687e-01
5.055555555555555358e+00 3.765473090722020744e-01
5.065815815815815526e+00 3.768143830731626731e-01
5.076076076076075694e+00 3.770814398795038769e-01
5.086336336336335862e+00 3.773484785792554641e-01
5.096596596596596029e+00 3.776154982544741578e-01
5.106856856856856197e+00 3.778824979812342999e-01
5.117117117117117253e+00 3.781494768296156939e-01
5.127377377377377421e+00 3.784164338636952785e-01
5.137637637637637589e+00 3.786833681415331387e-01
5.147897897897897757e+00 3.789502787151622365e-01
5.158158158158157924e+00 3.792171646305816934e-01
5.168418418418418092e+00 3.794840249277425803e-01
5.178678678678678260e+00 3.797508586405373143e-01
5.188938938938938428e+00 3.800176647967936638e-01
5.199199199199198596e+00 3.802844424182620919e-01
5.209459459459459651e+00 3.805511905206044876e-01
5.219719719719719819e+00 3.808179081133886146e-01
5.229979979979979987e+00 3.810845942000750664e-01
5.240240240240240155e+00 3.813512477780082177e-01
5.250500500500500323e+00 3.816178678384102851e-01
5.260760760760760490e+00 3.818844533663681706e-01
5.271021021021020658e+00 3.821510033408274110e-01
5.281281281281280826e+00 3.824175167345814641e-01
5.291541541541540994e+00 3.826839925142644927e-01
5.301801801801801162e+00 3.829504296403412056e-01
5.312062062062062218e+00 3.832168270671012511e-01
5.322322322322322385e+00 3.834831837426483925e-01
5.332582582582582553e+00 3.837494986088941240e-01
5.342842842842842721e+00 3.840157706015493999e-01
5.353103103103102889e+00 3.842819986501155305e-01
5.363363363363363057e+00 3.845481816778797413e-01
5.373623623623623224e+00 3.848143186019040707e-01
5.383883883883883392e+00 3.850804083330228722e-01
5.394144144144143560e+00 3.853464497758301022e-01
5.404404404404403728e+00 3.856124418286771549e-01
5.414664664664664784e+00 3.858783833836636479e-01
5.424924924924924952e+00 3.861442733266315375e-01
5.435185185185185119e+00 3.864101105371597344e-01
5.445445445445445287e+00 3.866758938885554997e-01
5.455705705705705455e+00 3.869416222478516132e-01
5.465965965965965623e+00 3.872072944757982138e-01
5.476226226226225791e+00 3.874729094268564156e-01
5.486486486486485958e+00 3.877384659491965313e-01
5.496746746746746126e+00 3.880039628846885802e-01
5.507007007007007182e+00 3.882693990689009000e-01
5.517267267267267350e+00 3.885347733310902663e-01
5.527527527527527518e+00 3.888000844942038903e-01
5.537787787787787686e+00 3.890653313748678177e-01
5.548048048048047853e+00 3.893305127833890378e-01
5.558308308308308021e+00 3.895956275237453803e-01
5.568568568568568189e+00 3.898606743935856267e-01
5.578828828828828357e+00 3.901256521842235703e-01
5.589089089089088525e+00 3.903905596806369616e-01
5.599349349349348692e+00 3.906553956614601808e-01
5.609609609609609748e+00 3.909201588989845710e-01
5.619869869869869916e+00 3.911848481591524429e-01
5.630130130130130084e+00 3.914494622015569636e-01
5.640390390390390252e+00 3.917139997794387707e-01
5.650650650650650419e+00 3.919784596396811982e-01
5.660910910910910587e+00 3.922428405228121084e-01
5.671171171171170755e+00 3.925071411629981744e-01
5.681431431431430923e+00 3.927713602880452126e-01
5.691691691691691091e+00 3.930354966193959076e-01
5.701951951951951258e+00 3.932995488721285349e-01
5.712212212212212314e+00 3.935635157549556840e-01
5.722472472472472482e+00 3.938273959702234817e-01
5.732732732732732650e+00 3.940911882139094269e-01
5.742992992992992818e+00 3.943548911756256103e-01
5.753253253253252986e+00 3.946185035386134965e-01
5.763513513513513153e+00 3.948820239797470322e-01
5.773773773773773321e+00 3.951454511695323690e-01
5.784034034034033489e+00 3.954087837721079191e-01
5.794294294294293657e+00 3.956720204452427447e-01
5.804554554554554713e+00 3.959351598403411110e-01
5.814814814814814881e+00 3.961982006024414305e-01
5.825075075075075048e+00 3.964611413702187059e-01
5.835335335335335216e+00 3.967239807759821990e-01
5.845595595595595384e+00 3.969867174456822023e-01
5.855855855855855552e+00 3.972493499989084298e-01
5.866116116116115720e+00 3.975118770488954567e-01
5.876376376376375887e+00 3.977742972025209434e-01
5.886636636636636055e+00 3.980366090603107976e-01
5.896896896896896223e+00 3.982988112164426719e-01
5.907157157157157279e+00 3.985609022587465189e-01
5.917417417417417447e+00 3.988228807687109190e-01
5.927677677677677615e+00 3.990847453214826923e-01
5.937937937937937782e+00 3.993464944858762244e-01
5.948198198198197950e+00 3.996081268243720785e-01
5.958458458458458118e+00 3.998696408931235458e-01
5.968718718718718286e+00 4.001310352419639171e-01
5.978978978978978454e+00 4.003923084144052624e-01
5.989239239239238621e+00 4.006534589476480890e-01
5.999499499499498789e+00 4.009144853725856716e-01
6.009759759759759845e+00 4.011753862138097704e-01
6.020020020020020013e+00 4.014361599896141830e-01
6.030280280280280181e+00 4.016968052120042376e-01
6.040540540540540349e+00 4.019573203866998456e-01
6.050800800800800516e+00 4.022177040131442727e-01
6.061061061061060684e+00 4.024779545845105222e-01
6.071321321321320852e+00 4.027380705877063316e-01
6.081581581581581020e+00 4.029980505033861626e-01
6.091841841841841187e+00 4.032578928059539769e-01
6.102102102102102243e+00 4.035175959635718401e-01
6.112362362362362411e+00 4.037771584381716350e-01
6.122622622622622579e+00 4.040365786854597796e-01
6.132882882882882747e+00 4.042958551549261648e-01
6.143143143143142915e+00 4.045549862898557558e-01
6.153403403403403082e+00 4.048139705273343658e-01
6.163663663663663250e+00 4.050728062982599798e-01
6.173923923923923418e+00 4.053314920273524136e-01
6.184184184184183586e+00 4.055900261331626955e-01
6.194444444444443754e+00 4.058484070280834466e-01
6.204704704704704810e+00 4.061066331183613154e-01
6.214964964964964977e+00 4.063647028041025289e-01
6.225225225225225145e+00 4.066226144792902120e-01
6.235485485485485313e+00 4.068803665317929363e-01
6.245745745745745481e+00 4.071379573433740462e-01
6.256006006006005649e+00 4.073953852897089223e-01
6.266266266266265816e+00 4.076526487403933641e-01
6.276526526526525984e+00 4.079097460589534152e-01
6.286786786786786152e+00 4.081666756028672904e-01
6.297047047047046320e+00 4.084234357235672075e-01
6.307307307307307376e+00 4.086800247664622021e-01
6.317567567567567544e+00 4.089364410709452335e-01
6.327827827827827711e+00 4.091926829704107815e-01
6.338088088088087879e+00 4.094487487922666147e-01
6.348348348348348047e+00 4.097046368579504438e-01
6.358608608608608215e+00 4.099603454829430227e-01
6.368868868868868383e+00 4.102158729767837464e-01
6.379129129129128550e+00 4.104712176430851400e-01
6.389389389389388718e+00 4.107263777795510107e-01
6.399649649649649774e+00 4.109813516779896037e-01
6.409909909909909942e+00 4.112361376243313660e-01
6.420170170170170110e+00 4.114907338986436569e-01
6.430430430430430278e+00 4.117451387751506209e-01
6.440690690690690445e+00 4.119993505222467878e-01
6.450950950950950613e+00 4.122533674025176675e-01
6.461211211211210781e+00 4.125071876727536835e-01
6.471471471471470949e+00 4.127608095839735425e-01
6.481731731731731116e+00 4.130142313814363364e-01
6.491991991991991284e+00 4.132674513046646902e-01
6.502252252252252340e+00 4.135204675874609159e-01
6.512512512512512508e+00 4.137732784579289391e-01
6.522772772772772676e+00 4.140258821384906196e-01
6.533033033033032844e+00 4.142782768459079001e-01
6.543293293293293011e+00 4.145304607913017914e-01
6.553553553553553179e+00 4.147824321801730774e-01
6.563813813813813347e+00 4.150341892124226328e-01
6.574074074074073515e+00 4.152857300823737940e-01
6.584334334334333683e+00 4.155370529787901224e-01
6.594594594594593850e+00 4.157881560849030489e-01
6.604854854854854906e+00 4.160390375784278061e-01
6.615115115115115074e+00 4.162896956315880748e-01
6.625375375375375242e+00 4.165401284111406310e-01
6.635635635635635410e+00 4.167903340783927213e-01
6.645895895895895578e+00 4.170403107892315386e-01
6.656156156156155745e+00 4.172900566941437628e-01
6.666416416416415913e+00 4.175395699382391523e-01
6.676676676676676081e+00 4.177888486612776342e-01
6.686936936936936249e+00 4.180378909976902868e-01
6.697197197197197305e+00 4.182866950766067626e-01
6.707457457457457473e+00 4.185352590218787139e-01
6.717717717717717640e+00 4.187835809521044395e-01
6.727977977977977808e+00 4.190316589806573067e-01
6.738238238238237976e+00 4.192794912157089549e-01
6.748498498498498144e+00 4.195270757602571621e-01
6.758758758758758312e+00 4.197744107121508805e-01
6.769019019019018479e+00 4.200214941641192135e-01
6.779279279279278647e+00 4.202683242037968392e-01
6.789539539539538815e+00 4.205148989137535431e-01
6.799799799799799871e+00 4.207612163715180320e-01
6.810060060060060039e+00 4.210072746496122398e-01
6.820320320320320207e+00 4.212530718155739762e-01
6.830580580580580374e+00 4.214986059319882905e-01
6.840840840840840542e+00 4.217438750565167260e-01
6.851101101101100710e+00 4.219888772419264078e-01
6.861361361361360878e+00 4.222336105361207403e-01
6.871621621621621046e+00 4.224780729821667191e-01
6.881881881881881213e+00 4.227222626183281817e-01
6.892142142142141381e+00 4.229661774780958949e-01
6.902402402402402437e+00 4.232098155902145331e-01
6.912662662662662605e+00 4.234531749787222021e-01
6.922922922922922773e+00 4.236962536629747533e-01
6.933183183183182940e+00 4.239390496576805889e-01
6.943443443443443108e+00 4.241815609729327474e-01
6.953703703703703276e+00 4.244237856142418774e-01
6.963963963963963444e+00 4.246657215825686560e-01
6.974224224224223612e+00 4.249073668743555410e-01
6.984484484484483779e+00 4.251487194815635751e-01
6.994744744744744835e+00 4.253897773917033054e-01
7.005005005005005003e+00 4.256305385878715319e-01
7.015265265265265171e+00 4.258710010487823383e-01
7.025525525525525339e+00 4.261111627488044507e-01
7.035785785785785507e+00 4.263510216579971535e-01
7.046046046046045674e+00 4.265905757421432631e-01
7.056306306306305842e+00 4.268298229627850437e-01
7.066566566566566010e+00 4.270687612772636199e-01
7.076826826826826178e+00 4.273073886387498410e-01
7.087087087087086346e+00 4.275457029962856370e-01
7.097347347347347402e+00 4.277837022948213774e-01
7.107607607607607569e+00 4.280213844752480679e-01
7.117867867867867737e+00 4.282587474744380951e-01
7.128128128128127905e+00 4.284957892252864164e-01
7.138388388388388073e+00 4.287325076567425897e-01
7.148648648648648241e+00 4.289689006938524063e-01
7.158908908908908408e+00 4.292049662577991365e-01
7.169169169169168576e+00 4.294407022659385564e-01
7.179429429429428744e+00 4.296761066318387501e-01
7.189689689689688912e+00 4.299111772653259056e-01
7.199949949949949968e+00 4.301459120725145691e-01
7.210210210210210136e+00 4.303803089558562722e-01
7.220470470470470303e+00 4.306143658141768915e-01
7.230730730730730471e+00 4.308480805427195026e-01
7.240990990990990639e+00 4.310814510331816285e-01
7.251251251251250807e+00 4.313144751737609250e-01
7.261511511511510975e+00 4.315471508491977026e-01
7.271771771771771142e+00 4.317794759408118965e-01
7.282032032032031310e+00 4.320114483265524163e-01
7.292292292292292366e+00 4.322430658810341164e-01
7.302552552552552534e+00 4.324743264755848693e-01
7.312812812812812702e+00 4.327052279782888644e-01
7.323073073073072869e+00 4.329357682540279084e-01
7.333333333333333037e+00 4.331659451645253900e-01
7.343593593593593205e+00 4.333957565683959623e-01
7.353853853853853373e+00 4.336252003211833461e-01
7.364114114114113541e+00 4.338542742754095682e-01
7.374374374374373708e+00 4.340829762806190928e-01
7.384634634634633876e+00 4.343113041834237298e-01
7.394894894894894932e+00 4.345392558275506523e-01
7.405155155155155100e+00 4.347668290538844738e-01
7.415415415415415268e+00 4.349940217005184295e-01
7.425675675675675436e+00 4.352208316027980639e-01
7.435935935935935603e+00 4.354472565933700801e-01
7.446196196196195771e+00 4.356732945022270265e-01
7.456456456456455939e+00 4.358989431567579231e-01
7.466716716716716107e+00 4.361242003817957791e-01
7.476976976976976275e+00 4.363490639996628340e-01
7.487237237237236442e+00 4.365735318302202406e-01
7.497497497497497498e+00 4.367976016909222992e-01
7.507757757757757666e+00 4.370212713968560370e-01
7.518018018018017834e+00 4.372445387607981626e-01
7.528278278278278002e+00 4.374674015932586979e-01
7.538538538538538170e+00 4.376898577025393200e-01
7.548798798798798337e+00 4.379119048947722748e-01
7.559059059059058505e+00 4.381335409739812170e-01
7.569319319319318673e+00 4.383547637421232879e-01
7.579579579579578841e+00 4.385755709991494000e-01
7.589839839839839897e+00 4.387959605430447052e-01
7.600100100100100065e+00 4.390159301698903227e-01
7.610360360360360232e+00 4.392354776739081923e-01
7.620620620620620400e+00 4.394546008475153087e-01
7.630880880880880568e+00 4.396732974813776784e-01
7.641141141141140736e+00 4.398915653644598911e-01
7.651401401401400904e+00 4.401094022840795761e-01
7.661661661661661071e+00 4.403268060259618588e-01
7.671921921921921239e+00 4.405437743742899315e-01
7.682182182182181407e+00 4.407603051117605641e-01
7.692442442442442463e+00 4.409763960196381172e-01
7.702702702702702631e+00 4.411920448778057224e-01
7.712962962962962798e+00 4.414072494648250133e-01
7.723223223223222966e+00 4.416220075579844195e-01
7.733483483483483134e+00 4.418363169333621165e-01
7.743743743743743302e+00 4.420501753658704347e-01
7.754004004004003470e+00 4.422635806293218619e-01
7.764264264264263637e+00 4.424765304964778934e-01
7.774524524524523805e+00 4.426890227391066523e-01
7.784784784784783973e+00 4.429010551280405661e-01
7.795045045045045029e+00 4.431126254332318215e-01
7.805305305305305197e+00 4.433237314238071547e-01
7.815565565565565365e+00 4.435343708681263042e-01
7.825825825825825532e+00 4.437445415338398536e-01
7.836086086086085700e+00 4.439542411879456862e-01
7.846346346346345868e+00 4.441634675968442192e-01
7.856606606606606036e+00 4.443722185264005753e-01
7.866866866866866204e+00 4.445804917419979296e-01
7.877127127127126371e+00 4.447882850086010698e-01
7.887387387387387427e+00 4.449955960908099639e-01
7.897647647647647595e+00 4.452024227529172706e-01
7.907907907907907763e+00 4.454087627589742859e-01
7.918168168168167931e+00 4.456146138728449002e-01
7.928428428428428099e+00 4.458199738582625526e-01
7.938688688688688266e+00 4.460248404788961230e-01
7.948948948948948434e+00 4.462292114984052205e-01
7.959209209209208602e+00 4.464330846805006359e-01
7.969469469469468770e+00 4.466364577890036269e-01
7.979729729729728938e+00 4.468393285879104226e-01
7.989989989989989994e+00 4.470416948414462910e-01
8.000250250250250161e+00 4.472435543141312642e-01
8.010510510510510329e+00 4.474449047708407012e-01
8.020770770770770497e+00 4.476457439768621871e-01
8.031031031031030665e+00 4.478460696979604250e-01
8.041291291291290833e+00 4.480458797004385207e-01
8.051551551551551000e+00 4.482451717511981570e-01
8.061811811811811168e+00 4.484439436178010441e-01
8.072072072072071336e+00 4.486421930685347559e-01
8.082332332332331504e+00 4.488399178724674088e-01
8.092592592592591672e+00 4.490371157995193818e-01
8.102852852852851839e+00 4.492337846205161633e-01
8.113113113113112007e+00 4.494299221072607931e-01
8.123373373373372175e+00 4.496255260325861536e-01
8.133633633633632343e+00 4.498205941704283561e-01
8.143893893893892511e+00 4.500151242958805309e-01
8.154154154154152678e+00 4.502091141852642142e-01
8.164414414414412846e+00 4.504025616161873025e-01
8.174674674674673014e+00 4.505954643676086668e-01
8.184934934934934958e+00 4.507878202199039896e-01
8.195195195195195126e+00 4.509796269549271042e-01
8.205455455455455294e+00 4.511708823560766080e-01
8.215715715715715461e+00 4.513615842083563146e-01
8.225975975975975629e+00 4.515517302984459747e-01
8.236236236236235797e+00 4.517413184147570648e-01
8.246496496496495965e+00 4.519303463475038418e-01
8.256756756756756133e+00 4.521188118887660701e-01
8.267017017017016300e+00 4.523067128325541364e-01
8.277277277277276468e+00 4.524940469748732208e-01
8.287537537537538412e+00 4.526808121137893548e-01
8.297797797797798580e+00 4.528670060494939253e-01
8.308058058058058748e+00 4.530526265843687339e-01
8.318318318318318916e+00 4.532376715230526099e-01
8.328578578578579084e+00 4.534221386725060254e-01
8.338838838838839251e+00 4.536060258420752112e-01
8.349099099099099419e+00 4.537893308435620998e-01
8.359359359359359587e+00 4.539720514912874982e-01
8.369619619619619755e+00 4.541541856021535928e-01
8.379879879879879923e+00 4.543357309957182233e-01
8.390140140140140090e+00 4.545166854942530588e-01
8.400400400400400258e+00 4.546970469228152067e-01
8.410660660660660426e+00 4.548768131093089417e-01
8.420920920920920594e+00 4.550559818845549276e-01
8.431181181181180762e+00 4.552345510823591623e-01
8.441441441441440929e+00 4.554125185395714870e-01
8.451701701701701097e+00 4.555898820961609141e-01
8.461961961961961265e+00 4.557666395952775784e-01
8.472222222222221433e+00 4.559427888833193498e-01
8.482482482482481601e+00 4.561183278099996685e-01
8.492742742742741768e+00 4.562932542284179327e-01
8.503003003003001936e+00 4.564675659951162312e-01
8.513263263263262104e+00 4.566412609701592240e-01
8.523523523523522272e+00 4.568143370171901529e-01
8.533783783783784216e+00 4.569867920035065589e-01
8.544044044044044384e+00 4.571586238001184022e-01
8.554304304304304551e+00 4.573298302818245009e-01
8.564564564564564719e+00 4.575004093272732608e-01
8.574824824824824887e+00 4.576703588190305094e-01
8.585085085085085055e+00 4.578396766436522713e-01
8.595345345345345223e+00 4.580083606917424999e-01
8.605605605605605390e+00 4.581764088580302374e-01
8.615865865865865558e+00 4.583438190414283464e-01
8.626126126126125726e+00 4.585105891451076721e-01
8.636386386386385894e+00 4.586767170765588819e-01
8.646646646646646062e+00 4.588422007476650744e-01
8.656906906906906229e+00 4.590070380747636181e-01
8.667167167167166397e+00 4.591712269787175948e-01
8.677427427427426565e+00 4.593347653849806367e-01
8.687687687687686733e+00 4.594976512236669808e-01
8.697947947947946901e+00 4.596598824296151409e-01
8.708208208208207068e+00 4.598214569424587950e-01
8.718468468468467236e+00 4.599823727066898460e-01
8.728728728728729180e+00 4.601426276717306418e-01
8.738988988988989348e+00 4.603022197919971470e-01
8.749249249249249516e+00 4.604611470269686646e-01
8.759509509509509684e+00 4.606194073412532841e-01
8.769769769769769852e+00 4.607769987046546611e-01
8.780030030030030019e+00 4.609339190922462359e-01
8.790290290290290187e+00 4.610901664844213599e-01
8.800550550550550355e+00 4.612457388669832792e-01
8.810810810810810523e+00 4.614006342311908759e-01
8.821071071071070691e+00 4.615548505738391039e-01
8.831331331331330858e+00 4.617083858973199950e-01
8.841591591591591026e+00 4.618612382096915492e-01
8.851851851851851194e+00 4.620134055247444027e-01
8.862112112112111362e+00 4.621648858620663880e-01
8.872372372372371530e+00 4.623156772471108122e-01
8.882632632632631697e+00 4.624657777112649026e-01
8.892892892892891865e+00 4.626151852919106466e-01
8.903153153153152033e+00 4.627638980324999540e-01
8.913413413413412201e+00 4.629119139826097795e-01
8.923673673673672369e+00 4.630592311980178399e-01
8.933933933933934313e+00 4.632058477407637320e-01
8.944194194194194480e+00 4.633517616792175442e-01
8.954454454454454648e+00 4.634969710881423066e-01
8.964714714714714816e+00 4.636414740487656561e-01
8.974974974974974984e+00 4.637852686488364018e-01
8.985235235235235152e+00 4.639283529827011865e-01
8.995495495495495319e+00 4.640707251513602749e-01
9.005755755755755487e+00 4.642123832625393298e-01
9.016016016016015655e+00 4.643533254307508074e-01
9.026276276276275823e+00 4.644935497773636790e-01
9.036536536536535991e+00 4.646330544306584431e-01
9.046796796796796158e+00 4.647718375259070611e-01
9.057057057057056326e+00 4.649098972054236945e-01
9.067317317317316494e+00 4.650472316186375354e-01
9.077577577577576662e+00 4.651838389221528702e-01
9.087837837837836830e+00 4.653197172798201886e-01
9.098098098098096997e+00 4.654548648627866991e-01
9.108358358358357165e+00 4.655892798495775975e-01
9.118618618618617333e+00 4.657229604261448608e-01
9.128878878878879277e+00 4.658559047859406332e-01
9.139139139139139445e+00 4.659881111299786771e-01
9.149399399399399613e+00 4.661195776668918267e-01
9.159659659659659781e+00 4.662503026130041528e-01
9.169919919919919948e+00 4.663802841923867515e-01
9.180180180180180116e+00 4.665095206369250236e-01
9.190440440440440284e+00 4.666380101863785712e-01
9.200700700700700452e+00 4.667657510884455907e-01
9.210960960960960620e+00 4.668927415988224361e-01
9.221221221221220787e+00 4.670189799812697884e-01
9.231481481481480955e+00 4.671444645076692770e-01
9.241741741741741123e+00 4.672691934580923134e-01
9.252002002002001291e+00 4.673931651208526605e-01
9.262262262262261459e+00 4.675163777925733788e-01
9.272522522522521626e+00 4.676388297782503312e-01
9.282782782782781794e+00 4.677605193913045856e-01
9.293043043043041962e+00 4.678814449536503606e-01
9.303303303303302130e+00 4.680016047957522018e-01
9.313563563563562298e+00 4.681209972566849897e-01
9.323823823823824242e+00 4.682396206841961117e-01
9.334084084084084409e+00 4.683574734347635826e-01
9.344344344344344577e+00 4.684745538736539427e-01
9.354604604604604745e+00 4.685908603749850410e-01
9.364864864864864913e+00 4.687063913217809907e-01
9.375125125125125081e+00 4.688211451060351198e-01
9.385385385385385248e+00 4.689351201287640936e-01
9.395645645645645416e+00 4.690483148000704205e-01
9.405905905905905584e+00 4.691607275391962428e-01
9.416166166166165752e+00 4.692723567745848423e-01
9.426426426426425920e+00 4.693832009439347641e-01
9.436686686686686087e+00 4.694932584942588250e-01
9.446946946946946255e+00 4.696025278819428994e-01
9.457207207207206423e+00 4.697110075727946032e-01
9.467467467467466591e+00 4.698186960421118497e-01
9.477727727727726759e+00 4.699255917747284239e-01
9.487987987987986926e+00 4.700316932650753787e-01
9.498248248248247094e+00 4.701369990172339919e-01
9.508508508508507262e+00 4.702415075449906112e-01
9.518768768768767430e+00 4.703452173718956630e-01
9.529029029029029374e+00 4.704481270313115582e-01
9.539289289289289542e+00 4.705502350664755862e-01
9.549549549549549710e+00 4.706515400305437136e-01
9.559809809809809877e+00 4.707520404866519792e-01
9.570070070070070045e+00 4.708517350079688413e-01
9.580330330330330213e+00 4.709506221777431390e-01
9.590590590590590381e+00 4.710487005893638779e-01
9.600850850850850549e+00 4.711459688464088025e-01
9.611111111111110716e+00 4.712424255626950775e-01
9.621371371371370884e+00 4.713380693623331896e-01
9.631631631631631052e+00 4.714328988797800712e-01
9.641891891891891220e+00 4.715269127598854526e-01
9.652152152152151388e+00 4.716201096579470398e-01
9.662412412412411555e+00 4.717124882397587537e-01
9.672672672672671723e+00 4.718040471816629666e-01
9.682932932932931891e+00 4.718947851705946328e-01
9.693193193193192059e+00 4.719847009041374664e-01
9.703453453453452227e+00 4.720737930905691271e-01
9.713713713713712394e+00 4.721620604489101813e-01
9.723973973973974338e+00 4.722495017089749503e-01
9.734234234234234506e+00 4.723361156114160297e-01
9.744494494494494674e+00 4.724219009077706422e-01
9.754754754754754842e+00 4.725068563605162031e-01
9.765015015015015010e+00 4.725909807431072363e-01
9.775275275275275177e+00 4.726742728400279980e-01
9.785535535535535345e+00 4.727567314468351656e-01
9.795795795795795513e+00 4.728383553702059650e-01
9.806056056056055681e+00 4.729191434279810813e-01
9.816316316316315849e+00 4.729990944492121208e-01
9.826576576576576016e+00 4.730782072742064637e-01
9.836836836836836184e+00 4.731564807545664553e-01
9.847097097097096352e+00 4.732339137532386442e-01
9.857357357357356520e+00 4.733105051445575251e-01
9.867617617617616688e+00 4.733862538142801224e-01
9.877877877877876855e+00 4.734611586596402799e-01
9.888138138138137023e+00 4.735352185893826893e-01
9.898398398398397191e+00 4.736084325238070214e-01
9.908658658658657359e+00 4.736807993948091711e-01
9.918918918918919303e+00 4.737523181459234456e-01
9.929179179179179471e+00 4.738229877323590911e-01
9.939439439439439639e+00 4.738928071210479209e-01
9.949699699699699806e+00 4.739617752906746251e-01
9.959959959959959974e+00 4.740298912317230107e-01
9.970220220220220142e+00 4.740971539465118068e-01
9.980480480480480310e+00 4.741635624492341328e-01
9.990740740740740478e+00 4.742291157659928036e-01
1.000100100100100065e+01 4.742938129348460707e-01
1.001126126126126081e+01 4.743576530058292162e-01
1.002152152152152098e+01 4.744206350410103967e-01
1.003178178178178115e+01 4.744827581145098505e-01
1.004204204204204132e+01 4.745440213125473594e-01
1.005230230230230148e+01 4.746044237334718918e-01
1.006256256256256165e+01 4.746639644877960196e-01
1.007282282282282182e+01 4.747226426982351088e-01
1.008308308308308199e+01 4.747804574997352423e-01
1.009334334334334216e+01 4.748374080395127983e-01
1.010360360360360232e+01 4.748934934770830396e-01
1.011386386386386249e+01 4.749487129842932531e-01
1.012412412412412444e+01 4.750030657453557792e-01
1.013438438438438460e+01 4.750565509568827616e-01
1.014464464464464477e+01 4.751091678279092401e-01
1.015490490490490494e+01 4.751609155799351170e-01
1.016516516516516511e+01 4.752117934469427540e-01
1.017542542542542527e+01 4.752618006754391611e-01
1.018568568568568544e+01 4.753109365244761464e-01
1.019594594594594561e+01 4.753592002656841786e-01
1.020620620620620578e+01 4.754065911832976998e-01
1.021646646646646595e+01 4.754531085741848240e-01
1.022672672672672611e+01 4.754987517478763692e-01
1.023698698698698628e+01 4.755435200265880069e-01
1.024724724724724645e+01 4.755874127452517919e-01
1.025750750750750662e+01 4.756304292515390886e-01
1.026776776776776678e+01 4.756725689058879381e-01
1.027802802802802695e+01 4.757138310815245963e-01
1.028828828828828712e+01 4.757542151644929551e-01
1.029854854854854729e+01 4.757937205536773573e-01
1.030880880880880746e+01 4.758323466608194718e-01
1.031906906906906940e+01 4.758700929105538768e-01
1.032932932932932957e+01 4.759069587404165524e-01
1.033958958958958974e+01 4.759429436008809633e-01
1.034984984984984990e+01 4.759780469553683280e-01
1.036011011011011007e+01 4.760122682802719329e-01
1.037037037037037024e+01 4.760456070649804472e-01
1.038063063063063041e+01 4.760780628118996827e-01
1.039089089089089057e+01 4.761096350364592000e-01
1.040115115115115074e+01 4.761403232671520547e-01
1.041141141141141091e+01 4.761701270455334645e-01
1.042167167167167108e+01 4.761990459262510633e-01
1.043193193193193125e+01 4.762270794770589455e-01
1.044219219219219141e+01 4.762542272788350961e-01
1.045245245245245158e+01 4.762804889255936036e-01
1.046271271271271175e+01 4.763058640245086406e-01
1.047297297297297192e+01 4.763303521959192932e-01
1.048323323323323208e+01 4.763539530733596483e-01
1.049349349349349225e+01 4.763766663035603477e-01
1.050375375375375242e+01 4.763984915464636316e-01
1.051401401401401436e+01 4.764194284752436559e-01
1.052427427427427453e+01 4.764394767763098226e-01
1.053453453453453470e+01 4.764586361493339806e-01
1.054479479479479487e+01 4.764769063072454847e-01
1.055505505505505504e+01 4.764942869762497923e-01
1.056531531531531520e+01 4.765107778958450613e-01
1.057557557557557537e+01 4.765263788188234817e-01
1.058583583583583554e+01 4.765410895112819345e-01
1.059609609609609571e+01 4.765549097526378119e-01
1.060635635635635587e+01 4.765678393356314602e-01
1.061661661661661604e+01 4.765798780663375589e-01
1.062687687687687621e+01 4.765910257641704506e-01
1.063713713713713638e+01 4.766012822618942435e-01
1.064739739739739655e+01 4.766106474056250319e-01
1.065765765765765671e+01 4.766191210548407775e-01
1.066791791791791688e+01 4.766267030823893580e-01
1.067817817817817705e+01 4.766333933744836826e-01
1.068843843843843722e+01 4.766391918307166242e-01
1.069869869869869738e+01 4.766440983640583551e-01
1.070895895895895755e+01 4.766481129008660611e-01
1.071921921921921950e+01 4.766512353808772251e-01
1.072947947947947966e+01 4.766534657572244482e-01
1.073973973973973983e+01 4.766548039964256800e-01
1.075000000000000000e+01 4.766552500783903246e-01
