1.000000000000000021e-02 1.948849474257217857e-47
5.003003003003003712e-02 1.208204349560679592e-27
9.006006006006006537e-02 8.344631475629939844e-22
1.300900900900901214e-01 1.574055159354475185e-18
1.701201201201201496e-01 2.531643585934011607e-16
2.101501501501501779e-01 1.077740344481594823e-14
2.501801801801802339e-01 2.016040137232099796e-13
2.902102102102102621e-01 2.166921933227112241e-12
3.302402402402402903e-01 1.567436041241279758e-11
3.702702702702703186e-01 8.436576306768802664e-11
4.103003003003003468e-01 3.614964252795776281e-10
4.503303303303303751e-01 1.293006635924953637e-09
4.903603603603604588e-01 3.996063828268617354e-09
5.303903903903904871e-01 1.094967905021623482e-08
5.704204204204205153e-01 2.713239471165633748e-08
6.104504504504505435e-01 6.174443970494129548e-08
6.504804804804805718e-01 1.306355100913513141e-07
6.905105105105106000e-01 2.595253930503463801e-07
7.305405405405406283e-01 4.880568680954244670e-07
7.705705705705706565e-01 8.746643327763864451e-07
8.106006006006006848e-01 1.502183615519481025e-06
8.506306306306307130e-01 2.484074216613290105e-06
8.906606606606607413e-01 3.971079396428021193e-06
9.306906906906907695e-01 6.158115281918804818e-06
9.707207207207209088e-01 9.291159144956723822e-06
1.010750750750750937e+00 1.367389950364214167e-05
1.050780780780780965e+00 1.967391588512195806e-05
1.090810810810810993e+00 2.772817233931283346e-05
1.130840840840841022e+00 3.834763398573754227e-05
1.170870870870871050e+00 5.212084766355321643e-05
1.210900900900901078e+00 6.971636378410072451e-05
1.250930930930931106e+00 9.188391455717875508e-05
1.290960960960961135e+00 1.194543019409993284e-04
1.330990990990991163e+00 1.533379853398062474e-04
1.371021021021021191e+00 1.945223929785818372e-04
1.411051051051051219e+00 2.440680110999957954e-04
1.451081081081081248e+00 3.031033310517562002e-04
1.491111111111111276e+00 3.728187556406735350e-04
1.531141141141141304e+00 4.544595827383587005e-04
1.571171171171171332e+00 5.493181961396276800e-04
1.611201201201201361e+00 6.587256013530649792e-04
1.651231231231231389e+00 7.840424477054436670e-04
1.691261261261261417e+00 9.266496782999796445e-04
1.731291291291291445e+00 1.087938946455331308e-03
1.771321321321321474e+00 1.269302931754843784e-03
1.811351351351351502e+00 1.472125681235997643e-03
1.851381381381381530e+00 1.697773092009734544e-03
1.891411411411411558e+00 1.947583641148683533e-03
1.931441441441441809e+00 2.222859457413300585e-03
1.971471471471471837e+00 2.524857817644214630e-03
2.011501501501501643e+00 2.854783138740394667e-03
2.051531531531531449e+00 3.213779524324528181e-03
2.091561561561561700e+00 3.602923913683679993e-03
2.131591591591591506e+00 4.023219869538359472e-03
2.171621621621621756e+00 4.475592030772248923e-03
2.211651651651651562e+00 4.960881246548766964e-03
2.251681681681681813e+00 5.479840399321618018e-03
2.291711711711711619e+00 6.033130916156446977e-03
2.331741741741741869e+00 6.621319960544176826e-03
2.371771771771771675e+00 7.244878290502924402e-03
2.411801801801801926e+00 7.904178763223412840e-03
2.451831831831831732e+00 8.599495461784885039e-03
2.491861861861861982e+00 9.331003415519104408e-03
2.531891891891891788e+00 1.009877888238489181e-02
2.571921921921922038e+00 1.090280015918650841e-02
2.611951951951952289e+00 1.174294888357157139e-02
2.651981981981982095e+00 1.261901179042577634e-02
2.692012012012012345e+00 1.353068288448512450e-02
2.732042042042042151e+00 1.447756599065693969e-02
2.772072072072072402e+00 1.545917764362649341e-02
2.812102102102102208e+00 1.647495027877245513e-02
2.852132132132132458e+00 1.752423568717420554e-02
2.892162162162162264e+00 1.860630869851925828e-02
2.932192192192192515e+00 1.972037105696816325e-02
2.972222222222222321e+00 2.086555545646484947e-02
3.012252252252252571e+00 2.204092970355678305e-02
3.052282282282282377e+00 2.324550097747948157e-02
3.092312312312312628e+00 2.447822015902990228e-02
3.132342342342342434e+00 2.573798620157953521e-02
3.172372372372372684e+00 2.702365051943591071e-02
3.212402402402402490e+00 2.833402137062702303e-02
3.252432432432432741e+00 2.966786821304301033e-02
3.292462462462462547e+00 3.102392601470246522e-02
3.332492492492492797e+00 3.240089950070891567e-02
3.372522522522522603e+00 3.379746732120929992e-02
3.412552552552552854e+00 3.521228612635721872e-02
3.452582582582582660e+00 3.664399453590557604e-02
3.492612612612612910e+00 3.809121699260795829e-02
3.532642642642642716e+00 3.955256749008091016e-02
3.572672672672672967e+00 4.102665316717935690e-02
3.612702702702702773e+00 4.251207776225016804e-02
3.652732732732733023e+00 4.400744492186421664e-02
3.692762762762762829e+00 4.551136135977726371e-02
3.732792792792793080e+00 4.702243986293887235e-02
3.772822822822822886e+00 4.853930214235774310e-02
3.812852852852853136e+00 5.006058152754094825e-02
3.852882882882883386e+00 5.158492550405720245e-02
3.892912912912913193e+00 5.311099809453399823e-02
3.932942942942943443e+00 5.463748208408419210e-02
3.972972972972973249e+00 5.616308109177844260e-02
4.013003003003003499e+00 5.768652149033270254e-02
4.053033033033033306e+00 5.920655417667219922e-02
4.093063063063063112e+00 6.072195619646859888e-02
4.133093093093093806e+00 6.223153222612332058e-02
4.173123123123123612e+00 6.373411591599952020e-02
4.213153153153153418e+00 6.522857109898336225e-02
4.253183183183183225e+00 6.671379286868954483e-02
4.293213213213213919e+00 6.818870853181766001e-02
4.333243243243243725e+00 6.965227843932154939e-02
4.373273273273273531e+00 7.110349670117151188e-02
4.413303303303303338e+00 7.254139178957476342e-02
4.453333333333334032e+00 7.396502703557687741e-02
4.493363363363363838e+00 7.537350102399570373e-02
4.533393393393393644e+00 7.676594789164373211e-02
4.573423423423423451e+00 7.814153753377832412e-02
4.613453453453454145e+00 7.949947572368157300e-02
4.653483483483483951e+00 8.083900415021674779e-02
4.693513513513513757e+00 8.215940037813859731e-02
4.733543543543543564e+00 8.345997773584938606e-02
4.773573573573574258e+00 8.474008513519745711e-02
4.813603603603604064e+00 8.599910682780798066e-02
4.853633633633633870e+00 8.723646210232094411e-02
4.893663663663663677e+00 8.845160492678601216e-02
4.933693693693694371e+00 8.964402354033887410e-02
4.973723723723724177e+00 9.081323999814502890e-02
5.013753753753753983e+00 9.195880967346374557e-02
5.053783783783783790e+00 9.308032072053852579e-02
5.093813813813814484e+00 9.417739350188238101e-02
5.133843843843844290e+00 9.524967998337921515e-02
5.173873873873874096e+00 9.629686310047867737e-02
5.213903903903904791e+00 9.731865609861647948e-02
5.253933933933934597e+00 9.831480185085063328e-02
5.293963963963964403e+00 9.928507215555834597e-02
5.333993993993994209e+00 1.002292670169009359e-01
5.374024024024024904e+00 1.011472139106226603e-01
5.414054054054054710e+00 1.020387670376151495e-01
5.454084084084084516e+00 1.029038065675455388e-01
5.494114114114114322e+00 1.037422378747160784e-01
5.534144144144145017e+00 1.045539907681952568e-01
5.574174174174174823e+00 1.053390187181399845e-01
5.614204204204204629e+00 1.060972980801048599e-01
5.654234234234234435e+00 1.068288273190223514e-01
5.694264264264265130e+00 1.075336262344231270e-01
5.734294294294294936e+00 1.082117351883586515e-01
5.774324324324324742e+00 1.088632143373848421e-01
5.814354354354354548e+00 1.094881428698635528e-01
5.854384384384385243e+00 1.100866182497445833e-01
5.894414414414415049e+00 1.106587554678972879e-01
5.934444444444444855e+00 1.112046863019739568e-01
5.974474474474474661e+00 1.117245585857012391e-01
6.014504504504505356e+00 1.122185354884178698e-01
6.054534534534535162e+00 1.126867948055973595e-01
6.094564564564564968e+00 1.131295282610248337e-01
6.134594594594594774e+00 1.135469408212250036e-01
6.174624624624625469e+00 1.139392500226744653e-01
6.214654654654655275e+00 1.143066853122685633e-01
6.254684684684685081e+00 1.146494874014548082e-01
6.294714714714714887e+00 1.149679076343887857e-01
6.334744744744745581e+00 1.152622073704157452e-01
6.374774774774775388e+00 1.155326573811339824e-01
6.414804804804805194e+00 1.157795372622463653e-01
6.454834834834835888e+00 1.160031348603663137e-01
6.494864864864865694e+00 1.162037457149010522e-01
6.534894894894895501e+00 1.163816725150993298e-01
6.574924924924925307e+00 1.165372245723132194e-01
6.614954954954956001e+00 1.166707173074919973e-01
6.654984984984985807e+00 1.167824717538942514e-01
6.695015015015015614e+00 1.168728140749773214e-01
6.735045045045045420e+00 1.169420750973949041e-01
6.775075075075076114e+00 1.169905898590109655e-01
6.815105105105105920e+00 1.170186971718146923e-01
6.855135135135135727e+00 1.170267391996012846e-01
6.895165165165165533e+00 1.170150610502639910e-01
6.935195195195196227e+00 1.169840103825262184e-01
6.975225225225226033e+00 1.169339370269264072e-01
7.015255255255255840e+00 1.168651926208548741e-01
7.055285285285285646e+00 1.167781302574287666e-01
7.095315315315316340e+00 1.166731041479798642e-01
7.135345345345346146e+00 1.165504692979204560e-01
7.175375375375375953e+00 1.164105811957430320e-01
7.215405405405405759e+00 1.162537955149018504e-01
7.255435435435436453e+00 1.160804678283183650e-01
7.295465465465466259e+00 1.158909533352460164e-01
7.335495495495496066e+00 1.156856066002251437e-01
7.375525525525525872e+00 1.154647813038557069e-01
7.415555555555556566e+00 1.152288300051111797e-01
7.455585585585586372e+00 1.149781039149155443e-01
7.495615615615616179e+00 1.147129526807030564e-01
7.535645645645645985e+00 1.144337241816802131e-01
7.575675675675676679e+00 1.141407643345074552e-01
7.615705705705706485e+00 1.138344169091204949e-01
7.655735735735736291e+00 1.135150233544098136e-01
7.695765765765766986e+00 1.131829226334790245e-01
7.735795795795796792e+00 1.128384510682044345e-01
7.775825825825826598e+00 1.124819421928200808e-01
7.815855855855856404e+00 1.121137266162540308e-01
7.855885885885887099e+00 1.117341318929463145e-01
7.895915915915916905e+00 1.113434824018801478e-01
7.935945945945946711e+00 1.109420992335619222e-01
7.975975975975976517e+00 1.105303000846897948e-01
8.016006006006007212e+00 1.101083991602531675e-01
8.056036036036037018e+00 1.096767070828106871e-01
8.096066066066066824e+00 1.092355308086974119e-01
8.136096096096096630e+00 1.087851735509168388e-01
8.176126126126126437e+00 1.083259347084778723e-01
8.216156156156156243e+00 1.078581098019410489e-01
8.256186186186187825e+00 1.073819904149433679e-01
8.296216216216217632e+00 1.068978641414760622e-01
8.336246246246247438e+00 1.064060145386932638e-01
8.376276276276277244e+00 1.059067210850364038e-01
8.416306306306307050e+00 1.054002591434625435e-01
8.456336336336336856e+00 1.048868999295701210e-01
8.496366366366366663e+00 1.043669104844209689e-01
8.536396396396396469e+00 1.038405536518626771e-01
8.576426426426428051e+00 1.033080880601589813e-01
8.616456456456457857e+00 1.027697681077429787e-01
8.656486486486487664e+00 1.022258439529104140e-01
8.696516516516517470e+00 1.016765615072781626e-01
8.736546546546547276e+00 1.011221624328346863e-01
8.776576576576577082e+00 1.005628841424170278e-01
8.816606606606606888e+00 9.999895980345167856e-02
8.856636636636636695e+00 9.943061834480242112e-02
8.896666666666668277e+00 9.885808446657262660e-02
8.936696696696698083e+00 9.828157865271425209e-02
8.976726726726727890e+00 9.770131718630029050e-02
9.016756756756757696e+00 9.711751216732152081e-02
9.056786786786787502e+00 9.653037153287388761e-02
9.096816816816817308e+00 9.594009907960626693e-02
9.136846846846847114e+00 9.534689448830237224e-02
9.176876876876878697e+00 9.475095335047621636e-02
9.216906906906908503e+00 9.415246719686329313e-02
9.256936936936938309e+00 9.355162352769376410e-02
9.296966966966968116e+00 9.294860584463902897e-02
9.336996996996997922e+00 9.234359368432547288e-02
9.377027027027027728e+00 9.173676265331415225e-02
9.417057057057057534e+00 9.112828446444770636e-02
9.457087087087087340e+00 9.051832697447088905e-02
9.497117117117118923e+00 8.990705422283298831e-02
9.537147147147148729e+00 8.929462647158514788e-02
9.577177177177178535e+00 8.868120024628819986e-02
9.617207207207208342e+00 8.806692837785035088e-02
9.657237237237238148e+00 8.745196004521658961e-02
9.697267267267267954e+00 8.683644081883595822e-02
9.737297297297297760e+00 8.622051270483414853e-02
9.777327327327327566e+00 8.560431418982360208e-02
9.817357357357359149e+00 8.498798028628470891e-02
9.857387387387388955e+00 8.437164257845562731e-02
9.897417417417418761e+00 8.375542926866944016e-02
9.937447447447448567e+00 8.313946522408212358e-02
9.977477477477478374e+00 8.252387202373487329e-02
1.001750750750750818e+01 8.190876800589924622e-02
1.005753753753753799e+01 8.129426831565314537e-02
1.009756756756756779e+01 8.068048495264137920e-02
1.013759759759759937e+01 8.006752681897348622e-02
1.017762762762762918e+01 7.945549976721578977e-02
1.021765765765765899e+01 7.884450664843599410e-02
1.025768768768768879e+01 7.823464736026054800e-02
1.029771771771771860e+01 7.762601889490743090e-02
1.033774774774774841e+01 7.701871538715830690e-02
1.037777777777777821e+01 7.641282816223651797e-02
1.041780780780780979e+01 7.580844578355817875e-02
1.045783783783783960e+01 7.520565410032671594e-02
1.049786786786786941e+01 7.460453629494102901e-02
1.053789789789789921e+01 7.400517293019122367e-02
1.057792792792792902e+01 7.340764199621520325e-02
1.061795795795795883e+01 7.281201895719249806e-02
1.065798798798798863e+01 7.221837679775226781e-02
1.069801801801801844e+01 7.162678606907423029e-02
1.073804804804805002e+01 7.103731493466194924e-02
1.077807807807807983e+01 7.045002921577055155e-02
1.081810810810810963e+01 6.986499243646988877e-02
1.085813813813813944e+01 6.928226586832805789e-02
1.089816816816816925e+01 6.870190857469894719e-02
1.093819819819819905e+01 6.812397745459998488e-02
1.097822822822822886e+01 6.754852728616667079e-02
1.101825825825825866e+01 6.697561076967212257e-02
1.105828828828829025e+01 6.640527857009936863e-02
1.109831831831832005e+01 6.583757935925725613e-02
1.113834834834834986e+01 6.527255985742946853e-02
1.117837837837837967e+01 6.471026487454868692e-02
1.121840840840840947e+01 6.415073735088758222e-02
1.125843843843843928e+01 6.359401839725989380e-02
1.129846846846846908e+01 6.304014733472522447e-02
1.133849849849849889e+01 6.248916173379152894e-02
1.137852852852853047e+01 6.194109745311101450e-02
1.141855855855856028e+01 6.139598867766471457e-02
1.145858858858859008e+01 6.085386795643173835e-02
1.149861861861861989e+01 6.031476623954079574e-02
1.153864864864864970e+01 5.977871291490117339e-02
1.157867867867867950e+01 5.924573584431055973e-02
1.161870870870870931e+01 5.871586139903921253e-02
1.165873873873874089e+01 5.818911449488840121e-02
1.169876876876877070e+01 5.766551862672363721e-02
1.173879879879880050e+01 5.714509590248106896e-02
1.177882882882883031e+01 5.662786707664894947e-02
1.181885885885886012e+01 5.611385158322369782e-02
1.185888888888888992e+01 5.560306756814179657e-02
1.189891891891891973e+01 5.509553192118928772e-02
1.193894894894894954e+01 5.459126030738999102e-02
1.197897897897898112e+01 5.409026719787492915e-02
1.201900900900901092e+01 5.359256590023519368e-02
1.205903903903904073e+01 5.309816858836025055e-02
1.209906906906907054e+01 5.260708633176573723e-02
1.213909909909910034e+01 5.211932912441220866e-02
1.217912912912913015e+01 5.163490591302005717e-02
1.221915915915915996e+01 5.115382462488232002e-02
1.225918918918918976e+01 5.067609219518023900e-02
1.229921921921922134e+01 5.020171459380549928e-02
1.233924924924925115e+01 4.973069685169238113e-02
1.237927927927928096e+01 4.926304308666509812e-02
1.241930930930931076e+01 4.879875652880414499e-02
1.245933933933934057e+01 4.833783954533648480e-02
1.249936936936937038e+01 4.788029366505397455e-02
1.253939939939940018e+01 4.742611960226524731e-02
1.257942942942942999e+01 4.697531728028568609e-02
1.261945945945946157e+01 4.652788585447052011e-02
1.265948948948949138e+01 4.608382373479631700e-02
1.269951951951952118e+01 4.564312860799589477e-02
1.273954954954955099e+01 4.520579745925196874e-02
1.277957957957958079e+01 4.477182659345503579e-02
1.281960960960961060e+01 4.434121165603064491e-02
1.285963963963964041e+01 4.391394765334164646e-02
1.289966966966967199e+01 4.349002897267074258e-02
1.293969969969970180e+01 4.306944940178928510e-02
1.297972972972973160e+01 4.265220214811722699e-02
1.301975975975976141e+01 4.223827985748044439e-02
1.305978978978979121e+01 4.182767463247062667e-02
1.309981981981982102e+01 4.142037805041359072e-02
1.313984984984985083e+01 4.101638118095154301e-02
1.317987987987988063e+01 4.061567460324483347e-02
1.321990990990991222e+01 4.021824842279899531e-02
1.325993993993994202e+01 3.982409228792289924e-02
1.329996996996997183e+01 3.943319540582278931e-02
1.334000000000000163e+01 3.904554655833914617e-02
1.338003003003003144e+01 3.866113411733076988e-02
1.342006006006006125e+01 3.827994605971226511e-02
1.346009009009009105e+01 3.790196998215043800e-02
1.350012012012012086e+01 3.752719311542493386e-02
1.354015015015015244e+01 3.715560233845895816e-02
1.358018018018018225e+01 3.678718419202500062e-02
1.362021021021021205e+01 3.642192489213159218e-02
1.366024024024024186e+01 3.605981034309626437e-02
1.370027027027027167e+01 3.570082615030979040e-02
1.374030030030030147e+01 3.534495763269759200e-02
1.378033033033033128e+01 3.499218983488307233e-02
1.382036036036036108e+01 3.464250753905849523e-02
1.386039039039039267e+01 3.429589527656821957e-02
1.390042042042042247e+01 3.395233733920995089e-02
1.394045045045045228e+01 3.361181779025848582e-02
1.398048048048048209e+01 3.327432047521757669e-02
1.402051051051051189e+01 3.293982903230437131e-02
1.406054054054054170e+01 3.260832690267204126e-02
1.410057057057057150e+01 3.227979734037462328e-02
1.414060060060060309e+01 3.195422342207963895e-02
1.418063063063063289e+01 3.163158805653309286e-02
1.422066066066066270e+01 3.131187399378108221e-02
1.426069069069069251e+01 3.099506383415349259e-02
1.430072072072072231e+01 3.068114003701390494e-02
1.434075075075075212e+01 3.037008492927990508e-02
1.438078078078078192e+01 3.006188071371945075e-02
1.442081081081081173e+01 2.975650947702630084e-02
1.446084084084084331e+01 2.945395319767992598e-02
1.450087087087087312e+01 2.915419375359396340e-02
1.454090090090090293e+01 2.885721292955694545e-02
1.458093093093093273e+01 2.856299242447032580e-02
1.462096096096096254e+01 2.827151385838738706e-02
1.466099099099099234e+01 2.798275877935731126e-02
1.470102102102102215e+01 2.769670867007815659e-02
1.474105105105105196e+01 2.741334495436335839e-02
1.478108108108108354e+01 2.713264900342466854e-02
1.482111111111111335e+01 2.685460214197642193e-02
1.486114114114114315e+01 2.657918565416412388e-02
1.490117117117117296e+01 2.630638078932127227e-02
1.494120120120120276e+01 2.603616876755858456e-02
1.498123123123123257e+01 2.576853078518833232e-02
1.502126126126126238e+01 2.550344801998819660e-02
1.506129129129129218e+01 2.524090163630747508e-02
1.510132132132132377e+01 2.498087279001954403e-02
1.514135135135135357e+01 2.472334263332371523e-02
1.518138138138138338e+01 2.446829231939966209e-02
1.522141141141141318e+01 2.421570300691818986e-02
1.526144144144144299e+01 2.396555586441107000e-02
1.530147147147147280e+01 2.371783207450301953e-02
1.534150150150150260e+01 2.347251283800969729e-02
1.538153153153153418e+01 2.322957937790361485e-02
1.542156156156156399e+01 2.298901294315203528e-02
1.546159159159159380e+01 2.275079481242898646e-02
1.550162162162162360e+01 2.251490629770483767e-02
1.554165165165165341e+01 2.228132874771586447e-02
1.558168168168168322e+01 2.205004355131677182e-02
1.562171171171171302e+01 2.182103214071912101e-02
1.566174174174174283e+01 2.159427599461768987e-02
1.570177177177177441e+01 2.136975664120821169e-02
1.574180180180180422e+01 2.114745566109837646e-02
1.578183183183183402e+01 2.092735469011517552e-02
1.582186186186186383e+01 2.070943542201057752e-02
1.586189189189189364e+01 2.049367961106834252e-02
1.590192192192192344e+01 2.028006907461436109e-02
1.594195195195195325e+01 2.006858569543245804e-02
1.598198198198198305e+01 1.985921142408846041e-02
1.602201201201201641e+01 1.965192828116449353e-02
1.606204204204204444e+01 1.944671835940586097e-02
1.610207207207207603e+01 1.924356382578239211e-02
1.614210210210210406e+01 1.904244692346692205e-02
1.618213213213213564e+01 1.884334997373224643e-02
1.622216216216216722e+01 1.864625537776946895e-02
1.626219219219219525e+01 1.845114561842888662e-02
1.630222222222222683e+01 1.825800326188583081e-02
1.634225225225225486e+01 1.806681095923360833e-02
1.638228228228228645e+01 1.787755144800459370e-02
1.642231231231231448e+01 1.769020755362236269e-02
1.646234234234234606e+01 1.750476219078574494e-02
1.650237237237237764e+01 1.732119836478723113e-02
1.654240240240240567e+01 1.713949917276714682e-02
1.658243243243243725e+01 1.695964780490510568e-02
1.662246246246246528e+01 1.678162754555101444e-02
1.666249249249249686e+01 1.660542177429647978e-02
1.670252252252252489e+01 1.643101396698892422e-02
1.674255255255255648e+01 1.625838769668933384e-02
1.678258258258258806e+01 1.608752663457574048e-02
1.682261261261261609e+01 1.591841455079341661e-02
1.686264264264264767e+01 1.575103531525347614e-02
1.690267267267267570e+01 1.558537289838152380e-02
1.694270270270270728e+01 1.542141137181716679e-02
1.698273273273273531e+01 1.525913490906647720e-02
1.702276276276276690e+01 1.509852778610795525e-02
1.706279279279279493e+01 1.493957438195406967e-02
1.710282282282282651e+01 1.478225917916901888e-02
1.714285285285285809e+01 1.462656676434437829e-02
1.718288288288288612e+01 1.447248182853362077e-02
1.722291291291291770e+01 1.431998916764675583e-02
1.726294294294294573e+01 1.416907368280637299e-02
1.730297297297297732e+01 1.401972038066590619e-02
1.734300300300300535e+01 1.387191437369186993e-02
1.738303303303303693e+01 1.372564088041013097e-02
1.742306306306306851e+01 1.358088522561849698e-02
1.746309309309309654e+01 1.343763284056560293e-02
1.750312312312312812e+01 1.329586926309764966e-02
1.754315315315315615e+01 1.315558013777416539e-02
1.758318318318318774e+01 1.301675121595300202e-02
1.762321321321321577e+01 1.287936835584630596e-02
1.766324324324324735e+01 1.274341752254807419e-02
1.770327327327327538e+01 1.260888478803392360e-02
1.774330330330330696e+01 1.247575633113453056e-02
1.778333333333333854e+01 1.234401843748305846e-02
1.782336336336336657e+01 1.221365749943776301e-02
1.786339339339339816e+01 1.208466001598026800e-02
1.790342342342342619e+01 1.195701259259093589e-02
1.794345345345345777e+01 1.183070194110106416e-02
1.798348348348348580e+01 1.170571487952393012e-02
1.802351351351351738e+01 1.158203833186425245e-02
1.806354354354354896e+01 1.145965932790765814e-02
1.810357357357357699e+01 1.133856500299042572e-02
1.814360360360360858e+01 1.121874259775021074e-02
1.818363363363363661e+01 1.110017945785870229e-02
1.822366366366366819e+01 1.098286303373637550e-02
1.826369369369369622e+01 1.086678088025066526e-02
1.830372372372372780e+01 1.075192065639742067e-02
1.834375375375375938e+01 1.063827012496680602e-02
1.838378378378378741e+01 1.052581715219416333e-02
1.842381381381381900e+01 1.041454970739592346e-02
1.846384384384384703e+01 1.030445586259200359e-02
1.850387387387387861e+01 1.019552379211430965e-02
1.854390390390390664e+01 1.008774177220262552e-02
1.858393393393393822e+01 9.981098180587852711e-03
1.862396396396396625e+01 9.875581496063585638e-03
1.866399399399399783e+01 9.771180298046012319e-03
1.870402402402402942e+01 9.667883266123170755e-03
1.874405405405405745e+01 9.565679179593536766e-03
1.878408408408408903e+01 9.464556916994630240e-03
1.882411411411411706e+01 9.364505455622236518e-03
1.886414414414414864e+01 9.265513871040260280e-03
1.890417417417417667e+01 9.167571336582058458e-03
1.894420420420420825e+01 9.070667122843338939e-03
1.898423423423423984e+01 8.974790597167310244e-03
1.902426426426426787e+01 8.879931223122115164e-03
1.906429429429429945e+01 8.786078559971330706e-03
1.910432432432432748e+01 8.693222262137577719e-03
1.914435435435435906e+01 8.601352078659720707e-03
1.918438438438438709e+01 8.510457852644068982e-03
1.922441441441441867e+01 8.420529520709771690e-03
1.926444444444445026e+01 8.331557112428885498e-03
1.930447447447447828e+01 8.243530749761232915e-03
1.934450450450450987e+01 8.156440646484642773e-03
1.938453453453453790e+01 8.070277107620628387e-03
1.942456456456456948e+01 7.985030528855787887e-03
1.946459459459459751e+01 7.900691395959580712e-03
1.950462462462462909e+01 7.817250284198157609e-03
1.954465465465465712e+01 7.734697857745076802e-03
1.958468468468468870e+01 7.653024869088754546e-03
1.962471471471472029e+01 7.572222158437203442e-03
1.966474474474474832e+01 7.492280653120086259e-03
1.970477477477477990e+01 7.413191366988427025e-03
1.974480480480480793e+01 7.334945399812197071e-03
1.978483483483483951e+01 7.257533936675960792e-03
1.982486486486486754e+01 7.180948247372949747e-03
1.986489489489489912e+01 7.105179685797370810e-03
1.990492492492493071e+01 7.030219689335834819e-03
1.994495495495495874e+01 6.956059778257310706e-03
1.998498498498499032e+01 6.882691555102452528e-03
2.002501501501501835e+01 6.810106704072125920e-03
2.006504504504504993e+01 6.738296990415362960e-03
2.010507507507507796e+01 6.667254259817049881e-03
2.014510510510510954e+01 6.596970437785367597e-03
2.018513513513513757e+01 6.527437529039265170e-03
2.022516516516516916e+01 6.458647616895950641e-03
2.026519519519520074e+01 6.390592862658834618e-03
2.030522522522522877e+01 6.323265505005746211e-03
2.034525525525526035e+01 6.256657859377841996e-03
2.038528528528528838e+01 6.190762317369145548e-03
2.042531531531531996e+01 6.125571346116976020e-03
2.046534534534534799e+01 6.061077487693358572e-03
2.050537537537537958e+01 5.997273358497423601e-03
2.054540540540541116e+01 5.934151648649239712e-03
2.058543543543543919e+01 5.871705121384706606e-03
2.062546546546547077e+01 5.809926612452113309e-03
2.066549549549549880e+01 5.748809029510134477e-03
2.070552552552553038e+01 5.688345351527451278e-03
2.074555555555555841e+01 5.628528628184251842e-03
2.078558558558559000e+01 5.569351979275429139e-03
2.082561561561562158e+01 5.510808594115800679e-03
2.086564564564564961e+01 5.452891730947350898e-03
2.090567567567568119e+01 5.395594716348539599e-03
2.094570570570570922e+01 5.338910944645887217e-03
2.098573573573574080e+01 5.282833877327702474e-03
2.102576576576576883e+01 5.227357042460296747e-03
2.106579579579580042e+01 5.172474034106503901e-03
2.110582582582582845e+01 5.118178511746772699e-03
2.114585585585586003e+01 5.064464199702736411e-03
2.118588588588589161e+01 5.011324886563483377e-03
2.122591591591591964e+01 4.958754424614406249e-03
2.126594594594595122e+01 4.906746729268898766e-03
2.130597597597597925e+01 4.855295778502735290e-03
2.134600600600601084e+01 4.804395612291358607e-03
2.138603603603603887e+01 4.754040332050100265e-03
2.142606606606607045e+01 4.704224100077193833e-03
2.146609609609610203e+01 4.654941138999954889e-03
2.150612612612613006e+01 4.606185731223871004e-03
2.154615615615616164e+01 4.557952218384812501e-03
2.158618618618618967e+01 4.510235000804355306e-03
2.162621621621622126e+01 4.463028536948193334e-03
2.166624624624624929e+01 4.416327342887863341e-03
2.170627627627628087e+01 4.370125991765501199e-03
2.174630630630630890e+01 4.324419113262037255e-03
2.178633633633634048e+01 4.279201393068535891e-03
2.182636636636637206e+01 4.234467572360841453e-03
2.186639639639640009e+01 4.190212447277673682e-03
2.190642642642643168e+01 4.146430868401893358e-03
2.194645645645645970e+01 4.103117740245319778e-03
2.198648648648649129e+01 4.060268020736789579e-03
2.202651651651651932e+01 4.017876720713767398e-03
2.206654654654655090e+01 3.975938903417252507e-03
2.210657657657658248e+01 3.934449683990276329e-03
2.214660660660661051e+01 3.893404228979693762e-03
2.218663663663664209e+01 3.852797755841628688e-03
2.222666666666667012e+01 3.812625532450258838e-03
2.226669669669670171e+01 3.772882876610158566e-03
2.230672672672672974e+01 3.733565155572191301e-03
2.234675675675676132e+01 3.694667785552797727e-03
2.238678678678679290e+01 3.656186231256966339e-03
2.242681681681682093e+01 3.618116005404556790e-03
2.246684684684685251e+01 3.580452668260283942e-03
2.250687687687688054e+01 3.543191827167196505e-03
2.254690690690691213e+01 3.506329136083650294e-03
2.258693693693694016e+01 3.469860295123927858e-03
2.262696696696697174e+01 3.433781050102254276e-03
2.266699699699699977e+01 3.398087192080484053e-03
2.270702702702703135e+01 3.362774556919234919e-03
2.274705705705706293e+01 3.327839024832609464e-03
2.278708708708709096e+01 3.293276519946449106e-03
2.282711711711712255e+01 3.259083009860039293e-03
2.286714714714715058e+01 3.225254505211483207e-03
2.290717717717718216e+01 3.191787059246446040e-03
2.294720720720721019e+01 3.158676767390491014e-03
2.298723723723724177e+01 3.125919766824951200e-03
2.302726726726727335e+01 3.093512236066191853e-03
2.306729729729730138e+01 3.061450394548476204e-03
2.310732732732733297e+01 3.029730502210231310e-03
2.314735735735736100e+01 2.998348859083856642e-03
2.318738738738739258e+01 2.967301804888905839e-03
2.322741741741742061e+01 2.936585718628833760e-03
2.326744744744745219e+01 2.906197018191059023e-03
2.330747747747748377e+01 2.876132159950569277e-03
2.334750750750751180e+01 2.846387638376861057e-03
2.338753753753754339e+01 2.816959985644307447e-03
2.342756756756757142e+01 2.787845771245970900e-03
2.346759759759760300e+01 2.759041601610679514e-03
2.350762762762763103e+01 2.730544119723591831e-03
2.354765765765766261e+01 2.702350004750011647e-03
2.358768768768769064e+01 2.674455971662599400e-03
2.362771771771772222e+01 2.646858770871861333e-03
2.366774774774775381e+01 2.619555187859983619e-03
2.370777777777778184e+01 2.592542042817925184e-03
2.374780780780781342e+01 2.565816190285757914e-03
2.378783783783784145e+01 2.539374518796346219e-03
2.382786786786787303e+01 2.513213950522150391e-03
2.386789789789790106e+01 2.487331440925380586e-03
2.390792792792793264e+01 2.461723978411207818e-03
2.394795795795796423e+01 2.436388583984311698e-03
2.398798798798799226e+01 2.411322310908464370e-03
2.402801801801802384e+01 2.386522244369362281e-03
2.406804804804805187e+01 2.361985501140550104e-03
2.410807807807808345e+01 2.337709229252419012e-03
2.414810810810811148e+01 2.313690607664395556e-03
2.418813813813814306e+01 2.289926845940108615e-03
2.422816816816817109e+01 2.266415183925677562e-03
2.426819819819820268e+01 2.243152891431019272e-03
2.430822822822823426e+01 2.220137267914146662e-03
2.434825825825826229e+01 2.197365642168517316e-03
2.438828828828829387e+01 2.174835372013312479e-03
2.442831831831832190e+01 2.152543843986711499e-03
2.446834834834835348e+01 2.130488473042080159e-03
2.450837837837838151e+01 2.108666702247107179e-03
2.454840840840841310e+01 2.087076002485793030e-03
2.458843843843844468e+01 2.065713872163383886e-03
2.462846846846847271e+01 2.044577836914105839e-03
2.466849849849850429e+01 2.023665449311756650e-03
2.470852852852853232e+01 2.002974288583141572e-03
2.474855855855856390e+01 1.982501960324279527e-03
2.478858858858859193e+01 1.962246096219378341e-03
2.482861861861862351e+01 1.942204353762611111e-03
2.486864864864865510e+01 1.922374415982570786e-03
2.490867867867868313e+01 1.902753991169500941e-03
2.494870870870871471e+01 1.883340812605169409e-03
2.498873873873874274e+01 1.864132638295458487e-03
2.502876876876877432e+01 1.845127250705575666e-03
2.506879879879880235e+01 1.826322456497931051e-03
2.510882882882883393e+01 1.807716086272598234e-03
2.514885885885886196e+01 1.789305994310391766e-03
2.518888888888889355e+01 1.771090058318493818e-03
2.522891891891892513e+01 1.753066179178656894e-03
2.526894894894895316e+01 1.735232280697923202e-03
2.530897897897898474e+01 1.717586309361852437e-03
2.534900900900901277e+01 1.700126234090246257e-03
2.538903903903904435e+01 1.682850045995348213e-03
2.542906906906907238e+01 1.665755758142474247e-03
2.546909909909910397e+01 1.648841405313091748e-03
2.550912912912913555e+01 1.632105043770294694e-03
2.554915915915916358e+01 1.615544751026682909e-03
2.558918918918919516e+01 1.599158625614574081e-03
2.562921921921922319e+01 1.582944786858620119e-03
2.566924924924925477e+01 1.566901374650695768e-03
2.570927927927928280e+01 1.551026549227124771e-03
2.574930930930931439e+01 1.535318490948195435e-03
2.578933933933934597e+01 1.519775400079936313e-03
2.582936936936937400e+01 1.504395496578143140e-03
2.586939939939940558e+01 1.489177019874614490e-03
2.590942942942943361e+01 1.474118228665651040e-03
2.594945945945946519e+01 1.459217400702674016e-03
2.598948948948949322e+01 1.444472832585079036e-03
2.602951951951952481e+01 1.429882839555179875e-03
2.606954954954955284e+01 1.415445755295342747e-03
2.610957957957958442e+01 1.401159931727185117e-03
2.614960960960961600e+01 1.387023738812904767e-03
2.618963963963964403e+01 1.373035564358643899e-03
2.622966966966967561e+01 1.359193813819948140e-03
2.626969969969970364e+01 1.345496910109236516e-03
2.630972972972973523e+01 1.331943293405298250e-03
2.634975975975976326e+01 1.318531420964786207e-03
2.638978978978979484e+01 1.305259766935690105e-03
2.642981981981982642e+01 1.292126822172787745e-03
2.646984984984985445e+01 1.279131094055010499e-03
2.650987987987988603e+01 1.266271106304748444e-03
2.654990990990991406e+01 1.253545398809086456e-03
2.658993993993994565e+01 1.240952527442882800e-03
2.662996996996997368e+01 1.228491063893771742e-03
2.667000000000000526e+01 1.216159595488969626e-03
2.671003003003003329e+01 1.203956725023965944e-03
2.675006006006006487e+01 1.191881070592989674e-03
2.679009009009009645e+01 1.179931265421307277e-03
2.683012012012012448e+01 1.168105957699297698e-03
2.687015015015015607e+01 1.156403810418281820e-03
2.691018018018018410e+01 1.144823501208123507e-03
2.695021021021021568e+01 1.133363722176543254e-03
2.699024024024024371e+01 1.122023179750162225e-03
2.703027027027027529e+01 1.110800594517238719e-03
2.707030030030030687e+01 1.099694701072091675e-03
2.711033033033033490e+01 1.088704247861189489e-03
2.715036036036036649e+01 1.077827997030882503e-03
2.719039039039039451e+01 1.067064724276784110e-03
2.723042042042042610e+01 1.056413218694755201e-03
2.727045045045045413e+01 1.045872282633496459e-03
2.731048048048048571e+01 1.035440731548729681e-03
2.735051051051051729e+01 1.025117393858946411e-03
2.739054054054054532e+01 1.014901110802707849e-03
2.743057057057057690e+01 1.004790736297482600e-03
2.747060060060060493e+01 9.947851368000304884e-04
2.751063063063063652e+01 9.848831911682526512e-04
2.755066066066066455e+01 9.750837905245830382e-04
2.759069069069069613e+01 9.653858381208114958e-04
2.763072072072072416e+01 9.557882492044150833e-04
2.767075075075075574e+01 9.462899508862984178e-04
2.771078078078078732e+01 9.368898820099954162e-04
2.775081081081081535e+01 9.275869930222816915e-04
2.779084084084084694e+01 9.183802458451799334e-04
2.783087087087087497e+01 9.092686137493815809e-04
2.787090090090090655e+01 9.002510812290142076e-04
2.791093093093093458e+01 8.913266438778049252e-04
2.795096096096096616e+01 8.824943082665588157e-04
2.799099099099099774e+01 8.737530918219986887e-04
2.803102102102102577e+01 8.651020227069075065e-04
2.807105105105105736e+01 8.565401397015903924e-04
2.811108108108108539e+01 8.480664920866210930e-04
2.815111111111111697e+01 8.396801395268760392e-04
2.819114114114114500e+01 8.313801519568380077e-04
2.823117117117117658e+01 8.231656094671316532e-04
2.827120120120120816e+01 8.150356021923368813e-04
2.831123123123123619e+01 8.069892301999997226e-04
2.835126126126126778e+01 7.990256033808709572e-04
2.839129129129129581e+01 7.911438413403467946e-04
2.843132132132132739e+01 7.833430732910964291e-04
2.847135135135135542e+01 7.756224379468765803e-04
2.851138138138138700e+01 7.679810834174925771e-04
2.855141141141141503e+01 7.604181671049358012e-04
2.859144144144144661e+01 7.529328556006417619e-04
2.863147147147147820e+01 7.455243245838972079e-04
2.867150150150150623e+01 7.381917587213405497e-04
2.871153153153153781e+01 7.309343515675882251e-04
2.875156156156156584e+01 7.237513054669446159e-04
2.879159159159159742e+01 7.166418314561940001e-04
2.883162162162162545e+01 7.096051491684762704e-04
2.887165165165165703e+01 7.026404867381934056e-04
2.891168168168168862e+01 6.957470807069962397e-04
2.895171171171171665e+01 6.889241759307912494e-04
2.899174174174174823e+01 6.821710254877684423e-04
2.903177177177177626e+01 6.754868905874611895e-04
2.907180180180180784e+01 6.688710404807902965e-04
2.911183183183183587e+01 6.623227523711252727e-04
2.915186186186186745e+01 6.558413113262977472e-04
2.919189189189189548e+01 6.494260101916214580e-04
2.923192192192192707e+01 6.430761495038475823e-04
2.927195195195195865e+01 6.367910374060789351e-04
2.931198198198198668e+01 6.305699895636371821e-04
2.935201201201201826e+01 6.244123290808428414e-04
2.939204204204204629e+01 6.183173864187323622e-04
2.943207207207207787e+01 6.122844993136732474e-04
2.947210210210210590e+01 6.063130126968939177e-04
2.951213213213213749e+01 6.004022786148929727e-04
2.955216216216216907e+01 5.945516561507432430e-04
2.959219219219219710e+01 5.887605113462513872e-04
2.963222222222222868e+01 5.830282171250036069e-04
2.967225225225225671e+01 5.773541532162426194e-04
2.971228228228228829e+01 5.717377060796006083e-04
2.975231231231231632e+01 5.661782688306742735e-04
2.979234234234234791e+01 5.606752411674085883e-04
2.983237237237237949e+01 5.552280292973111632e-04
2.987240240240240752e+01 5.498360458654765089e-04
2.991243243243243910e+01 5.444987098833928762e-04
2.995246246246246713e+01 5.392154466585697293e-04
2.999249249249249871e+01 5.339856877249149437e-04
3.003252252252252674e+01 5.288088707739096528e-04
3.007255255255255832e+01 5.236844395865376985e-04
3.011258258258258635e+01 5.186118439659787938e-04
3.015261261261261794e+01 5.135905396710373173e-04
3.019264264264264952e+01 5.086199883503308072e-04
3.023267267267267755e+01 5.036996574771974988e-04
3.027270270270270913e+01 4.988290202853262658e-04
3.031273273273273716e+01 4.940075557051214336e-04
3.035276276276276874e+01 4.892347483007509655e-04
3.039279279279279677e+01 4.845100882079151012e-04
3.043282282282282836e+01 4.798330710723014577e-04
3.047285285285285994e+01 4.752031979887233405e-04
3.051288288288288797e+01 4.706199754409402889e-04
3.055291291291291955e+01 4.660829152421475737e-04
3.059294294294294758e+01 4.615915344761273840e-04
3.063297297297297916e+01 4.571453554390574200e-04
3.067300300300300719e+01 4.527439055819745058e-04
3.071303303303303878e+01 4.483867174538631916e-04
3.075306306306307036e+01 4.440733286453983457e-04
3.079309309309309839e+01 4.398032817333022188e-04
3.083312312312312997e+01 4.355761242253227555e-04
3.087315315315315800e+01 4.313914085058372745e-04
3.091318318318318958e+01 4.272486917820472545e-04
3.095321321321321761e+01 4.231475360307842323e-04
3.099324324324324920e+01 4.190875079459039330e-04
3.103327327327327723e+01 4.150681788862702081e-04
3.107330330330330881e+01 4.110891248243220557e-04
3.111333333333334039e+01 4.071499262952011744e-04
3.115336336336336842e+01 4.032501683464698649e-04
3.119339339339340000e+01 3.993894404883668587e-04
3.123342342342342803e+01 3.955673366446376110e-04
3.127345345345345962e+01 3.917834551038952020e-04
3.131348348348348765e+01 3.880373984715478433e-04
3.135351351351351923e+01 3.843287736222338437e-04
3.139354354354355081e+01 3.806571916528157535e-04
3.143357357357357884e+01 3.770222678358811012e-04
3.147360360360361042e+01 3.734236215737677224e-04
3.151363363363363845e+01 3.698608763531038672e-04
3.155366366366367004e+01 3.663336596998547387e-04
3.159369369369369807e+01 3.628416031348743239e-04
3.163372372372372965e+01 3.593843421299427847e-04
3.167375375375375768e+01 3.559615160643115261e-04
3.171378378378378926e+01 3.525727681817174535e-04
3.175381381381382084e+01 3.492177455478904331e-04
3.179384384384384887e+01 3.458960990085230562e-04
3.183387387387388046e+01 3.426074831477202176e-04
3.187390390390390849e+01 3.393515562469093163e-04
3.191393393393394007e+01 3.361279802442053888e-04
3.195396396396396810e+01 3.329364206942349129e-04
3.199399399399399968e+01 3.297765467284073876e-04
3.203402402402402771e+01 3.266480310156308939e-04
3.207405405405405929e+01 3.235505497234617694e-04
3.211408408408408377e+01 3.204837824796960967e-04
3.215411411411411535e+01 3.174474123343818603e-04
3.219414414414414694e+01 3.144411257222637563e-04
3.223417417417417852e+01 3.114646124256411903e-04
3.227420420420420299e+01 3.085175655376388147e-04
3.231423423423423458e+01 3.055996814258989287e-04
3.235426426426426616e+01 3.027106596966660352e-04
3.239429429429429774e+01 2.998502031592797609e-04
3.243432432432432933e+01 2.970180177910622106e-04
3.247435435435435380e+01 2.942138127025969887e-04
3.251438438438438538e+01 2.914373001033986966e-04
3.255441441441441697e+01 2.886881952679608157e-04
3.259444444444444855e+01 2.859662165021848519e-04
3.263447447447448013e+01 2.832710851101894367e-04
3.267450450450450461e+01 2.806025253614782464e-04
3.271453453453453619e+01 2.779602644584850063e-04
3.275456456456456777e+01 2.753440325044762818e-04
3.279459459459459936e+01 2.727535624718135194e-04
3.283462462462462383e+01 2.701885901705678339e-04
3.287465465465465542e+01 2.676488542174840701e-04
3.291468468468468700e+01 2.651340960052972853e-04
3.295471471471471858e+01 2.626440596723815394e-04
3.299474474474475016e+01 2.601784920727485571e-04
3.303477477477477464e+01 2.577371427463727351e-04
3.307480480480480622e+01 2.553197638898462344e-04
3.311483483483483781e+01 2.529261103273709342e-04
3.315486486486486939e+01 2.505559394820646422e-04
3.319489489489489387e+01 2.482090113475888247e-04
3.323492492492492545e+01 2.458850884600961764e-04
3.327495495495495703e+01 2.435839358704896813e-04
3.331498498498498861e+01 2.413053211169871484e-04
3.335501501501502020e+01 2.390490141979959905e-04
3.339504504504504467e+01 2.368147875452904423e-04
3.343507507507507626e+01 2.346024159974812145e-04
3.347510510510510784e+01 2.324116767737899986e-04
3.351513513513513942e+01 2.302423494481100382e-04
3.355516516516517100e+01 2.280942159233555590e-04
3.359519519519519548e+01 2.259670604061016024e-04
3.363522522522522706e+01 2.238606693815003035e-04
3.367525525525525865e+01 2.217748315884804984e-04
3.371528528528529023e+01 2.197093379952220679e-04
3.375531531531531471e+01 2.176639817749043409e-04
3.379534534534534629e+01 2.156385582817212110e-04
3.383537537537537787e+01 2.136328650271683072e-04
3.387540540540540945e+01 2.116467016565891531e-04
3.391543543543544104e+01 2.096798699259871718e-04
3.395546546546546551e+01 2.077321736790885222e-04
3.399549549549549710e+01 2.058034188246675824e-04
3.403552552552552868e+01 2.038934133141203904e-04
3.407555555555556026e+01 2.020019671192885627e-04
3.411558558558558474e+01 2.001288922105285404e-04
3.415561561561561632e+01 1.982740025350290369e-04
3.419564564564564790e+01 1.964371139953613443e-04
3.423567567567567949e+01 1.946180444282757818e-04
3.427570570570571107e+01 1.928166135837313820e-04
3.431573573573573555e+01 1.910326431041558355e-04
3.435576576576576713e+01 1.892659565039381589e-04
3.439579579579579871e+01 1.875163791491496696e-04
3.443582582582583029e+01 1.857837382374884943e-04
3.447585585585585477e+01 1.840678627784492953e-04
3.451588588588588635e+01 1.823685835737078303e-04
3.455591591591591794e+01 1.806857331977300505e-04
3.459594594594594952e+01 1.790191459785902336e-04
3.463597597597598110e+01 1.773686579790080705e-04
3.467600600600600558e+01 1.757341069775880378e-04
3.471603603603603716e+01 1.741153324502762068e-04
3.475606606606606874e+01 1.725121755520134009e-04
3.479609609609610033e+01 1.709244790986008309e-04
3.483612612612613191e+01 1.693520875487586894e-04
3.487615615615615638e+01 1.677948469863883331e-04
3.491618618618618797e+01 1.662526051030290778e-04
3.495621621621621955e+01 1.647252111805106659e-04
3.499624624624625113e+01 1.632125160737978270e-04
3.503627627627627561e+01 1.617143721940215377e-04
3.507630630630630719e+01 1.602306334917034871e-04
3.511633633633633877e+01 1.587611554401618746e-04
3.515636636636637036e+01 1.573057950191029584e-04
3.519639639639640194e+01 1.558644106983934495e-04
3.523642642642642642e+01 1.544368624220137504e-04
3.527645645645645800e+01 1.530230115921854246e-04
3.531648648648648958e+01 1.516227210536778044e-04
3.535651651651652116e+01 1.502358550782865521e-04
3.539654654654654564e+01 1.488622793494839055e-04
3.543657657657657722e+01 1.475018609472368385e-04
3.547660660660660881e+01 1.461544683329967160e-04
3.551663663663664039e+01 1.448199713348525272e-04
3.555666666666667197e+01 1.434982411328464247e-04
3.559669669669669645e+01 1.421891502444546306e-04
3.563672672672672803e+01 1.408925725102269080e-04
3.567675675675675961e+01 1.396083830795850846e-04
3.571678678678679120e+01 1.383364583967768610e-04
3.575681681681682278e+01 1.370766761869873166e-04
3.579684684684684726e+01 1.358289154426007672e-04
3.583687687687687884e+01 1.345930564096158466e-04
3.587690690690691042e+01 1.333689805742097219e-04
3.591693693693694200e+01 1.321565706494501921e-04
3.595696696696696648e+01 1.309557105621563780e-04
3.599699699699699806e+01 1.297662854398988670e-04
3.603702702702702965e+01 1.285881815981498302e-04
3.607705705705706123e+01 1.274212865275702099e-04
3.611708708708709281e+01 1.262654888814368774e-04
3.615711711711711729e+01 1.251206784632110899e-04
3.619714714714714887e+01 1.239867462142407641e-04
3.623717717717718045e+01 1.228635842015994692e-04
3.627720720720721204e+01 1.217510856060595746e-04
3.631723723723723651e+01 1.206491447101952188e-04
3.635726726726726810e+01 1.195576568866211006e-04
3.639729729729729968e+01 1.184765185863531628e-04
3.643732732732733126e+01 1.174056273273047321e-04
3.647735735735736284e+01 1.163448816829048226e-04
3.651738738738738732e+01 1.152941812708399431e-04
3.655741741741741890e+01 1.142534267419258593e-04
3.659744744744745049e+01 1.132225197690928592e-04
3.663747747747748207e+01 1.122013630365010806e-04
3.667750750750751365e+01 1.111898602287671612e-04
3.671753753753753813e+01 1.101879160203150413e-04
3.675756756756756971e+01 1.091954360648386170e-04
3.679759759759760129e+01 1.082123269848851184e-04
3.683762762762763288e+01 1.072384963615480199e-04
3.687765765765765735e+01 1.062738527242760683e-04
3.691768768768768894e+01 1.053183055407916932e-04
3.695771771771772052e+01 1.043717652071210770e-04
3.699774774774775210e+01 1.034341430377342579e-04
3.703777777777778368e+01 1.025053512557910773e-04
3.707780780780780816e+01 1.015853029834952914e-04
3.711783783783783974e+01 1.006739122325526835e-04
3.715786786786787133e+01 9.977109389473660798e-05
3.719789789789790291e+01 9.887676373255326685e-05
3.723792792792792739e+01 9.799083837001231715e-05
3.727795795795795897e+01 9.711323528349395814e-05
3.731798798798799055e+01 9.624387279271977703e-05
3.735801801801802213e+01 9.538267005182259582e-05
3.739804804804805372e+01 9.452954704050869211e-05
3.743807807807807819e+01 9.368442455532327671e-05
3.747810810810810978e+01 9.284722420100453692e-05
3.751813813813814136e+01 9.201786838193933742e-05
3.755816816816817294e+01 9.119628029370527777e-05
3.759819819819820452e+01 9.038238391470862054e-05
3.763822822822822900e+01 8.957610399791409198e-05
3.767825825825826058e+01 8.877736606266086329e-05
3.771828828828829216e+01 8.798609638657388734e-05
3.775831831831832375e+01 8.720222199755625256e-05
3.779834834834834822e+01 8.642567066587399202e-05
3.783837837837837981e+01 8.565637089632521643e-05
3.787840840840841139e+01 8.489425192049495326e-05
3.791843843843844297e+01 8.413924368909253440e-05
3.795846846846847455e+01 8.339127686437557076e-05
3.799849849849849903e+01 8.265028281265297892e-05
3.803852852852853061e+01 8.191619359687149124e-05
3.807855855855856220e+01 8.118894196928285779e-05
3.811858858858859378e+01 8.046846136418940891e-05
3.815861861861861826e+01 7.975468589076890012e-05
3.819864864864864984e+01 7.904755032597867998e-05
3.823867867867868142e+01 7.834699010753381403e-05
3.827870870870871300e+01 7.765294132696606312e-05
3.831873873873874459e+01 7.696534072275267090e-05
3.835876876876876906e+01 7.628412567352418948e-05
3.839879879879880065e+01 7.560923419134364578e-05
3.843882882882883223e+01 7.494060491505925728e-05
3.847885885885886381e+01 7.427817710372898983e-05
3.851888888888889539e+01 7.362189063011642881e-05
3.855891891891891987e+01 7.297168597425731317e-05
3.859894894894895145e+01 7.232750421709534998e-05
3.863897897897898304e+01 7.168928703418676743e-05
3.867900900900901462e+01 7.105697668947408058e-05
3.871903903903903910e+01 7.043051602912625087e-05
3.875906906906907068e+01 6.980984847544532089e-05
3.879909909909910226e+01 6.919491802083862976e-05
3.883912912912913384e+01 6.858566922185896733e-05
3.887915915915916543e+01 6.798204719330505066e-05
3.891918918918918990e+01 6.738399760238797430e-05
3.895921921921922149e+01 6.679146666296103207e-05
3.899924924924925307e+01 6.620440112981082340e-05
3.903927927927928465e+01 6.562274829300977980e-05
3.907930930930930913e+01 6.504645597233115481e-05
3.911933933933934071e+01 6.447547251172186977e-05
3.915936936936937229e+01 6.390974677383808066e-05
3.919939939939940388e+01 6.334922813463591726e-05
3.923942942942943546e+01 6.279386647802400834e-05
3.927945945945945994e+01 6.224361219057128751e-05
3.931948948948949152e+01 6.169841615627315637e-05
3.935951951951952310e+01 6.115822975137234557e-05
3.939954954954955468e+01 6.062300483923768583e-05
3.943957957957957916e+01 6.009269376529684519e-05
3.947960960960961074e+01 5.956724935202224627e-05
3.951963963963964233e+01 5.904662489397406012e-05
3.955966966966967391e+01 5.853077415289350692e-05
3.959969969969970549e+01 5.801965135285026528e-05
3.963972972972972997e+01 5.751321117544221448e-05
3.967975975975976155e+01 5.701140875504567357e-05
3.971978978978979313e+01 5.651419967411748556e-05
3.975981981981982472e+01 5.602153995854746961e-05
3.979984984984985630e+01 5.553338607306037384e-05
3.983987987987988078e+01 5.504969491666772852e-05
3.987990990990991236e+01 5.457042381816676042e-05
3.991993993993994394e+01 5.409553053169095587e-05
3.995996996996997552e+01 5.362497323230387664e-05
4.000000000000000000e+01 5.315871051164476689e-05
