5.000000000000000000e-01 5.489889412451624651e+01
5.683593750000000000e-01 5.842867603148548739e+01
6.367187500000000000e-01 5.936717644432464169e+01
7.050781250000000000e-01 6.228853552691590778e+01
7.734375000000000000e-01 6.544737577609375023e+01
8.417968750000000000e-01 6.571241119584645674e+01
9.101562500000000000e-01 6.790617351781801858e+01
9.785156250000000000e-01 7.388974225176113464e+01
1.046875000000000000e+00 7.506464182777530425e+01
1.115234375000000000e+00 7.849864605729760569e+01
1.183593750000000000e+00 8.318834580462265649e+01
1.251953125000000000e+00 8.919564885833040080e+01
1.320312500000000000e+00 9.041013104834880210e+01
1.388671875000000000e+00 9.413915545894681713e+01
1.457031250000000000e+00 9.685711853031223484e+01
1.525390625000000000e+00 1.026130111057177885e+02
1.593750000000000000e+00 1.084702700025647886e+02
1.662109375000000000e+00 1.128291632455637625e+02
1.730468750000000000e+00 1.172962997443817130e+02
1.798828125000000000e+00 1.215852298646316854e+02
1.867187500000000000e+00 1.263421823169658325e+02
1.935546875000000000e+00 1.288767777757994963e+02
2.003906250000000000e+00 1.348507388855761064e+02
2.072265625000000000e+00 1.367428731299430069e+02
2.140625000000000000e+00 1.416526150440994911e+02
2.208984375000000000e+00 1.449567716857429787e+02
2.277343750000000000e+00 1.477508500750217308e+02
2.345703125000000000e+00 1.505703023539030028e+02
2.414062500000000000e+00 1.524788711443428895e+02
2.482421875000000000e+00 1.521291864094304458e+02
2.550781250000000000e+00 1.558415864673092983e+02
2.619140625000000000e+00 1.578024601966393732e+02
2.687500000000000000e+00 1.555904565641956481e+02
