2.500000000000000000e+01 2.126516944788216179e+00
2.622622622622622757e+01 2.337839121231788386e+00
2.745245245245245158e+01 2.558811291395521437e+00
2.867867867867867915e+01 2.789368946079740841e+00
2.990490490490490316e+01 3.029444855272088066e+00
3.113113113113113073e+01 3.278969097770743524e+00
3.235735735735735830e+01 3.537869091946942213e+00
3.358358358358358231e+01 3.806069627626555985e+00
3.480980980980980632e+01 4.083492899071790028e+00
3.603603603603603744e+01 4.370058539041262513e+00
3.726226226226226146e+01 4.665683653908365258e+00
3.848848848848848547e+01 4.970282859815347010e+00
3.971471471471471659e+01 5.283768319841021466e+00
4.094094094094094061e+01 5.606049782159024275e+00
4.216716716716716462e+01 5.937034619163233273e+00
4.339339339339339574e+01 6.276627867535674810e+00
4.461961961961961975e+01 6.624732269233324367e+00
4.584584584584584377e+01 6.981248313367577119e+00
4.707207207207207489e+01 7.346074278951753023e+00
4.829829829829829890e+01 7.719106278489714867e+00
4.952452452452452292e+01 8.100238302380015298e+00
5.075075075075075404e+01 8.489362264107791489e+00
5.197697697697697805e+01 8.886368046197789639e+00
5.320320320320320207e+01 9.291143546900512362e+00
5.442942942942943318e+01 9.703574727583539783e+00
5.565565565565565720e+01 1.012354566079961593e+01
5.688188188188188121e+01 1.055093857900306453e+01
5.810810810810810523e+01 1.098563392388523852e+01
5.933433433433433635e+01 1.142751039630019960e+01
6.056056056056056036e+01 1.187644500675091841e+01
6.178678678678678438e+01 1.233231312640619315e+01
6.301301301301301550e+01 1.279498853861937135e+01
6.423923923923923951e+01 1.326434349091706189e+01
6.546546546546545642e+01 1.374024874743008695e+01
6.669169169169168754e+01 1.422257364173387018e+01
6.791791791791791866e+01 1.471118613006999354e+01
6.914414414414414978e+01 1.520595284491721344e+01
7.037037037037038090e+01 1.570673914888169165e+01
7.159659659659659781e+01 1.621340918887617022e+01
7.282282282282281471e+01 1.672582595055751753e+01
7.404904904904904583e+01 1.724385131299155915e+01
7.527527527527527695e+01 1.776734610351541832e+01
7.650150150150150807e+01 1.829617015276659941e+01
7.772772772772772498e+01 1.883018234984827899e+01
7.895395395395395610e+01 1.936924069760097211e+01
8.018018018018017301e+01 1.991320236794994614e+01
8.140640640640640413e+01 2.046192375729891211e+01
8.263263263263263525e+01 2.101526054193992366e+01
8.385885885885886637e+01 2.157306773344974005e+01
8.508508508508508328e+01 2.213519973404302732e+01
8.631131131131131440e+01 2.270151039185451936e+01
8.753753753753753131e+01 2.327185305611915922e+01
8.876376376376376243e+01 2.384608063222319174e+01
8.998998998998999355e+01 2.442404563659685479e+01
9.121621621621621046e+01 2.500560025142148035e+01
9.244244244244244157e+01 2.559059637912213248e+01
9.366866866866867269e+01 2.617888569661936771e+01
9.489489489489488960e+01 2.677031970931243876e+01
9.612112112112112072e+01 2.736474980476758034e+01
9.734734734734735184e+01 2.796202730608498754e+01
9.857357357357356875e+01 2.856200352491840988e+01
9.979979979979979987e+01 2.916452981412239254e+01
1.010260260260260310e+02 2.976945762000179130e+01
1.022522522522522479e+02 3.037663853413875259e+01
1.034784784784784790e+02 3.098592434477384927e+01
1.047047047047047101e+02 3.159716708771708937e+01
1.059309309309309270e+02 3.221021909676588280e+01
1.071571571571571582e+02 3.282493305360740266e+01
1.083833833833833893e+02 3.344116203718335356e+01
1.096096096096096062e+02 3.405875957249511998e+01
1.108358358358358373e+02 3.467757967882935333e+01
1.120620620620620684e+02 3.529747691738195670e+01
1.132882882882882853e+02 3.591830643826219926e+01
1.145145145145145165e+02 3.653992402685634744e+01
1.157407407407407476e+02 3.716218614953309185e+01
1.169669669669669645e+02 3.778494999867161397e+01
1.181931931931931956e+02 3.840807353699574378e+01
1.194194194194194267e+02 3.903141554119652312e+01
1.206456456456456436e+02 3.965483564482703116e+01
1.218718718718718748e+02 4.027819438045406031e+01
1.230980980980980917e+02 4.090135322105088989e+01
1.243243243243243228e+02 4.152417462061726638e+01
1.255505505505505539e+02 4.214652205401264951e+01
1.267767767767767708e+02 4.276826005598888258e+01
1.280030030030030161e+02 4.338925425941091873e+01
1.292292292292292473e+02 4.400937143265201001e+01
1.304554554554554500e+02 4.462847951615378861e+01
1.316816816816816811e+02 4.524644765813923897e+01
1.329079079079079122e+02 4.586314624946913909e+01
1.341341341341341149e+02 4.647844695763247813e+01
1.353603603603603460e+02 4.709222275986221007e+01
1.365865865865865771e+02 4.770434797536798044e+01
1.378128128128128083e+02 4.831469829667842220e+01
1.390390390390390394e+02 4.892315082008662586e+01
1.402652652652652705e+02 4.952958407519174955e+01
1.414914914914915016e+02 5.013387805353207227e+01
1.427177177177177327e+02 5.073591423630408315e+01
1.439439439439439639e+02 5.133557562116308048e+01
1.451701701701701666e+02 5.193274674810232483e+01
1.463963963963963977e+02 5.252731372440699431e+01
1.476226226226226288e+02 5.311916424868061881e+01
1.488488488488488315e+02 5.370818763394222373e+01
1.500750750750750626e+02 5.429427482979332353e+01
1.513013013013012937e+02 5.487731844365277567e+01
1.525275275275275249e+02 5.545721276106148423e+01
1.537537537537537560e+02 5.603385376505476501e+01
1.549799799799799871e+02 5.660713915460619461e+01
1.562062062062062182e+02 5.717696836214270206e+01
1.574324324324324209e+02 5.774324257013334005e+01
1.586586586586586520e+02 5.830586472675530985e+01
1.598848848848848831e+02 5.886473956063905888e+01
1.611111111111111143e+02 5.941977359469795772e+01
1.623373373373373454e+02 5.997087515904514987e+01
1.635635635635635765e+02 6.051795440300335827e+01
1.647897897897897792e+02 6.106092330621281405e+01
1.660160160160160103e+02 6.159969568884252311e+01
1.672422422422422414e+02 6.213418722091193303e+01
1.684684684684684726e+02 6.266431543072860677e+01
1.696946946946947037e+02 6.318999971245064984e+01
1.709209209209209348e+02 6.371116133277902094e+01
1.721471471471471375e+02 6.422772343679102391e+01
1.733733733733733686e+02 6.473961105291979834e+01
1.745995995995995997e+02 6.524675109709143328e+01
1.758258258258258309e+02 6.574907237602769783e+01
1.770520520520520620e+02 6.624650558972396652e+01
1.782782782782782931e+02 6.673898333311251463e+01
1.795045045045044958e+02 6.722644009692136535e+01
1.807307307307307269e+02 6.770881226773967398e+01
1.819569569569569580e+02 6.818603812730029290e+01
1.831831831831831892e+02 6.865805785099053082e+01
1.844094094094094203e+02 6.912481350560290139e+01
1.856356356356356230e+02 6.958624904633920494e+01
1.868618618618618541e+02 7.004231031307652700e+01
1.880880880880880852e+02 7.049294502591185108e+01
1.893143143143143163e+02 7.093810277999443770e+01
1.905405405405405475e+02 7.137773503966116095e+01
1.917667667667667786e+02 7.181179513188661190e+01
1.929929929929929813e+02 7.224023823906202324e+01
1.942192192192192124e+02 7.266302139111563463e+01
1.954454454454454435e+02 7.308010345698986043e+01
1.966716716716716746e+02 7.349144513548749558e+01
1.978978978978979058e+02 7.389700894550151133e+01
1.991241241241241369e+02 7.429675921564282248e+01
2.003503503503503396e+02 7.469066207328087614e+01
2.015765765765765707e+02 7.507868543300996578e+01
2.028028028028028018e+02 7.546079898455728596e+01
2.040290290290290329e+02 7.583697418014698144e+01
2.052552552552552640e+02 7.620718422133420233e+01
2.064814814814814952e+02 7.657140404532532330e+01
2.077077077077076979e+02 7.692961031079765633e+01
2.089339339339339290e+02 7.728178138323498558e+01
2.101601601601601601e+02 7.762789731979280816e+01
2.113863863863863912e+02 7.796793985370898383e+01
2.126126126126126223e+02 7.830189237827437410e+01
2.138388388388388535e+02 7.862973993037844878e+01
2.150650650650650562e+02 7.895146917364535000e+01
2.162912912912912873e+02 7.926706838117497966e+01
2.175175175175175184e+02 7.957652741790374762e+01
2.187437437437437495e+02 7.987983772260093929e+01
2.199699699699699806e+02 8.017699228951433099e+01
2.211961961961961833e+02 8.046798564968096912e+01
2.224224224224224145e+02 8.075281385191685501e+01
2.236486486486486456e+02 8.103147444350135231e+01
2.248748748748748767e+02 8.130396645056946170e+01
2.261011011011011078e+02 8.157029035822830565e+01
2.273273273273273389e+02 8.183044809041011547e+01
2.285535535535535416e+02 8.208444298947804896e+01
2.297797797797797728e+02 8.233227979559723053e+01
2.310060060060060039e+02 8.257396462588668840e+01
2.322322322322322350e+02 8.280950495336472272e+01
2.334584584584584661e+02 8.303890958570228520e+01
2.346846846846846972e+02 8.326218864379787021e+01
2.359109109109108999e+02 8.347935354018737542e+01
2.371371371371371310e+02 8.369041695730184927e+01
2.383633633633633622e+02 8.389539282558722277e+01
2.395895895895895933e+02 8.409429630149793411e+01
2.408158158158158244e+02 8.428714374537800325e+01
2.420420420420420555e+02 8.447395269924200534e+01
2.432682682682682582e+02 8.465474186446829208e+01
2.444944944944944893e+02 8.482953107941656867e+01
2.457207207207207205e+02 8.499834129698241725e+01
2.469469469469469516e+02 8.516119456209978011e+01
2.481731731731731827e+02 8.531811398920433476e+01
2.493993993993994138e+02 8.546912373966759446e+01
2.506256256256256165e+02 8.561424899921455278e+01
2.518518518518518476e+02 8.575351595533429361e+01
2.530780780780780788e+02 8.588695177469615771e+01
2.543043043043043099e+02 8.601458458058019119e+01
2.555305305305305410e+02 8.613644343033401185e+01
2.567567567567567721e+02 8.625255829286459175e+01
2.579829829829830032e+02 8.636296002617618228e+01
2.592092092092092344e+02 8.646768035496299376e+01
2.604354354354354655e+02 8.656675184826701752e+01
2.616616616616616966e+02 8.666020789720958817e+01
2.628878878878879277e+02 8.674808269280556772e+01
2.641141141141141020e+02 8.683041120386953082e+01
2.653403403403403331e+02 8.690722915502172441e+01
2.665665665665665642e+02 8.697857300480296772e+01
2.677927927927927954e+02 8.704447992390477395e+01
2.690190190190190265e+02 8.710498777352518118e+01
2.702452452452452576e+02 8.716013508385525199e+01
2.714714714714714319e+02 8.720996103270509536e+01
2.726976976976976630e+02 8.725450542427590506e+01
2.739239239239238941e+02 8.729380866808476469e+01
2.751501501501501252e+02 8.732791175804996442e+01
2.763763763763763563e+02 8.735685625174089353e+01
2.776026026026025875e+02 8.738068424980127702e+01
2.788288288288288186e+02 8.739943837555003370e+01
2.800550550550550497e+02 8.741316175476549688e+01
2.812812812812812808e+02 8.742189799565944952e+01
2.825075075075075119e+02 8.742569116904500959e+01
2.837337337337337431e+02 8.742458578870423480e+01
2.849599599599599742e+02 8.741862679195966734e+01
2.861861861861862053e+02 8.740785952045503393e+01
2.874124124124124364e+02 8.739232970114849763e+01
2.886386386386386675e+02 8.737208342752303736e+01
2.898648648648648418e+02 8.734716714101901403e+01
2.910910910910910729e+02 8.731762761268949191e+01
2.923173173173173041e+02 8.728351192508606005e+01
2.935435435435435352e+02 8.724486745437449997e+01
2.947697697697697663e+02 8.720174185268609790e+01
2.959959959959959974e+02 8.715418303070570971e+01
2.972222222222222285e+02 8.710223914050035887e+01
2.984484484484484597e+02 8.704595855859082576e+01
2.996746746746746908e+02 8.698538986926719474e+01
3.009009009009009219e+02 8.692058184815236643e+01
3.021271271271271530e+02 8.685158344601411784e+01
3.033533533533533273e+02 8.677844377282775667e+01
3.045795795795795584e+02 8.670121208209128838e+01
3.058058058058057895e+02 8.661993775539387741e+01
3.070320320320320207e+02 8.653467028723954968e+01
3.082582582582582518e+02 8.644545927012629249e+01
3.094844844844844829e+02 8.635235437988245621e+01
3.107107107107107140e+02 8.625540536125991764e+01
3.119369369369369451e+02 8.615466201378622202e+01
3.131631631631631763e+02 8.605017417787398415e+01
3.143893893893894074e+02 8.594199172119068919e+01
3.156156156156156385e+02 8.583016452528515572e+01
3.168418418418418696e+02 8.571474247247472533e+01
3.180680680680680439e+02 8.559577543299016611e+01
3.192942942942942750e+02 8.547331325237907151e+01
3.205205205205205061e+02 8.534740573916673156e+01
3.217467467467467372e+02 8.521810265277566998e+01
3.229729729729729684e+02 8.508545369170030881e+01
3.241991991991991995e+02 8.494950848193832371e+01
3.254254254254254306e+02 8.481031656567722621e+01
3.266516516516516617e+02 8.466792739023382808e+01
3.278778778778778928e+02 8.452239029724779584e+01
3.291041041041041240e+02 8.437375451212592736e+01
3.303303303303303551e+02 8.422206913373678105e+01
3.315565565565565862e+02 8.406738312435450666e+01
3.327827827827827605e+02 8.390974529984913488e+01
3.340090090090089916e+02 8.374920432012383742e+01
3.352352352352352227e+02 8.358580867979434004e+01
3.364614614614614538e+02 8.341960669911209436e+01
3.376876876876876850e+02 8.325064651512683156e+01
3.389139139139139161e+02 8.307897607308765942e+01
3.401401401401401472e+02 8.290464311808051434e+01
3.413663663663663783e+02 8.272769518689979407e+01
3.425925925925926094e+02 8.254817960015191147e+01
3.438188188188188406e+02 8.236614345458914954e+01
3.450450450450450717e+02 8.218163361567013681e+01
3.462712712712712460e+02 8.199469671034698592e+01
3.474974974974974771e+02 8.180537912007355317e+01
3.487237237237237082e+02 8.161372697403557197e+01
3.499499499499499393e+02 8.141978614259799940e+01
3.511761761761761704e+02 8.122360223096744392e+01
3.524024024024024015e+02 8.102522057306843806e+01
3.536286286286286327e+02 8.082468622562839755e+01
3.548548548548548638e+02 8.062204396247169313e+01
3.560810810810810949e+02 8.041733826901759130e+01
3.573073073073073260e+02 8.021061333698015972e+01
3.585335335335335571e+02 8.000191305926853147e+01
3.597597597597597883e+02 7.979128102508302334e+01
3.609859859859859625e+02 7.957876051520494798e+01
3.622122122122121937e+02 7.936439449747840058e+01
3.634384384384384248e+02 7.914822562247924509e+01
3.646646646646646559e+02 7.893029621936953788e+01
3.658908908908908870e+02 7.871064829193527146e+01
3.671171171171171181e+02 7.848932351480289071e+01
3.683433433433433493e+02 7.826636322983246430e+01
3.695695695695695804e+02 7.804180844268543638e+01
3.707957957957958115e+02 7.781569981956268123e+01
3.720220220220220426e+02 7.758807768411057282e+01
3.732482482482482737e+02 7.735898201449280975e+01
3.744744744744745049e+02 7.712845244062354766e+01
3.757007007007006791e+02 7.689652824156054578e+01
3.769269269269269103e+02 7.666324834305440561e+01
3.781531531531531414e+02 7.642865131525171307e+01
3.793793793793793725e+02 7.619277537054826155e+01
3.806056056056056036e+02 7.595565836159042306e+01
3.818318318318318347e+02 7.571733777942142751e+01
3.830580580580580659e+02 7.547785075176932423e+01
3.842842842842842970e+02 7.523723404147490612e+01
3.855105105105105281e+02 7.499552404505490699e+01
3.867367367367367592e+02 7.475275679139991780e+01
3.879629629629629903e+02 7.450896794060199113e+01
3.891891891891891646e+02 7.426419278291103865e+01
3.904154154154153957e+02 7.401846623781588619e+01
3.916416416416416268e+02 7.377182285324821009e+01
3.928678678678678580e+02 7.352429680490610053e+01
3.940940940940940891e+02 7.327592189569416803e+01
3.953203203203203202e+02 7.302673155527898530e+01
3.965465465465465513e+02 7.277675883975527427e+01
3.977727727727727824e+02 7.252603643142158774e+01
3.989989989989990136e+02 7.227459663866292772e+01
4.002252252252252447e+02 7.202247139593607983e+01
4.014514514514514758e+02 7.176969226385750744e+01
4.026776776776777069e+02 7.151629042938941438e+01
4.039039039039038812e+02 7.126229670612201517e+01
4.051301301301301123e+02 7.100774153464999472e+01
4.063563563563563434e+02 7.075265498304035816e+01
4.075825825825825746e+02 7.049706674738864365e+01
4.088088088088088057e+02 7.024100615246290147e+01
4.100350350350350368e+02 6.998450215243052241e+01
4.112612612612612679e+02 6.972758333166808598e+01
4.124874874874874990e+02 6.947027790565006455e+01
4.137137137137137302e+02 6.921261372191571581e+01
4.149399399399399613e+02 6.895461826111034043e+01
4.161661661661661924e+02 6.869631863809925676e+01
4.173923923923923667e+02 6.843774160315402355e+01
4.186186186186185978e+02 6.817891354320551045e+01
4.198448448448448289e+02 6.791986048316437063e+01
4.210710710710710600e+02 6.766060808730631493e+01
4.222972972972972912e+02 6.740118166071840733e+01
4.235235235235235223e+02 6.714160615080794514e+01
4.247497497497497534e+02 6.688190614886704566e+01
4.259759759759759845e+02 6.662210589169649211e+01
4.272022022022022156e+02 6.636222926328194660e+01
4.284284284284284468e+02 6.610229979652405063e+01
4.296546546546546779e+02 6.584234067501887466e+01
4.308808808808809090e+02 6.558237473488820513e+01
4.321071071071070833e+02 6.532242446665524938e+01
4.333333333333333144e+02 6.506251201716850119e+01
4.345595595595595455e+02 6.480265919156663301e+01
4.357857857857857766e+02 6.454288745528796767e+01
4.370120120120120077e+02 6.428321793611814883e+01
4.382382382382382389e+02 6.402367142627845453e+01
4.394644644644644700e+02 6.376426838455061841e+01
4.406906906906907011e+02 6.350502893843647456e+01
4.419169169169169322e+02 6.324597288635376913e+01
4.431431431431431633e+02 6.298711969986252512e+01
4.443693693693693945e+02 6.272848852592385072e+01
4.455955955955956256e+02 6.247009818918813551e+01
4.468218218218217999e+02 6.221196719431144828e+01
4.480480480480480310e+02 6.195411372829904195e+01
4.492742742742742621e+02 6.169655566287426041e+01
4.505005005005004932e+02 6.143931055687215803e+01
4.517267267267267243e+02 6.118239565865567187e+01
4.529529529529529555e+02 6.092582790855357899e+01
4.541791791791791866e+02 6.066962394131901704e+01
4.554054054054054177e+02 6.041380008860745932e+01
4.566316316316316488e+02 6.015837238147250332e+01
4.578578578578578799e+02 5.990335655287853456e+01
4.590840840840841111e+02 5.964876804022978263e+01
4.603103103103102853e+02 5.939462198791328973e+01
4.615365365365365165e+02 5.914093324985606870e+01
4.627627627627627476e+02 5.888771639209480924e+01
4.639889889889889787e+02 5.863498569535691729e+01
4.652152152152152098e+02 5.838275515765207757e+01
4.664414414414414409e+02 5.813103849687392000e+01
4.676676676676676720e+02 5.787984915340977921e+01
4.688938938938939032e+02 5.762920029275847611e+01
4.701201201201201343e+02 5.737910480815463643e+01
4.713463463463463654e+02 5.712957532319916965e+01
4.725725725725725965e+02 5.688062419449504148e+01
4.737987987987988276e+02 5.663226351428663463e+01
4.750250250250250019e+02 5.638450511310316671e+01
4.762512512512512330e+02 5.613736056240435346e+01
4.774774774774774642e+02 5.589084117722831024e+01
4.787037037037036953e+02 5.564495801884000770e+01
4.799299299299299264e+02 5.539972189738099928e+01
4.811561561561561575e+02 5.515514337451786275e+01
4.823823823823823886e+02 5.491123276608983872e+01
4.836086086086086198e+02 5.466800014475585101e+01
4.848348348348348509e+02 5.442545534263783225e+01
4.860610610610610820e+02 5.418360795396156249e+01
4.872872872872873131e+02 5.394246733769440993e+01
4.885135135135135442e+02 5.370204262017830388e+01
4.897397397397397185e+02 5.346234269775818149e+01
4.909659659659659496e+02 5.322337623940531159e+01
4.921921921921921808e+02 5.298515168933448649e+01
4.934184184184184119e+02 5.274767726961510306e+01
4.946446446446446430e+02 5.251096098277512425e+01
4.958708708708708741e+02 5.227501061439789964e+01
4.970970970970971052e+02 5.203983373571126947e+01
4.983233233233233364e+02 5.180543770616770161e+01
4.995495495495495675e+02 5.157182967601632129e+01
5.007757757757757986e+02 5.133901658886587427e+01
5.020020020020020297e+02 5.110700518423731609e+01
5.032282282282282040e+02 5.087580200010707898e+01
5.044544544544544351e+02 5.064541337543962385e+01
5.056806806806806662e+02 5.041584545270956141e+01
5.069069069069068973e+02 5.018710418041199262e+01
5.081331331331331285e+02 4.995919531556220505e+01
5.093593593593593596e+02 4.973212442618267204e+01
5.105855855855855907e+02 4.950589689377884639e+01
5.118118118118118218e+02 4.928051791580138286e+01
5.130380380380380529e+02 4.905599250809684264e+01
5.142642642642642841e+02 4.883232550734422261e+01
5.154904904904905152e+02 4.860952157347887237e+01
5.167167167167167463e+02 4.838758519210268361e+01
5.179429429429428637e+02 4.816652067688004024e+01
5.191691691691692085e+02 4.794633217192014740e+01
5.203953953953953260e+02 4.772702365414503589e+01
5.216216216216216708e+02 4.750859893564237524e+01
5.228478478478477882e+02 4.729106166600440275e+01
5.240740740740741330e+02 4.707441533465107852e+01
5.253003003003002505e+02 4.685866327313867430e+01
5.265265265265265953e+02 4.664380865745265936e+01
5.277527527527527127e+02 4.642985451028501132e+01
5.289789789789790575e+02 4.621680370329599441e+01
5.302052052052051749e+02 4.600465895936017091e+01
5.314314314314315197e+02 4.579342285479590657e+01
5.326576576576576372e+02 4.558309782157922996e+01
5.338838838838838683e+02 4.537368614954110768e+01
5.351101101101100994e+02 4.516518998854835587e+01
5.363363363363363305e+02 4.495761135066781122e+01
5.375625625625625617e+02 4.475095211231427328e+01
5.387887887887887928e+02 4.454521401638117339e+01
5.400150150150150239e+02 4.434039867435459570e+01
5.412412412412412550e+02 4.413650756841028766e+01
5.424674674674674861e+02 4.393354205349373132e+01
5.436936936936937173e+02 4.373150335938274935e+01
5.449199199199199484e+02 4.353039259273331396e+01
5.461461461461461795e+02 4.333021073910759924e+01
5.473723723723724106e+02 4.313095866498512265e+01
5.485985985985986417e+02 4.293263711975622954e+01
5.498248248248248728e+02 4.273524673769798454e+01
5.510510510510511040e+02 4.253878803993323743e+01
5.522772772772773351e+02 4.234326143637093764e+01
5.535035035035034525e+02 4.214866722763029117e+01
5.547297297297296836e+02 4.195500560694609504e+01
5.559559559559559148e+02 4.176227666205719657e+01
5.571821821821821459e+02 4.157048037707691179e+01
5.584084084084083770e+02 4.137961663434607829e+01
5.596346346346346081e+02 4.118968521626792523e+01
5.608608608608608392e+02 4.100068580712595434e+01
5.620870870870870704e+02 4.081261799488343200e+01
5.633133133133133015e+02 4.062548127296581413e+01
5.645395395395395326e+02 4.043927504202468981e+01
5.657657657657657637e+02 4.025399861168526172e+01
5.669919919919919948e+02 4.006965120227475552e+01
5.682182182182182260e+02 3.988623194653413151e+01
5.694444444444444571e+02 3.970373989131213222e+01
5.706706706706706882e+02 3.952217399924115426e+01
5.718968968968969193e+02 3.934153315039608145e+01
5.731231231231231504e+02 3.916181614393538979e+01
5.743493493493493816e+02 3.898302169972470921e+01
5.755755755755756127e+02 3.880514845994294149e+01
5.768018018018018438e+02 3.862819499067114037e+01
5.780280280280280749e+02 3.845215978346363528e+01
5.792542542542543060e+02 3.827704125690193848e+01
5.804804804804805372e+02 3.810283775813186935e+01
5.817067067067066546e+02 3.792954756438247443e+01
5.829329329329328857e+02 3.775716888446861930e+01
5.841591591591591168e+02 3.758569986027595178e+01
5.853853853853853479e+02 3.741513856822931672e+01
5.866116116116115791e+02 3.724548302074325790e+01
5.878378378378378102e+02 3.707673116765672461e+01
5.890640640640640413e+02 3.690888089764984414e+01
5.902902902902902724e+02 3.674193003964460047e+01
5.915165165165165035e+02 3.657587636418855226e+01
5.927427427427427347e+02 3.641071758482169685e+01
5.939689689689689658e+02 3.624645135942706986e+01
5.951951951951951969e+02 3.608307529156459026e+01
5.964214214214214280e+02 3.592058693178854867e+01
5.976476476476476591e+02 3.575898377894878166e+01
5.988738738738738903e+02 3.559826328147541830e+01
6.001001001001001214e+02 3.543842283864768916e+01
6.013263263263263525e+02 3.527945980184636454e+01
6.025525525525525836e+02 3.512137147579029772e+01
6.037787787787788147e+02 3.496415511975709478e+01
6.050050050050050459e+02 3.480780794878779005e+01
6.062312312312312770e+02 3.465232713487586835e+01
6.074574574574575081e+02 3.449770980814059840e+01
6.086836836836837392e+02 3.434395305798480535e+01
6.099099099099099703e+02 3.419105393423713934e+01
6.111361361361360878e+02 3.403900944827898911e+01
6.123623623623623189e+02 3.388781657415618298e+01
6.135885885885885500e+02 3.373747224967532787e+01
6.148148148148147811e+02 3.358797337748517720e+01
6.160410410410410122e+02 3.343931682614309864e+01
6.172672672672672434e+02 3.329149943116655663e+01
6.184934934934934745e+02 3.314451799606953131e+01
6.197197197197197056e+02 3.299836929338500369e+01
6.209459459459459367e+02 3.285305006567197950e+01
6.221721721721721678e+02 3.270855702650870001e+01
6.233983983983983990e+02 3.256488686147113754e+01
6.246246246246246301e+02 3.242203622909735827e+01
6.258508508508508612e+02 3.228000176183773817e+01
6.270770770770770923e+02 3.213878006699098933e+01
6.283033033033033234e+02 3.199836772762635206e+01
6.295295295295295546e+02 3.185876130349205937e+01
6.307557557557557857e+02 3.171995733190976807e+01
6.319819819819820168e+02 3.158195232865576330e+01
6.332082082082082479e+02 3.144474278882816520e+01
6.344344344344344790e+02 3.130832518770138151e+01
6.356606606606607102e+02 3.117269598156661559e+01
6.368868868868869413e+02 3.103785160855946046e+01
6.381131131131131724e+02 3.090378848947481671e+01
6.393393393393392898e+02 3.077050302856812536e+01
6.405655655655655210e+02 3.063799161434410223e+01
6.417917917917917521e+02 3.050625062033313739e+01
6.430180180180179832e+02 3.037527640585420841e+01
6.442442442442442143e+02 3.024506531676621535e+01
6.454704704704704454e+02 3.011561368620614942e+01
6.466966966966966766e+02 2.998691783531540267e+01
6.479229229229229077e+02 2.985897407395388470e+01
6.491491491491491388e+02 2.973177870140185064e+01
6.503753753753753699e+02 2.960532800705011525e+01
6.516016016016016010e+02 2.947961827107807053e+01
6.528278278278278322e+02 2.935464576512027080e+01
6.540540540540540633e+02 2.923040675292127943e+01
6.552802802802802944e+02 2.910689749097907253e+01
6.565065065065065255e+02 2.898411422917691027e+01
6.577327327327327566e+02 2.886205321140432289e+01
6.589589589589589878e+02 2.874071067616639397e+01
6.601851851851852189e+02 2.862008285718243883e+01
6.614114114114114500e+02 2.850016598397360568e+01
6.626376376376376811e+02 2.838095628243948454e+01
6.638638638638639122e+02 2.826244997542444182e+01
6.650900900900901433e+02 2.814464328327296272e+01
6.663163163163163745e+02 2.802753242437451675e+01
6.675425425425424919e+02 2.791111361569835125e+01
6.687687687687687230e+02 2.779538307331782221e+01
6.699949949949949541e+02 2.768033701292441862e+01
6.712212212212211853e+02 2.756597165033228336e+01
6.724474474474474164e+02 2.745228320197204397e+01
6.736736736736736475e+02 2.733926788537556973e+01
6.748998998998998786e+02 2.722692191965041530e+01
6.761261261261261097e+02 2.711524152594515868e+01
6.773523523523523409e+02 2.700422292790479162e+01
6.785785785785785720e+02 2.689386235211715359e+01
6.798048048048048031e+02 2.678415602854990141e+01
6.810310310310310342e+02 2.667510019097799656e+01
6.822572572572572653e+02 2.656669107740287217e+01
6.834834834834834965e+02 2.645892493046195426e+01
6.847097097097097276e+02 2.635179799782973120e+01
6.859359359359359587e+02 2.624530653260979207e+01
6.871621621621621898e+02 2.613944679371861568e+01
6.883883883883884209e+02 2.603421504626052041e+01
6.896146146146146521e+02 2.592960756189424743e+01
6.908408408408408832e+02 2.582562061919139751e+01
6.920670670670671143e+02 2.572225050398628809e+01
6.932932932932933454e+02 2.561949350971832473e+01
6.945195195195195765e+02 2.551734593776554760e+01
6.957457457457456940e+02 2.541580409777109750e+01
6.969719719719719251e+02 2.531486430796113041e+01
6.981981981981981562e+02 2.521452289545566572e+01
6.994244244244243873e+02 2.511477619657142668e+01
7.006506506506506184e+02 2.501562055711731247e+01
7.018768768768768496e+02 2.491705233268250552e+01
7.031031031031030807e+02 2.481906788891710391e+01
7.043293293293293118e+02 2.472166360180590416e+01
7.055555555555555429e+02 2.462483585793463803e+01
7.067817817817817740e+02 2.452858105474947337e+01
7.080080080080080052e+02 2.443289560080970446e+01
7.092342342342342363e+02 2.433777591603314860e+01
7.104604604604604674e+02 2.424321843193538228e+01
7.116866866866866985e+02 2.414921959186202827e+01
7.129129129129129296e+02 2.405577585121449857e+01
7.141391391391391608e+02 2.396288367766950245e+01
7.153653653653653919e+02 2.387053955139202444e+01
7.165915915915916230e+02 2.377873996524214206e+01
7.178178178178178541e+02 2.368748142497549480e+01
7.190440440440440852e+02 2.359676044943810425e+01
7.202702702702703164e+02 2.350657357075456844e+01
7.214964964964965475e+02 2.341691733451119717e+01
7.227227227227227786e+02 2.332778829993229053e+01
7.239489489489490097e+02 2.323918304005177404e+01
7.251751751751751272e+02 2.315109814187855974e+01
7.264014014014013583e+02 2.306353020655624420e+01
7.276276276276275894e+02 2.297647584951806010e+01
7.288538538538538205e+02 2.288993170063571370e+01
7.300800800800800516e+02 2.280389440436326609e+01
7.313063063063062827e+02 2.271836061987584188e+01
7.325325325325325139e+02 2.263332702120310458e+01
7.337587587587587450e+02 2.254879029735772988e+01
7.349849849849849761e+02 2.246474715245900455e+01
7.362112112112112072e+02 2.238119430585125968e+01
7.374374374374374383e+02 2.229812849221791993e+01
7.386636636636636695e+02 2.221554646169062153e+01
7.398898898898899006e+02 2.213344497995347737e+01
7.411161161161161317e+02 2.205182082834329194e+01
7.423423423423423628e+02 2.197067080394483796e+01
7.435685685685685939e+02 2.188999171968184854e+01
7.447947947947948251e+02 2.180978040440383126e+01
7.460210210210210562e+02 2.173003370296848047e+01
7.472472472472472873e+02 2.165074847631990096e+01
7.484734734734735184e+02 2.157192160156274952e+01
7.496996996996997495e+02 2.149354997203237616e+01
7.509259259259259807e+02 2.141563049736113200e+01
7.521521521521522118e+02 2.133816010354021131e+01
7.533783783783783292e+02 2.126113573297859460e+01
7.546046046046045603e+02 2.118455434455732345e+01
7.558308308308307915e+02 2.110841291368075190e+01
7.570570570570570226e+02 2.103270843232386156e+01
7.582832832832832537e+02 2.095743790907604875e+01
7.595095095095094848e+02 2.088259836918153312e+01
7.607357357357357159e+02 2.080818685457624895e+01
7.619619619619619471e+02 2.073420042392166351e+01
7.631881881881881782e+02 2.066063615263471220e+01
7.644144144144144093e+02 2.058749113291525390e+01
7.656406406406406404e+02 2.051476247376983508e+01
7.668668668668668715e+02 2.044244730103248386e+01
7.680930930930931027e+02 2.037054275738272224e+01
7.693193193193193338e+02 2.029904600236029921e+01
7.705455455455455649e+02 2.022795421237702840e+01
7.717717717717717960e+02 2.015726458072612459e+01
7.729979979979980271e+02 2.008697431758822560e+01
7.742242242242242583e+02 2.001708065003521853e+01
7.754504504504504894e+02 1.994758082203084015e+01
7.766766766766767205e+02 1.987847209442936247e+01
7.779029029029029516e+02 1.980975174497083557e+01
7.791291291291291827e+02 1.974141706827466081e+01
7.803553553553554138e+02 1.967346537583017252e+01
7.815815815815815313e+02 1.960589399598504201e+01
7.828078078078077624e+02 1.953870027393129760e+01
7.840340340340339935e+02 1.947188157168902478e+01
7.852602602602602246e+02 1.940543526808790631e+01
7.864864864864864558e+02 1.933935875874653831e+01
7.877127127127126869e+02 1.927364945604952240e+01
7.889389389389389180e+02 1.920830478912257888e+01
7.901651651651651491e+02 1.914332220380567762e+01
7.913913913913913802e+02 1.907869916262393417e+01
7.926176176176176114e+02 1.901443314475687529e+01
7.938438438438438425e+02 1.895052164600566158e+01
7.950700700700700736e+02 1.888696217875838812e+01
7.962962962962963047e+02 1.882375227195366918e+01
7.975225225225225358e+02 1.876088947104254601e+01
7.987487487487487670e+02 1.869837133794869288e+01
7.999749749749749981e+02 1.863619545102654129e+01
8.012012012012012292e+02 1.857435940501857274e+01
8.024274274274274603e+02 1.851286081101021352e+01
8.036536536536536914e+02 1.845169729638375600e+01
8.048798798798799226e+02 1.839086650477051421e+01
8.061061061061061537e+02 1.833036609600172540e+01
8.073323323323323848e+02 1.827019374605770707e+01
8.085585585585586159e+02 1.821034714701609403e+01
8.097847847847847333e+02 1.815082400699835574e+01
8.110110110110109645e+02 1.809162205011517699e+01
8.122372372372371956e+02 1.803273901641067312e+01
8.134634634634634267e+02 1.797417266180519491e+01
8.146896896896896578e+02 1.791592075803716000e+01
8.159159159159158889e+02 1.785798109260343836e+01
8.171421421421421201e+02 1.780035146869900942e+01
8.183683683683683512e+02 1.774302970515528344e+01
8.195945945945945823e+02 1.768601363637743162e+01
8.208208208208208134e+02 1.762930111228085295e+01
8.220470470470470445e+02 1.757288999822624831e+01
8.232732732732732757e+02 1.751677817495456324e+01
8.244994994994995068e+02 1.746096353852000860e+01
8.257257257257257379e+02 1.740544400022309901e+01
8.269519519519519690e+02 1.735021748654222051e+01
8.281781781781782001e+02 1.729528193906480027e+01
8.294044044044044313e+02 1.724063531441747443e+01
8.306306306306306624e+02 1.718627558419559875e+01
8.318568568568568935e+02 1.713220073489187811e+01
8.330830830830831246e+02 1.707840876782456618e+01
8.343093093093093557e+02 1.702489769906494388e+01
8.355355355355355869e+02 1.697166555936371424e+01
8.367617617617618180e+02 1.691871039407754651e+01
8.379879879879880491e+02 1.686603026309447273e+01
8.392142142142141665e+02 1.681362324075885084e+01
8.404404404404403977e+02 1.676148741579593349e+01
8.416666666666666288e+02 1.670962089123581862e+01
8.428928928928928599e+02 1.665802178433687075e+01
8.441191191191190910e+02 1.660668822650888288e+01
8.453453453453453221e+02 1.655561836323558822e+01
8.465715715715715532e+02 1.650481035399684870e+01
8.477977977977977844e+02 1.645426237219057342e+01
8.490240240240240155e+02 1.640397260505397981e+01
8.502502502502502466e+02 1.635393925358488687e+01
8.514764764764764777e+02 1.630416053246238661e+01
8.527027027027027088e+02 1.625463466996732009e+01
8.539289289289289400e+02 1.620535990790265402e+01
8.551551551551551711e+02 1.615633450151316453e+01
8.563813813813814022e+02 1.610755671940543010e+01
8.576076076076076333e+02 1.605902484346708903e+01
8.588338338338338644e+02 1.601073716878641662e+01
8.600600600600600956e+02 1.596269200357107465e+01
8.612862862862863267e+02 1.591488766906756069e+01
8.625125125125125578e+02 1.586732249947952411e+01
8.637387387387387889e+02 1.581999484188685301e+01
8.649649649649650200e+02 1.577290305616406130e+01
8.661911911911912512e+02 1.572604551489881608e+01
8.674174174174173686e+02 1.567942060331047749e+01
8.686436436436435997e+02 1.563302671916828146e+01
8.698698698698698308e+02 1.558686227270985114e+01
8.710960960960960620e+02 1.554092568655938145e+01
8.723223223223222931e+02 1.549521539564590000e+01
8.735485485485485242e+02 1.544972984712170572e+01
8.747747747747747553e+02 1.540446750028053025e+01
8.760010010010009864e+02 1.535942682647600321e+01
8.772272272272272176e+02 1.531460630903986520e+01
8.784534534534534487e+02 1.527000444320068162e+01
8.796796796796796798e+02 1.522561973600204688e+01
8.809059059059059109e+02 1.518145070622147230e+01
8.821321321321321420e+02 1.513749588428888515e+01
8.833583583583583732e+02 1.509375381220556989e+01
8.845845845845846043e+02 1.505022304346301176e+01
8.858108108108108354e+02 1.500690214296199620e+01
8.870370370370370665e+02 1.496378968693184319e+01
8.882632632632632976e+02 1.492088426284976244e+01
8.894894894894895288e+02 1.487818446936029382e+01
8.907157157157157599e+02 1.483568891619520613e+01
8.919419419419419910e+02 1.479339622409323418e+01
8.931681681681682221e+02 1.475130502472012495e+01
8.943943943943944532e+02 1.470941396058908168e+01
8.956206206206205707e+02 1.466772168498124529e+01
8.968468468468468018e+02 1.462622686186631960e+01
8.980730730730730329e+02 1.458492816582368157e+01
8.992992992992992640e+02 1.454382428196345778e+01
9.005255255255254951e+02 1.450291390584805207e+01
9.017517517517517263e+02 1.446219574341384728e+01
9.029779779779779574e+02 1.442166851089324098e+01
9.042042042042041885e+02 1.438133093473678237e+01
9.054304304304304196e+02 1.434118175153577646e+01
9.066566566566566507e+02 1.430121970794514397e+01
9.078828828828828819e+02 1.426144356060644469e+01
9.091091091091091130e+02 1.422185207607134316e+01
9.103353353353353441e+02 1.418244403072535675e+01
9.115615615615615752e+02 1.414321821071181517e+01
9.127877877877878063e+02 1.410417341185635287e+01
9.140140140140140375e+02 1.406530843959136590e+01
9.152402402402402686e+02 1.402662210888127525e+01
9.164664664664664997e+02 1.398811324414770851e+01
9.176926926926927308e+02 1.394978067919522680e+01
9.189189189189189619e+02 1.391162325713741232e+01
9.201451451451451931e+02 1.387363983032319759e+01
9.213713713713714242e+02 1.383582926026357107e+01
9.225975975975976553e+02 1.379819041755883369e+01
9.238238238238238864e+02 1.376072218182586937e+01
9.250500500500500038e+02 1.372342344162609251e+01
9.262762762762762350e+02 1.368629309439370445e+01
9.275025025025024661e+02 1.364933004636408853e+01
9.287287287287286972e+02 1.361253321250299919e+01
9.299549549549549283e+02 1.357590151643574750e+01
9.311811811811811594e+02 1.353943389037696576e+01
9.324074074074073906e+02 1.350312927506084115e+01
9.336336336336336217e+02 1.346698661967137411e+01
9.348598598598598528e+02 1.343100488177365825e+01
9.360860860860860839e+02 1.339518302724475340e+01
9.373123123123123150e+02 1.335952003020578083e+01
9.385385385385385462e+02 1.332401487295376796e+01
9.397647647647647773e+02 1.328866654589433871e+01
9.409909909909910084e+02 1.325347404747447477e+01
9.422172172172172395e+02 1.321843638411599819e+01
9.434434434434434706e+02 1.318355257014917470e+01
9.446696696696697018e+02 1.314882162774689434e+01
9.458958958958959329e+02 1.311424258685939037e+01
9.471221221221221640e+02 1.307981448514895639e+01
9.483483483483483951e+02 1.304553636792562621e+01
9.495745745745746262e+02 1.301140728808269564e+01
9.508008008008008574e+02 1.297742630603321956e+01
9.520270270270270885e+02 1.294359248964641829e+01
9.532532532532532059e+02 1.290990491418508235e+01
9.544794794794794370e+02 1.287636266224268589e+01
9.557057057057056682e+02 1.284296482368156234e+01
9.569319319319318993e+02 1.280971049557114405e+01
9.581581581581581304e+02 1.277659878212675792e+01
9.593843843843843615e+02 1.274362879464881537e+01
9.606106106106105926e+02 1.271079965146235935e+01
9.618368368368368237e+02 1.267811047785718337e+01
9.630630630630630549e+02 1.264556040602825426e+01
9.642892892892892860e+02 1.261314857501657372e+01
9.655155155155155171e+02 1.258087413065045013e+01
9.667417417417417482e+02 1.254873622548739043e+01
9.679679679679679793e+02 1.251673401875601677e+01
9.691941941941942105e+02 1.248486667629882874e+01
9.704204204204204416e+02 1.245313337051515923e+01
9.716466466466466727e+02 1.242153328030445536e+01
9.728728728728729038e+02 1.239006559101037119e+01
9.740990990990991349e+02 1.235872949436477519e+01
9.753253253253253661e+02 1.232752418843268138e+01
9.765515515515515972e+02 1.229644887755705973e+01
9.777777777777778283e+02 1.226550277230462882e+01
9.790040040040040594e+02 1.223468508941167343e+01
9.802302302302302905e+02 1.220399505173038079e+01
9.814564564564564080e+02 1.217343188817564048e+01
9.826826826826826391e+02 1.214299483367226529e+01
9.839089089089088702e+02 1.211268312910252298e+01
9.851351351351351013e+02 1.208249602125416899e+01
9.863613613613613325e+02 1.205243276276894449e+01
9.875875875875875636e+02 1.202249261209128584e+01
9.888138138138137947e+02 1.199267483341767715e+01
9.900400400400400258e+02 1.196297869664617686e+01
9.912662662662662569e+02 1.193340347732663353e+01
9.924924924924924881e+02 1.190394845661099055e+01
9.937187187187187192e+02 1.187461292120423018e+01
9.949449449449449503e+02 1.184539616331563217e+01
9.961711711711711814e+02 1.181629748061042662e+01
9.973973973973974125e+02 1.178731617616182881e+01
9.986236236236236437e+02 1.175845155840354295e+01
9.998498498498498748e+02 1.172970294108254130e+01
1.001076076076076106e+03 1.170106964321238330e+01
1.002302302302302337e+03 1.167255098902682420e+01
1.003528528528528568e+03 1.164414630793384298e+01
1.004754754754754799e+03 1.161585493446999173e+01
1.005980980980981030e+03 1.158767620825531353e+01
1.007207207207207261e+03 1.155960947394836502e+01
1.008433433433433493e+03 1.153165408120196567e+01
1.009659659659659610e+03 1.150380938461893621e+01
1.010885885885885841e+03 1.147607474370862768e+01
1.012112112112112072e+03 1.144844952284335093e+01
1.013338338338338303e+03 1.142093309121576894e+01
1.014564564564564535e+03 1.139352482279603329e+01
1.015790790790790766e+03 1.136622409628977337e+01
1.017017017017016997e+03 1.133903029509625604e+01
1.018243243243243228e+03 1.131194280726678691e+01
1.019469469469469459e+03 1.128496102546378133e+01
1.020695695695695690e+03 1.125808434691996851e+01
1.021921921921921921e+03 1.123131217339798660e+01
1.023148148148148152e+03 1.120464391115038438e+01
1.024374374374374383e+03 1.117807897087992863e+01
1.025600600600600501e+03 1.115161676770038213e+01
1.026826826826826846e+03 1.112525672109736163e+01
1.028053053053053191e+03 1.109899825488991532e+01
1.029279279279279308e+03 1.107284079719210368e+01
1.030505505505505425e+03 1.104678378037514541e+01
1.031731731731731770e+03 1.102082664102981724e+01
1.032957957957958115e+03 1.099496881992917707e+01
1.034184184184184232e+03 1.096920976199164421e+01
1.035410410410410350e+03 1.094354891624451120e+01
1.036636636636636695e+03 1.091798573578753029e+01
1.037862862862863039e+03 1.089251967775713581e+01
1.039089089089089157e+03 1.086715020329081050e+01
1.040315315315315274e+03 1.084187677749177325e+01
1.041541541541541392e+03 1.081669886939409153e+01
1.042767767767767737e+03 1.079161595192798195e+01
1.043993993993994081e+03 1.076662750188557460e+01
1.045220220220220199e+03 1.074173299988692598e+01
1.046446446446446316e+03 1.071693193034621139e+01
1.047672672672672661e+03 1.069222378143850172e+01
1.048898898898899006e+03 1.066760804506665217e+01
1.050125125125125123e+03 1.064308421682847872e+01
1.051351351351351468e+03 1.061865179598442310e+01
1.052577577577577586e+03 1.059431028542529063e+01
1.053803803803803703e+03 1.057005919164042496e+01
1.055030030030030048e+03 1.054589802468621862e+01
1.056256256256256165e+03 1.052182629815477455e+01
1.057482482482482510e+03 1.049784352914297791e+01
1.058708708708708627e+03 1.047394923822174029e+01
1.059934934934934972e+03 1.045014294940567190e+01
1.061161161161161090e+03 1.042642419012300259e+01
1.062387387387387435e+03 1.040279249118571059e+01
1.063613613613613552e+03 1.037924738675990355e+01
1.064839839839839897e+03 1.035578841433667741e+01
1.066066066066066014e+03 1.033241511470301255e+01
1.067292292292292359e+03 1.030912703191319579e+01
1.068518518518518476e+03 1.028592371326016774e+01
1.069744744744744821e+03 1.026280470924756294e+01
1.070970970970970939e+03 1.023976957356159723e+01
1.072197197197197283e+03 1.021681786304354311e+01
1.073423423423423401e+03 1.019394913766232591e+01
1.074649649649649746e+03 1.017116296048733659e+01
1.075875875875875863e+03 1.014845889766163722e+01
1.077102102102102208e+03 1.012583651837528187e+01
1.078328328328328325e+03 1.010329539483896966e+01
1.079554554554554670e+03 1.008083510225796253e+01
1.080780780780780788e+03 1.005845521880626592e+01
1.082007007007006905e+03 1.003615532560080759e+01
1.083233233233233250e+03 1.001393500667634129e+01
1.084459459459459367e+03 9.991793848960080382e+00
1.085685685685685712e+03 9.969731442247029563e+00
1.086911911911911830e+03 9.947747379175119420e+00
1.088138138138138174e+03 9.925841255200898772e+00
1.089364364364364292e+03 9.904012668575379763e+00
1.090590590590590637e+03 9.882261220320010864e+00
1.091816816816816754e+03 9.860586514202971387e+00
1.093043043043043099e+03 9.838988156715767985e+00
1.094269269269269216e+03 9.817465757049797404e+00
1.095495495495495561e+03 9.796018927073465221e+00
1.096721721721721678e+03 9.774647281309277957e+00
1.097947947947948023e+03 9.753350436911219390e+00
1.099174174174174141e+03 9.732128013642386222e+00
1.100400400400400486e+03 9.710979633852893755e+00
1.101626626626626603e+03 9.689904922457719394e+00
1.102852852852852948e+03 9.668903506915155432e+00
1.104079079079079065e+03 9.647975017205194348e+00
1.105305305305305410e+03 9.627119085808100607e+00
1.106531531531531527e+03 9.606335347683437220e+00
1.107757757757757872e+03 9.585623440249069205e+00
1.108983983983983990e+03 9.564983003360360669e+00
1.110210210210210107e+03 9.544413679289814212e+00
1.111436436436436452e+03 9.523915112706585973e+00
1.112662662662662569e+03 9.503486950656476751e+00
1.113888888888888914e+03 9.483128842541884040e+00
1.115115115115115032e+03 9.462840440102128881e+00
1.116341341341341376e+03 9.442621397393899940e+00
1.117567567567567494e+03 9.422471370771781096e+00
1.118793793793793839e+03 9.402390018869253296e+00
1.120020020020019956e+03 9.382377002579527669e+00
1.121246246246246301e+03 9.362431985036790749e+00
1.122472472472472418e+03 9.342554631597607795e+00
1.123698698698698763e+03 9.322744609822381179e+00
1.124924924924924881e+03 9.303001589457164044e+00
1.126151151151151225e+03 9.283325242415482847e+00
1.127377377377377343e+03 9.263715242760472535e+00
1.128603603603603688e+03 9.244171266687034816e+00
1.129829829829829805e+03 9.224692992504305522e+00
1.131056056056056150e+03 9.205280100618336903e+00
1.132282282282282267e+03 9.185932273514612945e+00
1.133508508508508612e+03 9.166649195741202405e+00
1.134734734734734729e+03 9.147430553891608085e+00
1.135960960960961074e+03 9.128276036588264475e+00
1.137187187187187192e+03 9.109185334465736972e+00
1.138413413413413309e+03 9.090158140154338540e+00
1.139639639639639654e+03 9.071194148263861834e+00
1.140865865865865771e+03 9.052293055367528041e+00
1.142092092092092116e+03 9.033454559985839794e+00
1.143318318318318234e+03 9.014678362570910153e+00
1.144544544544544578e+03 8.995964165490736519e+00
1.145770770770770696e+03 8.977311673013696591e+00
1.146996996996997041e+03 8.958720591293134916e+00
1.148223223223223158e+03 8.940190628352270963e+00
1.149449449449449503e+03 8.921721494068883374e+00
1.150675675675675620e+03 8.903312900160647914e+00
1.151901901901901965e+03 8.884964560170120151e+00
1.153128128128128083e+03 8.866676189450231504e+00
1.154354354354354427e+03 8.848447505149723114e+00
1.155580580580580545e+03 8.830278226198743141e+00
1.156806806806806890e+03 8.812168073294619930e+00
1.158033033033033007e+03 8.794116768887834112e+00
1.159259259259259352e+03 8.776124037167939207e+00
1.160485485485485469e+03 8.758189604049821497e+00
1.161711711711711814e+03 8.740313197159888858e+00
1.162937937937937932e+03 8.722494545822602419e+00
1.164164164164164276e+03 8.704733381046960261e+00
1.165390390390390394e+03 8.687029435513213826e+00
1.166616616616616511e+03 8.669382443559632279e+00
1.167842842842842856e+03 8.651792141169467598e+00
1.169069069069068973e+03 8.634258265958038692e+00
1.170295295295295318e+03 8.616780557159771092e+00
1.171521521521521436e+03 8.599358755615696737e+00
1.172747747747747781e+03 8.581992603760657090e+00
1.173973973973973898e+03 8.564681845610989441e+00
1.175200200200200243e+03 8.547426226752111944e+00
1.176426426426426360e+03 8.530225494326328928e+00
1.177652652652652705e+03 8.513079397020606010e+00
1.178878878878878822e+03 8.495987685054728900e+00
1.180105105105105167e+03 8.478950110169309440e+00
1.181331331331331285e+03 8.461966425613937304e+00
1.182557557557557629e+03 8.445036386135697626e+00
1.183783783783783747e+03 8.428159747967391979e+00
1.185010010010010092e+03 8.411336268816253181e+00
1.186236236236236209e+03 8.394565707852491343e+00
1.187462462462462554e+03 8.377847825698149009e+00
1.188688688688688671e+03 8.361182384415808855e+00
1.189914914914915016e+03 8.344569147497665540e+00
1.191141141141141134e+03 8.328007879854620654e+00
1.192367367367367478e+03 8.311498347805368780e+00
1.193593593593593596e+03 8.295040319065678958e+00
1.194819819819819941e+03 8.278633562737789831e+00
1.196046046046046058e+03 8.262277849299877630e+00
1.197272272272272176e+03 8.245972950595614748e+00
1.198498498498498520e+03 8.229718639823719428e+00
1.199724724724724638e+03 8.213514691527917577e+00
1.200950950950950983e+03 8.197360881586590153e+00
1.202177177177177100e+03 8.181256987202829123e+00
1.203403403403403445e+03 8.165202786894436571e+00
1.204629629629629562e+03 8.149198060484032169e+00
1.205855855855855907e+03 8.133242589089261898e+00
1.207082082082082024e+03 8.117336155113166640e+00
1.208308308308308369e+03 8.101478542234497482e+00
1.209534534534534487e+03 8.085669535398158914e+00
1.210760760760760832e+03 8.069908920805954011e+00
1.211986986986986949e+03 8.054196485907000991e+00
1.213213213213213294e+03 8.038532019388638261e+00
1.214439439439439411e+03 8.022915311167167829e+00
1.215665665665665756e+03 8.007346152378808313e+00
1.216891891891891873e+03 7.991824335370566246e+00
1.218118118118118218e+03 7.976349653691484853e+00
1.219344344344344336e+03 7.960921902083604174e+00
1.220570570570570681e+03 7.945540876473302205e+00
1.221796796796796798e+03 7.930206373962565891e+00
1.223023023023023143e+03 7.914918192820308285e+00
1.224249249249249260e+03 7.899676132474042767e+00
1.225475475475475378e+03 7.884479993501114947e+00
1.226701701701701722e+03 7.869329577620538529e+00
1.227927927927927840e+03 7.854224687684595807e+00
1.229154154154154185e+03 7.839165127670642441e+00
1.230380380380380302e+03 7.824150702672869606e+00
1.231606606606606647e+03 7.809181218894265974e+00
1.232832832832832764e+03 7.794256483638604571e+00
1.234059059059059109e+03 7.779376305302485584e+00
1.235285285285285227e+03 7.764540493367352525e+00
1.236511511511511571e+03 7.749748858391867223e+00
1.237737737737737689e+03 7.735001212004039672e+00
1.238963963963964034e+03 7.720297366893577262e+00
1.240190190190190151e+03 7.705637136804297072e+00
1.241416416416416496e+03 7.691020336526574575e+00
1.242642642642642613e+03 7.676446781889860738e+00
1.243868868868868958e+03 7.661916289755319021e+00
1.245095095095095076e+03 7.647428678008440173e+00
1.246321321321321420e+03 7.632983765551784039e+00
1.247547547547547538e+03 7.618581372297715149e+00
1.248773773773773883e+03 7.604221319161339032e+00
1.250000000000000000e+03 7.589903428053343504e+00
