5.000000000000000000e-01 1.303720402538378380e+02
8.203125000000000000e-01 1.313378884730624065e+02
1.140625000000000000e+00 1.352933899636162209e+02
1.460937500000000000e+00 1.375442428366604020e+02
1.781250000000000000e+00 1.356054039363181971e+02
2.101562500000000000e+00 1.383227219639618966e+02
2.421875000000000000e+00 1.406010262896174368e+02
2.742187500000000000e+00 1.400049363899703110e+02
3.062500000000000000e+00 1.421813720370917906e+02
3.382812500000000000e+00 1.450752479977221299e+02
3.703125000000000000e+00 1.461430531755158597e+02
4.023437500000000000e+00 1.445720821745692319e+02
4.343750000000000000e+00 1.464715655158796324e+02
4.664062500000000000e+00 1.478306273858866291e+02
4.984375000000000000e+00 1.464844827399048768e+02
5.304687500000000000e+00 1.514963864506168818e+02
5.625000000000000000e+00 1.509180980032918740e+02
5.945312500000000000e+00 1.541258431424514583e+02
6.265625000000000000e+00 1.534107242683101049e+02
6.585937500000000000e+00 1.535123885776142174e+02
6.906250000000000000e+00 1.539861549497490785e+02
7.226562500000000000e+00 1.564740313983568853e+02
7.546875000000000000e+00 1.556595802269093554e+02
7.867187500000000000e+00 1.581133855508372505e+02
8.187500000000000000e+00 1.581263463222649648e+02
8.507812500000000000e+00 1.599031379711530576e+02
8.828125000000000000e+00 1.601553192117097240e+02
9.148437500000000000e+00 1.614357212077546251e+02
9.468750000000000000e+00 1.612531934177506230e+02
9.789062500000000000e+00 1.594593142126396117e+02
1.010937500000000000e+01 1.593793961326402666e+02
1.042968750000000000e+01 1.608395782444967779e+02
1.075000000000000000e+01 1.603806154968215480e+02
