5.000000000000000000e-01 2.731634963158810336e+01
8.203125000000000000e-01 2.781225730508955252e+01
1.140625000000000000e+00 2.848349252718555036e+01
1.460937500000000000e+00 3.007603816617836756e+01
1.781250000000000000e+00 2.972489275094049432e+01
2.101562500000000000e+00 2.979530320651875286e+01
2.421875000000000000e+00 3.187267963348373101e+01
2.742187500000000000e+00 3.526922663648468870e+01
3.062500000000000000e+00 3.278525455207313399e+01
3.382812500000000000e+00 3.485988351435085519e+01
3.703125000000000000e+00 3.548990413374752251e+01
4.023437500000000000e+00 3.713467209850702488e+01
4.343750000000000000e+00 3.771256178119497093e+01
4.664062500000000000e+00 3.782517318495788317e+01
4.984375000000000000e+00 3.892150418812225610e+01
5.304687500000000000e+00 4.158414882524319722e+01
5.625000000000000000e+00 4.355833754062602026e+01
5.945312500000000000e+00 4.419880064655532692e+01
6.265625000000000000e+00 4.395058641140612821e+01
6.585937500000000000e+00 4.351916140555413648e+01
6.906250000000000000e+00 4.562802528256764134e+01
7.226562500000000000e+00 4.771506686201525582e+01
7.546875000000000000e+00 5.031425361838302024e+01
7.867187500000000000e+00 4.683820536973820481e+01
8.187500000000000000e+00 4.924297458335768596e+01
8.507812500000000000e+00 5.043837534183815308e+01
8.828125000000000000e+00 5.059941689004774901e+01
9.148437500000000000e+00 5.201129180374744010e+01
9.468750000000000000e+00 5.242971967860081861e+01
9.789062500000000000e+00 5.228069983734194892e+01
1.010937500000000000e+01 5.256518318703832193e+01
1.042968750000000000e+01 5.303061493443357222e+01
1.075000000000000000e+01 5.242750309455367130e+01
