2.500000000000000000e+01 2.071304699585664544e+00
2.622622622622622757e+01 2.277138534535840364e+00
2.745245245245245158e+01 2.492371423877944192e+00
2.867867867867867915e+01 2.716940492225313974e+00
2.990490490490490316e+01 2.950780212727313501e+00
3.113113113113113073e+01 3.193822435998652676e+00
3.235735735735735830e+01 3.445996420159893603e+00
3.358358358358358231e+01 3.707228861971500145e+00
3.480980980980980632e+01 3.977443929040620496e+00
3.603603603603603744e+01 4.256563293081739197e+00
3.726226226226226146e+01 4.544506164209218824e+00
3.848848848848848547e+01 4.841189326241154056e+00
3.971471471471471659e+01 5.146527172992771071e+00
4.094094094094094061e+01 5.460431745535797354e+00
4.216716716716716462e+01 5.782812770402175673e+00
4.339339339339339574e+01 6.113577698707222119e+00
4.461961961961961975e+01 6.452631746169386062e+00
4.584584584584584377e+01 6.799877934000639002e+00
4.707207207207207489e+01 7.155217130643945822e+00
4.829829829829829890e+01 7.518548094331147347e+00
4.952452452452452292e+01 7.889767516435898465e+00
5.075075075075075404e+01 8.268770065595418828e+00
5.197697697697697805e+01 8.655448432573757955e+00
5.320320320320320207e+01 9.049693375840444531e+00
5.442942942942943318e+01 9.451393767835892135e+00
5.565565565565565720e+01 9.860436641897258880e+00
5.688188188188188121e+01 1.027670723981539425e+01
5.810810810810810523e+01 1.070008905999529070e+01
5.933433433433433635e+01 1.113046390619155801e+01
6.056056056056056036e+01 1.156771193678961041e+01
6.178678678678678438e+01 1.201171171460383569e+01
6.301301301301301550e+01 1.246234025716398364e+01
6.423923923923923951e+01 1.291947308745940859e+01
6.546546546546545642e+01 1.338298428511273919e+01
6.669169169169168754e+01 1.385274653795276301e+01
6.791791791791791866e+01 1.432863119395670637e+01
6.914414414414414978e+01 1.481050831353275754e+01
7.037037037037038090e+01 1.529824672211239722e+01
7.159659659659659781e+01 1.579171406302272551e+01
7.282282282282281471e+01 1.629077685060941860e+01
7.404904904904904583e+01 1.679530052357985781e+01
7.527527527527527695e+01 1.730514949853690965e+01
7.650150150150150807e+01 1.782018722367362784e+01
7.772772772772772498e+01 1.834027623259909490e+01
7.895395395395395610e+01 1.886527819826589436e+01
8.018018018018017301e+01 1.939505398696946159e+01
8.140640640640640413e+01 1.992946371239080960e+01
8.263263263263263525e+01 2.046836678965246747e+01
8.385885885885886637e+01 2.101162198935950443e+01
8.508508508508508328e+01 2.155908749159601001e+01
8.631131131131131440e+01 2.211062093984986632e+01
8.753753753753753131e+01 2.266607949483601914e+01
8.876376376376376243e+01 2.322531988819116222e+01
8.998998998998999355e+01 2.378819847601181081e+01
9.121621621621621046e+01 2.435457129220854000e+01
9.244244244244244157e+01 2.492429410164887571e+01
9.366866866866867269e+01 2.549722245306239188e+01
9.489489489489488960e+01 2.607321173168160655e+01
9.612112112112112072e+01 2.665211721159216651e+01
9.734734734734735184e+01 2.723379410776754384e+01
9.857357357357356875e+01 2.781809762776172690e+01
9.979979979979979987e+01 2.840488302303641888e+01
1.010260260260260310e+02 2.899400563989738089e+01
1.022522522522522479e+02 2.958532097001567607e+01
1.034784784784784790e+02 3.017868470051227092e+01
1.047047047047047101e+02 3.077395276358003429e+01
1.059309309309309270e+02 3.137098138562277683e+01
1.071571571571571582e+02 3.196962713588895255e+01
1.083833833833833893e+02 3.256974697457715706e+01
1.096096096096096062e+02 3.317119830039437289e+01
1.108358358358358373e+02 3.377383899754482144e+01
1.120620620620620684e+02 3.437752748213027587e+01
1.132882882882882853e+02 3.498212274794249765e+01
1.145145145145145165e+02 3.558748441162837395e+01
1.157407407407407476e+02 3.619347275721017354e+01
1.169669669669669645e+02 3.679994877994302271e+01
1.181931931931931956e+02 3.740677422949173092e+01
1.194194194194194267e+02 3.801381165241212301e+01
1.206456456456456436e+02 3.862092443391914998e+01
1.218718718718718748e+02 3.922797683892760290e+01
1.230980980980980917e+02 3.983483405235051578e+01
1.243243243243243228e+02 4.044136221864063430e+01
1.255505505505505539e+02 4.104742848056259419e+01
1.267767767767767708e+02 4.165290101718140647e+01
1.280030030030030161e+02 4.225764908105652751e+01
1.292292292292292473e+02 4.286154303462891590e+01
1.304554554554554500e+02 4.346445438579049636e+01
1.316816816816816811e+02 4.406625582262555696e+01
1.329079079079079122e+02 4.466682124731441661e+01
1.341341341341341149e+02 4.526602580919006868e+01
1.353603603603603460e+02 4.586374593694003465e+01
1.365865865865865771e+02 4.645985936994419063e+01
1.378128128128128083e+02 4.705424518874266226e+01
1.390390390390390394e+02 4.764678384462710170e+01
1.402652652652652705e+02 4.823735718834802810e+01
1.414914914914915016e+02 4.882584849793474291e+01
1.427177177177177327e+02 4.941214250562162391e+01
1.439439439439439639e+02 4.999612542387720993e+01
1.451701701701701666e+02 5.057768497053297807e+01
1.463963963963963977e+02 5.115671039300794121e+01
1.476226226226226288e+02 5.173309249162753076e+01
1.488488488488488315e+02 5.230672364203417146e+01
1.500750750750750626e+02 5.287749781669018034e+01
1.513013013013012937e+02 5.344531060546963630e+01
1.525275275275275249e+02 5.401005923534170705e+01
1.537537537537537560e+02 5.457164258914487220e+01
1.549799799799799871e+02 5.512996122345307981e+01
1.562062062062062182e+02 5.568491738553569803e+01
1.574324324324324209e+02 5.623641502941360670e+01
1.586586586586586520e+02 5.678435983101419993e+01
1.598848848848848831e+02 5.732865920242771551e+01
1.611111111111111143e+02 5.786922230526983668e+01
1.623373373373373454e+02 5.840596006315396238e+01
1.635635635635635765e+02 5.893878517327842559e+01
1.647897897897897792e+02 5.946761211713341311e+01
1.660160160160160103e+02 5.999235717033358384e+01
1.672422422422422414e+02 6.051293841158265252e+01
1.684684684684684726e+02 6.102927573077631251e+01
1.696946946946947037e+02 6.154129083625031171e+01
1.709209209209209348e+02 6.204890726118201627e+01
1.721471471471471375e+02 6.255205036915254624e+01
1.733733733733733686e+02 6.305064735887786043e+01
1.745995995995995997e+02 6.354462726811778595e+01
1.758258258258258309e+02 6.403392097677203765e+01
1.770520520520520620e+02 6.451846120917277005e+01
1.782782782782782931e+02 6.499818253558235881e+01
1.795045045045044958e+02 6.547302137290868984e+01
1.807307307307307269e+02 6.594291598464609194e+01
1.819569569569569580e+02 6.640780648005417675e+01
1.831831831831831892e+02 6.686763481258532238e+01
1.844094094094094203e+02 6.732234477757192792e+01
1.856356356356356230e+02 6.777188200918558891e+01
1.868618618618618541e+02 6.821619397667930684e+01
1.880880880880880852e+02 6.865522997992600551e+01
1.893143143143143163e+02 6.908894114426473720e+01
1.905405405405405475e+02 6.951728041466803631e+01
1.917667667667667786e+02 6.994020254924224389e+01
1.929929929929929813e+02 7.035766411207600868e+01
1.942192192192192124e+02 7.076962346544695492e+01
1.954454454454454435e+02 7.117604076140334257e+01
1.966716716716716746e+02 7.157687793273164800e+01
1.978978978978979058e+02 7.197209868332593885e+01
1.991241241241241369e+02 7.236166847797109369e+01
2.003503503503503396e+02 7.274555453155528539e+01
2.015765765765765707e+02 7.312372579772502945e+01
2.028028028028028018e+02 7.349615295699776141e+01
2.040290290290290329e+02 7.386280840434564254e+01
2.052552552552552640e+02 7.422366623626481896e+01
2.064814814814814952e+02 7.457870223734629178e+01
2.077077077077076979e+02 7.492789386635993765e+01
2.089339339339339290e+02 7.527122024187036686e+01
2.101601601601601601e+02 7.560866212739448144e+01
2.113863863863863912e+02 7.594020191611977566e+01
2.126126126126126223e+02 7.626582361519483300e+01
2.138388388388388535e+02 7.658551282960910100e+01
2.150650650650650562e+02 7.689925674567464853e+01
2.162912912912912873e+02 7.720704411412562251e+01
2.175175175175175184e+02 7.750886523284967211e+01
2.187437437437437495e+02 7.780471192926675883e+01
2.199699699699699806e+02 7.809457754236805727e+01
2.211961961961961833e+02 7.837845690443158730e+01
2.224224224224224145e+02 7.865634632242658597e+01
2.236486486486486456e+02 7.892824355912402723e+01
2.248748748748748767e+02 7.919414781392457314e+01
2.261011011011011078e+02 7.945405970341924728e+01
2.273273273273273389e+02 7.970798124169834864e+01
2.285535535535535416e+02 7.995591582041923573e+01
2.297797797797797728e+02 8.019786818865054556e+01
2.310060060060060039e+02 8.043384443250390348e+01
2.322322322322322350e+02 8.066385195456773261e+01
2.334584584584584661e+02 8.088789945315622276e+01
2.346846846846846972e+02 8.110599690138772644e+01
2.359109109109108999e+02 8.131815552610423481e+01
2.371371371371371310e+02 8.152438778664622987e+01
2.383633633633633622e+02 8.172470735349492088e+01
2.395895895895895933e+02 8.191912908679471172e+01
2.408158158158158244e+02 8.210766901476898738e+01
2.420420420420420555e+02 8.229034431204071609e+01
2.432682682682682582e+02 8.246717327786981855e+01
2.444944944944944893e+02 8.263817531432101759e+01
2.457207207207207205e+02 8.280337090437114966e+01
2.469469469469469516e+02 8.296278158996989305e+01
2.481731731731731827e+02 8.311642995006414480e+01
2.493993993993994138e+02 8.326433957859713075e+01
2.506256256256256165e+02 8.340653506249334725e+01
2.518518518518518476e+02 8.354304195964110136e+01
2.530780780780780788e+02 8.367388677688026632e+01
2.543043043043043099e+02 8.379909694800926445e+01
2.555305305305305410e+02 8.391870081181887997e+01
2.567567567567567721e+02 8.403272759016286386e+01
2.579829829829830032e+02 8.414120736607621609e+01
2.592092092092092344e+02 8.424417106194981386e+01
2.604354354354354655e+02 8.434165041776941507e+01
2.616616616616616966e+02 8.443367796943105930e+01
2.628878878878879277e+02 8.452028702713774067e+01
2.641141141141141020e+02 8.460151165388882077e+01
2.653403403403403331e+02 8.467738664406917337e+01
2.665665665665665642e+02 8.474794750214567784e+01
2.677927927927927954e+02 8.481323042148069646e+01
2.690190190190190265e+02 8.487327226326696916e+01
2.702452452452452576e+02 8.492811053559476875e+01
2.714714714714714319e+02 8.497778337265592086e+01
2.726976976976976630e+02 8.502232951409226303e+01
2.739239239239238941e+02 8.506178828449564833e+01
2.751501501501501252e+02 8.509619957306544791e+01
2.763763763763763563e+02 8.512560381342932203e+01
2.776026026026025875e+02 8.515004196363432243e+01
2.788288288288288186e+02 8.516955548631294448e+01
2.800550550550550497e+02 8.518418632902992726e+01
2.812812812812812808e+02 8.519397690481585528e+01
2.825075075075075119e+02 8.519897007289104351e+01
2.837337337337337431e+02 8.519920911958625709e+01
2.849599599599599742e+02 8.519473773946327810e+01
2.861861861861862053e+02 8.518560001664114623e+01
2.874124124124124364e+02 8.517184040633105724e+01
2.886386386386386675e+02 8.515350371658470863e+01
2.898648648648648418e+02 8.513063509025931808e+01
2.910910910910910729e+02 8.510327998720312337e+01
2.923173173173173041e+02 8.507148416666512958e+01
2.935435435435435352e+02 8.503529366993053884e+01
2.947697697697697663e+02 8.499475480318761811e+01
2.959959959959959974e+02 8.494991412062590541e+01
2.972222222222222285e+02 8.490081840777024524e+01
2.984484484484484597e+02 8.484751466505213102e+01
2.996746746746746908e+02 8.479005009162105466e+01
3.009009009009009219e+02 8.472847206939663067e+01
3.021271271271271530e+02 8.466282814736572959e+01
3.033533533533533273e+02 8.459316602612329916e+01
3.045795795795795584e+02 8.451953354266069596e+01
3.058058058058057895e+02 8.444197865540179748e+01
3.070320320320320207e+02 8.436054942948784685e+01
3.082582582582582518e+02 8.427529402231262168e+01
3.094844844844844829e+02 8.418626066930846719e+01
3.107107107107107140e+02 8.409349766998316511e+01
3.119369369369369451e+02 8.399705337420988371e+01
3.131631631631631763e+02 8.389697616876867414e+01
3.143893893893894074e+02 8.379331446414049367e+01
3.156156156156156385e+02 8.368611668155399741e+01
3.168418418418418696e+02 8.357543124028495640e+01
3.180680680680680439e+02 8.346130654520827363e+01
3.192942942942942750e+02 8.334379097460085006e+01
3.205205205205205061e+02 8.322293286819747493e+01
3.217467467467467372e+02 8.309878051549638656e+01
3.229729729729729684e+02 8.297138214431586789e+01
3.241991991991991995e+02 8.284078590959974520e+01
3.254254254254254306e+02 8.270703988247200300e+01
3.266516516516516617e+02 8.257019203953775843e+01
3.278778778778778928e+02 8.243029025243180286e+01
3.291041041041041240e+02 8.228738227761100177e+01
3.303303303303303551e+02 8.214151574639137721e+01
3.315565565565565862e+02 8.199273815522676045e+01
3.327827827827827605e+02 8.184109685622837560e+01
3.340090090090089916e+02 8.168663904792373387e+01
3.352352352352352227e+02 8.152941176625252240e+01
3.364614614614614538e+02 8.136946187579852108e+01
3.376876876876876850e+02 8.120683606125498954e+01
3.389139139139139161e+02 8.104158081912238742e+01
3.401401401401401472e+02 8.087374244963484671e+01
3.413663663663663783e+02 8.070336704891586521e+01
3.425925925925926094e+02 8.053050050135821891e+01
3.438188188188188406e+02 8.035518847222870420e+01
3.450450450450450717e+02 8.017747640049277891e+01
3.462712712712712460e+02 7.999740949185880368e+01
3.474974974974974771e+02 7.981503271203868621e+01
3.487237237237237082e+02 7.963039078022275419e+01
3.499499499499499393e+02 7.944352816276598617e+01
3.511761761761761704e+02 7.925448906708372476e+01
3.524024024024024015e+02 7.906331743575391613e+01
3.536286286286286327e+02 7.887005694082323259e+01
3.548548548548548638e+02 7.867475097831527364e+01
3.560810810810810949e+02 7.847744266293670989e+01
3.573073073073073260e+02 7.827817482298051743e+01
3.585335335335335571e+02 7.807698999542191132e+01
3.597597597597597883e+02 7.787393042120537245e+01
3.609859859859859625e+02 7.766903804072018147e+01
3.622122122122121937e+02 7.746235448946001156e+01
3.634384384384384248e+02 7.725392109386639561e+01
3.646646646646646559e+02 7.704377886735053949e+01
3.658908908908908870e+02 7.683196850649329690e+01
3.671171171171171181e+02 7.661853038741834609e+01
3.683433433433433493e+02 7.640350456233694842e+01
3.695695695695695804e+02 7.618693075626102029e+01
3.707957957957958115e+02 7.596884836388198892e+01
3.720220220220220426e+02 7.574929644661206396e+01
3.732482482482482737e+02 7.552831372978610602e+01
3.744744744744745049e+02 7.530593860001941664e+01
3.757007007007006791e+02 7.508220910272096660e+01
3.769269269269269103e+02 7.485716293975752933e+01
3.781531531531531414e+02 7.463083746726607615e+01
3.793793793793793725e+02 7.440326969361254328e+01
3.806056056056056036e+02 7.417449627749337537e+01
3.818318318318318347e+02 7.394455352617656274e+01
3.830580580580580659e+02 7.371347739388156128e+01
3.842842842842842970e+02 7.348130348029218339e+01
3.855105105105105281e+02 7.324806702920211876e+01
3.867367367367367592e+02 7.301380292728990185e+01
3.879629629629629903e+02 7.277854570301933279e+01
3.891891891891891646e+02 7.254232952566447068e+01
3.904154154154153957e+02 7.230518820445469430e+01
3.916416416416416268e+02 7.206715518783902041e+01
3.928678678678678580e+02 7.182826356286510361e+01
3.940940940940940891e+02 7.158854605467224985e+01
3.953203203203203202e+02 7.134803502609352677e+01
3.965465465465465513e+02 7.110676247736758171e+01
3.977727727727727824e+02 7.086476004595334643e+01
3.989989989989990136e+02 7.062205900644983103e+01
4.002252252252252447e+02 7.037869027061432803e+01
4.014514514514514758e+02 7.013468438747919720e+01
4.026776776776777069e+02 6.989007154356370677e+01
4.039039039039038812e+02 6.964488156317926837e+01
4.051301301301301123e+02 6.939914390882391615e+01
4.063563563563563434e+02 6.915288768166590216e+01
4.075825825825825746e+02 6.890614162211271321e+01
4.088088088088088057e+02 6.865893411046333483e+01
4.100350350350350368e+02 6.841129316764160251e+01
4.112612612612612679e+02 6.816324645600893462e+01
4.124874874874874990e+02 6.791482128025302245e+01
4.137137137137137302e+02 6.766604458835129776e+01
4.149399399399399613e+02 6.741694297260666247e+01
4.161661661661661924e+02 6.716754267075330631e+01
4.173923923923923667e+02 6.691786956713079348e+01
4.186186186186185978e+02 6.666794919392337704e+01
4.198448448448448289e+02 6.641780673246465483e+01
4.210710710710710600e+02 6.616746701460215263e+01
4.222972972972972912e+02 6.591695452412406553e+01
4.235235235235235223e+02 6.566629339824196165e+01
4.247497497497497534e+02 6.541550742913130989e+01
4.259759759759759845e+02 6.516462006552461617e+01
4.272022022022022156e+02 6.491365441435834782e+01
4.284284284284284468e+02 6.466263324246942545e+01
4.296546546546546779e+02 6.441157897834064272e+01
4.308808808808809090e+02 6.416051371389362146e+01
4.321071071071070833e+02 6.390945920632623256e+01
4.333333333333333144e+02 6.365843687999431921e+01
4.345595595595595455e+02 6.340746782833457473e+01
4.357857857857857766e+02 6.315657281582848981e+01
4.370120120120120077e+02 6.290577228000461929e+01
4.382382382382382389e+02 6.265508633347777590e+01
4.394644644644644700e+02 6.240453476602399974e+01
4.406906906906907011e+02 6.215413704668999628e+01
4.419169169169169322e+02 6.190391232593422899e+01
4.431431431431431633e+02 6.165387943779984425e+01
4.443693693693693945e+02 6.140405690211765233e+01
4.455955955955956256e+02 6.115446292673627227e+01
4.468218218218217999e+02 6.090511540978059912e+01
4.480480480480480310e+02 6.065603194193469960e+01
4.492742742742742621e+02 6.040722980875015935e+01
4.505005005005004932e+02 6.015872599297648549e+01
4.517267267267267243e+02 5.991053717691428204e+01
4.529529529529529555e+02 5.966267974478820690e+01
4.541791791791791866e+02 5.941516978514005132e+01
4.554054054054054177e+02 5.916802309323929876e+01
4.566316316316316488e+02 5.892125517351164632e+01
4.578578578578578799e+02 5.867488124198278854e+01
4.590840840840841111e+02 5.842891622873752056e+01
4.603103103103102853e+02 5.818337478039276789e+01
4.615365365365365165e+02 5.793827126258307203e+01
4.627627627627627476e+02 5.769361976245796342e+01
4.639889889889889787e+02 5.744943409119072442e+01
4.652152152152152098e+02 5.720572778649610513e+01
4.664414414414414409e+02 5.696251411515741125e+01
4.676676676676676720e+02 5.671980607556198350e+01
4.688938938938939032e+02 5.647761640024335605e+01
4.701201201201201343e+02 5.623595755842911359e+01
4.713463463463463654e+02 5.599484175859583956e+01
4.725725725725725965e+02 5.575428095102626003e+01
4.737987987987988276e+02 5.551428683037286049e+01
4.750250250250250019e+02 5.527487083822200020e+01
4.762512512512512330e+02 5.503604416566201962e+01
4.774774774774774642e+02 5.479781775585211534e+01
4.787037037037036953e+02 5.456020230659178338e+01
4.799299299299299264e+02 5.432320827289109388e+01
4.811561561561561575e+02 5.408684586953961571e+01
4.823823823823823886e+02 5.385112507367446000e+01
4.836086086086086198e+02 5.361605562734659003e+01
4.848348348348348509e+02 5.338164704008403305e+01
4.860610610610610820e+02 5.314790859145270474e+01
4.872872872872873131e+02 5.291484933361260801e+01
4.885135135135135442e+02 5.268247809387086278e+01
4.897397397397397185e+02 5.245080347722893066e+01
4.909659659659659496e+02 5.221983386892495105e+01
4.921921921921921808e+02 5.198957743697021527e+01
4.934184184184184119e+02 5.176004213467871296e+01
4.946446446446446430e+02 5.153123570319083058e+01
4.958708708708708741e+02 5.130316567398847383e+01
4.970970970970971052e+02 5.107583937140346819e+01
4.983233233233233364e+02 5.084926391511674382e+01
4.995495495495495675e+02 5.062344622264981098e+01
5.007757757757757986e+02 5.039839301184626663e+01
5.020020020020020297e+02 5.017411080334449025e+01
5.032282282282282040e+02 4.995060592303983071e+01
5.044544544544544351e+02 4.972788450453726483e+01
5.056806806806806662e+02 4.950595249159293587e+01
5.069069069069068973e+02 4.928481564054471420e+01
5.081331331331331285e+02 4.906447952273198609e+01
5.093593593593593596e+02 4.884494952690304359e+01
5.105855855855855907e+02 4.862623086161136143e+01
5.118118118118118218e+02 4.840832855759929032e+01
5.130380380380380529e+02 4.819124747016896748e+01
5.142642642642642841e+02 4.797499228154085671e+01
5.154904904904905152e+02 4.775956750319949151e+01
5.167167167167167463e+02 4.754497747822487241e+01
5.179429429429428637e+02 4.733122638361167844e+01
5.191691691691692085e+02 4.711831823257348617e+01
5.203953953953953260e+02 4.690625687683401424e+01
5.216216216216216708e+02 4.669504600890338253e+01
5.228478478478477882e+02 4.648468916434022447e+01
5.240740740740741330e+02 4.627518972399936814e+01
5.253003003003002505e+02 4.606655091626475951e+01
5.265265265265265953e+02 4.585877581926651914e+01
5.277527527527527127e+02 4.565186736308457682e+01
5.289789789789790575e+02 4.544582833193494764e+01
5.302052052052051749e+02 4.524066136634235136e+01
5.314314314314315197e+02 4.503636896529604883e+01
5.326576576576576372e+02 4.483295348839063621e+01
5.338838838838838683e+02 4.463041715795021958e+01
5.351101101101100994e+02 4.442876206113778892e+01
5.363363363363363305e+02 4.422799015204699913e+01
5.375625625625625617e+02 4.402810325377902956e+01
5.387887887887887928e+02 4.382910306050231952e+01
5.400150150150150239e+02 4.363099113949655106e+01
5.412412412412412550e+02 4.343376893317912391e+01
5.424674674674674861e+02 4.323743776111633963e+01
5.436936936936937173e+02 4.304199882201699268e+01
5.449199199199199484e+02 4.284745319570944844e+01
5.461461461461461795e+02 4.265380184510222250e+01
5.473723723723724106e+02 4.246104561812729372e+01
5.485985985985986417e+02 4.226918524966713164e+01
5.498248248248248728e+02 4.207822136346383246e+01
5.510510510510511040e+02 4.188815447401230330e+01
5.522772772772773351e+02 4.169898498843556922e+01
5.535035035035034525e+02 4.151071320834374490e+01
5.547297297297296836e+02 4.132333933167554818e+01
5.559559559559559148e+02 4.113686345452224913e+01
5.571821821821821459e+02 4.095128557293576677e+01
5.584084084084083770e+02 4.076660558471832019e+01
5.596346346346346081e+02 4.058282329119552401e+01
5.608608608608608392e+02 4.039993839897268657e+01
5.620870870870870704e+02 4.021795052167308882e+01
5.633133133133133015e+02 4.003685918165984958e+01
5.645395395395395326e+02 3.985666381174030448e+01
5.657657657657657637e+02 3.967736375685355910e+01
5.669919919919919948e+02 3.949895827574049889e+01
5.682182182182182260e+02 3.932144654259688821e+01
5.694444444444444571e+02 3.914482764870983544e+01
5.706706706706706882e+02 3.896910060407646625e+01
5.718968968968969193e+02 3.879426433900589899e+01
5.731231231231231504e+02 3.862031770570465739e+01
5.743493493493493816e+02 3.844725947984441916e+01
5.755755755755756127e+02 3.827508836211326582e+01
5.768018018018018438e+02 3.810380297974997887e+01
5.780280280280280749e+02 3.793340188806153890e+01
5.792542542542543060e+02 3.776388357192380596e+01
5.804804804804805372e+02 3.759524644726535314e+01
5.817067067067066546e+02 3.742748886253497176e+01
5.829329329329328857e+02 3.726060910015194594e+01
5.841591591591591168e+02 3.709460537794044654e+01
5.853853853853853479e+02 3.692947585054680815e+01
5.866116116116115791e+02 3.676521861084087561e+01
5.878378378378378102e+02 3.660183169130036873e+01
5.890640640640640413e+02 3.643931306537960069e+01
5.902902902902902724e+02 3.627766064886129982e+01
5.915165165165165035e+02 3.611687230119273551e+01
5.927427427427427347e+02 3.595694582680525286e+01
5.939689689689689658e+02 3.579787897641831051e+01
5.951951951951951969e+02 3.563966944832708350e+01
5.964214214214214280e+02 3.548231488967432057e+01
5.976476476476476591e+02 3.532581289770654109e+01
5.988738738738738903e+02 3.517016102101414532e+01
6.001001001001001214e+02 3.501535676075621950e+01
6.013263263263263525e+02 3.486139757186965937e+01
6.025525525525525836e+02 3.470828086426264747e+01
6.037787787787788147e+02 3.455600400399281824e+01
6.050050050050050459e+02 3.440456431443026730e+01
6.062312312312312770e+02 3.425395907740519874e+01
6.074574574574575081e+02 3.410418553434013944e+01
6.086836836836837392e+02 3.395524088736775070e+01
6.099099099099099703e+02 3.380712230043310740e+01
6.111361361361360878e+02 3.365982690038131153e+01
6.123623623623623189e+02 3.351335177803045440e+01
6.135885885885885500e+02 3.336769398922975682e+01
6.148148148148147811e+02 3.322285055590311487e+01
6.160410410410410122e+02 3.307881846707812912e+01
6.172672672672672434e+02 3.293559467990118605e+01
6.184934934934934745e+02 3.279317612063744036e+01
6.197197197197197056e+02 3.265155968565732536e+01
6.209459459459459367e+02 3.251074224240860389e+01
6.221721721721721678e+02 3.237072063037484781e+01
6.233983983983983990e+02 3.223149166201916671e+01
6.246246246246246301e+02 3.209305212371515381e+01
6.258508508508508612e+02 3.195539877666361051e+01
6.270770770770770923e+02 3.181852835779581667e+01
6.283033033033033234e+02 3.168243758066322258e+01
6.295295295295295546e+02 3.154712313631383935e+01
6.307557557557557857e+02 3.141258169415564794e+01
6.319819819819820168e+02 3.127880990280622342e+01
6.332082082082082479e+02 3.114580439092999953e+01
6.344344344344344790e+02 3.101356176806213583e+01
6.356606606606607102e+02 3.088207862541949922e+01
6.368868868868869413e+02 3.075135153669955912e+01
6.381131131131131724e+02 3.062137705886577521e+01
6.393393393393392898e+02 3.049215173292100900e+01
6.405655655655655210e+02 3.036367208466850087e+01
6.417917917917917521e+02 3.023593462546043042e+01
6.430180180180179832e+02 3.010893585293425190e+01
6.442442442442442143e+02 2.998267225173716355e+01
6.454704704704704454e+02 2.985714029423821358e+01
6.466966966966966766e+02 2.973233644122899832e+01
6.479229229229229077e+02 2.960825714261233799e+01
6.491491491491491388e+02 2.948489883807936707e+01
6.503753753753753699e+02 2.936225795777502157e+01
6.516016016016016010e+02 2.924033092295218239e+01
6.528278278278278322e+02 2.911911414661459574e+01
6.540540540540540633e+02 2.899860403414825072e+01
6.552802802802802944e+02 2.887879698394214145e+01
6.565065065065065255e+02 2.875968938799754326e+01
6.577327327327327566e+02 2.864127763252679770e+01
6.589589589589589878e+02 2.852355809854105573e+01
6.601851851851852189e+02 2.840652716242754749e+01
6.614114114114114500e+02 2.829018119651613006e+01
6.626376376376376811e+02 2.817451656963564588e+01
6.638638638638639122e+02 2.805952964765947399e+01
6.650900900900901433e+02 2.794521679404162740e+01
6.663163163163163745e+02 2.783157437034165582e+01
6.675425425425424919e+02 2.771859873674072006e+01
6.687687687687687230e+02 2.760628625254676649e+01
6.699949949949949541e+02 2.749463327669043977e+01
6.712212212212211853e+02 2.738363616821126811e+01
6.724474474474474164e+02 2.727329128673402181e+01
6.736736736736736475e+02 2.716359499293584534e+01
6.748998998998998786e+02 2.705454364900393571e+01
6.761261261261261097e+02 2.694613361908379900e+01
6.773523523523523409e+02 2.683836126971860736e+01
6.785785785785785720e+02 2.673122297027933314e+01
6.798048048048048031e+02 2.662471509338595510e+01
6.810310310310310342e+02 2.651883401531986451e+01
6.822572572572572653e+02 2.641357611642749603e+01
6.834834834834834965e+02 2.630893778151537532e+01
6.847097097097097276e+02 2.620491540023644461e+01
6.859359359359359587e+02 2.610150536746823846e+01
6.871621621621621898e+02 2.599870408368246544e+01
6.883883883883884209e+02 2.589650795530659977e+01
6.896146146146146521e+02 2.579491339507705661e+01
6.908408408408408832e+02 2.569391682238478225e+01
6.920670670670671143e+02 2.559351466361220417e+01
6.932932932932933454e+02 2.549370335246328523e+01
6.945195195195195765e+02 2.539447933028500870e+01
6.957457457457456940e+02 2.529583904638181124e+01
6.969719719719719251e+02 2.519777895832201864e+01
6.981981981981981562e+02 2.510029553223737153e+01
6.994244244244243873e+02 2.500338524311469257e+01
7.006506506506506184e+02 2.490704457508067549e+01
7.018768768768768496e+02 2.481127002167954032e+01
7.031031031031030807e+02 2.471605808614317823e+01
7.043293293293293118e+02 2.462140528165502573e+01
7.055555555555555429e+02 2.452730813160661683e+01
7.067817817817817740e+02 2.443376316984736363e+01
7.080080080080080052e+02 2.434076694092814108e+01
7.092342342342342363e+02 2.424831600033754953e+01
7.104604604604604674e+02 2.415640691473239343e+01
7.116866866866866985e+02 2.406503626216134251e+01
7.129129129129129296e+02 2.397420063228247855e+01
7.141391391391391608e+02 2.388389662657445101e+01
7.153653653653653919e+02 2.379412085854179537e+01
7.165915915915916230e+02 2.370486995391397755e+01
7.178178178178178541e+02 2.361614055083853358e+01
7.190440440440440852e+02 2.352792930006835803e+01
7.202702702702703164e+02 2.344023286514337201e+01
7.214964964964965475e+02 2.335304792256627238e+01
7.227227227227227786e+02 2.326637116197280974e+01
7.239489489489490097e+02 2.318019928629648163e+01
7.251751751751751272e+02 2.309452901192803154e+01
7.264014014014013583e+02 2.300935706886915710e+01
7.276276276276275894e+02 2.292468020088128000e+01
7.288538538538538205e+02 2.284049516562931714e+01
7.300800800800800516e+02 2.275679873481972137e+01
7.313063063063062827e+02 2.267358769433409194e+01
7.325325325325325139e+02 2.259085884435758729e+01
7.337587587587587450e+02 2.250860899950261285e+01
7.349849849849849761e+02 2.242683498892745320e+01
7.362112112112112072e+02 2.234553365645054868e+01
7.374374374374374383e+02 2.226470186065986923e+01
7.386636636636636695e+02 2.218433647501798589e+01
7.398898898898899006e+02 2.210443438796244209e+01
7.411161161161161317e+02 2.202499250300182254e+01
7.423423423423423628e+02 2.194600773880753763e+01
7.435685685685685939e+02 2.186747702930133030e+01
7.447947947947948251e+02 2.178939732373859783e+01
7.460210210210210562e+02 2.171176558678752855e+01
7.472472472472472873e+02 2.163457879860442290e+01
7.484734734734735184e+02 2.155783395490479393e+01
7.496996996996997495e+02 2.148152806703074447e+01
7.509259259259259807e+02 2.140565816201465310e+01
7.521521521521522118e+02 2.133022128263861106e+01
7.533783783783783292e+02 2.125521448749070785e+01
7.546046046046045603e+02 2.118063485101752264e+01
7.558308308308307915e+02 2.110647946357295979e+01
7.570570570570570226e+02 2.103274543146370945e+01
7.582832832832832537e+02 2.095942987699122995e+01
7.595095095095094848e+02 2.088652993849040485e+01
7.607357357357357159e+02 2.081404277036497774e+01
7.619619619619619471e+02 2.074196554311973273e+01
7.631881881881881782e+02 2.067029544338926428e+01
7.644144144144144093e+02 2.059902967396413587e+01
7.656406406406406404e+02 2.052816545381351787e+01
7.668668668668668715e+02 2.045770001810509342e+01
7.680930930930931027e+02 2.038763061822213274e+01
7.693193193193193338e+02 2.031795452177734873e+01
7.705455455455455649e+02 2.024866901262438290e+01
7.717717717717717960e+02 2.017977139086622174e+01
7.729979979979980271e+02 2.011125897286105513e+01
7.742242242242242583e+02 2.004312909122553066e+01
7.754504504504504894e+02 1.997537909483535401e+01
7.766766766766767205e+02 1.990800634882345577e+01
7.779029029029029516e+02 1.984100823457557894e+01
7.791291291291291827e+02 1.977438214972360342e+01
7.803553553553554138e+02 1.970812550813633734e+01
7.815815815815815313e+02 1.964223573990821592e+01
7.828078078078077624e+02 1.957671029134531437e+01
7.840340340340339935e+02 1.951154662494992209e+01
7.852602602602602246e+02 1.944674221940222836e+01
7.864864864864864558e+02 1.938229456954005414e+01
7.877127127127126869e+02 1.931820118633692474e+01
7.889389389389389180e+02 1.925445959687775144e+01
7.901651651651651491e+02 1.919106734433256634e+01
7.913913913913913802e+02 1.912802198792857311e+01
7.926176176176176114e+02 1.906532110292019055e+01
7.938438438438438425e+02 1.900296228055721670e+01
7.950700700700700736e+02 1.894094312805126989e+01
7.962962962962963047e+02 1.887926126854058850e+01
7.975225225225225358e+02 1.881791434105308980e+01
7.987487487487487670e+02 1.875690000046767736e+01
7.999749749749749981e+02 1.869621591747400657e+01
8.012012012012012292e+02 1.863585977853096409e+01
8.024274274274274603e+02 1.857582928582305115e+01
8.036536536536536914e+02 1.851612215721588939e+01
8.048798798798799226e+02 1.845673612620990056e+01
8.061061061061061537e+02 1.839766894189279256e+01
8.073323323323323848e+02 1.833891836889050353e+01
8.085585585585586159e+02 1.828048218731701624e+01
8.097847847847847333e+02 1.822235819272285084e+01
8.110110110110109645e+02 1.816454419604221471e+01
8.122372372372371956e+02 1.810703802353899761e+01
8.134634634634634267e+02 1.804983751675163006e+01
8.146896896896896578e+02 1.799294053243679770e+01
8.159159159159158889e+02 1.793634494251203648e+01
8.171421421421421201e+02 1.788004863399723021e+01
8.183683683683683512e+02 1.782404950895512741e+01
8.195945945945945823e+02 1.776834548443092032e+01
8.208208208208208134e+02 1.771293449239069062e+01
8.220470470470470445e+02 1.765781447965898465e+01
8.232732732732732757e+02 1.760298340785573501e+01
8.244994994994995068e+02 1.754843925333184629e+01
8.257257257257257379e+02 1.749418000710430476e+01
8.269519519519519690e+02 1.744020367479038569e+01
8.281781781781782001e+02 1.738650827654105413e+01
8.294044044044044313e+02 1.733309184697359839e+01
8.306306306306306624e+02 1.727995243510358137e+01
8.318568568568568935e+02 1.722708810427617721e+01
8.330830830830831246e+02 1.717449693209651684e+01
8.343093093093093557e+02 1.712217701035999795e+01
8.355355355355355869e+02 1.707012644498129461e+01
8.367617617617618180e+02 1.701834335592320713e+01
8.379879879879880491e+02 1.696682587712500379e+01
8.392142142142141665e+02 1.691557215642989931e+01
8.404404404404403977e+02 1.686458035551224910e+01
8.416666666666666288e+02 1.681384864980423544e+01
8.428928928928928599e+02 1.676337522842215577e+01
8.441191191191190910e+02 1.671315829409202891e+01
8.453453453453453221e+02 1.666319606307512657e+01
8.465715715715715532e+02 1.661348676509268785e+01
8.477977977977977844e+02 1.656402864325096047e+01
8.490240240240240155e+02 1.651481995396495961e+01
8.502502502502502466e+02 1.646585896688270623e+01
8.514764764764764777e+02 1.641714396480869098e+01
8.527027027027027088e+02 1.636867324362736653e+01
8.539289289289289400e+02 1.632044511222613892e+01
8.551551551551551711e+02 1.627245789241810670e+01
8.563813813813814022e+02 1.622470991886482139e+01
8.576076076076076333e+02 1.617719953899867136e+01
8.588338338338338644e+02 1.612992511294498144e+01
8.600600600600600956e+02 1.608288501344408772e+01
8.612862862862863267e+02 1.603607762577343365e+01
8.625125125125125578e+02 1.598950134766895204e+01
8.637387387387387889e+02 1.594315458924708473e+01
8.649649649649650200e+02 1.589703577292607228e+01
8.661911911911912512e+02 1.585114333334755976e+01
8.674174174174173686e+02 1.580547571729778333e+01
8.686436436436435997e+02 1.576003138362920097e+01
8.698698698698698308e+02 1.571480880318154583e+01
8.710960960960960620e+02 1.566980645870325972e+01
8.723223223223222931e+02 1.562502284477255721e+01
8.735485485485485242e+02 1.558045646771897630e+01
8.747747747747747553e+02 1.553610584554446916e+01
8.760010010010009864e+02 1.549196950784478588e+01
8.772272272272272176e+02 1.544804599573083159e+01
8.784534534534534487e+02 1.540433386175014618e+01
8.796796796796796798e+02 1.536083166980837511e+01
8.809059059059059109e+02 1.531753799509088942e+01
8.821321321321321420e+02 1.527445142398442179e+01
8.833583583583583732e+02 1.523157055399891391e+01
8.845845845845846043e+02 1.518889399368933724e+01
8.858108108108108354e+02 1.514642036257795787e+01
8.870370370370370665e+02 1.510414829107620172e+01
8.882632632632632976e+02 1.506207642040722661e+01
8.894894894894895288e+02 1.502020340252843766e+01
8.907157157157157599e+02 1.497852790005397594e+01
8.919419419419419910e+02 1.493704858617774534e+01
8.931681681681682221e+02 1.489576414459639153e+01
8.943943943943944532e+02 1.485467326943244082e+01
8.956206206206205707e+02 1.481377466515803221e+01
8.968468468468468018e+02 1.477306704651835823e+01
8.980730730730730329e+02 1.473254913845553205e+01
8.992992992992992640e+02 1.469221967603296797e+01
9.005255255255254951e+02 1.465207740435956829e+01
9.017517517517517263e+02 1.461212107851426190e+01
9.029779779779779574e+02 1.457234946347129245e+01
9.042042042042041885e+02 1.453276133402485115e+01
9.054304304304304196e+02 1.449335547471485697e+01
9.066566566566566507e+02 1.445413067975259658e+01
9.078828828828828819e+02 1.441508575294653660e+01
9.091091091091091130e+02 1.437621950762888190e+01
9.103353353353353441e+02 1.433753076658182302e+01
9.115615615615615752e+02 1.429901836196476950e+01
9.127877877877878063e+02 1.426068113524129899e+01
9.140140140140140375e+02 1.422251793710668721e+01
9.152402402402402686e+02 1.418452762741582518e+01
9.164664664664664997e+02 1.414670907511126963e+01
9.176926926926927308e+02 1.410906115815186190e+01
9.189189189189189619e+02 1.407158276344137526e+01
9.201451451451451931e+02 1.403427278675781054e+01
9.213713713713714242e+02 1.399713013268283035e+01
9.225975975975976553e+02 1.396015371453152376e+01
9.238238238238238864e+02 1.392334245428287964e+01
9.250500500500500038e+02 1.388669528251005936e+01
9.262762762762762350e+02 1.385021113831142081e+01
9.275025025025024661e+02 1.381388896924183030e+01
9.287287287287286972e+02 1.377772773124431893e+01
9.299549549549549283e+02 1.374172638858198603e+01
9.311811811811811594e+02 1.370588391377058990e+01
9.324074074074073906e+02 1.367019928751112623e+01
9.336336336336336217e+02 1.363467149862311345e+01
9.348598598598598528e+02 1.359929954397800067e+01
9.360860860860860839e+02 1.356408242843319734e+01
9.373123123123123150e+02 1.352901916476632138e+01
9.385385385385385462e+02 1.349410877360989502e+01
9.397647647647647773e+02 1.345935028338642248e+01
9.409909909909910084e+02 1.342474273024390463e+01
9.422172172172172395e+02 1.339028515799161489e+01
9.434434434434434706e+02 1.335597661803648606e+01
9.446696696696697018e+02 1.332181616931966595e+01
9.458958958958959329e+02 1.328780287825367523e+01
9.471221221221221640e+02 1.325393581865984238e+01
9.483483483483483951e+02 1.322021407170608853e+01
9.495745745745746262e+02 1.318663672584533231e+01
9.508008008008008574e+02 1.315320287675407940e+01
9.520270270270270885e+02 1.311991162727147930e+01
9.532532532532532059e+02 1.308676208733895940e+01
9.544794794794794370e+02 1.305375337393995849e+01
9.557057057057056682e+02 1.302088461104025718e+01
9.569319319319318993e+02 1.298815492952878792e+01
9.581581581581581304e+02 1.295556346715859597e+01
9.593843843843843615e+02 1.292310936848848613e+01
9.606106106106105926e+02 1.289079178482499799e+01
9.618368368368368237e+02 1.285860987416451628e+01
9.630630630630630549e+02 1.282656280113630842e+01
9.642892892892892860e+02 1.279464973694551766e+01
9.655155155155155171e+02 1.276286985931675666e+01
9.667417417417417482e+02 1.273122235243813449e+01
9.679679679679679793e+02 1.269970640690556785e+01
9.691941941941942105e+02 1.266832121966765001e+01
9.704204204204204416e+02 1.263706599397085029e+01
9.716466466466466727e+02 1.260593993930505263e+01
9.728728728728729038e+02 1.257494227134969833e+01
9.740990990990991349e+02 1.254407221191998723e+01
9.753253253253253661e+02 1.251332898891407019e+01
9.765515515515515972e+02 1.248271183625984548e+01
9.777777777777778283e+02 1.245221999386297718e+01
9.790040040040040594e+02 1.242185270755466853e+01
9.802302302302302905e+02 1.239160922904032347e+01
9.814564564564564080e+02 1.236148881584809978e+01
9.826826826826826391e+02 1.233149073127851736e+01
9.839089089089088702e+02 1.230161424435374506e+01
9.851351351351351013e+02 1.227185862976794084e+01
9.863613613613613325e+02 1.224222316783749598e+01
9.875875875875875636e+02 1.221270714445185135e+01
9.888138138138137947e+02 1.218330985102485897e+01
9.900400400400400258e+02 1.215403058444636208e+01
9.912662662662662569e+02 1.212486864703410561e+01
9.924924924924924881e+02 1.209582334648616175e+01
9.937187187187187192e+02 1.206689399583387612e+01
9.949449449449449503e+02 1.203807991339479067e+01
9.961711711711711814e+02 1.200938042272639450e+01
9.973973973973974125e+02 1.198079485257997945e+01
9.986236236236236437e+02 1.195232253685489354e+01
9.998498498498498748e+02 1.192396281455347129e+01
1.001076076076076106e+03 1.189571502973582895e+01
1.002302302302302337e+03 1.186757853147555508e+01
1.003528528528528568e+03 1.183955267381537801e+01
1.004754754754754799e+03 1.181163681572347990e+01
1.005980980980981030e+03 1.178383032104999550e+01
1.007207207207207261e+03 1.175613255848404393e+01
1.008433433433433493e+03 1.172854290151093615e+01
1.009659659659659610e+03 1.170106072836990307e+01
1.010885885885885841e+03 1.167368542201217885e+01
1.012112112112112072e+03 1.164641637005932395e+01
1.013338338338338303e+03 1.161925296476209013e+01
1.014564564564564535e+03 1.159219460295939186e+01
1.015790790790790766e+03 1.156524068603795641e+01
1.017017017017016997e+03 1.153839061989200943e+01
1.018243243243243228e+03 1.151164381488352006e+01
1.019469469469469459e+03 1.148499968580272323e+01
1.020695695695695690e+03 1.145845765182904152e+01
1.021921921921921921e+03 1.143201713649216877e+01
1.023148148148148152e+03 1.140567756763386065e+01
1.024374374374374383e+03 1.137943837736960617e+01
1.025600600600600501e+03 1.135329900205106135e+01
1.026826826826826846e+03 1.132725888222844901e+01
1.028053053053053191e+03 1.130131746261367098e+01
1.029279279279279308e+03 1.127547419204343093e+01
1.030505505505505425e+03 1.124972852344284036e+01
1.031731731731731770e+03 1.122407991378928749e+01
1.032957957957958115e+03 1.119852782407679648e+01
1.034184184184184232e+03 1.117307171928047005e+01
1.035410410410410350e+03 1.114771106832136205e+01
1.036636636636636695e+03 1.112244534403171770e+01
1.037862862862863039e+03 1.109727402312049449e+01
1.039089089089089157e+03 1.107219658613918334e+01
1.040315315315315274e+03 1.104721251744788368e+01
1.041541541541541392e+03 1.102232130518185294e+01
1.042767767767767737e+03 1.099752244121819444e+01
1.043993993993994081e+03 1.097281542114290076e+01
1.045220220220220199e+03 1.094819974421838182e+01
1.046446446446446316e+03 1.092367491335082086e+01
1.047672672672672661e+03 1.089924043505846107e+01
1.048898898898899006e+03 1.087489581943973604e+01
1.050125125125125123e+03 1.085064058014173760e+01
1.051351351351351468e+03 1.082647423432920064e+01
1.052577577577577586e+03 1.080239630265361050e+01
1.053803803803803703e+03 1.077840630922250931e+01
1.055030030030030048e+03 1.075450378156943998e+01
1.056256256256256165e+03 1.073068825062365761e+01
1.057482482482482510e+03 1.070695925068063836e+01
1.058708708708708627e+03 1.068331631937245874e+01
1.059934934934934972e+03 1.065975899763876988e+01
1.061161161161161090e+03 1.063628682969777905e+01
1.062387387387387435e+03 1.061289936301772485e+01
1.063613613613613552e+03 1.058959614828842710e+01
1.064839839839839897e+03 1.056637673939325417e+01
1.066066066066066014e+03 1.054324069338120040e+01
1.067292292292292359e+03 1.052018757043951780e+01
1.068518518518518476e+03 1.049721693386623222e+01
1.069744744744744821e+03 1.047432835004321561e+01
1.070970970970970939e+03 1.045152138840925105e+01
1.072197197197197283e+03 1.042879562143367700e+01
1.073423423423423401e+03 1.040615062459000661e+01
1.074649649649649746e+03 1.038358597632991298e+01
1.075875875875875863e+03 1.036110125805742221e+01
1.077102102102102208e+03 1.033869605410341741e+01
1.078328328328328325e+03 1.031636995170031490e+01
1.079554554554554670e+03 1.029412254095699453e+01
1.080780780780780788e+03 1.027195341483407276e+01
1.082007007007006905e+03 1.024986216911913495e+01
1.083233233233233250e+03 1.022784840240263726e+01
1.084459459459459367e+03 1.020591171605354575e+01
1.085685685685685712e+03 1.018405171419571076e+01
1.086911911911911830e+03 1.016226800368395722e+01
1.088138138138138174e+03 1.014056019408088005e+01
1.089364364364364292e+03 1.011892789763343892e+01
1.090590590590590637e+03 1.009737072925019774e+01
1.091816816816816754e+03 1.007588830647835110e+01
1.093043043043043099e+03 1.005448024948135632e+01
1.094269269269269216e+03 1.003314618101646616e+01
1.095495495495495561e+03 1.001188572641278007e+01
1.096721721721721678e+03 9.990698513549137516e+00
1.097947947947948023e+03 9.969584172832655966e+00
1.099174174174174141e+03 9.948542337177089578e+00
1.100400400400400486e+03 9.927572641981610602e+00
1.101626626626626603e+03 9.906674725109771984e+00
1.102852852852852948e+03 9.885848226868517941e+00
1.104079079079079065e+03 9.865092789987734534e+00
1.105305305305305410e+03 9.844408059599563998e+00
1.106531531531531527e+03 9.823793683218308814e+00
1.107757757757757872e+03 9.803249310720227427e+00
1.108983983983983990e+03 9.782774594323738526e+00
1.110210210210210107e+03 9.762369188569662626e+00
1.111436436436436452e+03 9.742032750301826027e+00
1.112662662662662569e+03 9.721764938647595500e+00
1.113888888888888914e+03 9.701565414998905013e+00
1.115115115115115032e+03 9.681433842993214967e+00
1.116341341341341376e+03 9.661369888494844460e+00
1.117567567567567494e+03 9.641373219576216513e+00
1.118793793793793839e+03 9.621443506499705478e+00
1.120020020020019956e+03 9.601580421699189571e+00
1.121246246246246301e+03 9.581783639762141647e+00
1.122472472472472418e+03 9.562052837411700423e+00
1.123698698698698763e+03 9.542387693488965539e+00
1.124924924924924881e+03 9.522787888935502210e+00
1.126151151151151225e+03 9.503253106775908066e+00
1.127377377377377343e+03 9.483783032100712163e+00
1.128603603603603688e+03 9.464377352049254455e+00
1.129829829829829805e+03 9.445035755792872578e+00
1.131056056056056150e+03 9.425757934518186332e+00
1.132282282282282267e+03 9.406543581410529598e+00
1.133508508508508612e+03 9.387392391637590094e+00
1.134734734734734729e+03 9.368304062333153936e+00
1.135960960960961074e+03 9.349278292581082894e+00
1.137187187187187192e+03 9.330314783399359158e+00
1.138413413413413309e+03 9.311413237724243785e+00
1.139639639639639654e+03 9.292573360394806414e+00
1.140865865865865771e+03 9.273794858137394570e+00
1.142092092092092116e+03 9.255077439550246865e+00
1.143318318318318234e+03 9.236420815088450809e+00
1.144544544544544578e+03 9.217824697048801141e+00
1.145770770770770696e+03 9.199288799555009888e+00
1.146996996996997041e+03 9.180812838542841803e+00
1.148223223223223158e+03 9.162396531745711670e+00
1.149449449449449503e+03 9.144039598679929881e+00
1.150675675675675620e+03 9.125741760630750932e+00
1.151901901901901965e+03 9.107502740637835714e+00
1.153128128128128083e+03 9.089322263481390607e+00
1.154354354354354427e+03 9.071200055668251494e+00
1.155580580580580545e+03 9.053135845417997984e+00
1.156806806806806890e+03 9.035129362649357176e+00
1.158033033033033007e+03 9.017180338966740649e+00
1.159259259259259352e+03 8.999288507646738822e+00
1.160485485485485469e+03 8.981453603624899529e+00
1.161711711711711814e+03 8.963675363482542124e+00
1.162937937937937932e+03 8.945953525433846920e+00
1.164164164164164276e+03 8.928287829312829160e+00
1.165390390390390394e+03 8.910678016560648729e+00
1.166616616616616511e+03 8.893123830212909198e+00
1.167842842842842856e+03 8.875625014887191355e+00
1.169069069069068973e+03 8.858181316770513902e+00
1.170295295295295318e+03 8.840792483607156527e+00
1.171521521521521436e+03 8.823458264686438568e+00
1.172747747747747781e+03 8.806178410830522552e+00
1.173973973973973898e+03 8.788952674382741748e+00
1.175200200200200243e+03 8.771780809195485418e+00
1.176426426426426360e+03 8.754662570618563677e+00
1.177652652652652705e+03 8.737597715487561700e+00
1.178878878878878822e+03 8.720586002112476365e+00
1.180105105105105167e+03 8.703627190266070457e+00
1.181331331331331285e+03 8.686721041172672741e+00
1.182557557557557629e+03 8.669867317497109482e+00
1.183783783783783747e+03 8.653065783333333982e+00
1.185010010010010092e+03 8.636316204193779100e+00
1.186236236236236209e+03 8.619618346998169756e+00
1.187462462462462554e+03 8.602971980062941171e+00
1.188688688688688671e+03 8.586376873090408424e+00
1.189914914914915016e+03 8.569832797158312587e+00
1.191141141141141134e+03 8.553339524709288710e+00
1.192367367367367478e+03 8.536896829540387088e+00
1.193593593593593596e+03 8.520504486792900067e+00
1.194819819819819941e+03 8.504162272942110690e+00
1.196046046046046058e+03 8.487869965787206539e+00
1.197272272272272176e+03 8.471627344441241547e+00
1.198498498498498520e+03 8.455434189321200833e+00
1.199724724724724638e+03 8.439290282138246724e+00
1.200950950950950983e+03 8.423195405887872411e+00
1.202177177177177100e+03 8.407149344840421534e+00
1.203403403403403445e+03 8.391151884531275584e+00
1.204629629629629562e+03 8.375202811751609744e+00
1.205855855855855907e+03 8.359301914538930234e+00
1.207082082082082024e+03 8.343448982167723571e+00
1.208308308308308369e+03 8.327643805140265698e+00
1.209534534534534487e+03 8.311886175177521707e+00
1.210760760760760832e+03 8.296175885210079315e+00
1.211986986986986949e+03 8.280512729369156943e+00
1.213213213213213294e+03 8.264896502977739701e+00
1.214439439439439411e+03 8.249327002541789966e+00
1.215665665665665756e+03 8.233804025741465082e+00
1.216891891891891873e+03 8.218327371422480709e+00
1.218118118118118218e+03 8.202896839587664246e+00
1.219344344344344336e+03 8.187512231388241801e+00
1.220570570570570681e+03 8.172173349115585239e+00
1.221796796796796798e+03 8.156879996192854421e+00
1.223023023023023143e+03 8.141631977166660761e+00
1.224249249249249260e+03 8.126429097698911974e+00
1.225475475475475378e+03 8.111271164558756297e+00
1.226701701701701722e+03 8.096157985614372166e+00
1.227927927927927840e+03 8.081089369825189550e+00
1.229154154154154185e+03 8.066065127233864374e+00
1.230380380380380302e+03 8.051085068958428792e+00
1.231606606606606647e+03 8.036149007184654636e+00
1.232832832832832764e+03 8.021256755158173490e+00
1.234059059059059109e+03 8.006408127177060408e+00
1.235285285285285227e+03 7.991602938584075666e+00
1.236511511511511571e+03 7.976841005759276015e+00
1.237737737737737689e+03 7.962122146112625032e+00
1.238963963963964034e+03 7.947446178076511991e+00
1.240190190190190151e+03 7.932812921098577164e+00
1.241416416416416496e+03 7.918222195634381677e+00
1.242642642642642613e+03 7.903673823140254129e+00
1.243868868868868958e+03 7.889167626066281969e+00
1.245095095095095076e+03 7.874703427849168769e+00
1.246321321321321420e+03 7.860281052905226495e+00
1.247547547547547538e+03 7.845900326623588050e+00
1.248773773773773883e+03 7.831561075359164903e+00
1.250000000000000000e+03 7.817263126425982200e+00
