2.720134627158499825e+02 1.525066638976317392e+02
2.729528877897749908e+02 1.497925000860817875e+02
2.742866891302739987e+02 1.495619533530543777e+02
2.774860251382510228e+02 1.487183618981131303e+02
2.813943389155330124e+02 1.493785639063280541e+02
2.860116304621190011e+02 1.495147960667533198e+02
2.913378997780089890e+02 1.517259488244252736e+02
2.973731468632039991e+02 1.564207186606198263e+02
3.041173717177030085e+02 1.596169347321362011e+02
3.115705743415069833e+02 1.622105854786945542e+02
