2.500000000000000000e+01 -3.970204128006554978e+00
5.000000000000000000e+01 -3.664611917836182897e+00
7.500000000000000000e+01 9.762979255311634574e-01
1.000000000000000000e+02 6.778166148688086423e+00
1.250000000000000000e+02 1.273527183627500392e+01
1.500000000000000000e+02 1.826469774078797670e+01
1.750000000000000000e+02 2.459543567102689465e+01
2.000000000000000000e+02 3.162439868336356241e+01
2.250000000000000000e+02 3.788957000935427999e+01
2.500000000000000000e+02 4.183837929385317267e+01
2.750000000000000000e+02 4.102056529574409183e+01
3.000000000000000000e+02 4.319390079485724954e+01
3.250000000000000000e+02 4.489332551367319724e+01
3.500000000000000000e+02 4.839780832984991576e+01
3.750000000000000000e+02 4.803088222517851591e+01
4.000000000000000000e+02 4.452557698012802945e+01
4.250000000000000000e+02 4.423408000528302608e+01
4.500000000000000000e+02 4.043962289289629553e+01
4.750000000000000000e+02 4.291922088307955363e+01
5.000000000000000000e+02 4.011598900105932586e+01
5.250000000000000000e+02 3.792160644998529762e+01
5.500000000000000000e+02 3.740078676058633533e+01
5.750000000000000000e+02 3.311520009349778348e+01
6.000000000000000000e+02 3.547077095075835018e+01
6.500000000000000000e+02 2.738401752545907542e+01
7.250000000000000000e+02 2.140355269104729885e+01
8.000000000000000000e+02 2.212406775581339602e+01
8.750000000000000000e+02 1.716979667158590317e+01
9.500000000000000000e+02 1.719331314120996623e+01
1.025000000000000000e+03 1.001304616252195423e+01
1.100000000000000000e+03 1.060829025530862246e+01
1.175000000000000000e+03 9.390186085047881548e+00
1.250000000000000000e+03 8.682473614103097148e+00
