2.500000000000000000e+01 3.490766105905686700e+00
5.000000000000000000e+01 6.137113868002757044e+00
7.500000000000000000e+01 1.730474903950419829e+01
1.000000000000000000e+02 2.742293603693094894e+01
1.250000000000000000e+02 3.728149425179252319e+01
1.500000000000000000e+02 4.868278134651738753e+01
1.750000000000000000e+02 5.975199378745271162e+01
2.000000000000000000e+02 6.481615850531562728e+01
2.250000000000000000e+02 6.932480522329879591e+01
2.500000000000000000e+02 7.171753990647745525e+01
2.750000000000000000e+02 7.236985294837919014e+01
3.000000000000000000e+02 6.852800197709419194e+01
3.250000000000000000e+02 6.826884686047792172e+01
3.500000000000000000e+02 6.164844026613975814e+01
3.750000000000000000e+02 6.136966648454063034e+01
4.000000000000000000e+02 5.733247068006220815e+01
4.250000000000000000e+02 5.151458801592070813e+01
4.500000000000000000e+02 5.035714461245586193e+01
4.750000000000000000e+02 4.793442887447820766e+01
5.000000000000000000e+02 3.833558050136605999e+01
5.250000000000000000e+02 3.952743169182964778e+01
5.500000000000000000e+02 3.685619788832525501e+01
5.750000000000000000e+02 3.260256014801255731e+01
6.000000000000000000e+02 2.720440896438958944e+01
6.500000000000000000e+02 2.193770535314626713e+01
7.250000000000000000e+02 1.913020043137326454e+01
8.000000000000000000e+02 1.176044078792904024e+01
8.750000000000000000e+02 1.333816956594150582e+01
9.500000000000000000e+02 9.017930516975667388e+00
1.025000000000000000e+03 6.735683100755670338e+00
1.100000000000000000e+03 6.097446575665903978e+00
1.175000000000000000e+03 6.616656380121861858e+00
1.250000000000000000e+03 2.406893202309336566e+00
