5.000000000000000000e-01 6.960440126579138242e-01
5.102602602602602788e-01 6.963758921961571424e-01
5.205205205205205576e-01 6.967076662645089735e-01
5.307807807807807254e-01 6.970393351374288837e-01
5.410410410410410043e-01 6.973708990861995360e-01
5.513013013013012831e-01 6.977023583789365713e-01
5.615615615615615619e-01 6.980337132805943812e-01
5.718218218218218407e-01 6.983649640529775438e-01
5.820820820820821195e-01 6.986961109547430437e-01
5.923423423423423984e-01 6.990271542414149275e-01
6.026026026026025662e-01 6.993580941653855243e-01
6.128628628628628450e-01 6.996889309759242170e-01
6.231231231231231238e-01 7.000196649191868792e-01
6.333833833833834026e-01 7.003502962382200936e-01
6.436436436436436814e-01 7.006808251729718107e-01
6.539039039039038492e-01 7.010112519602916814e-01
6.641641641641641280e-01 7.013415768339472667e-01
6.744244244244244069e-01 7.016718000246224829e-01
6.846846846846846857e-01 7.020019217599262618e-01
6.949449449449449645e-01 7.023319422644015431e-01
7.052052052052051323e-01 7.026618617595303817e-01
7.154654654654655221e-01 7.029916804637393879e-01
7.257257257257256899e-01 7.033213985924057221e-01
7.359859859859859688e-01 7.036510163578657551e-01
7.462462462462462476e-01 7.039805339694172881e-01
7.565065065065064154e-01 7.043099516333289900e-01
7.667667667667668052e-01 7.046392695528438388e-01
7.770270270270269730e-01 7.049684879281863381e-01
7.872872872872872518e-01 7.052976069565674022e-01
7.975475475475475307e-01 7.056266268321909063e-01
8.078078078078078095e-01 7.059555477462572393e-01
8.180680680680680883e-01 7.062843698869702980e-01
8.283283283283282561e-01 7.066130934395434826e-01
8.385885885885886459e-01 7.069417185862035824e-01
8.488488488488488137e-01 7.072702455061961047e-01
8.591091091091090926e-01 7.075986743757897157e-01
8.693693693693693714e-01 7.079270053682860109e-01
8.796296296296295392e-01 7.082552386540167388e-01
8.898898898898899290e-01 7.085833744003534607e-01
9.001501501501500968e-01 7.089114127717139890e-01
9.104104104104103756e-01 7.092393539295637206e-01
9.206706706706706544e-01 7.095671980324184114e-01
9.309309309309309333e-01 7.098949452358561674e-01
9.411911911911912121e-01 7.102225956925176664e-01
9.514514514514513799e-01 7.105501495521062694e-01
9.617117117117117697e-01 7.108776069614003434e-01
9.719719719719719375e-01 7.112049680642537064e-01
9.822322322322322163e-01 7.115322330015991792e-01
9.924924924924924952e-01 7.118594019114555804e-01
1.002752752752752663e+00 7.121864749289290586e-01
1.013013013013012831e+00 7.125134521862175330e-01
1.023273273273273221e+00 7.128403338126190203e-01
1.033533533533533610e+00 7.131671199345288592e-01
1.043793793793793778e+00 7.134938106754479259e-01
1.054054054054053946e+00 7.138204061559869640e-01
1.064314314314314336e+00 7.141469064938679168e-01
1.074574574574574504e+00 7.144733118039288122e-01
1.084834834834834894e+00 7.147996221981282039e-01
1.095095095095095061e+00 7.151258377855468362e-01
1.105355355355355229e+00 7.154519586723938618e-01
1.115615615615615619e+00 7.157779849620088397e-01
1.125875875875876009e+00 7.161039167548651774e-01
1.136136136136136177e+00 7.164297541485741272e-01
1.146396396396396344e+00 7.167554972378871181e-01
1.156656656656656512e+00 7.170811461147014176e-01
1.166916916916916902e+00 7.174067008680613533e-01
1.177177177177177292e+00 7.177321615841610880e-01
1.187437437437437460e+00 7.180575283463508374e-01
1.197697697697697627e+00 7.183828012351358705e-01
1.207957957957957795e+00 7.187079803281843926e-01
1.218218218218218185e+00 7.190330657003258796e-01
1.228478478478478575e+00 7.193580574235566294e-01
1.238738738738738743e+00 7.196829555670442025e-01
1.248998998998998911e+00 7.200077601971269781e-01
1.259259259259259078e+00 7.203324713773180399e-01
1.269519519519519468e+00 7.206570891683096169e-01
1.279779779779779858e+00 7.209816136279760812e-01
1.290040040040040026e+00 7.213060448113730594e-01
1.300300300300300194e+00 7.216303827707448715e-01
1.310560560560560361e+00 7.219546275555223103e-01
1.320820820820820751e+00 7.222787792123304129e-01
1.331081081081081141e+00 7.226028377849896822e-01
1.341341341341341309e+00 7.229268033145124228e-01
1.351601601601601477e+00 7.232506758391158419e-01
1.361861861861861867e+00 7.235744553942176083e-01
1.372122122122122034e+00 7.238981420124396271e-01
1.382382382382382424e+00 7.242217357236087061e-01
1.392642642642642592e+00 7.245452365547632168e-01
1.402902902902902760e+00 7.248686445301549819e-01
1.413163163163163150e+00 7.251919596712466110e-01
1.423423423423423539e+00 7.255151819967180504e-01
1.433683683683683707e+00 7.258383115224685822e-01
1.443943943943943875e+00 7.261613482616172677e-01
1.454204204204204043e+00 7.264842922245072776e-01
1.464464464464464433e+00 7.268071434187047819e-01
1.474724724724724823e+00 7.271299018490068322e-01
1.484984984984984990e+00 7.274525675174371431e-01
1.495245245245245158e+00 7.277751404232525312e-01
1.505505505505505548e+00 7.280976205629423603e-01
1.515765765765765716e+00 7.284200079302315389e-01
1.526026026026025884e+00 7.287423025160830736e-01
1.536286286286286273e+00 7.290645043086996235e-01
1.546546546546546441e+00 7.293866132935247215e-01
1.556806806806806831e+00 7.297086294532471040e-01
1.567067067067066999e+00 7.300305527677974915e-01
1.577327327327327167e+00 7.303523832143565819e-01
1.587587587587587556e+00 7.306741207673538296e-01
1.597847847847847724e+00 7.309957653984682224e-01
1.608108108108108114e+00 7.313173170766328335e-01
1.618368368368368282e+00 7.316387757680340442e-01
1.628628628628628672e+00 7.319601414361136538e-01
1.638888888888888840e+00 7.322814140415740969e-01
1.649149149149149007e+00 7.326025935423733371e-01
1.659409409409409397e+00 7.329236798937339703e-01
1.669669669669669565e+00 7.332446730481403385e-01
1.679929929929929955e+00 7.335655729553403059e-01
1.690190190190190123e+00 7.338863795623496999e-01
1.700450450450450290e+00 7.342070928134497576e-01
1.710710710710710680e+00 7.345277126501933429e-01
1.720970970970970848e+00 7.348482390114027263e-01
1.731231231231231238e+00 7.351686718331718051e-01
1.741491491491491406e+00 7.354890110488714328e-01
1.751751751751751796e+00 7.358092565891424242e-01
1.762012012012011963e+00 7.361294083819072132e-01
1.772272272272272131e+00 7.364494663523674101e-01
1.782532532532532521e+00 7.367694304229990276e-01
1.792792792792792689e+00 7.370893005135622511e-01
1.803053053053053079e+00 7.374090765411007720e-01
1.813313313313313246e+00 7.377287584199417880e-01
1.823573573573573414e+00 7.380483460616958924e-01
1.833833833833833804e+00 7.383678393752624025e-01
1.844094094094093972e+00 7.386872382668279169e-01
1.854354354354354362e+00 7.390065426398683135e-01
1.864614614614614529e+00 7.393257523951509702e-01
1.874874874874874697e+00 7.396448674307346538e-01
1.885135135135135087e+00 7.399638876419706301e-01
1.895395395395395255e+00 7.402828129215079933e-01
1.905655655655655645e+00 7.406016431592875593e-01
1.915915915915915813e+00 7.409203782425485274e-01
1.926176176176176202e+00 7.412390180558312558e-01
1.936436436436436370e+00 7.415575624809725985e-01
1.946696696696696538e+00 7.418760113971103465e-01
1.956956956956956928e+00 7.421943646806866690e-01
1.967217217217217096e+00 7.425126222054438951e-01
1.977477477477477485e+00 7.428307838424323961e-01
1.987737737737737653e+00 7.431488494600039241e-01
1.997997997997997821e+00 7.434668189238204938e-01
2.008258258258257989e+00 7.437846920968507192e-01
2.018518518518518157e+00 7.441024688393741426e-01
2.028778778778778769e+00 7.444201490089754625e-01
2.039039039039038936e+00 7.447377324605561899e-01
2.049299299299299548e+00 7.450552190463294311e-01
2.059559559559559716e+00 7.453726086158201092e-01
2.069819819819819884e+00 7.456899010158680730e-01
2.080080080080080052e+00 7.460070960906309834e-01
2.090340340340340219e+00 7.463241936815808719e-01
2.100600600600600387e+00 7.466411936275106909e-01
2.110860860860860555e+00 7.469580957645302055e-01
2.121121121121120723e+00 7.472748999260706571e-01
2.131381381381381335e+00 7.475916059428850957e-01
2.141641641641641503e+00 7.479082136430473815e-01
2.151901901901902114e+00 7.482247228519564031e-01
2.162162162162162282e+00 7.485411333923351895e-01
2.172422422422422450e+00 7.488574450842311325e-01
2.182682682682682618e+00 7.491736577450219814e-01
2.192942942942942786e+00 7.494897711894086267e-01
2.203203203203202953e+00 7.498057852294240933e-01
2.213463463463463121e+00 7.501216996744295429e-01
2.223723723723723733e+00 7.504375143311178276e-01
2.233983983983983901e+00 7.507532290035138223e-01
2.244244244244244069e+00 7.510688434929743140e-01
2.254504504504504681e+00 7.513843575981931089e-01
2.264764764764764848e+00 7.516997711151951478e-01
2.275025025025025016e+00 7.520150838373438340e-01
2.285285285285285184e+00 7.523302955553401450e-01
2.295545545545545352e+00 7.526454060572229654e-01
2.305805805805805520e+00 7.529604151283691982e-01
2.316066066066065687e+00 7.532753225514972062e-01
2.326326326326326299e+00 7.535901281066669233e-01
2.336586586586586467e+00 7.539048315712805204e-01
2.346846846846847079e+00 7.542194327200824056e-01
2.357107107107107247e+00 7.545339313251633317e-01
2.367367367367367414e+00 7.548483271559588426e-01
2.377627627627627582e+00 7.551626199792513816e-01
2.387887887887887750e+00 7.554768095591687382e-01
2.398148148148147918e+00 7.557908956571931514e-01
2.408408408408408086e+00 7.561048780321505403e-01
2.418668668668668253e+00 7.564187564402203856e-01
2.428928928928928865e+00 7.567325306349346192e-01
2.439189189189189033e+00 7.570462003671776241e-01
2.449449449449449645e+00 7.573597653851860123e-01
2.459709709709709813e+00 7.576732254345549533e-01
2.469969969969969981e+00 7.579865802582325118e-01
2.480230230230230148e+00 7.582998295965271973e-01
2.490490490490490316e+00 7.586129731871044113e-01
2.500750750750750484e+00 7.589260107649863363e-01
2.511011011011011096e+00 7.592389420625611507e-01
2.521271271271271264e+00 7.595517668095748132e-01
2.531531531531531432e+00 7.598644847331385010e-01
2.541791791791791599e+00 7.601770955577247246e-01
2.552052052052051767e+00 7.604895990051732113e-01
2.562312312312312379e+00 7.608019947946894623e-01
2.572572572572572547e+00 7.611142826428451968e-01
2.582832832832832715e+00 7.614264622635811275e-01
2.593093093093092882e+00 7.617385333682096249e-01
2.603353353353353050e+00 7.620504956654104989e-01
2.613613613613613662e+00 7.623623488612387700e-01
2.623873873873873830e+00 7.626740926591205616e-01
2.634134134134133998e+00 7.629857267598559867e-01
2.644394394394394165e+00 7.632972508616227003e-01
2.654654654654654333e+00 7.636086646599736794e-01
2.664914914914914945e+00 7.639199678478404421e-01
2.675175175175175113e+00 7.642311601155338252e-01
2.685435435435435281e+00 7.645422411507429850e-01
2.695695695695695449e+00 7.648532106385425022e-01
2.705955955955956060e+00 7.651640682613866096e-01
2.716216216216216228e+00 7.654748136991168517e-01
2.726476476476476396e+00 7.657854466289562012e-01
2.736736736736736564e+00 7.660959667255170524e-01
2.746996996996996732e+00 7.664063736608004440e-01
2.757257257257257343e+00 7.667166671041955039e-01
2.767517517517517511e+00 7.670268467224812259e-01
2.777777777777777679e+00 7.673369121798305770e-01
2.788038038038037847e+00 7.676468631378090546e-01
2.798298298298298015e+00 7.679566992553769067e-01
2.808558558558558627e+00 7.682664201888883548e-01
2.818818818818818794e+00 7.685760255920995876e-01
2.829079079079078962e+00 7.688855151161615442e-01
2.839339339339339130e+00 7.691948884096273531e-01
2.849599599599599298e+00 7.695041451184517767e-01
2.859859859859859910e+00 7.698132848859920996e-01
2.870120120120120077e+00 7.701223073530111263e-01
2.880380380380380245e+00 7.704312121576764039e-01
2.890640640640640413e+00 7.707399989355636638e-01
2.900900900900900581e+00 7.710486673196567109e-01
2.911161161161161193e+00 7.713572169403530854e-01
2.921421421421421361e+00 7.716656474254579567e-01
2.931681681681681528e+00 7.719739584001927835e-01
2.941941941941941696e+00 7.722821494871940917e-01
2.952202202202201864e+00 7.725902203065129203e-01
2.962462462462462476e+00 7.728981704756221482e-01
2.972722722722722644e+00 7.732059996094104992e-01
2.982982982982982811e+00 7.735137073201916458e-01
2.993243243243242979e+00 7.738212932177006564e-01
3.003503503503503591e+00 7.741287569090965492e-01
3.013763763763763759e+00 7.744360979989677318e-01
3.024024024024023927e+00 7.747433160893276716e-01
3.034284284284284094e+00 7.750504107796211128e-01
3.044544544544544262e+00 7.753573816667235219e-01
3.054804804804804874e+00 7.756642283449439734e-01
3.065065065065065042e+00 7.759709504060277041e-01
3.075325325325325210e+00 7.762775474391563346e-01
3.085585585585585378e+00 7.765840190309475366e-01
3.095845845845845545e+00 7.768903647654629152e-01
3.106106106106106157e+00 7.771965842242041234e-01
3.116366366366366325e+00 7.775026769861178577e-01
3.126626626626626493e+00 7.778086426275943044e-01
3.136886886886886661e+00 7.781144807224765758e-01
3.147147147147146828e+00 7.784201908420528282e-01
3.157407407407407440e+00 7.787257725550642551e-01
3.167667667667667608e+00 7.790312254277053094e-01
3.177927927927927776e+00 7.793365490236292548e-01
3.188188188188187944e+00 7.796417429039405045e-01
3.198448448448448111e+00 7.799468066272082778e-01
3.208708708708708723e+00 7.802517397494631579e-01
3.218968968968968891e+00 7.805565418241948716e-01
3.229229229229229059e+00 7.808612124023633916e-01
3.239489489489489227e+00 7.811657510323944953e-01
3.249749749749749395e+00 7.814701572601842061e-01
3.260010010010010006e+00 7.817744306291004586e-01
3.270270270270270174e+00 7.820785706799858739e-01
3.280530530530530342e+00 7.823825769511576489e-01
3.290790790790790510e+00 7.826864489784142176e-01
3.301051051051051122e+00 7.829901862950322533e-01
3.311311311311311290e+00 7.832937884317717758e-01
3.321571571571571457e+00 7.835972549168801482e-01
3.331831831831831625e+00 7.839005852760910775e-01
3.342092092092091793e+00 7.842037790326248370e-01
3.352352352352352405e+00 7.845068357071994791e-01
3.362612612612612573e+00 7.848097548180243965e-01
3.372872872872872740e+00 7.851125358808059840e-01
3.383133133133132908e+00 7.854151784087515242e-01
3.393393393393393076e+00 7.857176819125674117e-01
3.403653653653653688e+00 7.860200459004659246e-01
3.413913913913913856e+00 7.863222698781668907e-01
3.424174174174174023e+00 7.866243533488964657e-01
3.434434434434434191e+00 7.869262958133963481e-01
3.444694694694694359e+00 7.872280967699190057e-01
3.454954954954954971e+00 7.875297557142363347e-01
3.465215215215215139e+00 7.878312721396363294e-01
3.475475475475475307e+00 7.881326455369326300e-01
3.485735735735735474e+00 7.884338753944620803e-01
3.495995995995995642e+00 7.887349611980881692e-01
3.506256256256256254e+00 7.890359024312065817e-01
3.516516516516516422e+00 7.893366985747423126e-01
3.526776776776776590e+00 7.896373491071604356e-01
3.537037037037036757e+00 7.899378535044593308e-01
3.547297297297296925e+00 7.902382112401834524e-01
3.557557557557557537e+00 7.905384217854173334e-01
3.567817817817817705e+00 7.908384846087963549e-01
3.578078078078077873e+00 7.911383991765003065e-01
3.588338338338338041e+00 7.914381649522665985e-01
3.598598598598598652e+00 7.917377813973857092e-01
3.608858858858858820e+00 7.920372479707066260e-01
3.619119119119118988e+00 7.923365641286415073e-01
3.629379379379379156e+00 7.926357293251653502e-01
3.639639639639639324e+00 7.929347430118214302e-01
3.649899899899899935e+00 7.932336046377239658e-01
3.660160160160160103e+00 7.935323136495624485e-01
3.670420420420420271e+00 7.938308694915990893e-01
3.680680680680680439e+00 7.941292716056815859e-01
3.690940940940940607e+00 7.944275194312362398e-01
3.701201201201201219e+00 7.947256124052795023e-01
3.711461461461461386e+00 7.950235499624150881e-01
3.721721721721721554e+00 7.953213315348415247e-01
3.731981981981981722e+00 7.956189565523532625e-01
3.742242242242241890e+00 7.959164244423444501e-01
3.752502502502502502e+00 7.962137346298111540e-01
3.762762762762762669e+00 7.965108865373572433e-01
3.773023023023022837e+00 7.968078795851981644e-01
3.783283283283283005e+00 7.971047131911588313e-01
3.793543543543543173e+00 7.974013867706857273e-01
3.803803803803803785e+00 7.976978997368397994e-01
3.814064064064063952e+00 7.979942515003121128e-01
3.824324324324324120e+00 7.982904414694182993e-01
3.834584584584584288e+00 7.985864690501041085e-01
3.844844844844844456e+00 7.988823336459536240e-01
3.855105105105105068e+00 7.991780346581849326e-01
3.865365365365365236e+00 7.994735714856618936e-01
3.875625625625625403e+00 7.997689435248925838e-01
3.885885885885885571e+00 8.000641501700355152e-01
3.896146146146146183e+00 8.003591908129036314e-01
3.906406406406406351e+00 8.006540648429630869e-01
3.916666666666666519e+00 8.009487716473460139e-01
3.926926926926926686e+00 8.012433106108480807e-01
3.937187187187186854e+00 8.015376811159324877e-01
3.947447447447447466e+00 8.018318825427375174e-01
3.957707707707707634e+00 8.021259142690753130e-01
3.967967967967967802e+00 8.024197756704442019e-01
3.978228228228227970e+00 8.027134661200223675e-01
3.988488488488488137e+00 8.030069849886802835e-01
3.998748748748748749e+00 8.033003316449790487e-01
4.009009009009009361e+00 8.035935054551803791e-01
4.019269269269269529e+00 8.038865057832448313e-01
4.029529529529529697e+00 8.041793319908396853e-01
4.039789789789789864e+00 8.044719834373437184e-01
4.050050050050050032e+00 8.047644594798473161e-01
4.060310310310310200e+00 8.050567594731615761e-01
4.070570570570570368e+00 8.053488827698204178e-01
4.080830830830830536e+00 8.056408287200839125e-01
4.091091091091090703e+00 8.059325966719441681e-01
4.101351351351350871e+00 8.062241859711321013e-01
4.111611611611611039e+00 8.065155959611152170e-01
4.121871871871871207e+00 8.068068259831105982e-01
4.132132132132131375e+00 8.070978753760811308e-01
4.142392392392391542e+00 8.073887434767478277e-01
4.152652652652652598e+00 8.076794296195872747e-01
4.162912912912912766e+00 8.079699331368439541e-01
4.173173173173172934e+00 8.082602533585254712e-01
4.183433433433433102e+00 8.085503896124175416e-01
4.193693693693694158e+00 8.088403412240818824e-01
4.203953953953954326e+00 8.091301075168609858e-01
4.214214214214214493e+00 8.094196878118868899e-01
4.224474474474474661e+00 8.097090814280855087e-01
4.234734734734734829e+00 8.099982876821751887e-01
4.244994994994994997e+00 8.102873058886825852e-01
4.255255255255255165e+00 8.105761353599366670e-01
4.265515515515515332e+00 8.108647754060830382e-01
4.275775775775775500e+00 8.111532253350783872e-01
4.286036036036035668e+00 8.114414844527084725e-01
4.296296296296295836e+00 8.117295520625826821e-01
4.306556556556556004e+00 8.120174274661438041e-01
4.316816816816816171e+00 8.123051099626719118e-01
4.327077077077076339e+00 8.125925988492922469e-01
4.337337337337336507e+00 8.128798934209749971e-01
4.347597597597597563e+00 8.131669929705476196e-01
4.357857857857857731e+00 8.134538967886933980e-01
4.368118118118117899e+00 8.137406041639612120e-01
4.378378378378378066e+00 8.140271143827710887e-01
4.388638638638638234e+00 8.143134267294142026e-01
4.398898898898899290e+00 8.145995404860668643e-01
4.409159159159159458e+00 8.148854549327889663e-01
4.419419419419419626e+00 8.151711693475326426e-01
4.429679679679679793e+00 8.154566830061480420e-01
4.439939939939939961e+00 8.157419951823861037e-01
4.450200200200200129e+00 8.160271051479086601e-01
4.460460460460460297e+00 8.163120121722918787e-01
4.470720720720720465e+00 8.165967155230292596e-01
4.480980980980980632e+00 8.168812144655422935e-01
4.491241241241240800e+00 8.171655082631843481e-01
4.501501501501500968e+00 8.174495961772447750e-01
4.511761761761761136e+00 8.177334774669575701e-01
4.522022022022022192e+00 8.180171513895053703e-01
4.532282282282282360e+00 8.183006172000250045e-01
4.542542542542542527e+00 8.185838741516165973e-01
4.552802802802802695e+00 8.188669214953467890e-01
4.563063063063062863e+00 8.191497584802531762e-01
4.573323323323323031e+00 8.194323843533579677e-01
4.583583583583583199e+00 8.197147983596640985e-01
4.593843843843843366e+00 8.199969997421683310e-01
4.604104104104103534e+00 8.202789877418651399e-01
4.614364364364364590e+00 8.205607615977535962e-01
4.624624624624624758e+00 8.208423205468424744e-01
4.634884884884884926e+00 8.211236638241574681e-01
4.645145145145145094e+00 8.214047906627504059e-01
4.655405405405405261e+00 8.216857002936981402e-01
4.665665665665665429e+00 8.219663919461169810e-01
4.675925925925925597e+00 8.222468648471658037e-01
4.686186186186185765e+00 8.225271182220501576e-01
4.696446446446445933e+00 8.228071512940338117e-01
4.706706706706706100e+00 8.230869632844426409e-01
4.716966966966967156e+00 8.233665534126707319e-01
4.727227227227227324e+00 8.236459208961872669e-01
4.737487487487487492e+00 8.239250649505452939e-01
4.747747747747747660e+00 8.242039847893860571e-01
4.758008008008007828e+00 8.244826796244468792e-01
4.768268268268267995e+00 8.247611486655687107e-01
4.778528528528528163e+00 8.250393911207010156e-01
4.788788788788788331e+00 8.253174061959124286e-01
4.799049049049048499e+00 8.255951930953897566e-01
4.809309309309308667e+00 8.258727510214559642e-01
4.819569569569569722e+00 8.261500791745689520e-01
4.829829829829829890e+00 8.264271767533318824e-01
4.840090090090090058e+00 8.267040429544989522e-01
4.850350350350350226e+00 8.269806769729837193e-01
4.860610610610610394e+00 8.272570780018659864e-01
4.870870870870870561e+00 8.275332452323987953e-01
4.881131131131130729e+00 8.278091778540161982e-01
4.891391391391390897e+00 8.280848750543399195e-01
4.901651651651651065e+00 8.283603360191855725e-01
4.911911911911912121e+00 8.286355599325734289e-01
4.922172172172172289e+00 8.289105459767327488e-01
4.932432432432432456e+00 8.291852933321103292e-01
4.942692692692692624e+00 8.294598011773772761e-01
4.952952952952952792e+00 8.297340686894385531e-01
4.963213213213212960e+00 8.300080950434393090e-01
4.973473473473473128e+00 8.302818794127705404e-01
4.983733733733733295e+00 8.305554209690804157e-01
4.993993993993993463e+00 8.308287188822808256e-01
5.004254254254253631e+00 8.311017723205527119e-01
5.014514514514514687e+00 8.313745804503550607e-01
5.024774774774774855e+00 8.316471424364337839e-01
5.035035035035035023e+00 8.319194574418311561e-01
5.045295295295295190e+00 8.321915246278901446e-01
5.055555555555555358e+00 8.324633431542631801e-01
5.065815815815815526e+00 8.327349121789190400e-01
5.076076076076075694e+00 8.330062308581587249e-01
5.086336336336335862e+00 8.332772983466109062e-01
5.096596596596596029e+00 8.335481137972478027e-01
5.106856856856856197e+00 8.338186763613957275e-01
5.117117117117117253e+00 8.340889851887337558e-01
5.127377377377377421e+00 8.343590394273118216e-01
5.137637637637637589e+00 8.346288382235534931e-01
5.147897897897897757e+00 8.348983807222652986e-01
5.158158158158157924e+00 8.351676660666446095e-01
5.168418418418418092e+00 8.354366933982910748e-01
5.178678678678678260e+00 8.357054618572090643e-01
5.188938938938938428e+00 8.359739705818224342e-01
5.199199199199198596e+00 8.362422187089786352e-01
5.209459459459459651e+00 8.365102053739603694e-01
5.219719719719719819e+00 8.367779297104895875e-01
5.229979979979979987e+00 8.370453908507429208e-01
5.240240240240240155e+00 8.373125879253537907e-01
5.250500500500500323e+00 8.375795200634245097e-01
5.260760760760760490e+00 8.378461863925340536e-01
5.271021021021020658e+00 8.381125860387481641e-01
5.281281281281280826e+00 8.383787181266242339e-01
5.291541541541540994e+00 8.386445817792255175e-01
5.301801801801801162e+00 8.389101761181251282e-01
5.312062062062062218e+00 8.391755002634188054e-01
5.322322322322322385e+00 8.394405533337317982e-01
5.332582582582582553e+00 8.397053344462267477e-01
5.342842842842842721e+00 8.399698427166172321e-01
5.353103103103102889e+00 8.402340772591699869e-01
5.363363363363363057e+00 8.404980371867210032e-01
5.373623623623623224e+00 8.407617216106793023e-01
5.383883883883883392e+00 8.410251296410394817e-01
5.394144144144143560e+00 8.412882603863885977e-01
5.404404404404403728e+00 8.415511129539166024e-01
5.414664664664664784e+00 8.418136864494273341e-01
5.424924924924924952e+00 8.420759799773424037e-01
5.435185185185185119e+00 8.423379926407184026e-01
5.445445445445445287e+00 8.425997235412494568e-01
5.455705705705705455e+00 8.428611717792779956e-01
5.465965965965965623e+00 8.431223364538094067e-01
5.476226226226225791e+00 8.433832166625135907e-01
5.486486486486485958e+00 8.436438115017419470e-01
5.496746746746746126e+00 8.439041200665315934e-01
5.507007007007007182e+00 8.441641414506165786e-01
5.517267267267267350e+00 8.444238747464394290e-01
5.527527527527527518e+00 8.446833190451579210e-01
5.537787787787787686e+00 8.449424734366577372e-01
5.548048048048047853e+00 8.452013370095590172e-01
5.558308308308308021e+00 8.454599088512292360e-01
5.568568568568568189e+00 8.457181880477910862e-01
5.578828828828828357e+00 8.459761736841340252e-01
5.589089089089088525e+00 8.462338648439210465e-01
5.599349349349348692e+00 8.464912606096030023e-01
5.609609609609609748e+00 8.467483600624244877e-01
5.619869869869869916e+00 8.470051622824382731e-01
5.630130130130130084e+00 8.472616663485079691e-01
5.640390390390390252e+00 8.475178713383298978e-01
5.650650650650650419e+00 8.477737763284292072e-01
5.660910910910910587e+00 8.480293803941830744e-01
5.671171171171170755e+00 8.482846826098207060e-01
5.681431431431430923e+00 8.485396820484415459e-01
5.691691691691691091e+00 8.487943777820197155e-01
5.701951951951951258e+00 8.490487688814148948e-01
5.712212212212212314e+00 8.493028544163891969e-01
5.722472472472472482e+00 8.495566334556090560e-01
5.732732732732732650e+00 8.498101050666602152e-01
5.742992992992992818e+00 8.500632683160568304e-01
5.753253253253252986e+00 8.503161222692526833e-01
5.763513513513513153e+00 8.505686659906543934e-01
5.773773773773773321e+00 8.508208985436231941e-01
5.784034034034033489e+00 8.510728189904949170e-01
5.794294294294293657e+00 8.513244263925894284e-01
5.804554554554554713e+00 8.515757198102144043e-01
5.814814814814814881e+00 8.518266983026828720e-01
5.825075075075075048e+00 8.520773609283233130e-01
5.835335335335335216e+00 8.523277067444848809e-01
5.845595595595595384e+00 8.525777348075554984e-01
5.855855855855855552e+00 8.528274441729700728e-01
5.866116116116115720e+00 8.530768338952171570e-01
5.876376376376375887e+00 8.533259030278577129e-01
5.886636636636636055e+00 8.535746506235281084e-01
5.896896896896896223e+00 8.538230757339567711e-01
5.907157157157157279e+00 8.540711774099736253e-01
5.917417417417417447e+00 8.543189547015187513e-01
5.927677677677677615e+00 8.545664066576593720e-01
5.937937937937937782e+00 8.548135323265939611e-01
5.948198198198197950e+00 8.550603307556662314e-01
5.958458458458458118e+00 8.553068009913795677e-01
5.968718718718718286e+00 8.555529420794025786e-01
5.978978978978978454e+00 8.557987530645838614e-01
5.989239239239238621e+00 8.560442329909645487e-01
5.999499499499498789e+00 8.562893809017859681e-01
6.009759759759759845e+00 8.565341958395021882e-01
6.020020020020020013e+00 8.567786768457938962e-01
6.030280280280280181e+00 8.570228229615753923e-01
6.040540540540540349e+00 8.572666332270103551e-01
6.050800800800800516e+00 8.575101066815212780e-01
6.061061061061060684e+00 8.577532423638001280e-01
6.071321321321320852e+00 8.579960393118230000e-01
6.081581581581581020e+00 8.582384965628591100e-01
6.091841841841841187e+00 8.584806131534793439e-01
6.102102102102102243e+00 8.587223881195782393e-01
6.112362362362362411e+00 8.589638204963725432e-01
6.122622622622622579e+00 8.592049093184230824e-01
6.132882882882882747e+00 8.594456536196427576e-01
6.143143143143142915e+00 8.596860524333075348e-01
6.153403403403403082e+00 8.599261047920678802e-01
6.163663663663663250e+00 8.601658097279625270e-01
6.173923923923923418e+00 8.604051662724325755e-01
6.184184184184183586e+00 8.606441734563252677e-01
6.194444444444443754e+00 8.608828303099150814e-01
6.204704704704704810e+00 8.611211358629093926e-01
6.214964964964964977e+00 8.613590891444641295e-01
6.225225225225225145e+00 8.615966891831932095e-01
6.235485485485485313e+00 8.618339350071836380e-01
6.245745745745745481e+00 8.620708256440019479e-01
6.256006006006005649e+00 8.623073601207151828e-01
6.266266266266265816e+00 8.625435374638937835e-01
6.276526526526525984e+00 8.627793566996299068e-01
6.286786786786786152e+00 8.630148168535479725e-01
6.297047047047046320e+00 8.632499169508124348e-01
6.307307307307307376e+00 8.634846560161503204e-01
6.317567567567567544e+00 8.637190330738525601e-01
6.327827827827827711e+00 8.639530471477929741e-01
6.338088088088087879e+00 8.641866972614392628e-01
6.348348348348348047e+00 8.644199824378608898e-01
6.358608608608608215e+00 8.646529016997502870e-01
6.368868868868868383e+00 8.648854540694280724e-01
6.379129129129128550e+00 8.651176385688581494e-01
6.389389389389388718e+00 8.653494542196570327e-01
6.399649649649649774e+00 8.655809000431120559e-01
6.409909909909909942e+00 8.658119750601939169e-01
6.420170170170170110e+00 8.660426782915566779e-01
6.430430430430430278e+00 8.662730087575694071e-01
6.440690690690690445e+00 8.665029654783134028e-01
6.450950950950950613e+00 8.667325474736035096e-01
6.461211211211210781e+00 8.669617537629970005e-01
6.471471471471470949e+00 8.671905833658061225e-01
6.481731731731731116e+00 8.674190353011128618e-01
6.491991991991991284e+00 8.676471085877826006e-01
6.502252252252252340e+00 8.678748022444692234e-01
6.512512512512512508e+00 8.681021152896399862e-01
6.522772772772772676e+00 8.683290467415778480e-01
6.533033033033032844e+00 8.685555956183999005e-01
6.543293293293293011e+00 8.687817609380671380e-01
6.553553553553553179e+00 8.690075417184005557e-01
6.563813813813813347e+00 8.692329369770919190e-01
6.574074074074073515e+00 8.694579457317161975e-01
6.584334334334333683e+00 8.696825669997457764e-01
6.594594594594593850e+00 8.699067997985636680e-01
6.604854854854854906e+00 8.701306431454750578e-01
6.615115115115115074e+00 8.703540960577220709e-01
6.625375375375375242e+00 8.705771575524946515e-01
6.635635635635635410e+00 8.707998266469438864e-01
6.645895895895895578e+00 8.710221023581998789e-01
6.656156156156155745e+00 8.712439837033765233e-01
6.666416416416415913e+00 8.714654696995941530e-01
6.676676676676676081e+00 8.716865593639802068e-01
6.686936936936936249e+00 8.719072517136959855e-01
6.697197197197197305e+00 8.721275457659414254e-01
6.707457457457457473e+00 8.723474405379718633e-01
6.717717717717717640e+00 8.725669350471075836e-01
6.727977977977977808e+00 8.727860283107504724e-01
6.738238238238237976e+00 8.730047193463975619e-01
6.748498498498498144e+00 8.732230071716493569e-01
6.758758758758758312e+00 8.734408908042297082e-01
6.769019019019018479e+00 8.736583692619956931e-01
6.779279279279278647e+00 8.738754415629510497e-01
6.789539539539538815e+00 8.740921067252596099e-01
6.799799799799799871e+00 8.743083637672572905e-01
6.810060060060060039e+00 8.745242117074715216e-01
6.820320320320320207e+00 8.747396495646263537e-01
6.830580580580580374e+00 8.749546763576604436e-01
6.840840840840840542e+00 8.751692911057428192e-01
6.851101101101100710e+00 8.753834928282785421e-01
6.861361361361360878e+00 8.755972805449309115e-01
6.871621621621621046e+00 8.758106532756286811e-01
6.881881881881881213e+00 8.760236100405829340e-01
6.892142142142141381e+00 8.762361498602997401e-01
6.902402402402402437e+00 8.764482717555932556e-01
6.912662662662662605e+00 8.766599747476018223e-01
6.922922922922922773e+00 8.768712578577939620e-01
6.933183183183182940e+00 8.770821201079938012e-01
6.943443443443443108e+00 8.772925605203837351e-01
6.953703703703703276e+00 8.775025781175244122e-01
6.963963963963963444e+00 8.777121719223661689e-01
6.974224224224223612e+00 8.779213409582610206e-01
6.984484484484483779e+00 8.781300842489835334e-01
6.994744744744744835e+00 8.783384008187339331e-01
7.005005005005005003e+00 8.785462896921609754e-01
7.015265265265265171e+00 8.787537498943681635e-01
7.025525525525525339e+00 8.789607804509338429e-01
7.035785785785785507e+00 8.791673803879220817e-01
7.046046046046045674e+00 8.793735487318949939e-01
7.056306306306305842e+00 8.795792845099300594e-01
7.066566566566566010e+00 8.797845867496316696e-01
7.076826826826826178e+00 8.799894544791425632e-01
7.087087087087086346e+00 8.801938867271636990e-01
7.097347347347347402e+00 8.803978825229620275e-01
7.107607607607607569e+00 8.806014408963882545e-01
7.117867867867867737e+00 8.808045608778883873e-01
7.128128128128127905e+00 8.810072414985188338e-01
7.138388388388388073e+00 8.812094817899609467e-01
7.148648648648648241e+00 8.814112807845320141e-01
7.158908908908908408e+00 8.816126375152010253e-01
7.169169169169168576e+00 8.818135510156041024e-01
7.179429429429428744e+00 8.820140203200542706e-01
7.189689689689688912e+00 8.822140444635599987e-01
7.199949949949949968e+00 8.824136224818356355e-01
7.210210210210210136e+00 8.826127534113168416e-01
7.220470470470470303e+00 8.828114362891754663e-01
7.230730730730730471e+00 8.830096701533289849e-01
7.240990990990990639e+00 8.832074540424619258e-01
7.251251251251250807e+00 8.834047869960320876e-01
7.261511511511510975e+00 8.836016680542898571e-01
7.271771771771771142e+00 8.837980962582896449e-01
7.282032032032031310e+00 8.839940706499035405e-01
7.292292292292292366e+00 8.841895902718386324e-01
7.302552552552552534e+00 8.843846541676465556e-01
7.312812812812812702e+00 8.845792613817403671e-01
7.323073073073072869e+00 8.847734109594056484e-01
7.333333333333333037e+00 8.849671019468201560e-01
7.343593593593593205e+00 8.851603333910625926e-01
7.353853853853853373e+00 8.853531043401242639e-01
7.364114114114113541e+00 8.855454138429338373e-01
7.374374374374373708e+00 8.857372609493590065e-01
7.384634634634633876e+00 8.859286447102292517e-01
7.394894894894894932e+00 8.861195641773430554e-01
7.405155155155155100e+00 8.863100184034895523e-01
7.415415415415415268e+00 8.865000064424554127e-01
7.425675675675675436e+00 8.866895273490437157e-01
7.435935935935935603e+00 8.868785801790846079e-01
7.446196196196195771e+00 8.870671639894499583e-01
7.456456456456455939e+00 8.872552778380712324e-01
7.466716716716716107e+00 8.874429207839505951e-01
7.476976976976976275e+00 8.876300918871697920e-01
7.487237237237236442e+00 8.878167902089150187e-01
7.497497497497497498e+00 8.880030148114813615e-01
7.507757757757757666e+00 8.881887647582944467e-01
7.518018018018017834e+00 8.883740391139158810e-01
7.528278278278278002e+00 8.885588369440654555e-01
7.538538538538538170e+00 8.887431573156316933e-01
7.548798798798798337e+00 8.889269992966838396e-01
7.559059059059058505e+00 8.891103619564890703e-01
7.569319319319318673e+00 8.892932443655264807e-01
7.579579579579578841e+00 8.894756455954976326e-01
7.589839839839839897e+00 8.896575647193474268e-01
7.600100100100100065e+00 8.898390008112682104e-01
7.610360360360360232e+00 8.900199529467213155e-01
7.620620620620620400e+00 8.902004202024508261e-01
7.630880880880880568e+00 8.903804016564926815e-01
7.641141141141140736e+00 8.905598963881976582e-01
7.651401401401400904e+00 8.907389034782301485e-01
7.661661661661661071e+00 8.909174220085971374e-01
7.671921921921921239e+00 8.910954510626589720e-01
7.682182182182181407e+00 8.912729897251350231e-01
7.692442442442442463e+00 8.914500370821263342e-01
7.702702702702702631e+00 8.916265922211283890e-01
7.712962962962962798e+00 8.918026542310402149e-01
7.723223223223222966e+00 8.919782222021823692e-01
7.733483483483483134e+00 8.921532952263119265e-01
7.743743743743743302e+00 8.923278723966326931e-01
7.754004004004003470e+00 8.925019528078117492e-01
7.764264264264263637e+00 8.926755355559919947e-01
7.774524524524523805e+00 8.928486197388081358e-01
7.784784784784783973e+00 8.930212044553974549e-01
7.795045045045045029e+00 8.931932888064167964e-01
7.805305305305305197e+00 8.933648718940538913e-01
7.815565565565565365e+00 8.935359528220444547e-01
7.825825825825825532e+00 8.937065306956804012e-01
7.836086086086085700e+00 8.938766046218317163e-01
7.846346346346345868e+00 8.940461737089518968e-01
7.856606606606606036e+00 8.942152370670998218e-01
7.866866866866866204e+00 8.943837938079461924e-01
7.877127127127126371e+00 8.945518430447937375e-01
7.887387387387387427e+00 8.947193838925833198e-01
7.897647647647647595e+00 8.948864154679191385e-01
7.907907907907907763e+00 8.950529368890690618e-01
7.918168168168167931e+00 8.952189472759913835e-01
7.928428428428428099e+00 8.953844457503364884e-01
7.938688688688688266e+00 8.955494314354717211e-01
7.948948948948948434e+00 8.957139034564863822e-01
7.959209209209208602e+00 8.958778609402107129e-01
7.969469469469468770e+00 8.960413030152277747e-01
7.979729729729728938e+00 8.962042288118855504e-01
7.989989989989989994e+00 8.963666374623131539e-01
8.000250250250250161e+00 8.965285281004364837e-01
8.010510510510510329e+00 8.966898998619842187e-01
8.020770770770770497e+00 8.968507518845103554e-01
8.031031031031030665e+00 8.970110833074009804e-01
8.041291291291290833e+00 8.971708932718907015e-01
8.051551551551551000e+00 8.973301809210777469e-01
8.061811811811811168e+00 8.974889453999365108e-01
8.072072072072071336e+00 8.976471858553277672e-01
8.082332332332331504e+00 8.978049014360155455e-01
8.092592592592591672e+00 8.979620912926834508e-01
8.102852852852851839e+00 8.981187545779409920e-01
8.113113113113112007e+00 8.982748904463420114e-01
8.123373373373372175e+00 8.984304980543982300e-01
8.133633633633632343e+00 8.985855765605886836e-01
8.143893893893892511e+00 8.987401251253794854e-01
8.154154154154152678e+00 8.988941429112298209e-01
8.164414414414412846e+00 8.990476290826123762e-01
8.174674674674673014e+00 8.992005828060223305e-01
8.184934934934934958e+00 8.993530032499906790e-01
8.195195195195195126e+00 8.995048895851009974e-01
8.205455455455455294e+00 8.996562409839992114e-01
8.215715715715715461e+00 8.998070566214073640e-01
8.225975975975975629e+00 8.999573356741399355e-01
8.236236236236235797e+00 9.001070773211116149e-01
8.246496496496495965e+00 9.002562807433583947e-01
8.256756756756756133e+00 9.004049451240395685e-01
8.267017017017016300e+00 9.005530696484643771e-01
8.277277277277276468e+00 9.007006535040930073e-01
8.287537537537538412e+00 9.008476958805553547e-01
8.297797797797798580e+00 9.009941959696693425e-01
8.308058058058058748e+00 9.011401529654411435e-01
8.318318318318318916e+00 9.012855660640871625e-01
8.328578578578579084e+00 9.014304344640491351e-01
8.338838838838839251e+00 9.015747573659976810e-01
8.349099099099099419e+00 9.017185339728566174e-01
8.359359359359359587e+00 9.018617634898045132e-01
8.369619619619619755e+00 9.020044451242984485e-01
8.379879879879879923e+00 9.021465780860778993e-01
8.390140140140140090e+00 9.022881615871817251e-01
8.400400400400400258e+00 9.024291948419655984e-01
8.410660660660660426e+00 9.025696770671007840e-01
8.420920920920920594e+00 9.027096074816053362e-01
8.431181181181180762e+00 9.028489853068421001e-01
8.441441441441440929e+00 9.029878097665382519e-01
8.451701701701701097e+00 9.031260800867985106e-01
8.461961961961961265e+00 9.032637954961140192e-01
8.472222222222221433e+00 9.034009552253755571e-01
8.482482482482481601e+00 9.035375585078891936e-01
8.492742742742741768e+00 9.036736045793890559e-01
8.503003003003001936e+00 9.038090926780460999e-01
8.513263263263262104e+00 9.039440220444826535e-01
8.523523523523522272e+00 9.040783919217836306e-01
8.533783783783784216e+00 9.042122015555111858e-01
8.544044044044044384e+00 9.043454501937192580e-01
8.554304304304304551e+00 9.044781370869575676e-01
8.564564564564564719e+00 9.046102614882919335e-01
8.574824824824824887e+00 9.047418226533139318e-01
8.585085085085085055e+00 9.048728198401539968e-01
8.595345345345345223e+00 9.050032523094905246e-01
8.605605605605605390e+00 9.051331193245667484e-01
8.615865865865865558e+00 9.052624201511989543e-01
8.626126126126125726e+00 9.053911540577905814e-01
8.636386386386385894e+00 9.055193203153464321e-01
8.646646646646646062e+00 9.056469181974798888e-01
8.656906906906906229e+00 9.057739469804272359e-01
8.667167167167166397e+00 9.059004059430624256e-01
8.677427427427426565e+00 9.060262943669057378e-01
8.687687687687686733e+00 9.061516115361345491e-01
8.697947947947946901e+00 9.062763567376007634e-01
8.708208208208207068e+00 9.064005292608354747e-01
8.718468468468467236e+00 9.065241283980685072e-01
8.728728728728729180e+00 9.066471534442344105e-01
8.738988988988989348e+00 9.067696036969865592e-01
8.749249249249249516e+00 9.068914784567051468e-01
8.759509509509509684e+00 9.070127770265189460e-01
8.769769769769769852e+00 9.071334987123047533e-01
8.780030030030030019e+00 9.072536428227077066e-01
8.790290290290290187e+00 9.073732086691459475e-01
8.800550550550550355e+00 9.074921955658312722e-01
8.810810810810810523e+00 9.076106028297695749e-01
8.821071071071070691e+00 9.077284297807813873e-01
8.831331331331330858e+00 9.078456757415097611e-01
8.841591591591591026e+00 9.079623400374297049e-01
8.851851851851851194e+00 9.080784219968651705e-01
8.862112112112111362e+00 9.081939209509920508e-01
8.872372372372371530e+00 9.083088362338590516e-01
8.882632632632631697e+00 9.084231671823916887e-01
8.892892892892891865e+00 9.085369131364040562e-01
8.903153153153152033e+00 9.086500734386151468e-01
8.913413413413412201e+00 9.087626474346555128e-01
8.923673673673672369e+00 9.088746344730770366e-01
8.933933933933934313e+00 9.089860339053702498e-01
8.944194194194194480e+00 9.090968450859672201e-01
8.954454454454454648e+00 9.092070673722596474e-01
8.964714714714714816e+00 9.093167001246057479e-01
8.974974974974974984e+00 9.094257427063405785e-01
8.985235235235235152e+00 9.095341944837902481e-01
8.995495495495495319e+00 9.096420548262802441e-01
9.005755755755755487e+00 9.097493231061453134e-01
9.016016016016015655e+00 9.098559986987432291e-01
9.026276276276275823e+00 9.099620809824605638e-01
9.036536536536535991e+00 9.100675693387301202e-01
9.046796796796796158e+00 9.101724631520354825e-01
9.057057057057056326e+00 9.102767618099234515e-01
9.067317317317316494e+00 9.103804647030149244e-01
9.077577577577576662e+00 9.104835712250144431e-01
9.087837837837836830e+00 9.105860807727237383e-01
9.098098098098096997e+00 9.106879927460430624e-01
9.108358358358357165e+00 9.107893065479958361e-01
9.118618618618617333e+00 9.108900215847265391e-01
9.128878878878879277e+00 9.109901372655125895e-01
9.139139139139139445e+00 9.110896530027805529e-01
9.149399399399399613e+00 9.111885682121142471e-01
9.159659659659659781e+00 9.112868823122545203e-01
9.169919919919919948e+00 9.113845947251275614e-01
9.180180180180180116e+00 9.114817048758393492e-01
9.190440440440440284e+00 9.115782121926934156e-01
9.200700700700700452e+00 9.116741161071979516e-01
9.210960960960960620e+00 9.117694160540728010e-01
9.221221221221220787e+00 9.118641114712696671e-01
9.231481481481480955e+00 9.119582017999634527e-01
9.241741741741741123e+00 9.120516864845830129e-01
9.252002002002001291e+00 9.121445649728062710e-01
9.262262262262261459e+00 9.122368367155744284e-01
9.272522522522521626e+00 9.123285011670980715e-01
9.282782782782781794e+00 9.124195577848754901e-01
9.293043043043041962e+00 9.125100060296915672e-01
9.303303303303302130e+00 9.125998453656314346e-01
9.313563563563562298e+00 9.126890752600912426e-01
9.323823823823824242e+00 9.127776951837863750e-01
9.334084084084084409e+00 9.128657046107566675e-01
9.344344344344344577e+00 9.129531030183848372e-01
9.354604604604604745e+00 9.130398898873942626e-01
9.364864864864864913e+00 9.131260647018646370e-01
9.375125125125125081e+00 9.132116269492408511e-01
9.385385385385385248e+00 9.132965761203390986e-01
9.395645645645645416e+00 9.133809117093564245e-01
9.405905905905905584e+00 9.134646332138844915e-01
9.416166166166165752e+00 9.135477401349091364e-01
9.426426426426425920e+00 9.136302319768259128e-01
9.436686686686686087e+00 9.137121082474438660e-01
9.446946946946946255e+00 9.137933684580038518e-01
9.457207207207206423e+00 9.138740121231704316e-01
9.467467467467466591e+00 9.139540387610572969e-01
9.477727727727726759e+00 9.140334478932267137e-01
9.487987987987986926e+00 9.141122390446946300e-01
9.498248248248247094e+00 9.141904117439504374e-01
9.508508508508507262e+00 9.142679655229539737e-01
9.518768768768767430e+00 9.143448999171505109e-01
9.529029029029029374e+00 9.144212144654713104e-01
9.539289289289289542e+00 9.144969087103526073e-01
9.549549549549549710e+00 9.145719821977378317e-01
9.559809809809809877e+00 9.146464344770786070e-01
9.570070070070070045e+00 9.147202651013578434e-01
9.580330330330330213e+00 9.147934736270805223e-01
9.590590590590590381e+00 9.148660596142985657e-01
9.600850850850850549e+00 9.149380226266015104e-01
9.611111111111110716e+00 9.150093622311410435e-01
9.621371371371370884e+00 9.150800779986213440e-01
9.631631631631631052e+00 9.151501695033228412e-01
9.641891891891891220e+00 9.152196363230962195e-01
9.652152152152151388e+00 9.152884780393814035e-01
9.662412412412411555e+00 9.153566942372036719e-01
9.672672672672671723e+00 9.154242845051893118e-01
9.682932932932931891e+00 9.154912484355679503e-01
9.693193193193192059e+00 9.155575856241854327e-01
9.703453453453452227e+00 9.156232956705018244e-01
9.713713713713712394e+00 9.156883781776095077e-01
9.723973973973974338e+00 9.157528327522281852e-01
9.734234234234234506e+00 9.158166590047234212e-01
9.744494494494494674e+00 9.158798565491031995e-01
9.754754754754754842e+00 9.159424250030337999e-01
9.765015015015015010e+00 9.160043639878393540e-01
9.775275275275275177e+00 9.160656731285116150e-01
9.785535535535535345e+00 9.161263520537178406e-01
9.795795795795795513e+00 9.161864003958047897e-01
9.806056056056055681e+00 9.162458177908030521e-01
9.816316316316315849e+00 9.163046038784425917e-01
9.826576576576576016e+00 9.163627583021486389e-01
9.836836836836836184e+00 9.164202807090527925e-01
9.847097097097096352e+00 9.164771707500010134e-01
9.857357357357356520e+00 9.165334280795526256e-01
9.867617617617616688e+00 9.165890523559970804e-01
9.877877877877876855e+00 9.166440432413522910e-01
9.888138138138137023e+00 9.166984004013681853e-01
9.898398398398397191e+00 9.167521235055425821e-01
9.908658658658657359e+00 9.168052122271194149e-01
9.918918918918919303e+00 9.168576662430952817e-01
9.929179179179179471e+00 9.169094852342272173e-01
9.939439439439439639e+00 9.169606688850361342e-01
9.949699699699699806e+00 9.170112168838158162e-01
9.959959959959959974e+00 9.170611289226343610e-01
9.970220220220220142e+00 9.171104046973410640e-01
9.980480480480480310e+00 9.171590439075745227e-01
9.990740740740740478e+00 9.172070462567627480e-01
1.000100100100100065e+01 9.172544114521323788e-01
1.001126126126126081e+01 9.173011392047154544e-01
1.002152152152152098e+01 9.173472292293466390e-01
1.003178178178178115e+01 9.173926812446759893e-01
1.004204204204204132e+01 9.174374949731716189e-01
1.005230230230230148e+01 9.174816701411256936e-01
1.006256256256256165e+01 9.175252064786543205e-01
1.007282282282282182e+01 9.175681037197066514e-01
1.008308308308308199e+01 9.176103616020730991e-01
1.009334334334334216e+01 9.176519798673814510e-01
1.010360360360360232e+01 9.176929582611069725e-01
1.011386386386386249e+01 9.177332965325742942e-01
1.012412412412412444e+01 9.177729944349658497e-01
1.013438438438438460e+01 9.178120517253209876e-01
1.014464464464464477e+01 9.178504681645455188e-01
1.015490490490490494e+01 9.178882435174112731e-01
1.016516516516516511e+01 9.179253775525632042e-01
1.017542542542542527e+01 9.179618700425221656e-01
1.018568568568568544e+01 9.179977207636883518e-01
1.019594594594594561e+01 9.180329294963501807e-01
1.020620620620620578e+01 9.180674960246802963e-01
1.021646646646646595e+01 9.181014201367451166e-01
1.022672672672672611e+01 9.181347016245068327e-01
1.023698698698698628e+01 9.181673402838251841e-01
1.024724724724724645e+01 9.181993359144678957e-01
1.025750750750750662e+01 9.182306883201043490e-01
1.026776776776776678e+01 9.182613973083164627e-01
1.027802802802802695e+01 9.182914626905994693e-01
1.028828828828828712e+01 9.183208842823644691e-01
1.029854854854854729e+01 9.183496619029450914e-01
1.030880880880880746e+01 9.183777953755973833e-01
1.031906906906906940e+01 9.184052845275030297e-01
1.032932932932932957e+01 9.184321291897731276e-01
1.033958958958958974e+01 9.184583291974538488e-01
1.034984984984984990e+01 9.184838843895247740e-01
1.036011011011011007e+01 9.185087946089045552e-01
1.037037037037037024e+01 9.185330597024541355e-01
1.038063063063063041e+01 9.185566795209764157e-01
1.039089089089089057e+01 9.185796539192224719e-01
1.040115115115115074e+01 9.186019827558900008e-01
1.041141141141141091e+01 9.186236658936343114e-01
1.042167167167167108e+01 9.186447031990574441e-01
1.043193193193193125e+01 9.186650945427244919e-01
1.044219219219219141e+01 9.186848397991556059e-01
1.045245245245245158e+01 9.187039388468299927e-01
1.046271271271271175e+01 9.187223915681993480e-01
1.047297297297297192e+01 9.187401978496676502e-01
1.048323323323323208e+01 9.187573575816153637e-01
1.049349349349349225e+01 9.187738706583901127e-01
1.050375375375375242e+01 9.187897369783107893e-01
1.051401401401401436e+01 9.188049564436681083e-01
1.052427427427427453e+01 9.188195289607292704e-01
1.053453453453453470e+01 9.188334544397349646e-01
1.054479479479479487e+01 9.188467327949085828e-01
1.055505505505505504e+01 9.188593639444488925e-01
1.056531531531531520e+01 9.188713478105345889e-01
1.057557557557557537e+01 9.188826843193338423e-01
1.058583583583583554e+01 9.188933734009911980e-01
1.059609609609609571e+01 9.189034149896387893e-01
1.060635635635635587e+01 9.189128090233951163e-01
1.061661661661661604e+01 9.189215554443650458e-01
1.062687687687687621e+01 9.189296541986445854e-01
1.063713713713713638e+01 9.189371052363140002e-01
1.064739739739739655e+01 9.189439085114480266e-01
1.065765765765765671e+01 9.189500639821096550e-01
1.066791791791791688e+01 9.189555716103534611e-01
1.067817817817817705e+01 9.189604313622290466e-01
1.068843843843843722e+01 9.189646432077777094e-01
1.069869869869869738e+01 9.189682071210325542e-01
1.070895895895895755e+01 9.189711230800222674e-01
1.071921921921921950e+01 9.189733910667685635e-01
1.072947947947947966e+01 9.189750110672899597e-01
1.073973973973973983e+01 9.189759830715972244e-01
1.075000000000000000e+01 9.189763070736993722e-01
