2.500000000000000000e+01 7.111240832720084892e-01
5.000000000000000000e+01 5.249668990571544569e+00
7.500000000000000000e+01 1.415357785102949073e+01
1.000000000000000000e+02 2.955742846913036459e+01
1.250000000000000000e+02 4.202312668614548841e+01
1.500000000000000000e+02 5.631165503445752307e+01
1.750000000000000000e+02 6.481990587876813947e+01
2.000000000000000000e+02 7.475121625368569767e+01
2.250000000000000000e+02 7.829114038401893083e+01
2.500000000000000000e+02 8.382258224880439457e+01
2.750000000000000000e+02 8.371708605744579756e+01
3.000000000000000000e+02 8.334618477301989969e+01
3.250000000000000000e+02 8.010741356262414570e+01
3.500000000000000000e+02 7.684350399767518525e+01
3.750000000000000000e+02 7.663869290428385739e+01
4.000000000000000000e+02 6.772670623471795182e+01
4.250000000000000000e+02 6.642942654043903872e+01
4.500000000000000000e+02 6.135819627296979206e+01
4.750000000000000000e+02 5.496679299654905293e+01
5.000000000000000000e+02 5.307351425339491868e+01
5.250000000000000000e+02 4.807763765873239237e+01
5.500000000000000000e+02 4.276139338045592098e+01
5.750000000000000000e+02 3.963032212490048067e+01
6.000000000000000000e+02 3.614629324941855515e+01
6.500000000000000000e+02 2.566409384104223435e+01
7.250000000000000000e+02 2.563077406236351408e+01
8.000000000000000000e+02 1.952484903212377532e+01
8.750000000000000000e+02 1.544702571190338425e+01
9.500000000000000000e+02 1.273584559162634910e+01
1.025000000000000000e+03 1.136082385534776584e+01
1.100000000000000000e+03 9.444603208278318007e+00
1.175000000000000000e+03 6.178948308678274159e+00
1.250000000000000000e+03 5.646517301950295220e+00
