1.000000000000000021e-02 7.508285168861291304e-45
5.003003003003003712e-02 2.373160969888558030e-23
9.006006006006006537e-02 2.666468846469085684e-17
1.300900900900901214e-01 5.268442342327214895e-14
1.701201201201201496e-01 7.732724644098516726e-12
2.101501501501501779e-01 2.843316887941958879e-10
2.501801801801802339e-01 4.486124352866701486e-09
2.902102102102102621e-01 4.027123254683316642e-08
3.302402402402402903e-01 2.425508611438226057e-07
3.702702702702703186e-01 1.087582381734341258e-06
4.103003003003003468e-01 3.891583767748286928e-06
4.503303303303303751e-01 1.166353828191786064e-05
4.903603603603604588e-01 3.032297811920303885e-05
5.303903903903904871e-01 7.018612332641267586e-05
5.704204204204205153e-01 1.475278839335358763e-04
6.104504504504505435e-01 2.859749119791230617e-04
6.504804804804805718e-01 5.174885028340608234e-04
6.905105105105106000e-01 8.827490004206333101e-04
7.305405405405406283e-01 1.430837132641066874e-03
7.705705705705706565e-01 2.218201006414096624e-03
8.106006006006006848e-01 3.306982171599233498e-03
8.506306306306307130e-01 4.762838361555657950e-03
8.906606606606607413e-01 6.652439066311515749e-03
9.306906906906907695e-01 9.040823294830448165e-03
9.707207207207209088e-01 1.198880065947808930e-02
1.010750750750750937e+00 1.555055299794670318e-02
1.050780780780780965e+00 1.977156023306120627e-02
1.090810810810810993e+00 2.468693656895894553e-02
1.130840840840841022e+00 3.032022584359157780e-02
1.170870870870871050e+00 3.668267104358931968e-02
1.210900900900901078e+00 4.377294456804706191e-02
1.250930930930931106e+00 5.157730370632085393e-02
1.290960960960961135e+00 6.007012008604965814e-02
1.330990990990991163e+00 6.921472211586243706e-02
1.371021021021021191e+00 7.896448491868707231e-02
1.411051051051051219e+00 8.926410198498668791e-02
1.451081081081081248e+00 1.000509757896324153e-01
1.491111111111111276e+00 1.112566699784140745e-01
1.531141141141141304e+00 1.228083726092012717e-01
1.571171171171171332e+00 1.346303276268568383e-01
1.611201201201201361e+00 1.466451996966344484e-01
1.651231231231231389e+00 1.587753452880311944e-01
1.691261261261261417e+00 1.709439701810387124e-01
1.731291291291291445e+00 1.830761601549493467e-01
1.771321321321321474e+00 1.950997773978558891e-01
1.811351351351351502e+00 2.069462200924208350e-01
1.851381381381381530e+00 2.185510466916514571e-01
1.891411411411411558e+00 2.298544696357843475e-01
1.931441441441441809e+00 2.408017257414305223e-01
1.971471471471471837e+00 2.513433322955807014e-01
2.011501501501501643e+00 2.614352390960785755e-01
2.051531531531531449e+00 2.710388873846260038e-01
2.091561561561561700e+00 2.801211869036328017e-01
2.131591591591591506e+00 2.886544222542505866e-01
2.171621621621621756e+00 2.966160994125663919e-01
2.211651651651651562e+00 3.039887427388471841e-01
2.251681681681681813e+00 3.107596521471707174e-01
2.291711711711711619e+00 3.169206293375733674e-01
2.331741741741741869e+00 3.224676811699203061e-01
2.371771771771771675e+00 3.274007074106209947e-01
2.411801801801801926e+00 3.317231792360538223e-01
2.451831831831831732e+00 3.354418140502739565e-01
2.491861861861861982e+00 3.385662513843870625e-01
2.531891891891891788e+00 3.411087339016963815e-01
2.571921921921922038e+00 3.430837968436412644e-01
2.611951951951952289e+00 3.445079686209459036e-01
2.651981981981982095e+00 3.453994846842429189e-01
2.692012012012012345e+00 3.457780162988040029e-01
2.732042042042042151e+00 3.456644153975517164e-01
2.772072072072072402e+00 3.450804762928231240e-01
2.812102102102102208e+00 3.440487146872167057e-01
2.852132132132132458e+00 3.425921641336069912e-01
2.892162162162162264e+00 3.407341898500477195e-01
2.932192192192192515e+00 3.384983195926891120e-01
2.972222222222222321e+00 3.359080911248573109e-01
3.012252252252252571e+00 3.329869156890316040e-01
3.052282282282282377e+00 3.297579567867161554e-01
3.092312312312312628e+00 3.262440234954481211e-01
3.132342342342342434e+00 3.224674774989640946e-01
3.172372372372372684e+00 3.184501529727034597e-01
3.212402402402402490e+00 3.142132884494274192e-01
3.252432432432432741e+00 3.097774697861713777e-01
3.292462462462462547e+00 3.051625833616479211e-01
3.332492492492492797e+00 3.003877786504779435e-01
3.372522522522522603e+00 2.954714393453942711e-01
3.412552552552552854e+00 2.904311622292019002e-01
3.452582582582582660e+00 2.852837430333751700e-01
3.492612612612612910e+00 2.800451685585002015e-01
3.532642642642642716e+00 2.747306143722951233e-01
3.572672672672672967e+00 2.693544474427574942e-01
3.612702702702702773e+00 2.639302331063734797e-01
3.652732732732733023e+00 2.584707458136413227e-01
3.692762762762762829e+00 2.529879831359282960e-01
3.732792792792793080e+00 2.474931825584688883e-01
3.772822822822822886e+00 2.419968406238191261e-01
3.812852852852853136e+00 2.365087340280488393e-01
3.852882882882883386e+00 2.310379423082071504e-01
3.892912912912913193e+00 2.255928717939991446e-01
3.932942942942943443e+00 2.201812805290892794e-01
3.972972972972973249e+00 2.148103038979500001e-01
4.013003003003003499e+00 2.094864807226890779e-01
4.053033033033033306e+00 2.042157796208399212e-01
4.093063063063063112e+00 1.990036254397039850e-01
4.133093093093093806e+00 1.938549256055654424e-01
4.173123123123123612e+00 1.887740962470000894e-01
4.213153153153153418e+00 1.837650879706640428e-01
4.253183183183183225e+00 1.788314111854461264e-01
4.293213213213213919e+00 1.739761608867911591e-01
4.333243243243243725e+00 1.692020408274340637e-01
4.373273273273273531e+00 1.645113870138256995e-01
4.413303303303303338e+00 1.599061904792653810e-01
4.453333333333334032e+00 1.553881192952711043e-01
4.493363363363363838e+00 1.509585397921066885e-01
4.533393393393393644e+00 1.466185369677318884e-01
4.573423423423423451e+00 1.423689340718221896e-01
4.613453453453454145e+00 1.382103113580038789e-01
4.653483483483483951e+00 1.341430240031389609e-01
4.693513513513513757e+00 1.301672191974414805e-01
4.733543543543543564e+00 1.262828524134869124e-01
4.773573573573574258e+00 1.224897028658343823e-01
4.813603603603604064e+00 1.187873881761000450e-01
4.853633633633633870e+00 1.151753782609256233e-01
4.893663663663663677e+00 1.116530084624587776e-01
4.933693693693694371e+00 1.082194919427155316e-01
4.973723723723724177e+00 1.048739313646068483e-01
5.013753753753753983e+00 1.016153298834872737e-01
5.053783783783783790e+00 9.844260147389329030e-02
5.093813813813814484e+00 9.535458061668189433e-02
5.133843843843844290e+00 9.235003137211690583e-02
5.173873873873874096e+00 8.942765586458670257e-02
5.213903903903904791e+00 8.658610220461283868e-02
5.253933933933934597e+00 8.382397187363302415e-02
5.293963963963964403e+00 8.113982659675117448e-02
5.333993993993994209e+00 7.853219472824317371e-02
5.374024024024024904e+00 7.599957717412078595e-02
5.414054054054054710e+00 7.354045287549142162e-02
5.454084084084084516e+00 7.115328387582947611e-02
5.494114114114114322e+00 6.883651999460323190e-02
5.534144144144145017e+00 6.658860312899272937e-02
5.574174174174174823e+00 6.440797120469383963e-02
5.614204204204204629e+00 6.229306179604741922e-02
5.654234234234234435e+00 6.024231543495924684e-02
5.694264264264265130e+00 5.825417862729773827e-02
5.734294294294294936e+00 5.632710659467708020e-02
5.774324324324324742e+00 5.445956575875385286e-02
5.814354354354354548e+00 5.265003598439847027e-02
5.854384384384385243e+00 5.089701259734030064e-02
5.894414414414415049e+00 4.919900819114223639e-02
5.934444444444444855e+00 4.755455423762804806e-02
5.974474474474474661e+00 4.596220251417734715e-02
6.014504504504505356e+00 4.442052636060746240e-02
6.054534534534535162e+00 4.292812177769328441e-02
6.094564564564564968e+00 4.148360837872407114e-02
6.134594594594594774e+00 4.008563020487201228e-02
6.174624624624625469e+00 3.873285641454098094e-02
6.214654654654655275e+00 3.742398185628617591e-02
6.254684684684685081e+00 3.615772753433547926e-02
6.294714714714714887e+00 3.493284097521246606e-02
6.334744744744745581e+00 3.374809650344930828e-02
6.374774774774775388e+00 3.260229543389001755e-02
6.414804804804805194e+00 3.149426618762125180e-02
6.454834834834835888e+00 3.042286433812350574e-02
6.494864864864865694e+00 2.938697259381602492e-02
6.534894894894895501e+00 2.838550072276738861e-02
6.574924924924925307e+00 2.741738542496508987e-02
6.614954954954956001e+00 2.648159015717735376e-02
6.654984984984985807e+00 2.557710491509973885e-02
6.695015015015015614e+00 2.470294597715649160e-02
6.735045045045045420e+00 2.385815561402312643e-02
6.775075075075076114e+00 2.304180176764802565e-02
6.815105105105105920e+00 2.225297770328082611e-02
6.855135135135135727e+00 2.149080163775917568e-02
6.895165165165165533e+00 2.075441634706531521e-02
6.935195195195196227e+00 2.004298875593798004e-02
6.975225225225226033e+00 1.935570951211190369e-02
7.015255255255255840e+00 1.869179254755822667e-02
7.055285285285285646e+00 1.805047462891175986e-02
7.095315315315316340e+00 1.743101489909515411e-02
7.135345345345346146e+00 1.683269441198630839e-02
7.175375375375375953e+00 1.625481566182068044e-02
7.215405405405405759e+00 1.569670210887742431e-02
7.255435435435436453e+00 1.515769770286271717e-02
7.295465465465466259e+00 1.463716640527914885e-02
7.335495495495496066e+00 1.413449171195249772e-02
7.375525525525525872e+00 1.364907617677874052e-02
7.415555555555556566e+00 1.318034093765189409e-02
7.455585585585586372e+00 1.272772524544005593e-02
7.495615615615616179e+00 1.229068599678780592e-02
7.535645645645645985e+00 1.186869727144313977e-02
7.575675675675676679e+00 1.146124987473080489e-02
7.615705705705706485e+00 1.106785088572398261e-02
7.655735735735736291e+00 1.068802321160138361e-02
7.695765765765766986e+00 1.032130514861763493e-02
7.735795795795796792e+00 9.967249950058786057e-03
7.775825825825826598e+00 9.625425401503571662e-03
7.815855855855856404e+00 9.295413403665403820e-03
7.855885885885887099e+00 8.976809563044882076e-03
7.895915915915916905e+00 8.669222790584780666e-03
7.935945945945946711e+00 8.372274908481400213e-03
7.975975975975976517e+00 8.085600265274189846e-03
8.016006006006007212e+00 7.808845359303863594e-03
8.056036036036037018e+00 7.541668470602054357e-03
8.096066066066066824e+00 7.283739301250035346e-03
8.136096096096096630e+00 7.034738624220745855e-03
8.176126126126126437e+00 6.794357940697699424e-03
8.216156156156156243e+00 6.562299145845158603e-03
8.256186186186187825e+00 6.338274202987285479e-03
8.296216216216217632e+00 6.122004826137999491e-03
8.336246246246247438e+00 5.913222170810110076e-03
8.376276276276277244e+00 5.711666533019701952e-03
8.416306306306307050e+00 5.517087056390717996e-03
8.456336336336336856e+00 5.329241447255397834e-03
8.496366366366366663e+00 5.147895697637288638e-03
8.536396396396396469e+00 4.972823815996444373e-03
8.576426426426428051e+00 4.803807565609882931e-03
8.616456456456457857e+00 4.640636210454719690e-03
8.656486486486487664e+00 4.483106268457014154e-03
8.696516516516517470e+00 4.331021271965162199e-03
8.736546546546547276e+00 4.184191535303537907e-03
8.776576576576577082e+00 4.042433929259701096e-03
8.816606606606606888e+00 3.905571662356148704e-03
8.856636636636636695e+00 3.773434068756578545e-03
8.896666666666668277e+00 3.645856402655352907e-03
8.936696696696698083e+00 3.522679638998466034e-03
8.976726726726727890e+00 3.403750280384325658e-03
9.016756756756757696e+00 3.288920169992699035e-03
9.056786786786787502e+00 3.178046310391046108e-03
9.096816816816817308e+00 3.070990688068110305e-03
9.136846846846847114e+00 2.967620103545914705e-03
9.176876876876878697e+00 2.867806006922778411e-03
9.216906906906908503e+00 2.771424338701393951e-03
9.256936936936938309e+00 2.678355375757967595e-03
9.296966966966968116e+00 2.588483582310338333e-03
9.336996996996997922e+00 2.501697465745052109e-03
9.377027027027027728e+00 2.417889437165669873e-03
9.417057057057057534e+00 2.336955676526816274e-03
9.457087087087087340e+00 2.258796002221120838e-03
9.497117117117118923e+00 2.183313744988437787e-03
9.537147147147148729e+00 2.110415626019517942e-03
9.577177177177178535e+00 2.040011639128860941e-03
9.617207207207208342e+00 1.972014936874083319e-03
9.657237237237238148e+00 1.906341720501925248e-03
9.697267267267267954e+00 1.842911133603704517e-03
9.737297297297297760e+00 1.781645159365675274e-03
9.777327327327327566e+00 1.722468521302672690e-03
9.817357357357359149e+00 1.665308587365873279e-03
9.857387387387388955e+00 1.610095277318572809e-03
9.897417417417418761e+00 1.556760973276173111e-03
9.937447447447448567e+00 1.505240433309743041e-03
9.977477477477478374e+00 1.455470708014676776e-03
1.001750750750750818e+01 1.407391059949059196e-03
1.005753753753753799e+01 1.360942885848602773e-03
1.009756756756756779e+01 1.316069641527850597e-03
1.013759759759759937e+01 1.272716769379687906e-03
1.017762762762762918e+01 1.230831628387811993e-03
1.021765765765765899e+01 1.190363426569217287e-03
1.025768768768768879e+01 1.151263155766153257e-03
1.029771771771771860e+01 1.113483528709398492e-03
1.033774774774774841e+01 1.076978918277024652e-03
1.037777777777777821e+01 1.041705298875037758e-03
1.041780780780780979e+01 1.007620189868542633e-03
1.045783783783783960e+01 9.746826009943067737e-04
1.049786786786786941e+01 9.428529796875442966e-04
1.053789789789789921e+01 9.120931602580897813e-04
1.057792792792792902e+01 8.823663148528722777e-04
1.061795795795795883e+01 8.536369061437707600e-04
1.065798798798798863e+01 8.258706416817880331e-04
1.069801801801801844e+01 7.990344298603751670e-04
1.073804804804805002e+01 7.730963374324889862e-04
1.077807807807807983e+01 7.480255485279438052e-04
1.081810810810810963e+01 7.237923251190637357e-04
1.085813813813813944e+01 7.003679688846288021e-04
1.089816816816816925e+01 6.777247844235063934e-04
1.093819819819819905e+01 6.558360437710796702e-04
1.097822822822822886e+01 6.346759521731185809e-04
1.101825825825825866e+01 6.142196150732096450e-04
1.105828828828829025e+01 5.944430062713082887e-04
1.109831831831832005e+01 5.753229372124807643e-04
1.113834834834834986e+01 5.568370273661597076e-04
1.117837837837837967e+01 5.389636756576645250e-04
1.121840840840840947e+01 5.216820329149638152e-04
1.125843843843843928e+01 5.049719752949739056e-04
1.129846846846846908e+01 4.888140786548328225e-04
1.133849849849849889e+01 4.731895938348302123e-04
1.137852852852853047e+01 4.580804228207627552e-04
1.141855855855856028e+01 4.434690957546293696e-04
1.145858858858859008e+01 4.293387487636104961e-04
1.149861861861861989e+01 4.156731025783484061e-04
1.153864864864864970e+01 4.024564419125320502e-04
1.157867867867867950e+01 3.896735955767344087e-04
1.161870870870870931e+01 3.773099173004444674e-04
1.165873873873874089e+01 3.653512672370770641e-04
1.169876876876877070e+01 3.537839941276934522e-04
1.173879879879880050e+01 3.425949180999283234e-04
1.177882882882883031e+01 3.317713140795341552e-04
1.181885885885886012e+01 3.213008957926757176e-04
1.185888888888888992e+01 3.111718003378912897e-04
1.189891891891891973e+01 3.013725733074136418e-04
1.193894894894894954e+01 2.918921544382049307e-04
1.197897897897898112e+01 2.827198637737942050e-04
1.201900900900901092e+01 2.738453883186624271e-04
1.205903903903904073e+01 2.652587691675433379e-04
1.209906906906907054e+01 2.569503890926838380e-04
1.213909909909910034e+01 2.489109605726401203e-04
1.217912912912913015e+01 2.411315142468479372e-04
1.221915915915915996e+01 2.336033877806851459e-04
1.225918918918918976e+01 2.263182151263508802e-04
1.229921921921922134e+01 2.192679161653881962e-04
1.233924924924925115e+01 2.124446867191535481e-04
1.237927927927928096e+01 2.058409889140810434e-04
1.241930930930931076e+01 1.994495418890092852e-04
1.245933933933934057e+01 1.932633128323226509e-04
1.249936936936937038e+01 1.872755083370806117e-04
1.253939939939940018e+01 1.814795660627486920e-04
1.257942942942942999e+01 1.758691466925343060e-04
1.261945945945946157e+01 1.704381261757391245e-04
1.265948948948949138e+01 1.651805882449102619e-04
1.269951951951952118e+01 1.600908171979459164e-04
1.273954954954955099e+01 1.551632909356619736e-04
1.277957957957958079e+01 1.503926742456615062e-04
1.281960960960961060e+01 1.457738123236917668e-04
1.285963963963964041e+01 1.413017245239752741e-04
1.289966966966967199e+01 1.369715983303160115e-04
1.293969969969970180e+01 1.327787835400784497e-04
1.297972972972973160e+01 1.287187866534133585e-04
1.301975975975976141e+01 1.247872654603881647e-04
1.305978978978979121e+01 1.209800238189372168e-04
1.309981981981982102e+01 1.172930066168065527e-04
1.313984984984985083e+01 1.137222949109119953e-04
1.317987987987988063e+01 1.102641012377635472e-04
1.321990990990991222e+01 1.069147650888469181e-04
1.325993993993994202e+01 1.036707485450631347e-04
1.329996996996997183e+01 1.005286320645412874e-04
1.334000000000000163e+01 9.748511041835760944e-05
1.338003003003003144e+01 9.453698876886703945e-05
1.342006006006006125e+01 9.168117888556742928e-05
1.346009009009009105e+01 8.891469549358735954e-05
1.350012012012012086e+01 8.623465275006645682e-05
1.354015015015015244e+01 8.363826084387433334e-05
1.358018018018018225e+01 8.112282271426504113e-05
1.362021021021021205e+01 7.868573088424134947e-05
1.366024024024024186e+01 7.632446440453897725e-05
1.370027027027027167e+01 7.403658590429396103e-05
1.374030030030030147e+01 7.181973874460417025e-05
1.378033033033033128e+01 6.967164427132105755e-05
1.382036036036036108e+01 6.759009916355081943e-05
1.386039039039039267e+01 6.557297287446100631e-05
1.390042042042042247e+01 6.361820516112170652e-05
1.394045045045045228e+01 6.172380370021737198e-05
1.398048048048048209e+01 5.988784178658738689e-05
1.402051051051051189e+01 5.810845611165827584e-05
1.406054054054054170e+01 5.638384461894062956e-05
1.410057057057057150e+01 5.471226443385782720e-05
1.414060060060060309e+01 5.309202986528033941e-05
1.418063063063063289e+01 5.152151047623042252e-05
1.422066066066066270e+01 4.999912922130828231e-05
1.426069069069069251e+01 4.852336064848885222e-05
1.430072072072072231e+01 4.709272916301385892e-05
1.434075075075075212e+01 4.570580735118718967e-05
1.438078078078078192e+01 4.436121436196673273e-05
1.442081081081081173e+01 4.305761434431107072e-05
1.446084084084084331e+01 4.179371493832070779e-05
1.450087087087087312e+01 4.056826581828151172e-05
1.454090090090090293e+01 3.938005728578208761e-05
1.458093093093093273e+01 3.822791891114865517e-05
1.462096096096096254e+01 3.711071822149930496e-05
1.466099099099099234e+01 3.602735943378119956e-05
1.470102102102102215e+01 3.497678223121283299e-05
1.474105105105105196e+01 3.395796058161219816e-05
1.478108108108108354e+01 3.296990159613997254e-05
1.482111111111111335e+01 3.201164442704802906e-05
1.486114114114114315e+01 3.108225920306515128e-05
1.490117117117117296e+01 3.018084600110535761e-05
1.494120120120120276e+01 2.930653385303308298e-05
1.498123123123123257e+01 2.845847978625689798e-05
1.502126126126126238e+01 2.763586789697642610e-05
1.506129129129129218e+01 2.683790845494161064e-05
1.510132132132132377e+01 2.606383703862831815e-05
1.514135135135135357e+01 2.531291369977160569e-05
1.518138138138138338e+01 2.458442215623497451e-05
1.522141141141141318e+01 2.387766901223263498e-05
1.526144144144144299e+01 2.319198300495386986e-05
1.530147147147147280e+01 2.252671427667271139e-05
1.534150150150150260e+01 2.188123367146258046e-05
1.538153153153153418e+01 2.125493205565906311e-05
1.542156156156156399e+01 2.064721966125300401e-05
1.546159159159159380e+01 2.005752545141794969e-05
1.550162162162162360e+01 1.948529650740838567e-05
1.554165165165165341e+01 1.892999743609009004e-05
1.558168168168168322e+01 1.839110979739107919e-05
1.562171171171171302e+01 1.786813155098636432e-05
1.566174174174174283e+01 1.736057652155295340e-05
1.570177177177177441e+01 1.686797388195739088e-05
1.574180180180180422e+01 1.638986765375748448e-05
1.578183183183183402e+01 1.592581622442432670e-05
1.582186186186186383e+01 1.547539188070967583e-05
1.586189189189189364e+01 1.503818035760473501e-05
1.590192192192192344e+01 1.461378040235682238e-05
1.594195195195195325e+01 1.420180335302638159e-05
1.598198198198198305e+01 1.380187273108802051e-05
1.602201201201201641e+01 1.341362384759456672e-05
1.606204204204204444e+01 1.303670342244143289e-05
1.610207207207207603e+01 1.267076921628262357e-05
1.614210210210210406e+01 1.231548967466845690e-05
1.618213213213213564e+01 1.197054358398677836e-05
1.622216216216216722e+01 1.163561973880745221e-05
1.626219219219219525e+01 1.131041662024022775e-05
1.630222222222222683e+01 1.099464208493277590e-05
1.634225225225225486e+01 1.068801306434742491e-05
1.638228228228228645e+01 1.039025527396670783e-05
1.642231231231231448e+01 1.010110293209215442e-05
1.646234234234234606e+01 9.820298487910797522e-06
1.650237237237237764e+01 9.547592358515347857e-06
1.654240240240240567e+01 9.282742674575954959e-06
1.658243243243243725e+01 9.025515034370150362e-06
1.662246246246246528e+01 8.775682265889749706e-06
1.666249249249249686e+01 8.533024196751350809e-06
1.670252252252252489e+01 8.297327431648237104e-06
1.674255255255255648e+01 8.068385137088868463e-06
1.678258258258258806e+01 7.845996833177412512e-06
1.682261261261261609e+01 7.629968192199181097e-06
1.686264264264264767e+01 7.420110843782546591e-06
1.690267267267267570e+01 7.216242186416760511e-06
1.694270270270270728e+01 7.018185205112138272e-06
1.698273273273273531e+01 6.825768294997593385e-06
1.702276276276276690e+01 6.638825090655672144e-06
1.706279279279279493e+01 6.457194301004455563e-06
1.710282282282282651e+01 6.280719549540010966e-06
1.714285285285285809e+01 6.109249219761044513e-06
1.718288288288288612e+01 5.942636305602669399e-06
1.722291291291291770e+01 5.780738266712358186e-06
1.726294294294294573e+01 5.623416888407078614e-06
1.730297297297297732e+01 5.470538146155505575e-06
1.734300300300300535e+01 5.321972074435675799e-06
1.738303303303303693e+01 5.177592639821645114e-06
1.742306306306306851e+01 5.037277618160283145e-06
1.746309309309309654e+01 4.900908475701268202e-06
1.750312312312312812e+01 4.768370254050372881e-06
1.754315315315315615e+01 4.639551458819289553e-06
1.758318318318318774e+01 4.514343951849367372e-06
1.762321321321321577e+01 4.392642846891928108e-06
1.766324324324324735e+01 4.274346408630755461e-06
1.770327327327327538e+01 4.159355954936423336e-06
1.774330330330330696e+01 4.047575762246589042e-06
1.778333333333333854e+01 3.938912973968769412e-06
1.782336336336336657e+01 3.833277511806716351e-06
1.786339339339339816e+01 3.730581989914020237e-06
1.790342342342342619e+01 3.630741631782650984e-06
1.794345345345345777e+01 3.533674189776063880e-06
1.798348348348348580e+01 3.439299867221107668e-06
1.802351351351351738e+01 3.347541242974223020e-06
1.806354354354354896e+01 3.258323198381590755e-06
1.810357357357357699e+01 3.171572846554814009e-06
1.814360360360360858e+01 3.087219463886527384e-06
1.818363363363363661e+01 3.005194423733134368e-06
1.822366366366366819e+01 2.925431132193683230e-06
1.826369369369369622e+01 2.847864965917341919e-06
1.830372372372372780e+01 2.772433211872644900e-06
1.834375375375375938e+01 2.699075009015567195e-06
1.838378378378378741e+01 2.627731291794480016e-06
1.842381381381381900e+01 2.558344735432191251e-06
1.846384384384384703e+01 2.490859702928166298e-06
1.850387387387387861e+01 2.425222193724498218e-06
1.854390390390390664e+01 2.361379793982485615e-06
1.858393393393393822e+01 2.299281628417311119e-06
1.862396396396396625e+01 2.238878313640939100e-06
1.866399399399399783e+01 2.180121912964205943e-06
1.870402402402402942e+01 2.122965892611529186e-06
1.874405405405405745e+01 2.067365079302382668e-06
1.878408408408408903e+01 2.013275619155824445e-06
1.882411411411411706e+01 1.960654937875625854e-06
1.886414414414414864e+01 1.909461702174661456e-06
1.890417417417417667e+01 1.859655782399069054e-06
1.894420420420420825e+01 1.811198216313624331e-06
1.898423423423423984e+01 1.764051174011233027e-06
1.902426426426426787e+01 1.718177923910524611e-06
1.906429429429429945e+01 1.673542799806896375e-06
1.910432432432432748e+01 1.630111168943290121e-06
1.914435435435435906e+01 1.587849401068268968e-06
1.918438438438438709e+01 1.546724838449897364e-06
1.922441441441441867e+01 1.506705766815026183e-06
1.926444444444445026e+01 1.467761387184600836e-06
1.930447447447447828e+01 1.429861788576413697e-06
1.934450450450450987e+01 1.392977921547948472e-06
1.938453453453453790e+01 1.357081572552543690e-06
1.942456456456456948e+01 1.322145339083132522e-06
1.946459459459459751e+01 1.288142605578762650e-06
1.950462462462462909e+01 1.255047520069576619e-06
1.954465465465465712e+01 1.222834971537121040e-06
1.958468468468468870e+01 1.191480567967276968e-06
1.962471471471472029e+01 1.160960615074074879e-06
1.966474474474474832e+01 1.131252095673178427e-06
1.970477477477477990e+01 1.102332649684668986e-06
1.974480480480480793e+01 1.074180554745285866e-06
1.978483483483483951e+01 1.046774707411032608e-06
1.982486486486486754e+01 1.020094604931615007e-06
1.986489489489489912e+01 9.941203275786898183e-07
1.990492492492493071e+01 9.688325215108083674e-07
1.994495495495495874e+01 9.442123821579541952e-07
1.998498498498499032e+01 9.202416381097145361e-07
2.002501501501501835e+01 8.969025354911739997e-07
2.006504504504504993e+01 8.741778228113932392e-07
2.010507507507507796e+01 8.520507362697175046e-07
2.014510510510510954e+01 8.305049855056674558e-07
2.018513513513513757e+01 8.095247397786016822e-07
2.022516516516516916e+01 7.890946145637726778e-07
2.026519519519520074e+01 7.691996585519187366e-07
2.030522522522522877e+01 7.498253410397528696e-07
2.034525525525526035e+01 7.309575396993495716e-07
2.038528528528528838e+01 7.125825287146170318e-07
2.042531531531531996e+01 6.946869672735284766e-07
2.046534534534534799e+01 6.772578884051273679e-07
2.050537537537537958e+01 6.602826881505991132e-07
2.054540540540541116e+01 6.437491150582147180e-07
2.058543543543543919e+01 6.276452599920173463e-07
2.062546546546547077e+01 6.119595462447326234e-07
2.066549549549549880e+01 5.966807199454399456e-07
2.070552552552553038e+01 5.817978407529790257e-07
2.074555555555555841e+01 5.673002728263609874e-07
2.078558558558559000e+01 5.531776760635871550e-07
2.082561561561562158e+01 5.394199976007493145e-07
2.086564564564564961e+01 5.260174635633755395e-07
2.090567567567568119e+01 5.129605710623326406e-07
2.094570570570570922e+01 5.002400804268053011e-07
2.098573573573574080e+01 4.878470076670950513e-07
2.102576576576576883e+01 4.757726171602631286e-07
2.106579579579580042e+01 4.640084145517883915e-07
2.110582582582582845e+01 4.525461398666843061e-07
2.114585585585586003e+01 4.413777608236903336e-07
2.118588588588589161e+01 4.304954663463858263e-07
2.122591591591591964e+01 4.198916602651998446e-07
2.126594594594595122e+01 4.095589552045965108e-07
2.130597597597597925e+01 3.994901666497481270e-07
2.134600600600601084e+01 3.896783071873160215e-07
2.138603603603603887e+01 3.801165809150534253e-07
2.142606606606607045e+01 3.707983780150968841e-07
2.146609609609610203e+01 3.617172694860722709e-07
2.150612612612613006e+01 3.528670020291526372e-07
2.154615615615616164e+01 3.442414930834714245e-07
2.158618618618618967e+01 3.358348260063752398e-07
2.162621621621622126e+01 3.276412453941609628e-07
2.166624624624624929e+01 3.196551525390914009e-07
2.170627627627628087e+01 3.118711010185525855e-07
2.174630630630630890e+01 3.042837924124530719e-07
2.178633633633634048e+01 2.968880721449609021e-07
2.182636636636637206e+01 2.896789254468799736e-07
2.186639639639640009e+01 2.826514734350781585e-07
2.190642642642643168e+01 2.758009693054141297e-07
2.194645645645645970e+01 2.691227946358328400e-07
2.198648648648649129e+01 2.626124557962949909e-07
2.202651651651651932e+01 2.562655804623903742e-07
2.206654654654655090e+01 2.500779142295204946e-07
2.210657657657658248e+01 2.440453173246824171e-07
2.214660660660661051e+01 2.381637614129224416e-07
2.218663663663664209e+01 2.324293264956892007e-07
2.222666666666667012e+01 2.268381978983133105e-07
2.226669669669670171e+01 2.213866633440056406e-07
2.230672672672672974e+01 2.160711101118032453e-07
2.234675675675676132e+01 2.108880222759608751e-07
2.238678678678679290e+01 2.058339780244170895e-07
2.242681681681682093e+01 2.009056470539526925e-07
2.246684684684685251e+01 1.960997880398216271e-07
2.250687687687688054e+01 1.914132461776331460e-07
2.254690690690691213e+01 1.868429507953624865e-07
2.258693693693694016e+01 1.823859130334366569e-07
2.262696696696697174e+01 1.780392235908697082e-07
2.266699699699699977e+01 1.738000505355399729e-07
2.270702702702703135e+01 1.696656371766973846e-07
2.274705705705706293e+01 1.656332999978955082e-07
2.278708708708709096e+01 1.617004266485707013e-07
2.282711711711712255e+01 1.578644739925437432e-07
2.286714714714715058e+01 1.541229662118070393e-07
2.290717717717718216e+01 1.504734929639433048e-07
2.294720720720721019e+01 1.469137075916432596e-07
2.298723723723724177e+01 1.434413253827915876e-07
2.302726726726727335e+01 1.400541218796364698e-07
2.306729729729730138e+01 1.367499312356366695e-07
2.310732732732733297e+01 1.335266446185788515e-07
2.314735735735736100e+01 1.303822086586366692e-07
2.318738738738739258e+01 1.273146239400517839e-07
2.322741741741742061e+01 1.243219435351894808e-07
2.326744744744745219e+01 1.214022715797221020e-07
2.330747747747748377e+01 1.185537618877672751e-07
2.334750750750751180e+01 1.157746166058112644e-07
2.338753753753754339e+01 1.130630849043036092e-07
2.342756756756757142e+01 1.104174617058399070e-07
2.346759759759760300e+01 1.078360864488637042e-07
2.350762762762763103e+01 1.053173418858775032e-07
2.354765765765766261e+01 1.028596529151638215e-07
2.358768768768769064e+01 1.004614854450487802e-07
2.362771771771772222e+01 9.812134528978003283e-08
2.366774774774775381e+01 9.583777709611024707e-08
2.370777777777778184e+01 9.360936329969420091e-08
2.374780780780781342e+01 9.143472311046141996e-08
2.378783783783784145e+01 8.931251152612705077e-08
2.382786786786787303e+01 8.724141837302697150e-08
2.386789789789790106e+01 8.522016737351854246e-08
2.390792792792793264e+01 8.324751523915873982e-08
2.394795795795796423e+01 8.132225078895521886e-08
2.398798798798799226e+01 7.944319409194763106e-08
2.402801801801802384e+01 7.760919563344676994e-08
2.406804804804805187e+01 7.581913550424907528e-08
2.410807807807808345e+01 7.407192261216808650e-08
2.414810810810811148e+01 7.236649391526601978e-08
2.418813813813814306e+01 7.070181367615059151e-08
2.422816816816817109e+01 6.907687273675037188e-08
2.426819819819820268e+01 6.749068781298883505e-08
2.430822822822823426e+01 6.594230080878661594e-08
2.434825825825826229e+01 6.443077814885429294e-08
2.438828828828829387e+01 6.295521012973797622e-08
2.442831831831832190e+01 6.151471028860529976e-08
2.446834834834835348e+01 6.010841478927238514e-08
2.450837837837838151e+01 5.873548182498413766e-08
2.454840840840841310e+01 5.739509103747397305e-08
2.458843843843844468e+01 5.608644295185321363e-08
2.462846846846847271e+01 5.480875842687554847e-08
2.466849849849850429e+01 5.356127812014897155e-08
2.470852852852853232e+01 5.234326196788019803e-08
2.474855855855856390e+01 5.115398867873592346e-08
2.478858858858859193e+01 4.999275524143070858e-08
2.482861861861862351e+01 4.885887644565773733e-08
2.486864864864865510e+01 4.775168441598607434e-08
2.490867867867868313e+01 4.667052815836642479e-08
2.494870870870871471e+01 4.561477311888962944e-08
2.498873873873874274e+01 4.458380075445923398e-08
2.502876876876877432e+01 4.357700811504352151e-08
2.506879879879880235e+01 4.259380743718878196e-08
2.510882882882883393e+01 4.163362574847522135e-08
2.514885885885886196e+01 4.069590448261649528e-08
2.518888888888889355e+01 3.978009910490433369e-08
2.522891891891892513e+01 3.888567874771221787e-08
2.526894894894895316e+01 3.801212585578039545e-08
2.530897897897898474e+01 3.715893584100895270e-08
2.534900900900901277e+01 3.632561674649873299e-08
2.538903903903904435e+01 3.551168891958281515e-08
2.542906906906907238e+01 3.471668469360045055e-08
2.546909909909910397e+01 3.394014807817246461e-08
2.550912912912913555e+01 3.318163445774428232e-08
2.554915915915916358e+01 3.244071029816828240e-08
2.558918918918919516e+01 3.171695286110335231e-08
2.562921921921922319e+01 3.100994992601966760e-08
2.566924924924925477e+01 3.031929951959585203e-08
2.570927927927928280e+01 2.964460965230866497e-08
2.574930930930931439e+01 2.898549806201673922e-08
2.578933933933934597e+01 2.834159196434777006e-08
2.582936936936937400e+01 2.771252780970004902e-08
2.586939939939940558e+01 2.709795104668085570e-08
2.590942942942943361e+01 2.649751589180515771e-08
2.594945945945946519e+01 2.591088510528090729e-08
2.598948948948949322e+01 2.533772977271901913e-08
2.602951951951952481e+01 2.477772909260211343e-08
2.606954954954955284e+01 2.423057016936050454e-08
2.610957957957958442e+01 2.369594781189686474e-08
2.614960960960961600e+01 2.317356433741704649e-08
2.618963963963964403e+01 2.266312938041799858e-08
2.622966966966967561e+01 2.216435970669720462e-08
2.626969969969970364e+01 2.167697903224432356e-08
2.630972972972973523e+01 2.120071784688416543e-08
2.634975975975976326e+01 2.073531324254159182e-08
2.638978978978979484e+01 2.028050874600515720e-08
2.642981981981982642e+01 1.983605415606536434e-08
2.646984984984985445e+01 1.940170538491098090e-08
2.650987987987988603e+01 1.897722430366821729e-08
2.654990990990991406e+01 1.856237859197177802e-08
2.658993993993994565e+01 1.815694159145737459e-08
2.662996996996997368e+01 1.776069216307242457e-08
2.667000000000000526e+01 1.737341454810036823e-08
2.671003003003003329e+01 1.699489823280050877e-08
2.675006006006006487e+01 1.662493781656452834e-08
2.679009009009009645e+01 1.626333288349730343e-08
2.683012012012012448e+01 1.590988787732890892e-08
2.687015015015015607e+01 1.556441197956909076e-08
2.691018018018018410e+01 1.522671899081724738e-08
2.695021021021021568e+01 1.489662721514432997e-08
2.699024024024024371e+01 1.457395934746338096e-08
2.703027027027027529e+01 1.425854236381036699e-08
2.707030030030030687e+01 1.395020741445663800e-08
2.711033033033033490e+01 1.364878971977802522e-08
2.715036036036036649e+01 1.335412846880720565e-08
2.719039039039039451e+01 1.306606672039822337e-08
2.723042042042042610e+01 1.278445130693302303e-08
2.727045045045045413e+01 1.250913274050339566e-08
2.731048048048048571e+01 1.223996512150236601e-08
2.735051051051051729e+01 1.197680604956056248e-08
2.739054054054054532e+01 1.171951653676663615e-08
2.743057057057057690e+01 1.146796092311017691e-08
2.747060060060060493e+01 1.122200679408941569e-08
2.751063063063063652e+01 1.098152490042532578e-08
2.755066066066066455e+01 1.074638907982789286e-08
2.759069069069069613e+01 1.051647618075921408e-08
2.763072072072072416e+01 1.029166598814177847e-08
2.767075075075075574e+01 1.007184115095995694e-08
2.771078078078078732e+01 9.856887111705703102e-09
2.775081081081081535e+01 9.646692037619113530e-09
2.779084084084084694e+01 9.441146753677249210e-09
2.783087087087087497e+01 9.240144677285757848e-09
2.787090090090090655e+01 9.043581754627347246e-09
2.791093093093093458e+01 8.851356398625394998e-09
2.795096096096096616e+01 8.663369428478809251e-09
2.799099099099099774e+01 8.479524010728526889e-09
2.803102102102102577e+01 8.299725601814096505e-09
2.807105105105105736e+01 8.123881892083268657e-09
2.811108108108108539e+01 7.951902751214711690e-09
2.815111111111111697e+01 7.783700175018676465e-09
2.819114114114114500e+01 7.619188233578936099e-09
2.823117117117117658e+01 7.458283020700756216e-09
2.827120120120120816e+01 7.300902604632250192e-09
2.831123123123123619e+01 7.146966980024438194e-09
2.835126126126126778e+01 6.996398021099053604e-09
2.839129129129129581e+01 6.849119435992196618e-09
2.843132132132132739e+01 6.705056722243484090e-09
2.847135135135135542e+01 6.564137123401275308e-09
2.851138138138138700e+01 6.426289586714643518e-09
2.855141141141141503e+01 6.291444721884431457e-09
2.859144144144144661e+01 6.159534760845686127e-09
2.863147147147147820e+01 6.030493518555476186e-09
2.867150150150150623e+01 5.904256354758991866e-09
2.871153153153153781e+01 5.780760136710198898e-09
2.875156156156156584e+01 5.659943202821180528e-09
2.879159159159159742e+01 5.541745327217276218e-09
2.883162162162162545e+01 5.426107685174036234e-09
2.887165165165165703e+01 5.312972819413497778e-09
2.891168168168168862e+01 5.202284607238168437e-09
2.895171171171171665e+01 5.093988228480793344e-09
2.899174174174174823e+01 4.988030134248913047e-09
2.903177177177177626e+01 4.884358016444438319e-09
2.907180180180180784e+01 4.782920778037725365e-09
2.911183183183183587e+01 4.683668504077582855e-09
2.915186186186186745e+01 4.586552433417651297e-09
2.919189189189189548e+01 4.491524931141597811e-09
2.923192192192192707e+01 4.398539461668905196e-09
2.927195195195195865e+01 4.307550562523753786e-09
2.931198198198198668e+01 4.218513818750842919e-09
2.935201201201201826e+01 4.131385837960816794e-09
2.939204204204204629e+01 4.046124225989933139e-09
2.943207207207207787e+01 3.962687563157997715e-09
2.947210210210210590e+01 3.881035381109733274e-09
2.951213213213213749e+01 3.801128140224382740e-09
2.955216216216216907e+01 3.722927207579632992e-09
2.959219219219219710e+01 3.646394835455250006e-09
2.963222222222222868e+01 3.571494140363464687e-09
2.967225225225225671e+01 3.498189082592091973e-09
2.971228228228228829e+01 3.426444446247978825e-09
2.975231231231231632e+01 3.356225819788023482e-09
2.979234234234234791e+01 3.287499577025157280e-09
2.983237237237237949e+01 3.220232858597794937e-09
2.987240240240240752e+01 3.154393553890861349e-09
2.991243243243243910e+01 3.089950283396862754e-09
2.995246246246246713e+01 3.026872381506499140e-09
2.999249249249249871e+01 2.965129879717284927e-09
3.003252252252252674e+01 2.904693490250251357e-09
3.007255255255255832e+01 2.845534590064420175e-09
3.011258258258258635e+01 2.787625205258898289e-09
3.015261261261261794e+01 2.730937995852840110e-09
3.019264264264264952e+01 2.675446240934293161e-09
3.023267267267267755e+01 2.621123824168164140e-09
3.027270270270270913e+01 2.567945219654558018e-09
3.031273273273273716e+01 2.515885478128978470e-09
3.035276276276276874e+01 2.464920213495386621e-09
3.039279279279279677e+01 2.415025589684194109e-09
3.043282282282282836e+01 2.366178307827096527e-09
3.047285285285285994e+01 2.318355593740617277e-09
3.051288288288288797e+01 2.271535185710907299e-09
3.055291291291291955e+01 2.225695322572282014e-09
3.059294294294294758e+01 2.180814732072090968e-09
3.063297297297297916e+01 2.136872619515045898e-09
3.067300300300300719e+01 2.093848656679889329e-09
3.071303303303303878e+01 2.051722971001620823e-09
3.075306306306307036e+01 2.010476135012999265e-09
3.079309309309309839e+01 1.970089156038632614e-09
3.083312312312312997e+01 1.930543466135493019e-09
3.087315315315315800e+01 1.891820912273886735e-09
3.091318318318318958e+01 1.853903746752764712e-09
3.095321321321321761e+01 1.816774617843787499e-09
3.099324324324324920e+01 1.780416560658370337e-09
3.103327327327327723e+01 1.744812988232304461e-09
3.107330330330330881e+01 1.709947682822604409e-09
3.111333333333334039e+01 1.675804787411236923e-09
3.115336336336336842e+01 1.642368797410946206e-09
3.119339339339340000e+01 1.609624552567866689e-09
3.123342342342342803e+01 1.577557229056386008e-09
3.127345345345345962e+01 1.546152331761341238e-09
3.131348348348348765e+01 1.515395686743215590e-09
3.135351351351351923e+01 1.485273433881494730e-09
3.139354354354355081e+01 1.455772019692255034e-09
3.143357357357357884e+01 1.426878190315397495e-09
3.147360360360361042e+01 1.398578984667530955e-09
3.151363363363363845e+01 1.370861727756481465e-09
3.155366366366367004e+01 1.343714024153444074e-09
3.159369369369369807e+01 1.317123751618979663e-09
3.163372372372372965e+01 1.291079054879027814e-09
3.167375375375375768e+01 1.265568339547470634e-09
3.171378378378378926e+01 1.240580266191471484e-09
3.175381381381382084e+01 1.216103744536283999e-09
3.179384384384384887e+01 1.192127927806097378e-09
3.183387387387388046e+01 1.168642207197622234e-09
3.187390390390390849e+01 1.145636206483194329e-09
3.191393393393394007e+01 1.123099776740281416e-09
3.195396396396396810e+01 1.101022991204339683e-09
3.199399399399399968e+01 1.079396140242026001e-09
3.203402402402402771e+01 1.058209726441915316e-09
3.207405405405405929e+01 1.037454459819740579e-09
3.211408408408408377e+01 1.017121253135629824e-09
3.215411411411411535e+01 9.972012173204262492e-10
3.219414414414414694e+01 9.776856570086058122e-10
3.223417417417417852e+01 9.585660661751536550e-10
3.227420420420420299e+01 9.398341238739273117e-10
3.231423423423423458e+01 9.214816900751384890e-10
3.235426426426426616e+01 9.035008015994145940e-10
3.239429429429429774e+01 8.858836681462926487e-10
3.243432432432432933e+01 8.686226684147981549e-10
3.247435435435435380e+01 8.517103463139079899e-10
3.251438438438438538e+01 8.351394072607990849e-10
3.255441441441441697e+01 8.189027145646976834e-10
3.259444444444444855e+01 8.029932858943879909e-10
3.263447447447448013e+01 7.874042898273128876e-10
3.267450450450450461e+01 7.721290424783239648e-10
3.271453453453453619e+01 7.571610042062381347e-10
3.275456456456456777e+01 7.424937763963009859e-10
3.279459459459459936e+01 7.281210983167589047e-10
3.283462462462462383e+01 7.140368440477826157e-10
3.287465465465465542e+01 7.002350194810253307e-10
3.291468468468468700e+01 6.867097593881643472e-10
3.295471471471471858e+01 6.734553245567183843e-10
3.299474474474475016e+01 6.604660989916605186e-10
3.303477477477477464e+01 6.477365871811266577e-10
3.307480480480480622e+01 6.352614114248300937e-10
3.311483483483483781e+01 6.230353092236431689e-10
3.315486486486486939e+01 6.110531307288921783e-10
3.319489489489489387e+01 5.993098362499655076e-10
3.323492492492492545e+01 5.878004938188842194e-10
3.327495495495495703e+01 5.765202768104814073e-10
3.331498498498498861e+01 5.654644616168125446e-10
3.335501501501502020e+01 5.546284253746511833e-10
3.339504504504504467e+01 5.440076437447223186e-10
3.343507507507507626e+01 5.335976887414525001e-10
3.347510510510510784e+01 5.233942266121377820e-10
3.351513513513513942e+01 5.133930157642886353e-10
3.355516516516517100e+01 5.035899047400355443e-10
3.359519519519519548e+01 4.939808302365355636e-10
3.363522522522522706e+01 4.845618151712437051e-10
3.367525525525525865e+01 4.753289667910552950e-10
3.371528528528529023e+01 4.662784748242456230e-10
3.375531531531531471e+01 4.574066096742417166e-10
3.379534534534534629e+01 4.487097206542238550e-10
3.383537537537537787e+01 4.401842342616381327e-10
3.387540540540540945e+01 4.318266524916452946e-10
3.391543543543544104e+01 4.236335511886367840e-10
3.395546546546546551e+01 4.156015784349072785e-10
3.399549549549549710e+01 4.077274529756411792e-10
3.403552552552552868e+01 4.000079626793431678e-10
3.407555555555556026e+01 3.924399630329216870e-10
3.411558558558558474e+01 3.850203756705833241e-10
3.415561561561561632e+01 3.777461869357917757e-10
3.419564564564564790e+01 3.706144464754887174e-10
3.423567567567567949e+01 3.636222658658679944e-10
3.427570570570571107e+01 3.567668172689435240e-10
3.431573573573573555e+01 3.500453321192022216e-10
3.435576576576576713e+01 3.434550998396555467e-10
3.439579579579579871e+01 3.369934665866213572e-10
3.443582582582583029e+01 3.306578340225410872e-10
3.447585585585585477e+01 3.244456581162269047e-10
3.451588588588588635e+01 3.183544479698488790e-10
3.455591591591591794e+01 3.123817646721287299e-10
3.459594594594594952e+01 3.065252201770465140e-10
3.463597597597598110e+01 3.007824762075548946e-10
3.467600600600600558e+01 2.951512431836621524e-10
3.471603603603603716e+01 2.896292791743659151e-10
3.475606606606606874e+01 2.842143888728744507e-10
3.479609609609610033e+01 2.789044225945865955e-10
3.483612612612613191e+01 2.736972752972930608e-10
3.487615615615615638e+01 2.685908856231214759e-10
3.491618618618618797e+01 2.635832349616949420e-10
3.495621621621621955e+01 2.586723465340453752e-10
3.499624624624625113e+01 2.538562844967932407e-10
3.503627627627627561e+01 2.491331530661250777e-10
3.507630630630630719e+01 2.445010956611381677e-10
3.511633633633633877e+01 2.399582940660965148e-10
3.515636636636637036e+01 2.355029676111642321e-10
3.519639639639640194e+01 2.311333723712105758e-10
3.523642642642642642e+01 2.268478003822608603e-10
3.527645645645645800e+01 2.226445788751934445e-10
3.531648648648648958e+01 2.185220695263080216e-10
3.535651651651652116e+01 2.144786677243610592e-10
3.539654654654654564e+01 2.105128018537083336e-10
3.543657657657657722e+01 2.066229325931745445e-10
3.547660660660660881e+01 2.028075522303249560e-10
3.551663663663664039e+01 1.990651839907505206e-10
3.555666666666667197e+01 1.953943813820543805e-10
3.559669669669669645e+01 1.917937275521999312e-10
3.563672672672672803e+01 1.882618346618938382e-10
3.567675675675675961e+01 1.847973432706937136e-10
3.571678678678679120e+01 1.813989217365161172e-10
3.575681681681682278e+01 1.780652656282672101e-10
3.579684684684684726e+01 1.747950971512765354e-10
3.583687687687687884e+01 1.715871645852559163e-10
3.587690690690691042e+01 1.684402417345100876e-10
3.591693693693694200e+01 1.653531273901068605e-10
3.595696696696696648e+01 1.623246448037543992e-10
3.599699699699699806e+01 1.593536411731038793e-10
3.603702702702702965e+01 1.564389871382465874e-10
3.607705705705706123e+01 1.535795762891360866e-10
3.611708708708709281e+01 1.507743246836887144e-10
3.615711711711711729e+01 1.480221703763388433e-10
3.619714714714714887e+01 1.453220729568052713e-10
3.623717717717718045e+01 1.426730130988385297e-10
3.627720720720721204e+01 1.400739921187363661e-10
3.631723723723723651e+01 1.375240315433892272e-10
3.635726726726726810e+01 1.350221726876784403e-10
3.639729729729729968e+01 1.325674762409736399e-10
3.643732732732733126e+01 1.301590218625689920e-10
3.647735735735736284e+01 1.277959077858313368e-10
3.651738738738738732e+01 1.254772504308723500e-10
3.655741741741741890e+01 1.232021840255750988e-10
3.659744744744745049e+01 1.209698602347482163e-10
3.663747747747748207e+01 1.187794477972788604e-10
3.667750750750751365e+01 1.166301321710610419e-10
3.671753753753753813e+01 1.145211151855546411e-10
3.675756756756756971e+01 1.124516147017984990e-10
3.679759759759760129e+01 1.104208642797082157e-10
3.683762762762763288e+01 1.084281128525068696e-10
3.687765765765765735e+01 1.064726244081200553e-10
3.691768768768768894e+01 1.045536776773926146e-10
3.695771771771772052e+01 1.026705658289643265e-10
3.699774774774775210e+01 1.008225961706736943e-10
3.703777777777778368e+01 9.900908985732939422e-11
3.707780780780780816e+01 9.722938160471633986e-11
3.711783783783783974e+01 9.548281940970339255e-11
3.715786786786787133e+01 9.376876427631395827e-11
3.719789789789790291e+01 9.208658994762624335e-11
3.723792792792792739e+01 9.043568264338068156e-11
3.727795795795795897e+01 8.881544080316312726e-11
3.731798798798799055e+01 8.722527483504654872e-11
3.735801801801802213e+01 8.566460686957368453e-11
3.739804804804805372e+01 8.413287051895348405e-11
3.743807807807807819e+01 8.262951064136849001e-11
3.747810810810810978e+01 8.115398311027075358e-11
3.751813813813814136e+01 7.970575458857348247e-11
3.755816816816817294e+01 7.828430230761001526e-11
3.759819819819820452e+01 7.688911385077136806e-11
3.763822822822822900e+01 7.551968694172174762e-11
3.767825825825826058e+01 7.417552923707392509e-11
3.771828828828829216e+01 7.285615812345475447e-11
3.775831831831832375e+01 7.156110051883854244e-11
3.779834834834834822e+01 7.028989267807269873e-11
3.783837837837837981e+01 6.904208000250055425e-11
3.787840840840841139e+01 6.781721685358801777e-11
3.791843843843844297e+01 6.661486637047065502e-11
3.795846846846847455e+01 6.543460029133856279e-11
3.799849849849849903e+01 6.427599877856788005e-11
3.803852852852853061e+01 6.313865024752870332e-11
3.807855855855856220e+01 6.202215119897904962e-11
3.811858858858859378e+01 6.092610605497590106e-11
3.815861861861861826e+01 5.985012699821983729e-11
3.819864864864864984e+01 5.879383381476772765e-11
3.823867867867868142e+01 5.775685374002945970e-11
3.827870870870871300e+01 5.673882130799332162e-11
3.831873873873874459e+01 5.573937820359063201e-11
3.835876876876876906e+01 5.475817311815067765e-11
3.839879879879880065e+01 5.379486160786949036e-11
3.843882882882883223e+01 5.284910595522778112e-11
3.847885885885886381e+01 5.192057503329821617e-11
3.851888888888889539e+01 5.100894417287769581e-11
3.855891891891891987e+01 5.011389503238378645e-11
3.859894894894895145e+01 4.923511547045802370e-11
3.863897897897898304e+01 4.837229942121488155e-11
3.867900900900901462e+01 4.752514677208315786e-11
3.871903903903903910e+01 4.669336324418233892e-11
3.875906906906907068e+01 4.587666027517774637e-11
3.879909909909910226e+01 4.507475490456601837e-11
3.883912912912913384e+01 4.428736966133678973e-11
3.887915915915916543e+01 4.351423245395767055e-11
3.891918918918918990e+01 4.275507646263522504e-11
3.895921921921922149e+01 4.200964003380529271e-11
3.899924924924925307e+01 4.127766657680010636e-11
3.903927927927928465e+01 4.055890446264953604e-11
3.907930930930930913e+01 3.985310692497125492e-11
3.911933933933934071e+01 3.916003196290223174e-11
3.915936936936937229e+01 3.847944224603229769e-11
3.919939939939940388e+01 3.781110502129214714e-11
3.923942942942943546e+01 3.715479202176117937e-11
3.927945945945945994e+01 3.651027937734641640e-11
3.931948948948949152e+01 3.587734752730008170e-11
3.935951951951952310e+01 3.525578113453156635e-11
3.939954954954955468e+01 3.464536900167867264e-11
3.943957957957957916e+01 3.404590398890150007e-11
3.947960960960961074e+01 3.345718293335738851e-11
3.951963963963964233e+01 3.287900657032981552e-11
3.955966966966967391e+01 3.231117945596860263e-11
3.959969969969970549e+01 3.175350989161081219e-11
3.963972972972972997e+01 3.120580984965020378e-11
3.967975975975976155e+01 3.066789490091939721e-11
3.971978978978979313e+01 3.013958414355480847e-11
3.975981981981982472e+01 2.962070013331439913e-11
3.979984984984985630e+01 2.911106881531395010e-11
3.983987987987988078e+01 2.861051945715620730e-11
3.987990990990991236e+01 2.811888458341903988e-11
3.991993993993994394e+01 2.763599991148134659e-11
3.995996996996997552e+01 2.716170428864749027e-11
4.000000000000000000e+01 2.669583963055665731e-11
