1.000000000000000021e-02 0.000000000000000000e+00
5.003003003003003712e-02 0.000000000000000000e+00
9.006006006006006537e-02 1.060493355375442047e-310
1.300900900900901214e-01 2.701471959640522838e-253
1.701201201201201496e-01 4.024271505803307831e-215
2.101501501501501779e-01 2.966451896670935459e-187
2.501801801801802339e-01 1.013112081424848239e-165
2.902102102102102621e-01 1.975940299765355526e-148
3.302402402402402903e-01 3.708175902092466997e-134
3.702702702702703186e-01 4.001265408878950677e-122
4.103003003003003468e-01 8.220177745859936557e-112
4.503303303303303751e-01 7.431441953974011132e-103
4.903603603603604588e-01 5.425451625034409029e-95
5.303903903903904871e-01 5.029956175341996902e-88
5.704204204204205153e-01 8.367137519293707322e-82
6.104504504504505435e-01 3.269176671011994753e-76
6.504804804804805718e-01 3.714242750458910259e-71
6.905105105105106000e-01 1.457091771185460722e-66
7.305405405405406283e-01 2.270519920460346396e-62
7.705705705705706565e-01 1.577495428510684664e-58
8.106006006006006848e-01 5.380701324592732632e-55
8.506306306306307130e-01 9.770536615251834926e-52
8.906606606606607413e-01 1.011689535366869670e-48
9.306906906906907695e-01 6.334728760646459375e-46
9.707207207207209088e-01 2.522935384627706598e-43
1.010750750750750937e+00 6.677052511278254029e-41
1.050780780780780965e+00 1.219872632042328475e-38
1.090810810810810993e+00 1.590692045148329007e-36
1.130840840840841022e+00 1.524577611512659270e-34
1.170870870870871050e+00 1.102234068154210032e-32
1.210900900900901078e+00 6.151220377741968486e-31
1.250930930930931106e+00 2.704735425192043051e-29
1.290960960960961135e+00 9.544114666319770392e-28
1.330990990990991163e+00 2.747562613815760099e-26
1.371021021021021191e+00 6.549397766920980219e-25
1.411051051051051219e+00 1.310126800049995943e-23
1.451081081081081248e+00 2.226132621334954878e-22
1.491111111111111276e+00 3.248611905775798042e-21
1.531141141141141304e+00 4.112524061856182758e-20
1.571171171171171332e+00 4.557817735520613823e-19
1.611201201201201361e+00 4.459419048973678593e-18
1.651231231231231389e+00 3.881543164584742368e-17
1.691261261261261417e+00 3.026884908056197322e-16
1.731291291291291445e+00 2.128479578561237126e-15
1.771321321321321474e+00 1.357757944184751632e-14
1.811351351351351502e+00 7.900480872378989904e-14
1.851381381381381530e+00 4.214856090482350765e-13
1.891411411411411558e+00 2.071415517812430066e-12
1.931441441441441809e+00 9.419253172303395335e-12
1.971471471471471837e+00 3.979289806275256262e-11
2.011501501501501643e+00 1.567786757603092297e-10
2.051531531531531449e+00 5.780976011340350061e-10
2.091561561561561700e+00 2.001640001644584909e-09
2.131591591591591506e+00 6.528076738420263305e-09
2.171621621621621756e+00 2.011205729623860637e-08
2.211651651651651562e+00 5.869184680101690064e-08
2.251681681681681813e+00 1.626499672599661145e-07
2.291711711711711619e+00 4.290644282610213295e-07
2.331741741741741869e+00 1.079837513523073806e-06
2.371771771771771675e+00 2.598238683884341140e-06
2.411801801801801926e+00 5.988917773588429921e-06
2.451831831831831732e+00 1.324892739885010511e-05
2.491861861861861982e+00 2.818023047374714393e-05
2.531891891891891788e+00 5.772519798007127518e-05
2.571921921921922038e+00 1.140589079230022946e-04
2.611951951951952289e+00 2.177131237991371954e-04
2.651981981981982095e+00 4.020182602427144485e-04
2.692012012012012345e+00 7.191087575569688568e-04
2.732042042042042151e+00 1.247621015097236368e-03
2.772072072072072402e+00 2.102003998338944357e-03
2.812102102102102208e+00 3.443056574878010975e-03
2.852132132132132458e+00 5.488918494213502336e-03
2.892162162162162264e+00 8.525314394698084094e-03
2.932192192192192515e+00 1.291344753074321304e-02
2.972222222222222321e+00 1.909364541232993692e-02
3.012252252252252571e+00 2.758276194528852185e-02
3.052282282282282377e+00 3.896351656251564877e-02
3.092312312312312628e+00 5.386444583250690060e-02
3.132342342342342434e+00 7.292995556907082289e-02
3.172372372372372684e+00 9.678103377628141657e-02
3.212402402402402490e+00 1.259684039745984363e-01
3.252432432432432741e+00 1.609211089780565873e-01
3.292462462462462547e+00 2.018945409570441218e-01
3.332492492492492797e+00 2.489226064160024732e-01
3.372522522522522603e+00 3.017789033324919101e-01
3.412552552552552854e+00 3.599514221842753381e-01
3.452582582582582660e+00 4.226343687595957577e-01
3.492612612612612910e+00 4.887393280539744089e-01
3.532642642642642716e+00 5.569262954509156538e-01
3.572672672672672967e+00 6.256532888320375241e-01
3.612702702702702773e+00 6.932415345221342173e-01
3.652732732732733023e+00 7.579517882274358076e-01
3.692762762762762829e+00 8.180663656617653823e-01
3.732792792792793080e+00 8.719710125274119372e-01
3.772822822822822886e+00 9.182308667084699838e-01
3.812852852852853136e+00 9.556554156925896049e-01
3.852882882882883386e+00 9.833484307305280225e-01
3.892912912912913193e+00 1.000740227443766006e+00
3.932942942942943443e+00 1.007601102677409655e+00
3.972972972972973249e+00 1.004036273188420259e+00
4.013003003003003499e+00 9.904639566876978218e-01
4.053033033033033306e+00 9.675792859330260010e-01
4.093063063063063112e+00 9.363074679821348223e-01
4.133093093093093806e+00 8.977499705179698974e-01
4.173123123123123612e+00 8.531275499267567675e-01
4.213153153153153418e+00 8.037236760840296146e-01
4.253183183183183225e+00 7.508314215338969255e-01
4.293213213213213919e+00 6.957062431868900054e-01
4.333243243243243725e+00 6.395263690291739245e-01
4.373273273273273531e+00 5.833617801686120652e-01
4.413303303303303338e+00 5.281521072826630414e-01
4.453333333333334032e+00 4.746931824688617185e-01
4.493363363363363838e+00 4.236315288988045102e-01
4.533393393393393644e+00 3.754657427086618426e-01
4.573423423423423451e+00 3.305535224948015771e-01
4.613453453453454145e+00 2.891230199536766188e-01
4.653483483483483951e+00 2.512872022238097913e-01
4.693513513513513757e+00 2.170600103445846363e-01
4.733543543543543564e+00 1.863732459975311062e-01
4.773573573573574258e+00 1.590932985819576984e-01
4.813603603603604064e+00 1.350370176139574219e-01
4.853633633633633870e+00 1.139862258957022589e-01
4.893663663663663677e+00 9.570054525224608311e-02
4.933693693693694371e+00 7.992836107357578768e-02
4.973723723723724177e+00 6.641588007806405181e-02
5.013753753753753983e+00 5.491433616427126435e-02
5.053783783783783790e+00 4.518547271679645982e-02
5.093813813813814484e+00 3.700547864402530668e-02
5.133843843843844290e+00 3.016758310967793469e-02
5.173873873873874096e+00 2.448352421847067514e-02
5.213903903903904791e+00 1.978410375284326075e-02
5.253933933933934597e+00 1.591902714310776401e-02
5.293963963963964403e+00 1.275620849071729471e-02
5.333993993993994209e+00 1.018069744154081677e-02
5.374024024024024904e+00 8.093360257019106482e-03
5.414054054054054710e+00 6.409423248274754951e-03
5.454084084084084516e+00 5.056964019836259101e-03
5.494114114114114322e+00 3.975415487255009282e-03
5.534144144144145017e+00 3.114129808526678103e-03
5.574174174174174823e+00 2.431034352585975059e-03
5.614204204204204629e+00 1.891399568792211019e-03
5.654234234234234435e+00 1.466728931935102481e-03
5.694264264264265130e+00 1.133773746349604544e-03
5.734294294294294936e+00 8.736701862670836821e-04
5.774324324324324742e+00 6.711922025322620460e-04
5.814354354354354548e+00 5.141115244294099844e-04
5.854384384384385243e+00 3.926546413706423987e-04
5.894414414414415049e+00 2.990461083135726524e-04
5.934444444444444855e+00 2.271275641825100454e-04
5.974474474474474661e+00 1.720423050886341965e-04
6.014504504504505356e+00 1.299759700852400036e-04
6.054534534534535162e+00 9.794476480313408172e-05
6.094564564564564968e+00 7.362358352367292678e-05
6.134594594594594774e+00 5.520733222848117101e-05
6.174624624624625469e+00 4.129966199017695523e-05
6.214654654654655275e+00 3.082416676169744992e-05
6.254684684684685081e+00 2.295386667198240878e-05
6.294714714714714887e+00 1.705548033884493066e-05
6.334744744744745581e+00 1.264558653213142685e-05
6.374774774774775388e+00 9.356289950104924370e-06
6.414804804804805194e+00 6.908443704936141591e-06
6.454834834834835888e+00 5.090849609882120750e-06
6.494864864864865694e+00 3.744164413940493350e-06
6.534894894894895501e+00 2.748493680931454999e-06
6.574924924924925307e+00 2.013862661616216337e-06
6.614954954954956001e+00 1.472922284823636478e-06
6.654984984984985807e+00 1.075384616601733054e-06
6.695015015015015614e+00 7.837913707398664969e-07
6.735045045045045420e+00 5.703061157093660771e-07
6.775075075075076114e+00 4.142898183702506091e-07
6.815105105105105920e+00 3.004737502305266746e-07
6.855135135135135727e+00 2.175864348385923828e-07
6.895165165165165533e+00 1.573246062854606789e-07
6.935195195195196227e+00 1.135840156108091114e-07
6.975225225225226033e+00 8.188593331974827182e-08
7.015255255255255840e+00 5.895061412000636302e-08
7.055285285285285646e+00 4.238082224382200427e-08
7.095315315315316340e+00 3.042756220483738097e-08
7.135345345345346146e+00 2.181705163828005195e-08
7.175375375375375953e+00 1.562320514652707762e-08
7.215405405405405759e+00 1.117385733539651310e-08
7.255435435435436453e+00 7.981939716524288228e-09
7.295465465465466259e+00 5.695072016818001789e-09
7.335495495495496066e+00 4.058712398927740121e-09
7.375525525525525872e+00 2.889270180165363193e-09
7.415555555555556566e+00 2.054523483149584737e-09
7.455585585585586372e+00 1.459382474135231414e-09
7.495615615615616179e+00 1.035556801670831738e-09
7.535645645645645985e+00 7.340691410628843056e-10
7.575675675675676679e+00 5.198397210092511609e-10
7.615705705705706485e+00 3.677751391172788181e-10
7.655735735735736291e+00 2.599479597245571567e-10
7.695765765765766986e+00 1.835659323339501549e-10
7.735795795795796792e+00 1.295118909049894790e-10
7.775825825825826598e+00 9.129544972966151187e-11
7.815855855855856404e+00 6.430139162448942100e-11
7.855885885885887099e+00 4.525149958798386891e-11
7.895915915915916905e+00 3.181971972152304191e-11
7.935945945945946711e+00 2.235731778592332169e-11
7.975975975975976517e+00 1.569683291560279319e-11
8.016006006006007212e+00 1.101240500555826261e-11
8.056036036036037018e+00 7.720381316057931831e-12
8.096066066066066824e+00 5.408666619986282093e-12
8.136096096096096630e+00 3.786559923564474425e-12
8.176126126126126437e+00 2.649175395672974592e-12
8.216156156156156243e+00 1.852233691110516331e-12
8.256186186186187825e+00 1.294219082040554028e-12
8.296216216216217632e+00 9.037626188814931168e-13
8.336246246246247438e+00 6.307292210314556451e-13
8.376276276276277244e+00 4.399272096184475030e-13
8.416306306306307050e+00 3.066727113470337636e-13
8.456336336336336856e+00 2.136647474882362179e-13
8.496366366366366663e+00 1.487855995412657207e-13
8.536396396396396469e+00 1.035537716658613664e-13
8.576426426426428051e+00 7.203681718191747184e-14
8.616456456456457857e+00 5.008793474290013718e-14
8.656486486486487664e+00 3.481032353818407430e-14
8.696516516516517470e+00 2.418162625148762752e-14
8.736546546546547276e+00 1.679080501646310160e-14
8.776576576576577082e+00 1.165392017629688715e-14
8.816606606606606888e+00 8.085239422098936920e-15
8.856636636636636695e+00 5.607118801355889889e-15
8.896666666666668277e+00 3.887033165711183939e-15
8.936696696696698083e+00 2.693604487572002695e-15
8.976726726726727890e+00 1.865915052035711042e-15
9.016756756756757696e+00 1.292104477714586155e-15
9.056786786786787502e+00 8.944504252228838647e-16
9.096816816816817308e+00 6.189746374512234791e-16
9.136846846846847114e+00 4.282055833182993867e-16
9.176876876876878697e+00 2.961416887845872689e-16
9.216906906906908503e+00 2.047478202045575709e-16
9.256936936936938309e+00 1.415194756814045170e-16
9.296966966966968116e+00 9.779010224925664285e-17
9.336996996996997922e+00 6.755536505606053935e-17
9.377027027027027728e+00 4.665685368202246529e-17
9.417057057057057534e+00 3.221558546211096754e-17
9.457087087087087340e+00 2.223902883680198413e-17
9.497117117117118923e+00 1.534860712987430289e-17
9.537147147147148729e+00 1.059081924298291522e-17
9.577177177177178535e+00 7.306368455981152279e-18
9.617207207207208342e+00 5.039517156571259160e-18
9.657237237237238148e+00 3.475325386148223955e-18
9.697267267267267954e+00 2.396210527338295804e-18
9.737297297297297760e+00 1.651889989488077262e-18
9.777327327327327566e+00 1.138590476101551580e-18
9.817357357357359149e+00 7.846713655701408231e-19
9.857387387387388955e+00 5.406863221460863586e-19
9.897417417417418761e+00 3.725149488835089662e-19
9.937447447447448567e+00 2.566174166897168701e-19
9.977477477477478374e+00 1.767567252430083168e-19
1.001750750750750818e+01 1.217352610696680469e-19
1.005753753753753799e+01 8.383215555303988496e-20
1.009756756756756779e+01 5.772471306501019372e-20
1.013759759759759937e+01 3.974412065061497057e-20
1.017762762762762918e+01 2.736194446702351877e-20
1.021765765765765899e+01 1.883592337739121780e-20
1.025768768768768879e+01 1.296569048164331187e-20
1.029771771771771860e+01 8.924337596846697293e-21
1.033774774774774841e+01 6.142295614052814676e-21
1.037777777777777821e+01 4.227294889490437750e-21
1.041780780780780979e+01 2.909203863283628186e-21
1.045783783783783960e+01 2.002018890219183275e-21
1.049786786786786941e+01 1.377676230681337936e-21
1.053789789789789921e+01 9.480116318804276105e-22
1.057792792792792902e+01 6.523342069369004499e-22
1.061795795795795883e+01 4.488684271590063424e-22
1.065798798798798863e+01 3.088607866851070316e-22
1.069801801801801844e+01 2.125218757709335496e-22
1.073804804804805002e+01 1.462325189554646998e-22
1.077807807807807983e+01 1.006203893306036589e-22
1.081810810810810963e+01 6.923599754647616034e-23
1.085813813813813944e+01 4.764134543728102130e-23
1.089816816816816925e+01 3.278266990019301310e-23
1.093819819819819905e+01 2.255874619184954751e-23
1.097822822822822886e+01 1.552379814633788631e-23
1.101825825825825866e+01 1.068305407837728386e-23
1.105828828828829025e+01 7.352063667378253985e-24
1.109831831831832005e+01 5.059894127251684788e-24
1.113834834834834986e+01 3.482521833125295403e-24
1.117837837837837967e+01 2.397001952425396413e-24
1.121840840840840947e+01 1.649935205595745467e-24
1.125843843843843928e+01 1.135772002217117908e-24
1.129846846846846908e+01 7.818851564772289666e-25
1.133849849849849889e+01 5.382996019140444100e-25
1.137852852852853047e+01 3.706262175648697553e-25
1.141855855855856028e+01 2.552001242473367021e-25
1.145858858858859008e+01 1.757356761305559034e-25
1.149861861861861989e+01 1.210249518321136110e-25
1.153864864864864970e+01 8.335418562859065676e-26
1.157867867867867950e+01 5.741415485597577782e-26
1.161870870870870931e+01 3.955042339997452412e-26
1.165873873873874089e+01 2.724742056151468415e-26
1.169876876876877070e+01 1.877341249007719517e-26
1.173879879879880050e+01 1.293618044492888481e-26
1.177882882882883031e+01 8.914876691929996380e-27
1.181885885885886012e+01 6.144300421493098663e-27
1.185888888888888992e+01 4.235246930920666356e-27
1.189891891891891973e+01 2.919682085775766152e-27
1.193894894894894954e+01 2.013002180378263360e-27
1.197897897897898112e+01 1.388053064890849524e-27
1.201900900900901092e+01 9.572432360102427007e-28
1.205903903903904073e+01 6.602283991766615194e-28
1.209906906906907054e+01 4.554314068942945624e-28
1.213909909909910034e+01 3.142026416923484732e-28
1.217912912912913015e+01 2.167983363624456576e-28
1.221915915915915996e+01 1.496106368957897832e-28
1.225918918918918976e+01 1.032596255536683951e-28
1.229921921921922134e+01 7.127894790615318256e-29
1.233924924924925115e+01 4.921027240655813647e-29
1.237927927927928096e+01 3.397935126347804052e-29
1.241930930930931076e+01 2.346606529760342071e-29
1.245933933933934057e+01 1.620811006297740823e-29
1.249936936936937038e+01 1.119676087914160594e-29
1.253939939939940018e+01 7.736087051061884573e-30
1.257942942942942999e+01 5.345892076525053274e-30
1.261945945945946157e+01 3.694791004696963127e-30
1.265948948948949138e+01 2.554061554105392457e-30
1.269951951951952118e+01 1.765816437753069029e-30
1.273954954954955099e+01 1.221049777557495146e-30
1.277957957957958079e+01 8.444922881416576323e-31
1.281960960960961060e+01 5.841621089385342737e-31
1.285963963963964041e+01 4.041543985726052650e-31
1.289966966966967199e+01 2.796651204109450803e-31
1.293969969969970180e+01 1.935562463579253324e-31
1.297972972972973160e+01 1.339845664542777573e-31
1.301975975975976141e+01 9.276450861095911684e-32
1.305978978978979121e+01 6.423758222735575395e-32
1.309981981981982102e+01 4.449155156395042461e-32
1.313984984984985083e+01 3.082106838098201496e-32
1.317987987987988063e+01 2.135503719612001493e-32
1.321990990990991222e+01 1.479913047360460571e-32
1.325993993993994202e+01 1.025784172886690529e-32
1.329996996996997183e+01 7.111486787617364995e-33
1.334000000000000163e+01 4.931171614392035691e-33
1.338003003003003144e+01 3.419997485948777525e-33
1.342006006006006125e+01 2.372400832730812837e-33
1.346009009009009105e+01 1.646029439935401903e-33
1.350012012012012086e+01 1.142286396303053951e-33
1.354015015015015244e+01 7.928680181237702637e-34
1.358018018018018225e+01 5.504474776770384817e-34
1.362021021021021205e+01 3.822262872586976744e-34
1.366024024024024186e+01 2.654700158520348083e-34
1.370027027027027167e+01 1.844171149997967132e-34
1.374030030030030147e+01 1.281381208261653640e-34
1.378033033033033128e+01 8.905276338004050597e-35
1.382036036036036108e+01 6.190260222872340693e-35
1.386039039039039267e+01 4.303912062987844284e-35
1.390042042042042247e+01 2.993032011002570963e-35
1.394045045045045228e+01 2.081868644994156325e-35
1.398048048048048209e+01 1.448404174648005428e-35
1.402051051051051189e+01 1.007908651544561938e-35
1.406054054054054170e+01 7.015328474904134084e-36
1.410057057057057150e+01 4.883944740083734665e-36
1.414060060060060309e+01 3.400868323237141549e-36
1.418063063063063289e+01 2.368676106427848521e-36
1.422066066066066270e+01 1.650132282392419910e-36
1.426069069069069251e+01 1.149819011086453908e-36
1.430072072072072231e+01 8.013795700454267991e-37
1.434075075075075212e+01 5.586573424528694782e-37
1.438078078078078192e+01 3.895396014003607314e-37
1.442081081081081173e+01 2.716795619244696570e-37
1.446084084084084331e+01 1.895230117836756795e-37
1.450087087087087312e+01 1.322412453110825517e-37
1.454090090090090293e+01 9.229374630384149593e-38
1.458093093093093273e+01 6.442854717303125518e-38
1.462096096096096254e+01 4.498683796395806427e-38
1.466099099099099234e+01 3.141911914871051618e-38
1.470102102102102215e+01 2.194847146887456723e-38
1.474105105105105196e+01 1.533615959519823612e-38
1.478108108108108354e+01 1.071843401913722333e-38
1.482111111111111335e+01 7.492879512236040252e-39
1.486114114114114315e+01 5.239250371612086047e-39
1.490117117117117296e+01 3.664315385397778798e-39
1.494120120120120276e+01 2.563422060827576306e-39
1.498123123123123257e+01 1.793705952349768992e-39
1.502126126126126238e+01 1.255412697242684395e-39
1.506129129129129218e+01 8.788731335488932619e-40
1.510132132132132377e+01 6.154184712853484895e-40
1.514135135135135357e+01 4.310421973806599064e-40
1.518138138138138338e+01 3.019772465592351034e-40
1.522141141141141318e+01 2.116089679422479117e-40
1.526144144144144299e+01 1.483199497845116701e-40
1.530147147147147280e+01 1.039850617919950805e-40
1.534150150150150260e+01 7.292030017836993152e-41
1.538153153153153418e+01 5.114842556070799890e-41
1.542156156156156399e+01 3.588580016682705739e-41
1.546159159159159380e+01 2.518371230637620610e-41
1.550162162162162360e+01 1.767762095831258023e-41
1.554165165165165341e+01 1.241180763426778278e-41
1.558168168168168322e+01 8.716730051350794646e-42
1.562171171171171302e+01 6.123217493211151465e-42
1.566174174174174283e+01 4.302426744917310208e-42
1.570177177177177441e+01 3.023814669364165887e-42
1.574180180180180422e+01 2.125714386613873343e-42
1.578183183183183402e+01 1.494730434678720162e-42
1.582186186186186383e+01 1.051306205021128292e-42
1.586189189189189364e+01 7.396122901044061467e-43
1.590192192192192344e+01 5.204604149504975275e-43
1.594195195195195325e+01 3.663364462914211065e-43
1.598198198198198305e+01 2.579179304143995760e-43
1.602201201201201641e+01 1.816318736609439704e-43
1.606204204204204444e+01 1.279416198578103517e-43
1.610207207207207603e+01 9.014486867416855533e-44
1.614210210210210406e+01 6.353012123524772085e-44
1.618213213213213564e+01 4.478452650180657938e-44
1.622216216216216722e+01 3.157810286859700388e-44
1.626219219219219525e+01 2.227172940451236878e-44
1.630222222222222683e+01 1.571201242817793265e-44
1.634225225225225486e+01 1.108714576329390647e-44
1.638228228228228645e+01 7.825604077367503438e-45
1.642231231231231448e+01 5.524923310363230525e-45
1.646234234234234606e+01 3.901620254400821999e-45
1.650237237237237764e+01 2.755968122910522465e-45
1.654240240240240567e+01 1.947215052198550872e-45
1.658243243243243725e+01 1.376145211215502079e-45
1.662246246246246528e+01 9.728039014123336354e-46
1.666249249249249686e+01 6.878553416743545780e-46
1.670252252252252489e+01 4.864965515524635865e-46
1.674255255255255648e+01 3.441702501454108657e-46
1.678258258258258806e+01 2.435442400066647950e-46
1.682261261261261609e+01 1.723826024785380710e-46
1.686264264264264767e+01 1.220450294706430273e-46
1.690267267267267570e+01 8.642868558493425550e-47
1.694270270270270728e+01 6.122191636416516746e-47
1.698273273273273531e+01 4.337776579983185275e-47
1.702276276276276690e+01 3.074246827706361523e-47
1.706279279279279493e+01 2.179323109442493905e-47
1.710282282282282651e+01 1.545310981834429995e-47
1.714285285285285809e+01 1.096027802358125252e-47
1.718288288288288612e+01 7.775685697841444976e-48
1.722291291291291770e+01 5.517817120786428671e-48
1.726294294294294573e+01 3.916583712404079138e-48
1.730297297297297732e+01 2.780731500005247473e-48
1.734300300300300535e+01 1.974796070982858159e-48
1.738303303303303693e+01 1.402804103200704990e-48
1.742306306306306851e+01 9.967434567744151979e-49
1.746309309309309654e+01 7.084045911262295064e-49
1.750312312312312812e+01 5.036060763243692648e-49
1.754315315315315615e+01 3.581064856173823760e-49
1.758318318318318774e+01 2.547094452361064851e-49
1.762321321321321577e+01 1.812130862966709634e-49
1.766324324324324735e+01 1.289572344021849279e-49
1.770327327327327538e+01 9.179383443388411610e-50
1.774330330330330696e+01 6.535712777798552993e-50
1.778333333333333854e+01 4.654618017855006809e-50
1.782336336336336657e+01 3.315788110346637310e-50
1.786339339339339816e+01 2.362659412410139953e-50
1.790342342342342619e+01 1.683941841665700301e-50
1.794345345345345777e+01 1.200506897861877877e-50
1.798348348348348580e+01 8.560789547573904495e-51
1.802351351351351738e+01 6.106249627286426405e-51
1.806354354354354896e+01 4.356591525332577764e-51
1.810357357357357699e+01 3.109071168457622756e-51
1.814360360360360858e+01 2.219351009820497781e-51
1.818363363363363661e+01 1.584648022273666946e-51
1.822366366366366819e+01 1.131751530215848301e-51
1.826369369369369622e+01 8.085014424479497621e-52
1.830372372372372780e+01 5.777259945658919012e-52
1.834375375375375938e+01 4.129280524901830883e-52
1.838378378378378741e+01 2.952148517895701183e-52
1.842381381381381900e+01 2.111121928307474534e-52
1.846384384384384703e+01 1.510079090317907490e-52
1.850387387387387861e+01 1.080431643392041025e-52
1.854390390390390664e+01 7.732253427509257763e-53
1.858393393393393822e+01 5.535106806561980045e-53
1.862396396396396625e+01 3.963300743546867573e-53
1.866399399399399783e+01 2.838566702888291044e-53
1.870402402402402942e+01 2.033537495485629500e-53
1.874405405405405745e+01 1.457190132819771851e-53
1.878408408408408903e+01 1.044458445193820077e-53
1.882411411411411706e+01 7.488191894013759319e-54
1.886414414414414864e+01 5.369991113695137745e-54
1.890417417417417667e+01 3.851952446504610774e-54
1.894420420420420825e+01 2.763751296742035078e-54
1.898423423423423984e+01 1.983479138094755941e-54
1.902426426426426787e+01 1.423858694194101708e-54
1.906429429429429945e+01 1.022390164334249116e-54
1.910432432432432748e+01 7.343056840835020333e-55
1.914435435435435906e+01 5.275304227638249473e-55
1.918438438438438709e+01 3.790778952920784787e-55
1.922441441441441867e+01 2.724706171752617098e-55
1.926444444444445026e+01 1.958939794295809613e-55
1.930447447447447828e+01 1.408745795417578592e-55
1.934450450450450987e+01 1.013337791038281638e-55
1.938453453453453790e+01 7.290978850113030675e-56
1.942456456456456948e+01 5.247196872593360905e-56
1.946459459459459751e+01 3.777276086090479355e-56
1.950462462462462909e+01 2.719818199410187397e-56
1.954465465465465712e+01 1.958893042707097569e-56
1.958468468468468870e+01 1.411208548627788070e-56
1.962471471471472029e+01 1.016906968747763304e-56
1.966474474474474832e+01 7.329607536821354647e-57
1.970477477477477990e+01 5.284326125743801984e-57
1.974480480480480793e+01 3.810726837819827254e-57
1.978483483483483951e+01 2.748750103005232146e-57
1.982486486486486754e+01 1.983224373350499410e-57
1.986489489489489912e+01 1.431256637395296236e-57
1.990492492492493071e+01 1.033170893854325819e-57
1.994495495495495874e+01 7.459946524793255692e-58
1.998498498498499032e+01 5.387758029672187054e-58
2.002501501501501835e+01 3.892146531835146079e-58
2.006504504504504993e+01 2.812411891721993520e-58
2.010507507507507796e+01 2.032718430844902602e-58
2.014510510510510954e+01 1.469548729636091566e-58
2.018513513513513757e+01 1.062671751645444140e-58
2.022516516516516916e+01 7.686392683995931726e-59
2.026519519519520074e+01 5.561016659477156168e-59
2.030522522522522877e+01 4.024333171876678872e-59
2.034525525525526035e+01 2.913007966809946915e-59
2.038528528528528838e+01 2.109100789763908718e-59
2.042531531531531996e+01 1.527428254727078498e-59
2.046534534534534799e+01 1.106450615043285584e-59
2.050537537537537958e+01 8.016981513571899790e-60
2.054540540540541116e+01 5.810282738967257617e-60
2.058543543543543919e+01 4.212026456161784821e-60
2.062546546546547077e+01 3.054163313207688708e-60
2.066549549549549880e+01 2.215137376669525475e-60
2.070552552552553038e+01 1.607001264234240095e-60
2.074555555555555841e+01 1.166108111131367356e-60
2.078558558558559000e+01 8.463857796474016711e-61
2.082561561561562158e+01 6.144757424448440396e-61
2.086564564564564961e+01 4.462188055904933776e-61
2.090567567567568119e+01 3.241138838456258113e-61
2.094570570570570922e+01 2.354799511591930420e-61
2.098573573573574080e+01 1.711262652445693919e-61
2.102576576576576883e+01 1.243900769190038898e-61
2.106579579579580042e+01 9.044009819017876069e-62
2.110582582582582845e+01 6.577220981849940890e-62
2.114585585585586003e+01 4.784426155461017613e-62
2.118588588588589161e+01 3.481153599591174334e-62
2.122591591591591964e+01 2.533508219965556698e-62
2.126594594594595122e+01 1.844281217766433492e-62
2.130597597597597925e+01 1.342881081984743973e-62
2.134600600600601084e+01 9.780328599610344509e-63
2.138603603603603887e+01 7.124833293199242608e-63
2.142606606606607045e+01 5.191600060475655427e-63
2.146609609609610203e+01 3.783841202130880369e-63
2.150612612612613006e+01 2.758478583859228888e-63
2.154615615615616164e+01 2.011459359909922192e-63
2.158618618618618967e+01 1.467093282808030424e-63
2.162621621621622126e+01 1.070308326747883441e-63
2.166624624624624929e+01 7.810245355954637253e-64
2.170627627627628087e+01 5.700657330009179511e-64
2.174630630630630890e+01 4.161880135583542702e-64
2.178633633633634048e+01 3.039194262647045552e-64
2.182636636636637206e+01 2.219890234016936976e-64
2.186639639639640009e+01 1.621842117423223390e-64
2.190642642642643168e+01 1.185194338160424062e-64
2.194645645645645970e+01 8.663120747109190155e-65
2.198648648648649129e+01 6.333778309492803830e-65
2.202651651651651932e+01 4.631854681837389340e-65
2.206654654654655090e+01 3.388055015037914712e-65
2.210657657657658248e+01 2.478844749019578786e-65
2.214660660660661051e+01 1.814059097478268503e-65
2.218663663663664209e+01 1.327873330217415460e-65
2.222666666666667012e+01 9.722206980368679360e-66
2.226669669669670171e+01 7.119933830512551175e-66
2.230672672672672974e+01 5.215426336381414153e-66
2.234675675675676132e+01 3.821257640299379672e-66
2.238678678678679290e+01 2.800434072332833387e-66
2.242681681681682093e+01 2.052800745055647074e-66
2.246684684684685251e+01 1.505117942507748828e-66
2.250687687687688054e+01 1.103815386841147587e-66
2.254690690690691213e+01 8.097005050858243244e-67
2.258693693693694016e+01 5.940928336534820308e-67
2.262696696696697174e+01 4.359995440281245354e-67
2.266699699699699977e+01 3.200511965529903285e-67
2.270702702702703135e+01 2.349927450918355478e-67
2.274705705705706293e+01 1.725801783369985855e-67
2.278708708708709096e+01 1.267735675328653095e-67
2.282711711711712255e+01 9.314675506739462502e-68
2.286714714714715058e+01 6.845542127594447390e-68
2.290717717717718216e+01 5.032096299700723667e-68
2.294720720720721019e+01 3.699907767764939357e-68
2.298723723723724177e+01 2.721031626925093964e-68
2.302726726726727335e+01 2.001598180989738061e-68
2.306729729729730138e+01 1.472721750166077961e-68
2.310732732732733297e+01 1.083839258404407688e-68
2.314735735735736100e+01 7.978280609934506601e-69
2.318738738738739258e+01 5.874269499136660188e-69
2.322741741741742061e+01 4.326118746672064503e-69
2.326744744744745219e+01 3.186712560028491121e-69
2.330747747747748377e+01 2.347940639979989725e-69
2.334750750750751180e+01 1.730338124428941483e-69
2.338753753753754339e+01 1.275482078423266179e-69
2.342756756756757142e+01 9.404097928017736391e-70
2.346759759759760300e+01 6.935203362862177590e-70
2.350762762762763103e+01 5.115645140551267537e-70
2.354765765765766261e+01 3.774336798968072662e-70
2.358768768768769064e+01 2.785350151884504657e-70
2.362771771771772222e+01 2.055974532596304066e-70
2.366774774774775381e+01 1.517939015097511165e-70
2.370777777777778184e+01 1.120958293559411861e-70
2.374780780780781342e+01 8.279860124349400642e-71
2.378783783783784145e+01 6.117230385610115151e-71
2.382786786786787303e+01 4.520483018167234082e-71
2.386789789789790106e+01 3.341280157595271144e-71
2.390792792792793264e+01 2.470238363406253384e-71
2.394795795795796423e+01 1.826680657150800143e-71
2.398798798798799226e+01 1.351089353005038821e-71
2.402801801801802384e+01 9.995466390650370479e-72
2.406804804804805187e+01 7.396384519927537477e-72
2.410807807807808345e+01 5.474358076771884806e-72
2.414810810810811148e+01 4.052696671933421464e-72
2.418813813813814306e+01 3.000903658315626673e-72
2.422816816816817109e+01 2.222577619046527178e-72
2.426819819819820268e+01 1.646488217478204149e-72
2.430822822822823426e+01 1.219992048713148313e-72
2.434825825825826229e+01 9.041738275626083823e-73
2.438828828828829387e+01 6.702599929563721825e-73
2.442831831831832190e+01 4.969709165089648192e-73
2.446834834834835348e+01 3.685656325869080537e-73
2.450837837837838151e+01 2.733976397135234834e-73
2.454840840840841310e+01 2.028479501425360035e-73
2.458843843843844468e+01 1.505366681563801203e-73
2.462846846846847271e+01 1.117402568365967233e-73
2.466849849849850429e+01 8.296073601343519330e-74
2.470852852852853232e+01 6.160712876479722644e-74
2.474855855855856390e+01 4.575985694631398328e-74
2.478858858858859193e+01 3.399644774008100741e-74
2.482861861861862351e+01 2.526256775458629533e-74
2.486864864864865510e+01 1.877657545469156739e-74
2.490867867867868313e+01 1.395886486084751305e-74
2.494870870870871471e+01 1.037954975368248333e-74
2.498873873873874274e+01 7.719719129105603661e-75
2.502876876876877432e+01 5.742737061358896862e-75
2.506879879879880235e+01 4.272978313144814683e-75
2.510882882882883393e+01 3.180069747137888014e-75
2.514885885885886196e+01 2.367209406982853105e-75
2.518888888888889355e+01 1.762506237993098256e-75
2.522891891891892513e+01 1.312557916354256445e-75
2.526894894894895316e+01 9.776873427625927639e-76
2.530897897897898474e+01 7.284086430237815514e-76
2.534900900900901277e+01 5.428047562186775348e-76
2.538903903903904435e+01 4.045810445380478493e-76
2.542906906906907238e+01 3.016203414616192412e-76
2.546909909909910397e+01 2.249100222990617616e-76
2.550912912912913555e+01 1.677451420569891098e-76
2.554915915915916358e+01 1.251364796056439843e-76
2.558918918918919516e+01 9.337070307592326438e-77
2.562921921921922319e+01 6.968349363372921215e-77
2.566924924924925477e+01 5.201656521179401297e-77
2.570927927927928280e+01 3.883700855178792894e-77
2.574930930930931439e+01 2.900294448705554927e-77
2.578933933933934597e+01 2.166359410166304137e-77
2.582936936936937400e+01 1.618493290645101635e-77
2.586939939939940558e+01 1.209436715579659543e-77
2.590942942942943361e+01 9.039556478422164110e-78
2.594945945945946519e+01 6.757759041991631780e-78
2.598948948948949322e+01 5.053005430736252835e-78
2.602951951951952481e+01 3.779098292659804789e-78
2.606954954954955284e+01 2.826948183741860289e-78
2.610957957957958442e+01 2.115137589203325053e-78
2.614960960960961600e+01 1.582888744163889794e-78
2.618963963963964403e+01 1.184821777734809990e-78
2.622966966966967561e+01 8.870465537581384866e-79
2.626969969969970364e+01 6.642482561528880795e-79
2.630972972972973523e+01 4.975135757068967921e-79
2.634975975975976326e+01 3.727089568272119722e-79
2.638978978978979484e+01 2.792704484417313948e-79
2.642981981981982642e+01 2.093005029834492870e-79
2.646984984984985445e+01 1.568937259121001706e-79
2.650987987987988603e+01 1.176334338828273837e-79
2.654990990990991406e+01 8.821567157779985430e-80
2.658993993993994565e+01 6.616835910092331575e-80
2.662996996996997368e+01 4.964145629680987384e-80
2.667000000000000526e+01 3.725015377102771498e-80
2.671003003003003329e+01 2.795766600959532486e-80
2.675006006006006487e+01 2.098760683843777603e-80
2.679009009009009645e+01 1.575846718165028033e-80
2.683012012012012448e+01 1.183460988361350257e-80
2.687015015015015607e+01 8.889610313414128112e-81
2.691018018018018410e+01 6.678826818890370767e-81
2.695021021021021568e+01 5.018872955078400695e-81
2.699024024024024371e+01 3.772251699570311005e-81
2.703027027027027529e+01 2.835851229089216832e-81
2.707030030030030687e+01 2.132330036499438664e-81
2.711033033033033490e+01 1.603664388670604827e-81
2.715036036036036649e+01 1.206314382791719015e-81
2.719039039039039451e+01 9.076018376987369293e-82
2.723042042042042610e+01 6.829956654086133793e-82
2.727045045045045413e+01 5.140769469249947280e-82
2.731048048048048571e+01 3.870132121402309359e-82
2.735051051051051729e+01 2.914142708396527252e-82
2.739054054054054532e+01 2.194740017725152023e-82
2.743057057057057690e+01 1.653265002124763759e-82
2.747060060060060493e+01 1.245629446594662282e-82
2.751063063063063652e+01 9.386899016175177792e-83
2.755066066066066455e+01 7.075256544042847169e-83
2.759069069069069613e+01 5.333949327025773783e-83
2.763072072072072416e+01 4.022000393497606236e-83
2.767075075075075574e+01 3.033344545988645721e-83
2.771078078078078732e+01 2.288166747140820492e-83
2.775081081081081535e+01 1.726393417721766665e-83
2.779084084084084694e+01 1.302800539423846702e-83
2.783087087087087497e+01 9.833361986057415660e-84
2.787090090090090655e+01 7.423555244387789592e-84
2.791093093093093458e+01 5.605412354257101293e-84
2.795096096096096616e+01 4.233394819234875871e-84
2.799099099099099774e+01 3.197830573339879040e-84
2.803102102102102577e+01 2.416058681473202357e-84
2.807105105105105736e+01 1.825764425557717947e-84
2.811108108108108539e+01 1.379961979195261117e-84
2.815111111111111697e+01 1.043216630756963205e-84
2.819114114114114500e+01 7.887997552940460865e-85
2.823117117117117658e+01 5.965458109466682552e-85
2.827120120120120816e+01 4.512378123172068440e-85
2.831123123123123619e+01 3.413907148647873756e-85
2.835126126126126778e+01 2.583344614440243231e-85
2.839129129129129581e+01 1.955227455364540646e-85
2.843132132132132739e+01 1.480118262869213880e-85
2.847135135135135542e+01 1.120674834654598875e-85
2.851138138138138700e+01 8.486854932167328494e-86
2.855141141141141503e+01 6.428324312681629713e-86
2.859144144144144661e+01 4.870039744392195219e-86
2.863147147147147820e+01 3.690207975099565290e-86
2.867150150150150623e+01 2.796743754763324893e-86
2.871153153153153781e+01 2.120009916535352987e-86
2.875156156156156584e+01 1.607334900692188917e-86
2.879159159159159742e+01 1.218871745494206800e-86
2.883162162162162545e+01 9.244697036398161993e-87
2.887165165165165703e+01 7.013104024579936965e-87
2.891168168168168862e+01 5.321213554241574295e-87
2.895171171171171665e+01 4.038255497594624187e-87
2.899174174174174823e+01 3.065204681197932109e-87
2.903177177177177626e+01 2.327060297485033177e-87
2.907180180180180784e+01 1.767006508232400084e-87
2.911183183183183587e+01 1.341995020495784530e-87
2.915186186186186745e+01 1.019402723212125038e-87
2.919189189189189548e+01 7.745022635444385325e-88
2.923192192192192707e+01 5.885474704541640494e-88
2.927195195195195865e+01 4.473238923189628827e-88
2.931198198198198668e+01 3.400512472563075812e-88
2.935201201201201826e+01 2.585521871916260569e-88
2.939204204204204629e+01 1.966226362690784329e-88
2.943207207207207787e+01 1.495547311260565576e-88
2.947210210210210590e+01 1.137753104452901125e-88
2.951213213213213749e+01 8.657191443419429918e-89
2.955216216216216907e+01 6.588507155372299870e-89
2.959219219219219710e+01 5.015080622230321402e-89
2.963222222222222868e+01 3.818120247689165975e-89
2.967225225225225671e+01 2.907381076471329468e-89
2.971228228228228829e+01 2.214291947370266463e-89
2.975231231231231632e+01 1.686740431287365025e-89
2.979234234234234791e+01 1.285114939342546021e-89
2.983237237237237949e+01 9.793003770294929066e-90
2.987240240240240752e+01 7.463971858603793445e-90
2.991243243243243910e+01 5.689892706917534950e-90
2.995246246246246713e+01 4.338284839033702129e-90
2.999249249249249871e+01 3.308352994971591012e-90
3.003252252252252674e+01 2.523395379182841199e-90
3.007255255255255832e+01 1.925033709296604247e-90
3.011258258258258635e+01 1.468827648036723837e-90
3.015261261261261794e+01 1.120940844388816822e-90
3.019264264264264952e+01 8.556059499596560357e-91
3.023267267267267755e+01 6.531967809924042512e-91
3.027270270270270913e+01 4.987619393458124076e-91
3.031273273273273716e+01 3.809092287692856854e-91
3.035276276276276874e+01 2.909567907045051651e-91
3.039279279279279677e+01 2.222870719264537915e-91
3.043282282282282836e+01 1.698550679113684678e-91
3.047285285285285994e+01 1.298139313455087043e-91
3.051288288288288797e+01 9.922988251096351282e-92
3.055291291291291955e+01 7.586508100322409376e-92
3.059294294294294758e+01 5.801222749894508438e-92
3.063297297297297916e+01 4.436854804661803456e-92
3.067300300300300719e+01 3.393976609303302522e-92
3.071303303303303878e+01 2.596691278063429555e-92
3.075306306306307036e+01 1.987053375185876392e-92
3.079309309309309839e+01 1.520814974323292402e-92
3.083312312312312997e+01 1.164181661677989344e-92
3.087315315315315800e+01 8.913382599928566410e-93
3.091318318318318958e+01 6.825612959049108649e-93
3.095321321321321761e+01 5.227788115722231281e-93
3.099324324324324920e+01 4.004713018340177576e-93
3.103327327327327723e+01 3.068328261050145880e-93
3.107330330330330881e+01 2.351305900771206611e-93
3.111333333333334039e+01 1.802159540007652740e-93
3.115336336336336842e+01 1.381509957695213801e-93
3.119339339339340000e+01 1.059232706389522698e-93
3.123342342342342803e+01 8.122789868609867001e-94
3.127345345345345962e+01 6.230105828830609466e-94
3.131348348348348765e+01 4.779273611484885576e-94
3.135351351351351923e+01 3.666946095206907246e-94
3.139354354354355081e+01 2.813994305060592235e-94
3.143357357357357884e+01 2.159821478914028957e-94
3.147360360360361042e+01 1.658014587125675371e-94
3.151363363363363845e+01 1.273018118009972665e-94
3.155366366366367004e+01 9.775893582776571502e-95
3.159369369369369807e+01 7.508512116152523984e-95
3.163372372372372965e+01 5.768019813179721142e-95
3.167375375375375768e+01 4.431746755631007855e-95
3.171378378378378926e+01 3.405637027953267766e-95
3.175381381381382084e+01 2.617561607082853931e-95
3.179384384384384887e+01 2.012196976511819996e-95
3.183387387387388046e+01 1.547102176707755555e-95
3.187390390390390849e+01 1.189713323722575818e-95
3.191393393393394007e+01 9.150406229059815177e-96
3.195396396396396810e+01 7.039033695565529925e-96
3.199399399399399968e+01 5.415770245064002886e-96
3.203402402402402771e+01 4.167559766368042045e-96
3.207405405405405929e+01 3.207581925672678335e-96
3.211408408408408377e+01 2.469152386341627461e-96
3.215411411411411535e+01 1.901043892369076767e-96
3.219414414414414694e+01 1.463896621849113609e-96
3.223417417417417852e+01 1.127463747395179210e-96
3.227420420420420299e+01 8.684975096125631467e-97
3.231423423423423458e+01 6.691265796290174865e-97
3.235426426426426616e+01 5.156103174440301576e-97
3.239429429429429774e+01 3.973822184832986871e-97
3.243432432432432933e+01 3.063152895053788013e-97
3.247435435435435380e+01 2.361577672929316829e-97
3.251438438438438538e+01 1.820996071429930992e-97
3.255441441441441697e+01 1.404393787728329552e-97
3.259444444444444855e+01 1.083282700850221229e-97
3.263447447447448013e+01 8.357331604796639051e-98
3.267450450450450461e+01 6.448612507408963477e-98
3.271453453453453619e+01 4.976656313605865992e-98
3.275456456456456777e+01 3.841330204253125099e-98
3.279459459459459936e+01 2.965501567682178009e-98
3.283462462462462383e+01 2.289744909203524517e-98
3.287465465465465542e+01 1.768269173516305067e-98
3.291468468468468700e+01 1.365783562656416318e-98
3.295471471471471858e+01 1.055085177845825900e-98
3.299474474474475016e+01 8.152019308655868875e-99
3.303477477477477464e+01 6.299626737179069911e-99
3.307480480480480622e+01 4.868960808707348800e-99
3.311483483483483781e+01 3.763825555141751926e-99
3.315486486486486939e+01 2.910009082253025437e-99
3.319489489489489387e+01 2.250249924355000860e-99
3.323492492492492545e+01 1.740358122053494662e-99
3.327495495495495703e+01 1.346225628799052889e-99
3.331498498498498861e+01 1.041521763252746769e-99
3.335501501501502020e+01 8.059164375129765973e-100
3.339504504504504467e+01 6.237100645569514073e-100
3.343507507507507626e+01 4.827768858086210366e-100
3.347510510510510784e+01 3.737498860340433372e-100
3.351513513513513942e+01 2.893919571155922694e-100
3.355516516516517100e+01 2.241106720491458551e-100
3.359519519519519548e+01 1.735838103117038502e-100
3.363522522522522706e+01 1.344703081984876062e-100
3.367525525525525865e+01 1.041871102251384294e-100
3.371528528528529023e+01 8.073686828802121900e-101
3.375531531531531471e+01 6.257488027135289704e-101
3.379534534534534629e+01 4.850631490577691135e-101
3.383537537537537787e+01 3.760681636665587876e-101
3.387540540540540945e+01 2.916116003637400876e-101
3.391543543543544104e+01 2.261584760180937903e-101
3.395546546546546551e+01 1.754246804613602031e-101
3.399549549549549710e+01 1.360937492411993788e-101
3.403552552552552868e+01 1.055978873118243597e-101
3.407555555555556026e+01 8.194864059068972362e-102
3.411558558558558474e+01 6.360593757970988556e-102
3.415561561561561632e+01 4.937678989832869646e-102
3.419564564564564790e+01 3.833692199727751919e-102
3.423567567567567949e+01 2.977013020604075893e-102
3.427570570570571107e+01 2.312135270494670155e-102
3.431573573573573555e+01 1.796034451596451139e-102
3.435576576576576713e+01 1.395355650768910342e-102
3.439579579579579871e+01 1.084236202945812469e-102
3.443582582582583029e+01 8.426195640573931854e-103
3.447585585585585477e+01 6.549493663328367241e-103
3.451588588588588635e+01 5.091577714580870288e-103
3.455591591591591794e+01 3.958816753011216934e-103
3.459594594594594952e+01 3.078553484137298992e-103
3.463597597597598110e+01 2.394397206415656198e-103
3.467600600600600558e+01 1.862575093569945451e-103
3.471603603603603716e+01 1.449103465723066287e-103
3.475606606606606874e+01 1.127594421442076273e-103
3.479609609609610033e+01 8.775548519540192328e-104
3.483612612612613191e+01 6.830670948556702312e-104
3.487615615615615638e+01 5.317654390492799457e-104
3.491618618618618797e+01 4.140420133067853446e-104
3.495621621621621955e+01 3.224305520630607599e-104
3.499624624624625113e+01 2.511281192725725552e-104
3.503627627627627561e+01 1.956238467438227554e-104
3.507630630630630719e+01 1.524106970377465698e-104
3.511633633633633877e+01 1.187616491063613916e-104
3.515636636636637036e+01 9.255588050369198970e-105
3.519639639639640194e+01 7.214375655570157330e-105
3.523642642642642642e+01 5.624194593136065657e-105
3.527645645645645800e+01 4.385192744402560519e-105
3.531648648648648958e+01 3.419666149970111312e-105
3.535651651651652116e+01 2.667136965542036861e-105
3.539654654654654564e+01 2.080527337194214132e-105
3.543657657657657722e+01 1.623184720910743250e-105
3.547660660660660881e+01 1.266568811341177181e-105
3.551663663663664039e+01 9.884526497578366714e-106
3.555666666666667197e+01 7.715233959962580313e-106
3.559669669669669645e+01 6.022938016273670418e-106
3.563672672672672803e+01 4.702552616456326650e-106
3.567675675675675961e+01 3.672187290153500738e-106
3.571678678678679120e+01 2.868017428489573405e-106
3.575681681681682278e+01 2.240291165857981582e-106
3.579684684684684726e+01 1.750220545350440927e-106
3.583687687687687884e+01 1.367560769767559254e-106
3.587690690690691042e+01 1.068724953487464231e-106
3.591693693693694200e+01 8.353156905833937284e-107
3.595696696696696648e+01 6.529811088029254939e-107
3.599699699699699806e+01 5.105235701733627854e-107
3.603702702702702965e+01 3.992051138976982325e-107
3.607705705705706123e+01 3.122061308553180515e-107
3.611708708708709281e+01 2.442033998879094385e-107
3.615711711711711729e+01 1.910411167078500155e-107
3.619714714714714887e+01 1.494743827241921799e-107
3.623717717717718045e+01 1.169691632778563805e-107
3.627720720720721204e+01 9.154626026109747804e-108
3.631723723723723651e+01 7.165959641107164822e-108
3.635726726726726810e+01 5.610125152618656123e-108
3.639729729729729968e+01 4.392735961920809042e-108
3.643732732732733126e+01 3.440027572237199787e-108
3.647735735735736284e+01 2.694343347084009602e-108
3.651738738738738732e+01 2.110610333670093484e-108
3.655741741741741890e+01 1.653587597145662700e-108
3.659744744744745049e+01 1.295717406885224406e-108
3.663747747747748207e+01 1.015446947123363649e-108
3.667750750750751365e+01 7.959173256132462578e-109
3.671753753753753813e+01 6.239393433198770896e-109
3.675756756756756971e+01 4.891931808905793347e-109
3.679759759759760129e+01 3.836029562158111797e-109
3.683762762762763288e+01 3.008478705061752019e-109
3.687765765765765735e+01 2.359800569868415201e-109
3.691768768768768894e+01 1.851257978219178904e-109
3.695771771771772052e+01 1.452518874709263026e-109
3.699774774774775210e+01 1.139829109749235312e-109
3.703777777777778368e+01 8.945832049837398856e-110
3.707780780780780816e+01 7.022062525317473747e-110
3.711783783783783974e+01 5.512790876257679889e-110
3.715786786786787133e+01 4.328537031383678503e-110
3.719789789789790291e+01 3.399174568410143508e-110
3.723792792792792739e+01 2.669736701609696641e-110
3.727795795795795897e+01 2.097132863151697875e-110
3.731798798798799055e+01 1.647577795970617331e-110
3.735801801801802213e+01 1.294578246725185128e-110
3.739804804804805372e+01 1.017356091578299445e-110
3.743807807807807819e+01 7.996131073509023946e-111
3.747810810810810978e+01 6.285632262615288878e-111
3.751813813813814136e+01 4.941742415236987301e-111
3.755816816816817294e+01 3.885735456457007816e-111
3.759819819819820452e+01 3.055823506411489394e-111
3.763822822822822900e+01 2.403505589093468462e-111
3.767825825825826058e+01 1.890704936891681389e-111
3.771828828828829216e+01 1.487524247742505092e-111
3.775831831831832375e+01 1.170485247131384577e-111
3.779834834834834822e+01 9.211478667896039238e-112
3.783837837837837981e+01 7.250270244862182022e-112
3.787840840840841139e+01 5.707427423311437615e-112
3.791843843843844297e+01 4.493532439307875217e-112
3.795846846846847455e+01 3.538315601326576601e-112
3.799849849849849903e+01 2.786547033802631794e-112
3.803852852852853061e+01 2.194811539369411664e-112
3.807855855855856220e+01 1.728976381115310983e-112
3.811858858858859378e+01 1.362202827439820928e-112
3.815861861861861826e+01 1.073384470630875401e-112
3.819864864864864984e+01 8.459205479370140899e-113
3.823867867867868142e+01 6.667522654299325777e-113
3.827870870870871300e+01 5.256056287649278392e-113
3.831873873873874459e+01 4.143964439522023325e-113
3.835876876876876906e+01 3.267626884562011055e-113
3.839879879879880065e+01 2.576969347180780709e-113
3.843882882882883223e+01 2.032573783807184241e-113
3.847885885885886381e+01 1.603406298750668818e-113
3.851888888888889539e+01 1.265030432075415733e-113
3.855891891891891987e+01 9.982019345757224457e-114
3.859894894894895145e+01 7.877634218809597855e-114
3.863897897897898304e+01 6.217747905564890435e-114
3.867900900900901462e+01 4.908290140214215367e-114
3.871903903903903910e+01 3.875137232258780493e-114
3.875906906906907068e+01 3.059874501784429174e-114
3.879909909909910226e+01 2.416460689152057952e-114
3.883912912912913384e+01 1.908601985727610986e-114
3.887915915915916543e+01 1.507684431249297529e-114
3.891918918918918990e+01 1.191145724379238444e-114
3.895921921921922149e+01 9.411928828365126618e-115
3.899924924924925307e+01 7.437921497844833463e-115
3.903927927927928465e+01 5.878732371356697663e-115
3.907930930930930913e+01 4.647023377403221988e-115
3.911933933933934071e+01 3.673880446277772314e-115
3.915936936936937229e+01 2.904919502844066524e-115
3.919939939939940388e+01 2.297217052606297862e-115
3.923942942942943546e+01 1.816890412282183797e-115
3.927945945945945994e+01 1.437189824529472239e-115
3.931948948948949152e+01 1.136993964861601807e-115
3.935951951951952310e+01 8.996233870389707162e-116
3.939954954954955468e+01 7.119045900151618130e-116
3.943957957957957916e+01 5.634316696246294139e-116
3.947960960960961074e+01 4.459837632813880455e-116
3.951963963963964233e+01 3.530653522822302965e-116
3.955966966966967391e+01 2.795434622720540629e-116
3.959969969969970549e+01 2.213612980286782551e-116
3.963972972972972997e+01 1.753121786961627203e-116
3.967975975975976155e+01 1.388610516437174094e-116
3.971978978978979313e+01 1.100035522122291811e-116
3.975981981981982472e+01 8.715469620880032987e-117
3.979984984984985630e+01 6.906096295229535443e-117
3.983987987987988078e+01 5.473084410967749296e-117
3.987990990990991236e+01 4.337997242048852130e-117
3.991993993993994394e+01 3.438776370645193783e-117
3.995996996996997552e+01 2.726315179327701158e-117
4.000000000000000000e+01 2.161750576305573925e-117
