5.000000000000000000e-01 1.318560159638971072e+02
5.102602602602602788e-01 1.318979013343734721e+02
5.205205205205205576e-01 1.319397611609277590e+02
5.307807807807807254e-01 1.319815954051443327e+02
5.410410410410410043e-01 1.320234040285882884e+02
5.513013013013012831e-01 1.320651869928204576e+02
5.615615615615615619e-01 1.321069442593851591e+02
5.718218218218218407e-01 1.321486757898159397e+02
5.820820820820821195e-01 1.321903815456344375e+02
5.923423423423423984e-01 1.322320614883510359e+02
6.026026026026025662e-01 1.322737155794629018e+02
6.128628628628628450e-01 1.323153437804618591e+02
6.231231231231231238e-01 1.323569460528246680e+02
6.333833833833834026e-01 1.323985223580120874e+02
6.436436436436436814e-01 1.324400726574839950e+02
6.539039039039038492e-01 1.324815969126865980e+02
6.641641641641641280e-01 1.325230950850487091e+02
6.744244244244244069e-01 1.325645671359931441e+02
6.846846846846846857e-01 1.326060130269393653e+02
6.949449449449449645e-01 1.326474327192876217e+02
7.052052052052051323e-01 1.326888261744309716e+02
7.154654654654655221e-01 1.327301933537529237e+02
7.257257257257256899e-01 1.327715342186271528e+02
7.359859859859859688e-01 1.328128487304159933e+02
7.462462462462462476e-01 1.328541368504784543e+02
7.565065065065064154e-01 1.328953985401585953e+02
7.667667667667668052e-01 1.329366337607908122e+02
7.770270270270269730e-01 1.329778424737027649e+02
7.872872872872872518e-01 1.330190246402139280e+02
7.975475475475475307e-01 1.330601802216323222e+02
8.078078078078078095e-01 1.331013091792588909e+02
8.180680680680680883e-01 1.331424114743868756e+02
8.283283283283282561e-01 1.331834870683007352e+02
8.385885885885886459e-01 1.332245359222761465e+02
8.488488488488488137e-01 1.332655579975780427e+02
8.591091091091090926e-01 1.333065532554692822e+02
8.693693693693693714e-01 1.333475216571986834e+02
8.796296296296295392e-01 1.333884631640133875e+02
8.898898898898899290e-01 1.334293777371473197e+02
9.001501501501500968e-01 1.334702653378315063e+02
9.104104104104103756e-01 1.335111259272859456e+02
9.206706706706706544e-01 1.335519594667275669e+02
9.309309309309309333e-01 1.335927659173629820e+02
9.411911911911912121e-01 1.336335452403884290e+02
9.514514514514513799e-01 1.336742973970015669e+02
9.617117117117117697e-01 1.337150223483888283e+02
9.719719719719719375e-01 1.337557200557314445e+02
9.822322322322322163e-01 1.337963904802020352e+02
9.924924924924924952e-01 1.338370335829667113e+02
1.002752752752752663e+00 1.338776493251916122e+02
1.013013013013012831e+00 1.339182376680276718e+02
1.023273273273273221e+00 1.339587985726271029e+02
1.033533533533533610e+00 1.339993320001323411e+02
1.043793793793793778e+00 1.340398379116840317e+02
1.054054054054053946e+00 1.340803162684124743e+02
1.064314314314314336e+00 1.341207670314425968e+02
1.074574574574574504e+00 1.341611901619023399e+02
1.084834834834834894e+00 1.342015856209040408e+02
1.095095095095095061e+00 1.342419533695604343e+02
1.105355355355355229e+00 1.342822933689816409e+02
1.115615615615615619e+00 1.343226055802662984e+02
1.125875875875876009e+00 1.343628899645126751e+02
1.136136136136136177e+00 1.344031464828146909e+02
1.146396396396396344e+00 1.344433750962614056e+02
1.156656656656656512e+00 1.344835757659368483e+02
1.166916916916916902e+00 1.345237484529181415e+02
1.177177177177177292e+00 1.345638931182880924e+02
1.187437437437437460e+00 1.346040097231142454e+02
1.197697697697697627e+00 1.346440982284675556e+02
1.207957957957957795e+00 1.346841585954119012e+02
1.218218218218218185e+00 1.347241907850124392e+02
1.228478478478478575e+00 1.347641947583215085e+02
1.238738738738738743e+00 1.348041704763991788e+02
1.248998998998998911e+00 1.348441179002959416e+02
1.259259259259259078e+00 1.348840369910629704e+02
1.269519519519519468e+00 1.349239277097402407e+02
1.279779779779779858e+00 1.349637900173784999e+02
1.290040040040040026e+00 1.350036238750128348e+02
1.300300300300300194e+00 1.350434292436860915e+02
1.310560560560560361e+00 1.350832060844321063e+02
1.320820820820820751e+00 1.351229543582847441e+02
1.331081081081081141e+00 1.351626740262755675e+02
1.341341341341341309e+00 1.352023650494349170e+02
1.351601601601601477e+00 1.352420273887908877e+02
1.361861861861861867e+00 1.352816610053708075e+02
1.372122122122122034e+00 1.353212658601963199e+02
1.382382382382382424e+00 1.353608419142909440e+02
1.392642642642642592e+00 1.354003891286787962e+02
1.402902902902902760e+00 1.354399074643780523e+02
1.413163163163163150e+00 1.354793968824096737e+02
1.423423423423423539e+00 1.355188573437914386e+02
1.433683683683683707e+00 1.355582888095398175e+02
1.443943943943943875e+00 1.355976912406731856e+02
1.454204204204204043e+00 1.356370645982080134e+02
1.464464464464464433e+00 1.356764088431600044e+02
1.474724724724724823e+00 1.357157239365436396e+02
1.484984984984984990e+00 1.357550098393735709e+02
1.495245245245245158e+00 1.357942665126661552e+02
1.505505505505505548e+00 1.358334939174349643e+02
1.515765765765765716e+00 1.358726920146965256e+02
1.526026026026025884e+00 1.359118607654692426e+02
1.536286286286286273e+00 1.359510001307598941e+02
1.546546546546546441e+00 1.359901100715927384e+02
1.556806806806806831e+00 1.360291905489831663e+02
1.567067067067066999e+00 1.360682415239489274e+02
1.577327327327327167e+00 1.361072629575067765e+02
1.587587587587587556e+00 1.361462548106787835e+02
1.597847847847847724e+00 1.361852170444823571e+02
1.608108108108108114e+00 1.362241496199412722e+02
1.618368368368368282e+00 1.362630524980800715e+02
1.628628628628628672e+00 1.363019256399228709e+02
1.638888888888888840e+00 1.363407690064931330e+02
1.649149149149149007e+00 1.363795825588233299e+02
1.659409409409409397e+00 1.364183662579398799e+02
1.669669669669669565e+00 1.364571200648798310e+02
1.679929929929929955e+00 1.364958439406701132e+02
1.690190190190190123e+00 1.365345378463503039e+02
1.700450450450450290e+00 1.365732017429597818e+02
1.710710710710710680e+00 1.366118355915384655e+02
1.720970970970970848e+00 1.366504393531331232e+02
1.731231231231231238e+00 1.366890129887838441e+02
1.741491491491491406e+00 1.367275564595449566e+02
1.751751751751751796e+00 1.367660697264680039e+02
1.762012012012011963e+00 1.368045527506062911e+02
1.772272272272272131e+00 1.368430054930178414e+02
1.782532532532532521e+00 1.368814279147660500e+02
1.792792792792792689e+00 1.369198199769161590e+02
1.803053053053053079e+00 1.369581816405332404e+02
1.813313313313313246e+00 1.369965128666933083e+02
1.823573573573573414e+00 1.370348136164735422e+02
1.833833833833833804e+00 1.370730838509504963e+02
1.844094094094093972e+00 1.371113235312084271e+02
1.854354354354354362e+00 1.371495326183369059e+02
1.864614614614614529e+00 1.371877110734295400e+02
1.874874874874874697e+00 1.372258588575812723e+02
1.885135135135135087e+00 1.372639759318932704e+02
1.895395395395395255e+00 1.373020622574713627e+02
1.905655655655655645e+00 1.373401177954281138e+02
1.915915915915915813e+00 1.373781425068790725e+02
1.926176176176176202e+00 1.374161363529434539e+02
1.936436436436436370e+00 1.374540992947472091e+02
1.946696696696696538e+00 1.374920312934223716e+02
1.956956956956956928e+00 1.375299323101043285e+02
1.967217217217217096e+00 1.375678023059329576e+02
1.977477477477477485e+00 1.376056412420599599e+02
1.987737737737737653e+00 1.376434490796345358e+02
1.997997997997997821e+00 1.376812257798201529e+02
2.008258258258257989e+00 1.377189713037766978e+02
2.018518518518518157e+00 1.377566856126777850e+02
2.028778778778778769e+00 1.377943686677012636e+02
2.039039039039038936e+00 1.378320204300277965e+02
2.049299299299299548e+00 1.378696408608504100e+02
2.059559559559559716e+00 1.379072299213630686e+02
2.069819819819819884e+00 1.379447875727704798e+02
2.080080080080080052e+00 1.379823137762805914e+02
2.090340340340340219e+00 1.380198084931145956e+02
2.100600600600600387e+00 1.380572716844908427e+02
2.110860860860860555e+00 1.380947033116443947e+02
2.121121121121120723e+00 1.381321033358093757e+02
2.131381381381381335e+00 1.381694717182369345e+02
2.141641641641641503e+00 1.382068084201744966e+02
2.151901901901902114e+00 1.382441134028846932e+02
2.162162162162162282e+00 1.382813866276382271e+02
2.172422422422422450e+00 1.383186280557107466e+02
2.182682682682682618e+00 1.383558376483836980e+02
2.192942942942942786e+00 1.383930153669527101e+02
2.203203203203202953e+00 1.384301611727159127e+02
2.213463463463463121e+00 1.384672750269829749e+02
2.223723723723723733e+00 1.385043568910737406e+02
2.233983983983983901e+00 1.385414067263099298e+02
2.244244244244244069e+00 1.385784244940284680e+02
2.254504504504504681e+00 1.386154101555712259e+02
2.264764764764764848e+00 1.386523636722946833e+02
2.275025025025025016e+00 1.386892850055546944e+02
2.285285285285285184e+00 1.387261741167224898e+02
2.295545545545545352e+00 1.387630309671828002e+02
2.305805805805805520e+00 1.387998555183198448e+02
2.316066066066065687e+00 1.388366477315318832e+02
2.326326326326326299e+00 1.388734075682325511e+02
2.336586586586586467e+00 1.389101349898340914e+02
2.346846846846847079e+00 1.389468299577663686e+02
2.357107107107107247e+00 1.389834924334681148e+02
2.367367367367367414e+00 1.390201223783873274e+02
2.377627627627627582e+00 1.390567197539779727e+02
2.387887887887887750e+00 1.390932845217151339e+02
2.398148148148147918e+00 1.391298166430709671e+02
2.408408408408408086e+00 1.391663160795387455e+02
2.418668668668668253e+00 1.392027827926186774e+02
2.428928928928928865e+00 1.392392167438219133e+02
2.439189189189189033e+00 1.392756178946664818e+02
2.449449449449449645e+00 1.393119862066906478e+02
2.459709709709709813e+00 1.393483216414318804e+02
2.469969969969969981e+00 1.393846241604513523e+02
2.480230230230230148e+00 1.394208937253117710e+02
2.490490490490490316e+00 1.394571302975935225e+02
2.500750750750750484e+00 1.394933338388827053e+02
2.511011011011011096e+00 1.395295043107875301e+02
2.521271271271271264e+00 1.395656416749154118e+02
2.531531531531531432e+00 1.396017458928915005e+02
2.541791791791791599e+00 1.396378169263542759e+02
2.552052052052051767e+00 1.396738547369533592e+02
2.562312312312312379e+00 1.397098592863494275e+02
2.572572572572572547e+00 1.397458305362183637e+02
2.582832832832832715e+00 1.397817684482468792e+02
2.593093093093092882e+00 1.398176729841319457e+02
2.603353353353353050e+00 1.398535441055879573e+02
2.613613613613613662e+00 1.398893817743358738e+02
2.623873873873873830e+00 1.399251859521174595e+02
2.634134134134133998e+00 1.399609566006832040e+02
2.644394394394394165e+00 1.399966936817970691e+02
2.654654654654654333e+00 1.400323971572349819e+02
2.664914914914914945e+00 1.400680669887878764e+02
2.675175175175175113e+00 1.401037031382642226e+02
2.685435435435435281e+00 1.401393055674796813e+02
2.695695695695695449e+00 1.401748742382619071e+02
2.705955955955956060e+00 1.402104091124672891e+02
2.716216216216216228e+00 1.402459101519455942e+02
2.726476476476476396e+00 1.402813773185759771e+02
2.736736736736736564e+00 1.403168105742458067e+02
2.746996996996996732e+00 1.403522098808579983e+02
2.757257257257257343e+00 1.403875752003295361e+02
2.767517517517517511e+00 1.404229064945922971e+02
2.777777777777777679e+00 1.404582037255934210e+02
2.788038038038037847e+00 1.404934668552930930e+02
2.798298298298298015e+00 1.405286958456673290e+02
2.808558558558558627e+00 1.405638906587074644e+02
2.818818818818818794e+00 1.405990512564256392e+02
2.829079079079078962e+00 1.406341776008348177e+02
2.839339339339339130e+00 1.406692696539774659e+02
2.849599599599599298e+00 1.407043273779059689e+02
2.859859859859859910e+00 1.407393507346878607e+02
2.870120120120120077e+00 1.407743396864067336e+02
2.880380380380380245e+00 1.408092941951628347e+02
2.890640640640640413e+00 1.408442142230730951e+02
2.900900900900900581e+00 1.408790997322664680e+02
2.911161161161161193e+00 1.409139506848978840e+02
2.921421421421421361e+00 1.409487670431231550e+02
2.931681681681681528e+00 1.409835487691294418e+02
2.941941941941941696e+00 1.410182958251134835e+02
2.952202202202201864e+00 1.410530081732894132e+02
2.962462462462462476e+00 1.410876857758804590e+02
2.972722722722722644e+00 1.411223285951472803e+02
2.982982982982982811e+00 1.411569365933457618e+02
2.993243243243242979e+00 1.411915097327598119e+02
3.003503503503503591e+00 1.412260479756879477e+02
3.013763763763763759e+00 1.412605512844476152e+02
3.024024024024023927e+00 1.412950196213725746e+02
3.034284284284284094e+00 1.413294529488151738e+02
3.044544544544544262e+00 1.413638512291416873e+02
3.054804804804804874e+00 1.413982144247406154e+02
3.065065065065065042e+00 1.414325424980177388e+02
3.075325325325325210e+00 1.414668354113939301e+02
3.085585585585585378e+00 1.415010931273122878e+02
3.095845845845845545e+00 1.415353156082299790e+02
3.106106106106106157e+00 1.415695028166216218e+02
3.116366366366366325e+00 1.416036547149873854e+02
3.126626626626626493e+00 1.416377712658453163e+02
3.136886886886886661e+00 1.416718524317155925e+02
3.147147147147146828e+00 1.417058981751625026e+02
3.157407407407407440e+00 1.417399084587515858e+02
3.167667667667667608e+00 1.417738832450757229e+02
3.177927927927927776e+00 1.418078224967384813e+02
3.188188188188187944e+00 1.418417261763706279e+02
3.198448448448448111e+00 1.418755942466245301e+02
3.208708708708708723e+00 1.419094266701596325e+02
3.218968968968968891e+00 1.419432234096661034e+02
3.229229229229229059e+00 1.419769844278497999e+02
3.239489489489489227e+00 1.420107096874379238e+02
3.249749749749749395e+00 1.420443991511728257e+02
3.260010010010010006e+00 1.420780527818215546e+02
3.270270270270270174e+00 1.421116705421741244e+02
3.280530530530530342e+00 1.421452523950351861e+02
3.290790790790790510e+00 1.421787983032276088e+02
3.301051051051051122e+00 1.422123082296025984e+02
3.311311311311311290e+00 1.422457821370265094e+02
3.321571571571571457e+00 1.422792199883865578e+02
3.331831831831831625e+00 1.423126217465955961e+02
3.342092092092091793e+00 1.423459873745772484e+02
3.352352352352352405e+00 1.423793168352884777e+02
3.362612612612612573e+00 1.424126100917016799e+02
3.372872872872872740e+00 1.424458671068042008e+02
3.383133133133132908e+00 1.424790878436159289e+02
3.393393393393393076e+00 1.425122722651720153e+02
3.403653653653653688e+00 1.425454203345319115e+02
3.413913913913913856e+00 1.425785320147724349e+02
3.424174174174174023e+00 1.426116072689964369e+02
3.434434434434434191e+00 1.426446460603236801e+02
3.444694694694694359e+00 1.426776483519060150e+02
3.454954954954954971e+00 1.427106141069090199e+02
3.465215215215215139e+00 1.427435432885143598e+02
3.475475475475475307e+00 1.427764358599435468e+02
3.485735735735735474e+00 1.428092917844278418e+02
3.495995995995995642e+00 1.428421110252230619e+02
3.506256256256256254e+00 1.428748935456097513e+02
3.516516516516516422e+00 1.429076393088875250e+02
3.526776776776776590e+00 1.429403482783873187e+02
3.537037037037036757e+00 1.429730204174532560e+02
3.547297297297296925e+00 1.430056556894557502e+02
3.557557557557557537e+00 1.430382540577904251e+02
3.567817817817817705e+00 1.430708154858789385e+02
3.578078078078077873e+00 1.431033399371592623e+02
3.588338338338338041e+00 1.431358273750941805e+02
3.598598598598598652e+00 1.431682777631751549e+02
3.608858858858858820e+00 1.432006910649143663e+02
3.619119119119118988e+00 1.432330672438477279e+02
3.629379379379379156e+00 1.432654062635353682e+02
3.639639639639639324e+00 1.432977080875604941e+02
3.649899899899899935e+00 1.433299726795315223e+02
3.660160160160160103e+00 1.433622000030823074e+02
3.670420420420420271e+00 1.433943900218712315e+02
3.680680680680680439e+00 1.434265426995785049e+02
3.690940940940940607e+00 1.434586579999087803e+02
3.701201201201201219e+00 1.434907358865945639e+02
3.711461461461461386e+00 1.435227763233923497e+02
3.721721721721721554e+00 1.435547792740805448e+02
3.731981981981981722e+00 1.435867447024706962e+02
3.742242242242241890e+00 1.436186725723866573e+02
3.752502502502502502e+00 1.436505628476878655e+02
3.762762762762762669e+00 1.436824154922582579e+02
3.773023023023022837e+00 1.437142304700021214e+02
3.783283283283283005e+00 1.437460077448526761e+02
3.793543543543543173e+00 1.437777472807693186e+02
3.803803803803803785e+00 1.438094490417366558e+02
3.814064064064063952e+00 1.438411129917639926e+02
3.824324324324324120e+00 1.438727390948884306e+02
3.834584584584584288e+00 1.439043273151709457e+02
3.844844844844844456e+00 1.439358776166993721e+02
3.855105105105105068e+00 1.439673899635934333e+02
3.865365365365365236e+00 1.439988643199924638e+02
3.875625625625625403e+00 1.440303006500607808e+02
3.885885885885885571e+00 1.440616989179992231e+02
3.896146146146146183e+00 1.440930590880254840e+02
3.906406406406406351e+00 1.441243811243869004e+02
3.916666666666666519e+00 1.441556649913620731e+02
3.926926926926926686e+00 1.441869106532500382e+02
3.937187187187186854e+00 1.442181180743848188e+02
3.947447447447447466e+00 1.442492872191220386e+02
3.957707707707707634e+00 1.442804180518458850e+02
3.967967967967967802e+00 1.443115105369637376e+02
3.978228228228227970e+00 1.443425646389204076e+02
3.988488488488488137e+00 1.443735803221825336e+02
3.998748748748748749e+00 1.444045575512459152e+02
4.009009009009009361e+00 1.444354962906312778e+02
4.019269269269269529e+00 1.444663965048905254e+02
4.029529529529529697e+00 1.444972581586057743e+02
4.039789789789789864e+00 1.445280812163796611e+02
4.050050050050050032e+00 1.445588656428531067e+02
4.060310310310310200e+00 1.445896114026857049e+02
4.070570570570570368e+00 1.446203184605752483e+02
4.080830830830830536e+00 1.446509867812425227e+02
4.091091091091090703e+00 1.446816163294340356e+02
4.101351351351350871e+00 1.447122070699344363e+02
4.111611611611611039e+00 1.447427589675480419e+02
4.121871871871871207e+00 1.447732719871132758e+02
4.132132132132131375e+00 1.448037460935019567e+02
4.142392392392391542e+00 1.448341812516018763e+02
4.152652652652652598e+00 1.448645774263449653e+02
4.162912912912912766e+00 1.448949345826822253e+02
4.173173173173172934e+00 1.449252526855995029e+02
4.183433433433433102e+00 1.449555317001143067e+02
4.193693693693694158e+00 1.449857715912659444e+02
4.203953953953954326e+00 1.450159723241331449e+02
4.214214214214214493e+00 1.450461338638160385e+02
4.224474474474474661e+00 1.450762561754532669e+02
4.234734734734734829e+00 1.451063392242043903e+02
4.244994994994994997e+00 1.451363829752687593e+02
4.255255255255255165e+00 1.451663873938698259e+02
4.265515515515515332e+00 1.451963524452644094e+02
4.275775775775775500e+00 1.452262780947376370e+02
4.286036036036035668e+00 1.452561643076082589e+02
4.296296296296295836e+00 1.452860110492271417e+02
4.306556556556556004e+00 1.453158182849695663e+02
4.316816816816816171e+00 1.453455859802480461e+02
4.327077077077076339e+00 1.453753141005029477e+02
4.337337337337336507e+00 1.454050026112087721e+02
4.347597597597597563e+00 1.454346514778708581e+02
4.357857857857857731e+00 1.454642606660205786e+02
4.368118118118117899e+00 1.454938301412288695e+02
4.378378378378378066e+00 1.455233598690968222e+02
4.388638638638638234e+00 1.455528498152503971e+02
4.398898898898899290e+00 1.455822999453536397e+02
4.409159159159159458e+00 1.456117102251065489e+02
4.419419419419419626e+00 1.456410806202296442e+02
4.429679679679679793e+00 1.456704110964861911e+02
4.439939939939939961e+00 1.456997016196654897e+02
4.450200200200200129e+00 1.457289521555930776e+02
4.460460460460460297e+00 1.457581626701240509e+02
4.470720720720720465e+00 1.457873331291481236e+02
4.480980980980980632e+00 1.458164634985892576e+02
4.491241241241240800e+00 1.458455537443962839e+02
4.501501501501500968e+00 1.458746038325643042e+02
4.511761761761761136e+00 1.459036137291110435e+02
4.522022022022022192e+00 1.459325834000867985e+02
4.532282282282282360e+00 1.459615128115835603e+02
4.542542542542542527e+00 1.459904019297200648e+02
4.552802802802802695e+00 1.460192507206467951e+02
4.563063063063062863e+00 1.460480591505563552e+02
4.573323323323323031e+00 1.460768271856677529e+02
4.583583583583583199e+00 1.461055547922329367e+02
4.593843843843843366e+00 1.461342419365448393e+02
4.604104104104103534e+00 1.461628885849264634e+02
4.614364364364364590e+00 1.461914947037275567e+02
4.624624624624624758e+00 1.462200602593474343e+02
4.634884884884884926e+00 1.462485852182045392e+02
4.645145145145145094e+00 1.462770695467626751e+02
4.655405405405405261e+00 1.463055132115138406e+02
4.665665665665665429e+00 1.463339161789853620e+02
4.675925925925925597e+00 1.463622784157384729e+02
4.686186186186185765e+00 1.463905998883777784e+02
4.696446446446445933e+00 1.464188805635313315e+02
4.706706706706706100e+00 1.464471204078649293e+02
4.716966966966967156e+00 1.464753193880824256e+02
4.727227227227227324e+00 1.465034774709254464e+02
4.737487487487487492e+00 1.465315946231617374e+02
4.747747747747747660e+00 1.465596708116034677e+02
4.758008008008007828e+00 1.465877060030898633e+02
4.768268268268267995e+00 1.466157001645038349e+02
4.778528528528528163e+00 1.466436532627606368e+02
4.788788788788788331e+00 1.466715652648082937e+02
4.799049049049048499e+00 1.466994361376363543e+02
4.809309309309308667e+00 1.467272658482668817e+02
4.819569569569569722e+00 1.467550543637552778e+02
4.829829829829829890e+00 1.467828016512028739e+02
4.840090090090090058e+00 1.468105076777302713e+02
4.850350350350350226e+00 1.468381724105117030e+02
4.860610610610610394e+00 1.468657958167520974e+02
4.870870870870870561e+00 1.468933778636897785e+02
4.881131131131130729e+00 1.469209185185949877e+02
4.891391391391390897e+00 1.469484177487935312e+02
4.901651651651651065e+00 1.469758755216271027e+02
4.911911911911912121e+00 1.470032918044861390e+02
4.922172172172172289e+00 1.470306665647938189e+02
4.932432432432432456e+00 1.470579997700136232e+02
4.942692692692692624e+00 1.470852913876405808e+02
4.952952952952952792e+00 1.471125413852138877e+02
4.963213213213212960e+00 1.471397497303054820e+02
4.973473473473473128e+00 1.471669163905263531e+02
4.983733733733733295e+00 1.471940413335258597e+02
4.993993993993993463e+00 1.472211245269913320e+02
5.004254254254253631e+00 1.472481659386446893e+02
5.014514514514514687e+00 1.472751655362499150e+02
5.024774774774774855e+00 1.473021232876022566e+02
5.035035035035035023e+00 1.473290391605446814e+02
5.045295295295295190e+00 1.473559131229503691e+02
5.055555555555555358e+00 1.473827451427358142e+02
5.065815815815815526e+00 1.474095351878525832e+02
5.076076076076075694e+00 1.474362832262914083e+02
5.086336336336335862e+00 1.474629892260873021e+02
5.096596596596596029e+00 1.474896531553019656e+02
5.106856856856856197e+00 1.475162749820450188e+02
5.117117117117117253e+00 1.475428546744650760e+02
5.127377377377377421e+00 1.475693922007435219e+02
5.137637637637637589e+00 1.475958875291091204e+02
5.147897897897897757e+00 1.476223406278204493e+02
5.158158158158157924e+00 1.476487514651832100e+02
5.168418418418418092e+00 1.476751200095399952e+02
5.178678678678678260e+00 1.477014462292684698e+02
5.188938938938938428e+00 1.477277300927929389e+02
5.199199199199198596e+00 1.477539715685707336e+02
5.209459459459459651e+00 1.477801706251026985e+02
5.219719719719719819e+00 1.478063272309342722e+02
5.229979979979979987e+00 1.478324413546403662e+02
5.240240240240240155e+00 1.478585129648409122e+02
5.250500500500500323e+00 1.478845420301948650e+02
5.260760760760760490e+00 1.479105285194053465e+02
5.271021021021020658e+00 1.479364724012140186e+02
5.281281281281280826e+00 1.479623736443958251e+02
5.291541541541540994e+00 1.479882322177786023e+02
5.301801801801801162e+00 1.480140480902199442e+02
5.312062062062062218e+00 1.480398212306240282e+02
5.322322322322322385e+00 1.480655516079337133e+02
5.332582582582582553e+00 1.480912391911355996e+02
5.342842842842842721e+00 1.481168839492509619e+02
5.353103103103102889e+00 1.481424858513506706e+02
5.363363363363363057e+00 1.481680448665356948e+02
5.373623623623623224e+00 1.481935609639581628e+02
5.383883883883883392e+00 1.482190341128070656e+02
5.394144144144143560e+00 1.482444642823129186e+02
5.404404404404403728e+00 1.482698514417539286e+02
5.414664664664664784e+00 1.482951955604356158e+02
5.424924924924924952e+00 1.483204966077179563e+02
5.435185185185185119e+00 1.483457545529991535e+02
5.445445445445445287e+00 1.483709693657188780e+02
5.455705705705705455e+00 1.483961410153581255e+02
5.465965965965965623e+00 1.484212694714411498e+02
5.476226226226225791e+00 1.484463547035318527e+02
5.486486486486485958e+00 1.484713966812402930e+02
5.496746746746746126e+00 1.484963953742130514e+02
5.507007007007007182e+00 1.485213507521465885e+02
5.517267267267267350e+00 1.485462627847760189e+02
5.527527527527527518e+00 1.485711314418782365e+02
5.537787787787787686e+00 1.485959566932727967e+02
5.548048048048047853e+00 1.486207385088212902e+02
5.558308308308308021e+00 1.486454768584339092e+02
5.568568568568568189e+00 1.486701717120575665e+02
5.578828828828828357e+00 1.486948230396871224e+02
5.589089089089088525e+00 1.487194308113491559e+02
5.599349349349348692e+00 1.487439949971293345e+02
5.609609609609609748e+00 1.487685155671505584e+02
5.619869869869869916e+00 1.487929924915762285e+02
5.630130130130130084e+00 1.488174257406113270e+02
5.640390390390390252e+00 1.488418152845145528e+02
5.650650650650650419e+00 1.488661610935773467e+02
5.660910910910910587e+00 1.488904631381397792e+02
5.671171171171170755e+00 1.489147213885872532e+02
5.681431431431430923e+00 1.489389358153447347e+02
5.691691691691691091e+00 1.489631063888870131e+02
5.701951951951951258e+00 1.489872330797281563e+02
5.712212212212212314e+00 1.490113158584259168e+02
5.722472472472472482e+00 1.490353546955909394e+02
5.732732732732732650e+00 1.490593495618649911e+02
5.742992992992992818e+00 1.490833004279427030e+02
5.753253253253252986e+00 1.491072072645629589e+02
5.763513513513513153e+00 1.491310700425084406e+02
5.773773773773773321e+00 1.491548887326070769e+02
5.784034034034033489e+00 1.491786633057276390e+02
5.794294294294293657e+00 1.492023937327885790e+02
5.804554554554554713e+00 1.492260799847499868e+02
5.814814814814814881e+00 1.492497220326185925e+02
5.825075075075075048e+00 1.492733198474514609e+02
5.835335335335335216e+00 1.492968734003461577e+02
5.845595595595595384e+00 1.493203826624386181e+02
5.855855855855855552e+00 1.493438476049171015e+02
5.866116116116115720e+00 1.493672681990225328e+02
5.876376376376375887e+00 1.493906444160283229e+02
5.886636636636636055e+00 1.494139762272619691e+02
5.896896896896896223e+00 1.494372636040927489e+02
5.907157157157157279e+00 1.494605065179403027e+02
5.917417417417417447e+00 1.494837049402611342e+02
5.927677677677677615e+00 1.495068588425720861e+02
5.937937937937937782e+00 1.495299681964223169e+02
5.948198198198197950e+00 1.495530329734165775e+02
5.958458458458458118e+00 1.495760531451969371e+02
5.968718718718718286e+00 1.495990286834662868e+02
5.978978978978978454e+00 1.496219595599536660e+02
5.989239239239238621e+00 1.496448457464526598e+02
5.999499499499498789e+00 1.496676872147945119e+02
6.009759759759759845e+00 1.496904839368631031e+02
6.020020020020020013e+00 1.497132358845790634e+02
6.030280280280280181e+00 1.497359430299206906e+02
6.040540540540540349e+00 1.497586053449092560e+02
6.050800800800800516e+00 1.497812228016103120e+02
6.061061061061060684e+00 1.498037953721413089e+02
6.071321321321320852e+00 1.498263230286628698e+02
6.081581581581581020e+00 1.498488057433870324e+02
6.091841841841841187e+00 1.498712434885679272e+02
6.102102102102102243e+00 1.498936362365119237e+02
6.112362362362362411e+00 1.499159839595709798e+02
6.122622622622622579e+00 1.499382866301463935e+02
6.132882882882882747e+00 1.499605442206804753e+02
6.143143143143142915e+00 1.499827567036767277e+02
6.153403403403403082e+00 1.500049240516724467e+02
6.163663663663663250e+00 1.500270462372608335e+02
6.173923923923923418e+00 1.500491232330829803e+02
6.184184184184183586e+00 1.500711550118272157e+02
6.194444444444443754e+00 1.500931415462236771e+02
6.204704704704704810e+00 1.501150828090609082e+02
6.214964964964964977e+00 1.501369787731728422e+02
6.225225225225225145e+00 1.501588294114343967e+02
6.235485485485485313e+00 1.501806346967825050e+02
6.245745745745745481e+00 1.502023946021906511e+02
6.256006006006005649e+00 1.502241091006887928e+02
6.266266266266265816e+00 1.502457781653519078e+02
6.276526526526525984e+00 1.502674017693054793e+02
6.286786786786786152e+00 1.502889798857198969e+02
6.297047047047046320e+00 1.503105124878209153e+02
6.307307307307307376e+00 1.503319995488842835e+02
6.317567567567567544e+00 1.503534410422224425e+02
6.327827827827827711e+00 1.503748369412131467e+02
6.338088088088087879e+00 1.503961872192705300e+02
6.348348348348348047e+00 1.504174918498696911e+02
6.358608608608608215e+00 1.504387508065288444e+02
6.368868868868868383e+00 1.504599640628113661e+02
6.379129129129128550e+00 1.504811315923407733e+02
6.389389389389388718e+00 1.505022533687842667e+02
6.399649649649649774e+00 1.505233293658583307e+02
6.409909909909909942e+00 1.505443595573306652e+02
6.420170170170170110e+00 1.505653439170208401e+02
6.430430430430430278e+00 1.505862824187976230e+02
6.440690690690690445e+00 1.506071750365746311e+02
6.450950950950950613e+00 1.506280217443261904e+02
6.461211211211210781e+00 1.506488225160672414e+02
6.471471471471470949e+00 1.506695773258676638e+02
6.481731731731731116e+00 1.506902861478505713e+02
6.491991991991991284e+00 1.507109489561843247e+02
6.502252252252252340e+00 1.507315657250842378e+02
6.512512512512512508e+00 1.507521364288314203e+02
6.522772772772772676e+00 1.507726610417433619e+02
6.533033033033032844e+00 1.507931395381907862e+02
6.543293293293293011e+00 1.508135718926088487e+02
6.553553553553553179e+00 1.508339580794599328e+02
6.563813813813813347e+00 1.508542980732788692e+02
6.574074074074073515e+00 1.508745918486411597e+02
6.584334334334333683e+00 1.508948393801780696e+02
6.594594594594593850e+00 1.509150406425661686e+02
6.604854854854854906e+00 1.509351956105396368e+02
6.615115115115115074e+00 1.509553042588825349e+02
6.625375375375375242e+00 1.509753665624325834e+02
6.635635635635635410e+00 1.509953824960663553e+02
6.645895895895895578e+00 1.510153520347335814e+02
6.656156156156155745e+00 1.510352751534167055e+02
6.666416416416415913e+00 1.510551518271636553e+02
6.676676676676676081e+00 1.510749820310650477e+02
6.686936936936936249e+00 1.510947657402689401e+02
6.697197197197197305e+00 1.511145029299726161e+02
6.707457457457457473e+00 1.511341935754275312e+02
6.717717717717717640e+00 1.511538376519347651e+02
6.727977977977977808e+00 1.511734351348506493e+02
6.738238238238237976e+00 1.511929859995838399e+02
6.748498498498498144e+00 1.512124902215911959e+02
6.758758758758758312e+00 1.512319477763886653e+02
6.769019019019018479e+00 1.512513586395389211e+02
6.779279279279278647e+00 1.512707227866634696e+02
6.789539539539538815e+00 1.512900401934317358e+02
6.799799799799799871e+00 1.513093108355623144e+02
6.810060060060060039e+00 1.513285346888384026e+02
6.820320320320320207e+00 1.513477117290893261e+02
6.830580580580580374e+00 1.513668419321937222e+02
6.840840840840840542e+00 1.513859252740917043e+02
6.851101101101100710e+00 1.514049617307677806e+02
6.861361361361360878e+00 1.514239512782705503e+02
6.871621621621621046e+00 1.514428938926896535e+02
6.881881881881881213e+00 1.514617895501783096e+02
6.892142142142141381e+00 1.514806382269415792e+02
6.902402402402402437e+00 1.514994398992267293e+02
6.912662662662662605e+00 1.515181945433528483e+02
6.922922922922922773e+00 1.515369021356803785e+02
6.933183183183182940e+00 1.515555626526311528e+02
6.943443443443443108e+00 1.515741760706679599e+02
6.953703703703703276e+00 1.515927423663227103e+02
6.963963963963963444e+00 1.516112615161735278e+02
6.974224224224223612e+00 1.516297334968558346e+02
6.984484484484483779e+00 1.516481582850536540e+02
6.994744744744744835e+00 1.516665358575137645e+02
7.005005005005005003e+00 1.516848661910302667e+02
7.015265265265265171e+00 1.517031492624542750e+02
7.025525525525525339e+00 1.517213850486881483e+02
7.035785785785785507e+00 1.517395735266964891e+02
7.046046046046045674e+00 1.517577146734915914e+02
7.056306306306305842e+00 1.517758084661438431e+02
7.066566566566566010e+00 1.517938548817767241e+02
7.076826826826826178e+00 1.518118538975648164e+02
7.087087087087086346e+00 1.518298054907456844e+02
7.097347347347347402e+00 1.518477096386108371e+02
7.107607607607607569e+00 1.518655663184982245e+02
7.117867867867867737e+00 1.518833755078062495e+02
7.128128128128127905e+00 1.519011371839943934e+02
7.138388388388388073e+00 1.519188513245660772e+02
7.148648648648648241e+00 1.519365179070857437e+02
7.158908908908908408e+00 1.519541369091784588e+02
7.169169169169168576e+00 1.519717083085131719e+02
7.179429429429428744e+00 1.519892320828255379e+02
7.189689689689688912e+00 1.520067082098999265e+02
7.199949949949949968e+00 1.520241366675740267e+02
7.210210210210210136e+00 1.520415174337529152e+02
7.220470470470470303e+00 1.520588504863819139e+02
7.230730730730730471e+00 1.520761358034773707e+02
7.240990990990990639e+00 1.520933733630997438e+02
7.251251251251250807e+00 1.521105631433717917e+02
7.261511511511510975e+00 1.521277051224672903e+02
7.271771771771771142e+00 1.521447992786276870e+02
7.282032032032031310e+00 1.521618455901317759e+02
7.292292292292292366e+00 1.521788440353330714e+02
7.302552552552552534e+00 1.521957945926317279e+02
7.312812812812812702e+00 1.522126972404826404e+02
7.323073073073072869e+00 1.522295519574046239e+02
7.333333333333333037e+00 1.522463587219665442e+02
7.343593593593593205e+00 1.522631175127972654e+02
7.353853853853853373e+00 1.522798283085784874e+02
7.364114114114113541e+00 1.522964910880535570e+02
7.374374374374373708e+00 1.523131058300238010e+02
7.384634634634633876e+00 1.523296725133400287e+02
7.394894894894894932e+00 1.523461911169125642e+02
7.405155155155155100e+00 1.523626616197123269e+02
7.415415415415415268e+00 1.523790840007633847e+02
7.425675675675675436e+00 1.523954582391496615e+02
7.435935935935935603e+00 1.524117843140112427e+02
7.446196196196195771e+00 1.524280622045444318e+02
7.456456456456455939e+00 1.524442918900055588e+02
7.466716716716716107e+00 1.524604733497029088e+02
7.476976976976976275e+00 1.524766065630059302e+02
7.487237237237236442e+00 1.524926915093427340e+02
7.497497497497497498e+00 1.525087281681964555e+02
7.507757757757757666e+00 1.525247165191108536e+02
7.518018018018017834e+00 1.525406565416846831e+02
7.528278278278278002e+00 1.525565482155728319e+02
7.538538538538538170e+00 1.525723915204917489e+02
7.548798798798798337e+00 1.525881864362124816e+02
7.559059059059058505e+00 1.526039329425690880e+02
7.569319319319318673e+00 1.526196310194490877e+02
7.579579579579578841e+00 1.526352806467954508e+02
7.589839839839839897e+00 1.526508818046176543e+02
7.600100100100100065e+00 1.526664344729767606e+02
7.610360360360360232e+00 1.526819386319913576e+02
7.620620620620620400e+00 1.526973942618440674e+02
7.630880880880880568e+00 1.527128013427685289e+02
7.641141141141140736e+00 1.527281598550673323e+02
7.651401401401400904e+00 1.527434697790918392e+02
7.661661661661661071e+00 1.527587310952519033e+02
7.671921921921921239e+00 1.527739437840223502e+02
7.682182182182181407e+00 1.527891078259331721e+02
7.692442442442442463e+00 1.528042232015750130e+02
7.702702702702702631e+00 1.528192898915938542e+02
7.712962962962962798e+00 1.528343078766930034e+02
7.723223223223222966e+00 1.528492771376424741e+02
7.733483483483483134e+00 1.528641976552651727e+02
7.743743743743743302e+00 1.528790694104457941e+02
7.754004004004003470e+00 1.528938923841235464e+02
7.764264264264263637e+00 1.529086665573063613e+02
7.774524524524523805e+00 1.529233919110446607e+02
7.784784784784783973e+00 1.529380684264665149e+02
7.795045045045045029e+00 1.529526960847438488e+02
7.805305305305305197e+00 1.529672748671261786e+02
7.815565565565565365e+00 1.529818047549037203e+02
7.825825825825825532e+00 1.529962857294341916e+02
7.836086086086085700e+00 1.530107177721376388e+02
7.846346346346345868e+00 1.530251008644865749e+02
7.856606606606606036e+00 1.530394349880193090e+02
7.866866866866866204e+00 1.530537201243331822e+02
7.877127127127126371e+00 1.530679562550791957e+02
7.887387387387387427e+00 1.530821433619791776e+02
7.897647647647647595e+00 1.530962814267998908e+02
7.907907907907907763e+00 1.531103704313844958e+02
7.918168168168167931e+00 1.531244103576237308e+02
7.928428428428428099e+00 1.531384011874732209e+02
7.938688688688688266e+00 1.531523429029491012e+02
7.948948948948948434e+00 1.531662354861258848e+02
7.959209209209208602e+00 1.531800789191389640e+02
7.969469469469468770e+00 1.531938731841883623e+02
7.979729729729728938e+00 1.532076182635205157e+02
7.989989989989989994e+00 1.532213141394592810e+02
8.000250250250250161e+00 1.532349607943794183e+02
8.010510510510510329e+00 1.532485582107194375e+02
8.020770770770770497e+00 1.532621063709709972e+02
8.031031031031030665e+00 1.532756052577074115e+02
8.041291291291290833e+00 1.532890548535291373e+02
8.051551551551551000e+00 1.533024551411275240e+02
8.061811811811811168e+00 1.533158061032400781e+02
8.072072072072071336e+00 1.533291077226666630e+02
8.082332332332331504e+00 1.533423599822674532e+02
8.092592592592591672e+00 1.533555628649740186e+02
8.102852852852851839e+00 1.533687163537599929e+02
8.113113113113112007e+00 1.533818204316745550e+02
8.123373373373372175e+00 1.533948750818242388e+02
8.133633633633632343e+00 1.534078802873729046e+02
8.143893893893892511e+00 1.534208360315549839e+02
8.154154154154152678e+00 1.534337422976493883e+02
8.164414414414412846e+00 1.534465990690193280e+02
8.174674674674673014e+00 1.534594063290652457e+02
8.184934934934934958e+00 1.534721640612652891e+02
8.195195195195195126e+00 1.534848722491551598e+02
8.205455455455455294e+00 1.534975308763297619e+02
8.215715715715715461e+00 1.535101399264447934e+02
8.225975975975975629e+00 1.535226993832256710e+02
8.236236236236235797e+00 1.535352092304426321e+02
8.246496496496495965e+00 1.535476694519485648e+02
8.256756756756756133e+00 1.535600800316387051e+02
8.267017017017016300e+00 1.535724409534871029e+02
8.277277277277276468e+00 1.535847522015157267e+02
8.287537537537538412e+00 1.535970137598107783e+02
8.297797797797798580e+00 1.536092256125343170e+02
8.308058058058058748e+00 1.536213877438908639e+02
8.318318318318318916e+00 1.536335001381597749e+02
8.328578578578579084e+00 1.536455627796779879e+02
8.338838838838839251e+00 1.536575756528415866e+02
8.349099099099099419e+00 1.536695387421166856e+02
8.359359359359359587e+00 1.536814520320263568e+02
8.369619619619619755e+00 1.536933155071550630e+02
8.379879879879879923e+00 1.537051291521513008e+02
8.390140140140140090e+00 1.537168929517238496e+02
8.400400400400400258e+00 1.537286068906506955e+02
8.410660660660660426e+00 1.537402709537650196e+02
8.420920920920920594e+00 1.537518851259629287e+02
8.431181181181180762e+00 1.537634493922070931e+02
8.441441441441440929e+00 1.537749637375189593e+02
8.451701701701701097e+00 1.537864281469831553e+02
8.461961961961961265e+00 1.537978426057557044e+02
8.472222222222221433e+00 1.538092070990366267e+02
8.482482482482481601e+00 1.538205216121072567e+02
8.492742742742741768e+00 1.538317861303010829e+02
8.503003003003001936e+00 1.538430006390204881e+02
8.513263263263262104e+00 1.538541651237235044e+02
8.523523523523522272e+00 1.538652795699352112e+02
8.533783783783784216e+00 1.538763439632512871e+02
8.544044044044044384e+00 1.538873582893145624e+02
8.554304304304304551e+00 1.538983225338400871e+02
8.564564564564564719e+00 1.539092366826123168e+02
8.574824824824824887e+00 1.539201007214636263e+02
8.585085085085085055e+00 1.539309146363079037e+02
8.595345345345345223e+00 1.539416784130980886e+02
8.605605605605605390e+00 1.539523920378717889e+02
8.615865865865865558e+00 1.539630554967268665e+02
8.626126126126125726e+00 1.539736687758141898e+02
8.636386386386385894e+00 1.539842318613588645e+02
8.646646646646646062e+00 1.539947447396394864e+02
8.656906906906906229e+00 1.540052073970057904e+02
8.667167167167166397e+00 1.540156198198699542e+02
8.677427427427426565e+00 1.540259819947058588e+02
8.687687687687686733e+00 1.540362939080503679e+02
8.697947947947946901e+00 1.540465555465066529e+02
8.708208208208207068e+00 1.540567668967402426e+02
8.718468468468467236e+00 1.540669279454754133e+02
8.728728728728729180e+00 1.540770386795119578e+02
8.738988988988989348e+00 1.540870990857050060e+02
8.749249249249249516e+00 1.540971091509734663e+02
8.759509509509509684e+00 1.541070688623058231e+02
8.769769769769769852e+00 1.541169782067404412e+02
8.780030030030030019e+00 1.541268371714034231e+02
8.790290290290290187e+00 1.541366457434623669e+02
8.800550550550550355e+00 1.541464039101614958e+02
8.810810810810810523e+00 1.541561116588044058e+02
8.821071071071070691e+00 1.541657689767607451e+02
8.831331331331330858e+00 1.541753758514616379e+02
8.841591591591591026e+00 1.541849322704063354e+02
8.851851851851851194e+00 1.541944382211553091e+02
8.862112112112111362e+00 1.542038936913409373e+02
8.872372372372371530e+00 1.542132986686405332e+02
8.882632632632631697e+00 1.542226531408162202e+02
8.892892892892891865e+00 1.542319570956895234e+02
8.903153153153152033e+00 1.542412105211375319e+02
8.913413413413412201e+00 1.542504134051145570e+02
8.923673673673672369e+00 1.542595657356300478e+02
8.933933933933934313e+00 1.542686675007609551e+02
8.944194194194194480e+00 1.542777186886478376e+02
8.954454454454454648e+00 1.542867192874982436e+02
8.964714714714714816e+00 1.542956692855865981e+02
8.974974974974974984e+00 1.543045686712427198e+02
8.985235235235235152e+00 1.543134174328707502e+02
8.995495495495495319e+00 1.543222155589314184e+02
9.005755755755755487e+00 1.543309630379613964e+02
9.016016016016015655e+00 1.543396598585528352e+02
9.026276276276275823e+00 1.543483060093601011e+02
9.036536536536535991e+00 1.543569014791189886e+02
9.046796796796796158e+00 1.543654462566126710e+02
9.057057057057056326e+00 1.543739403306928182e+02
9.067317317317316494e+00 1.543823836902797950e+02
9.077577577577576662e+00 1.543907763243677493e+02
9.087837837837836830e+00 1.543991182219981511e+02
9.098098098098096997e+00 1.544074093722867360e+02
9.108358358358357165e+00 1.544156497644115404e+02
9.118618618618617333e+00 1.544238393876255202e+02
9.128878878878879277e+00 1.544319782312329039e+02
9.139139139139139445e+00 1.544400662846123566e+02
9.149399399399399613e+00 1.544481035372032807e+02
9.159659659659659781e+00 1.544560899785143135e+02
9.169919919919919948e+00 1.544640255981120731e+02
9.180180180180180116e+00 1.544719103856450033e+02
9.190440440440440284e+00 1.544797443308028164e+02
9.200700700700700452e+00 1.544875274233599498e+02
9.210960960960960620e+00 1.544952596531541928e+02
9.221221221221220787e+00 1.545029410100748350e+02
9.231481481481480955e+00 1.545105714840934468e+02
9.241741741741741123e+00 1.545181510652369354e+02
9.252002002002001291e+00 1.545256797436046270e+02
9.262262262262261459e+00 1.545331575093557319e+02
9.272522522522521626e+00 1.545405843527202308e+02
9.282782782782781794e+00 1.545479602639873065e+02
9.293043043043041962e+00 1.545552852335152352e+02
9.303303303303302130e+00 1.545625592517348537e+02
9.313563563563562298e+00 1.545697823091266514e+02
9.323823823823824242e+00 1.545769543962564398e+02
9.334084084084084409e+00 1.545840755037403369e+02
9.344344344344344577e+00 1.545911456222664526e+02
9.354604604604604745e+00 1.545981647425941219e+02
9.364864864864864913e+00 1.546051328555325881e+02
9.375125125125125081e+00 1.546120499519777525e+02
9.385385385385385248e+00 1.546189160228730941e+02
9.395645645645645416e+00 1.546257310592420993e+02
9.405905905905905584e+00 1.546324950521675703e+02
9.416166166166165752e+00 1.546392079927950647e+02
9.426426426426425920e+00 1.546458698723469638e+02
9.436686686686686087e+00 1.546524806821026345e+02
9.446946946946946255e+00 1.546590404134039147e+02
9.457207207207206423e+00 1.546655490576755199e+02
9.467467467467466591e+00 1.546720066063929551e+02
9.477727727727726759e+00 1.546784130511048829e+02
9.487987987987986926e+00 1.546847683834176053e+02
9.498248248248247094e+00 1.546910725950213532e+02
9.508508508508507262e+00 1.546973256776522305e+02
9.518768768768767430e+00 1.547035276231286787e+02
9.529029029029029374e+00 1.547096784233291942e+02
9.539289289289289542e+00 1.547157780701943182e+02
9.549549549549549710e+00 1.547218265557386871e+02
9.559809809809809877e+00 1.547278238720371348e+02
9.570070070070070045e+00 1.547337700112367997e+02
9.580330330330330213e+00 1.547396649655454723e+02
9.590590590590590381e+00 1.547455087272422247e+02
9.600850850850850549e+00 1.547513012886726358e+02
9.611111111111110716e+00 1.547570426422463186e+02
9.621371371371370884e+00 1.547627327804326569e+02
9.631631631631631052e+00 1.547683716957864135e+02
9.641891891891891220e+00 1.547739593809141638e+02
9.652152152152151388e+00 1.547794958284834479e+02
9.662412412412411555e+00 1.547849810312517604e+02
9.672672672672671723e+00 1.547904149820233499e+02
9.682932932932931891e+00 1.547957976736714159e+02
9.693193193193192059e+00 1.548011290991464648e+02
9.703453453453452227e+00 1.548064092514533172e+02
9.713713713713712394e+00 1.548116381236750101e+02
9.723973973973974338e+00 1.548168157089498891e+02
9.734234234234234506e+00 1.548219420004941469e+02
9.744494494494494674e+00 1.548270169915773522e+02
9.754754754754754842e+00 1.548320406755498198e+02
9.765015015015015010e+00 1.548370130458258984e+02
9.775275275275275177e+00 1.548419340958781163e+02
9.785535535535535345e+00 1.548468038192534948e+02
9.795795795795795513e+00 1.548516222095701949e+02
9.806056056056055681e+00 1.548563892604986165e+02
9.816316316316315849e+00 1.548611049657950218e+02
9.826576576576576016e+00 1.548657693192575380e+02
9.836836836836836184e+00 1.548703823147810681e+02
9.847097097097096352e+00 1.548749439463072974e+02
9.857357357357356520e+00 1.548794542078527456e+02
9.867617617617616688e+00 1.548839130934945274e+02
9.877877877877876855e+00 1.548883205973888550e+02
9.888138138138137023e+00 1.548926767137427021e+02
9.898398398398397191e+00 1.548969814368491598e+02
9.908658658658657359e+00 1.549012347610476183e+02
9.918918918918919303e+00 1.549054366807608574e+02
9.929179179179179471e+00 1.549095871904733315e+02
9.939439439439439639e+00 1.549136862847396117e+02
9.949699699699699806e+00 1.549177339581742956e+02
9.959959959959959974e+00 1.549217302054640300e+02
9.970220220220220142e+00 1.549256750213633325e+02
9.980480480480480310e+00 1.549295684006961551e+02
9.990740740740740478e+00 1.549334103383451975e+02
1.000100100100100065e+01 1.549372008292677378e+02
1.001126126126126081e+01 1.549409398684892381e+02
1.002152152152152098e+01 1.549446274510954993e+02
1.003178178178178115e+01 1.549482635722435759e+02
1.004204204204204132e+01 1.549518482271644189e+02
1.005230230230230148e+01 1.549553814111463907e+02
1.006256256256256165e+01 1.549588631195461232e+02
1.007282282282282182e+01 1.549622933477989477e+02
1.008308308308308199e+01 1.549656720913906156e+02
1.009334334334334216e+01 1.549689993458860329e+02
1.010360360360360232e+01 1.549722751069186870e+02
1.011386386386386249e+01 1.549754993701790227e+02
1.012412412412412444e+01 1.549786721314351894e+02
1.013438438438438460e+01 1.549817933865203941e+02
1.014464464464464477e+01 1.549848631313296892e+02
1.015490490490490494e+01 1.549878813618333595e+02
1.016516516516516511e+01 1.549908480740630807e+02
1.017542542542542527e+01 1.549937632641223502e+02
1.018568568568568544e+01 1.549966269281831615e+02
1.019594594594594561e+01 1.549994390624783875e+02
1.020620620620620578e+01 1.550021996633157357e+02
1.021646646646646595e+01 1.550049087270662369e+02
1.022672672672672611e+01 1.550075662501709246e+02
1.023698698698698628e+01 1.550101722291341275e+02
1.024724724724724645e+01 1.550127266605340992e+02
1.025750750750750662e+01 1.550152295410168506e+02
1.026776776776776678e+01 1.550176808672873392e+02
1.027802802802802695e+01 1.550200806361240495e+02
1.028828828828828712e+01 1.550224288443732235e+02
1.029854854854854729e+01 1.550247254889513329e+02
1.030880880880880746e+01 1.550269705668345068e+02
1.031906906906906940e+01 1.550291640750831164e+02
1.032932932932932957e+01 1.550313060107968681e+02
1.033958958958958974e+01 1.550333963711730121e+02
1.034984984984984990e+01 1.550354351534599573e+02
1.036011011011011007e+01 1.550374223549746375e+02
1.037037037037037024e+01 1.550393579731106968e+02
1.038063063063063041e+01 1.550412420053162919e+02
1.039089089089089057e+01 1.550430744491184498e+02
1.040115115115115074e+01 1.550448553021072655e+02
1.041141141141141091e+01 1.550465845619428649e+02
1.042167167167167108e+01 1.550482622263491805e+02
1.043193193193193125e+01 1.550498882931243543e+02
1.044219219219219141e+01 1.550514627601256450e+02
1.045245245245245158e+01 1.550529856252873913e+02
1.046271271271271175e+01 1.550544568866033330e+02
1.047297297297297192e+01 1.550558765421411351e+02
1.048323323323323208e+01 1.550572445900321554e+02
1.049349349349349225e+01 1.550585610284767313e+02
1.050375375375375242e+01 1.550598258557506881e+02
1.051401401401401436e+01 1.550610390701861832e+02
1.052427427427427453e+01 1.550622006701829889e+02
1.053453453453453470e+01 1.550633106542205439e+02
1.054479479479479487e+01 1.550643690208370629e+02
1.055505505505505504e+01 1.550653757686395409e+02
1.056531531531531520e+01 1.550663308963076759e+02
1.057557557557557537e+01 1.550672344025796008e+02
1.058583583583583554e+01 1.550680862862762979e+02
1.059609609609609571e+01 1.550688865462635704e+02
1.060635635635635587e+01 1.550696351815031733e+02
1.061661661661661604e+01 1.550703321910009151e+02
1.062687687687687621e+01 1.550709775738449423e+02
1.063713713713713638e+01 1.550715713291849909e+02
1.064739739739739655e+01 1.550721134562388102e+02
1.065765765765765671e+01 1.550726039542952890e+02
1.066791791791791688e+01 1.550730428227089988e+02
1.067817817817817705e+01 1.550734300609027230e+02
1.068843843843843722e+01 1.550737656683688783e+02
1.069869869869869738e+01 1.550740496446635461e+02
1.070895895895895755e+01 1.550742819894124125e+02
1.071921921921921950e+01 1.550744627023110525e+02
1.072947947947947966e+01 1.550745917831260385e+02
1.073973973973973983e+01 1.550746692316824351e+02
1.075000000000000000e+01 1.550746950478792598e+02
