1.000000000000000021e-02 8.028770194696827240e-25
5.003003003003003712e-02 2.361695482575310999e-13
9.006006006006006537e-02 4.070588074356379563e-10
1.300900900900901214e-01 2.374990862038509351e-08
1.701201201201201496e-01 3.454569603181454772e-07
2.101501501501501779e-01 2.396987188963161365e-06
2.501801801801802339e-01 1.057571299577333266e-05
2.902102102102102621e-01 3.449890052506457975e-05
3.302402402402402903e-01 9.087391932697317222e-05
3.702702702702703186e-01 2.043490162278000465e-04
4.103003003003003468e-01 4.071379997411444314e-04
4.503303303303303751e-01 7.375776233962273287e-04
4.903603603603604588e-01 1.237970419392568980e-03
5.303903903903904871e-01 1.952106343617514327e-03
5.704204204204205153e-01 2.922802715481516867e-03
6.104504504504505435e-01 4.189707904874188579e-03
6.504804804804805718e-01 5.787516075570346349e-03
6.905105105105106000e-01 7.744656761606316143e-03
7.305405405405406283e-01 1.008246083365705627e-02
7.705705705705706565e-01 1.281476333055399028e-02
8.106006006006006848e-01 1.594788031279960674e-02
8.506306306306307130e-01 1.948088699900294915e-02
8.906606606606607413e-01 2.340612383175351072e-02
9.306906906906907695e-01 2.770986234421474528e-02
9.707207207207209088e-01 3.237307114181350171e-02
1.010750750750750937e+00 3.737223211419292423e-02
1.050780780780780965e+00 4.268016691663301804e-02
1.090810810810810993e+00 4.826684305165213767e-02
1.130840840840841022e+00 5.410013713015676684e-02
1.170870870870871050e+00 6.014653992353205525e-02
1.210900900900901078e+00 6.637179361284790968e-02
1.250930930930931106e+00 7.274145627059387664e-02
1.290960960960961135e+00 7.922139219555043854e-02
1.330990990990991163e+00 8.577818940535834880e-02
1.371021021021021191e+00 9.237950752002220545e-02
1.411051051051051219e+00 9.899436058120582305e-02
1.451081081081081248e+00 1.055933401714299752e-01
1.491111111111111276e+00 1.121487846327311466e-01
1.531141141141141304e+00 1.186349003279998232e-01
1.571171171171171332e+00 1.250278408163400523e-01
1.611201201201201361e+00 1.313057495883322712e-01
1.651231231231231389e+00 1.374487716774759893e-01
1.691261261261261417e+00 1.434390390690307993e-01
1.731291291291291445e+00 1.492606343967453619e-01
1.771321321321321474e+00 1.548995369739249173e-01
1.811351351351351502e+00 1.603435547643697334e-01
1.851381381381381530e+00 1.655822454725691117e-01
1.891411411411411558e+00 1.706068295290730508e-01
1.931441441441441809e+00 1.754100973711961720e-01
1.971471471471471837e+00 1.799863130739373651e-01
2.011501501501501643e+00 1.843311160723774544e-01
2.051531531531531449e+00 1.884414224347754629e-01
2.091561561561561700e+00 1.923153268942220107e-01
2.131591591591591506e+00 1.959520066245079573e-01
2.171621621621621756e+00 1.993516275509687741e-01
2.211651651651651562e+00 2.025152538173762840e-01
2.251681681681681813e+00 2.054447608832892791e-01
2.291711711711711619e+00 2.081427526004560880e-01
2.331741741741741869e+00 2.106124825097461517e-01
2.371771771771771675e+00 2.128577795096381342e-01
2.411801801801801926e+00 2.148829779715938915e-01
2.451831831831831732e+00 2.166928523149158070e-01
2.491861861861861982e+00 2.182925560023013523e-01
2.531891891891891788e+00 2.196875648757797839e-01
2.571921921921922038e+00 2.208836247197144553e-01
2.611951951951952289e+00 2.218867029118702094e-01
2.651981981981982095e+00 2.227029440041290997e-01
2.692012012012012345e+00 2.233386290603266711e-01
2.732042042042042151e+00 2.238001385690544798e-01
2.772072072072072402e+00 2.240939187434048407e-01
2.812102102102102208e+00 2.242264510168709424e-01
2.852132132132132458e+00 2.242042245444243187e-01
2.892162162162162264e+00 2.240337115196797679e-01
2.932192192192192515e+00 2.237213451226227889e-01
2.972222222222222321e+00 2.232734999172593382e-01
3.012252252252252571e+00 2.226964745244503496e-01
3.052282282282282377e+00 2.219964764018672876e-01
3.092312312312312628e+00 2.211796085702214809e-01
3.132342342342342434e+00 2.202518581325142999e-01
3.172372372372372684e+00 2.192190864408607165e-01
3.212402402402402490e+00 2.180870207733481836e-01
3.252432432432432741e+00 2.168612473912908123e-01
3.292462462462462547e+00 2.155472058550516601e-01
3.332492492492492797e+00 2.141501844842633173e-01
3.372522522522522603e+00 2.126753168557326268e-01
3.412552552552552854e+00 2.111275792395234108e-01
3.452582582582582660e+00 2.095117888806464490e-01
3.492612612612612910e+00 2.078326030404273606e-01
3.532642642642642716e+00 2.060945187179536731e-01
3.572672672672672967e+00 2.043018729780188836e-01
3.612702702702702773e+00 2.024588438176758431e-01
3.652732732732733023e+00 2.005694515088874696e-01
3.692762762762762829e+00 1.986375603598252437e-01
3.732792792792793080e+00 1.966668808421167813e-01
3.772822822822822886e+00 1.946609720357953266e-01
3.812852852852853136e+00 1.926232443478673728e-01
3.852882882882883386e+00 1.905569624642947935e-01
3.892912912912913193e+00 1.884652484988027232e-01
3.932942942942943443e+00 1.863510853052849359e-01
3.972972972972973249e+00 1.842173199236938341e-01
4.013003003003003499e+00 1.820666671321895524e-01
4.053033033033033306e+00 1.799017130809932863e-01
4.093063063063063112e+00 1.777249189858530753e-01
4.133093093093093806e+00 1.755386248613054201e-01
4.173123123123123612e+00 1.733450532760064944e-01
4.213153153153153418e+00 1.711463131143302896e-01
4.253183183183183225e+00 1.689444033301964188e-01
4.293213213213213919e+00 1.667412166807087093e-01
4.333243243243243725e+00 1.645385434286649740e-01
4.373273273273273531e+00 1.623380750043528498e-01
4.413303303303303338e+00 1.601414076182796076e-01
4.453333333333334032e+00 1.579500458176099353e-01
4.493363363363363838e+00 1.557654059801073521e-01
4.533393393393393644e+00 1.535888197403037780e-01
4.573423423423423451e+00 1.514215373434637524e-01
4.613453453453454145e+00 1.492647309236715403e-01
4.653483483483483951e+00 1.471194977030560735e-01
4.693513513513513757e+00 1.449868631097880056e-01
4.733543543543543564e+00 1.428677838130422983e-01
4.773573573573574258e+00 1.407631506736155280e-01
4.813603603603604064e+00 1.386737916093374323e-01
4.853633633633633870e+00 1.366004743748117922e-01
4.893663663663663677e+00 1.345439092553781246e-01
4.933693693693694371e+00 1.325047516754979671e-01
4.973723723723724177e+00 1.304836047220476469e-01
5.013753753753753983e+00 1.284810215832410396e-01
5.053783783783783790e+00 1.264975079041214812e-01
5.093813813813814484e+00 1.245335240597430365e-01
5.133843843843844290e+00 1.225894873473239582e-01
5.173873873873874096e+00 1.206657740987898825e-01
5.213903903903904791e+00 1.187627217152414510e-01
5.253933933933934597e+00 1.168806306249766114e-01
5.293963963963964403e+00 1.150197661667791416e-01
5.333993993993994209e+00 1.131803604002489944e-01
5.374024024024024904e+00 1.113626138450016650e-01
5.414054054054054710e+00 1.095666971506022574e-01
5.454084084084084516e+00 1.077927526991269008e-01
5.494114114114114322e+00 1.060408961422641128e-01
5.534144144144145017e+00 1.043112178748757113e-01
5.574174174174174823e+00 1.026037844469391141e-01
5.614204204204204629e+00 1.009186399157877834e-01
5.654234234234234435e+00 9.925580714055444453e-02
5.694264264264265130e+00 9.761528902070465419e-02
5.734294294294294936e+00 9.599706968052822142e-02
5.774324324324324742e+00 9.440111560142797065e-02
5.814354354354354548e+00 9.282737670381953354e-02
5.854384384384385243e+00 9.127578738042085860e-02
5.894414414414415049e+00 8.974626748267848508e-02
5.934444444444444855e+00 8.823872326203871519e-02
5.974474474474474661e+00 8.675304826773584665e-02
6.014504504504505356e+00 8.528912420272806438e-02
6.054534534534535162e+00 8.384682173937271776e-02
6.094564564564564968e+00 8.242600129638978645e-02
6.134594594594594774e+00 8.102651377862116200e-02
6.174624624624625469e+00 7.964820128105072616e-02
6.214654654654655275e+00 7.829089775850797683e-02
6.254684684684685081e+00 7.695442966243409844e-02
6.294714714714714887e+00 7.563861654604911444e-02
6.334744744744745581e+00 7.434327163921460035e-02
6.374774774774775388e+00 7.306820239424569041e-02
6.414804804804805194e+00 7.181321100388468603e-02
6.454834834834835888e+00 7.057809489260753744e-02
6.494864864864865694e+00 6.936264718239552873e-02
6.534894894894895501e+00 6.816665713406309945e-02
6.574924924924925307e+00 6.698991056519633391e-02
6.614954954954956001e+00 6.583219024571783373e-02
6.654984984984985807e+00 6.469327627205676001e-02
6.695015015015015614e+00 6.357294642086668002e-02
6.735045045045045420e+00 6.247097648319977631e-02
6.775075075075076114e+00 6.138714058001008139e-02
6.815105105105105920e+00 6.032121145982681509e-02
6.855135135135135727e+00 5.927296077940492902e-02
6.895165165165165533e+00 5.824215936812995875e-02
6.935195195195196227e+00 5.722857747692278174e-02
6.975225225225226033e+00 5.623198501236113117e-02
7.015255255255255840e+00 5.525215175670490642e-02
7.055285285285285646e+00 5.428884757448620285e-02
7.095315315315316340e+00 5.334184260629685342e-02
7.135345345345346146e+00 5.241090745038076704e-02
7.175375375375375953e+00 5.149581333261369492e-02
7.215405405405405759e+00 5.059633226542836759e-02
7.255435435435436453e+00 4.971223719621978981e-02
7.295465465465466259e+00 4.884330214574307549e-02
7.335495495495496066e+00 4.798930233699422870e-02
7.375525525525525872e+00 4.715001431504400181e-02
7.415555555555556566e+00 4.632521605827379790e-02
7.455585585585586372e+00 4.551468708144449510e-02
7.495615615615616179e+00 4.471820853100876014e-02
7.535645645645645985e+00 4.393556327306145926e-02
7.575675675675676679e+00 4.316653597430374772e-02
7.615705705705706485e+00 4.241091317638105707e-02
7.655735735735736291e+00 4.166848336393796925e-02
7.695765765765766986e+00 4.093903702671931877e-02
7.735795795795796792e+00 4.022236671603109104e-02
7.775825825825826598e+00 3.951826709585983671e-02
7.815855855855856404e+00 3.882653498893815641e-02
7.855885885885887099e+00 3.814696941802780961e-02
7.895915915915916905e+00 3.747937164268240473e-02
7.935945945945946711e+00 3.682354519173682006e-02
7.975975975975976517e+00 3.617929589176213656e-02
8.016006006006007212e+00 3.554643189171078493e-02
8.056036036036037018e+00 3.492476368396824765e-02
8.096066066066066824e+00 3.431410412201697790e-02
8.136096096096096630e+00 3.371426843490775427e-02
8.176126126126126437e+00 3.312507423872564777e-02
8.216156156156156243e+00 3.254634154522795947e-02
8.256186186186187825e+00 3.197789276782375678e-02
8.296216216216217632e+00 3.141955272505551899e-02
8.336246246246247438e+00 3.087114864173696321e-02
8.376276276276277244e+00 3.033251014789242750e-02
8.416306306306307050e+00 2.980346927563680068e-02
8.456336336336336856e+00 2.928386045412812583e-02
8.496366366366366663e+00 2.877352050271818687e-02
8.536396396396396469e+00 2.827228862242055912e-02
8.576426426426428051e+00 2.778000638580937348e-02
8.616456456456457857e+00 2.729651772545646504e-02
8.656486486486487664e+00 2.682166892100926528e-02
8.696516516516517470e+00 2.635530858500654411e-02
8.736546546546547276e+00 2.589728764752396994e-02
8.776576576576577082e+00 2.544745933973725088e-02
8.816606606606606888e+00 2.500567917648528760e-02
8.856636636636636695e+00 2.457180493791250031e-02
8.896666666666668277e+00 2.414569665026442338e-02
8.936696696696698083e+00 2.372721656590744826e-02
8.976726726726727890e+00 2.331622914263924151e-02
9.016756756756757696e+00 2.291260102235350565e-02
9.056786786786787502e+00 2.251620100911879904e-02
9.096816816816817308e+00 2.212690004672806729e-02
9.136846846846847114e+00 2.174457119577228453e-02
9.176876876876878697e+00 2.136908961028927134e-02
9.216906906906908503e+00 2.100033251403505413e-02
9.256936936936938309e+00 2.063817917642302505e-02
9.296966966966968116e+00 2.028251088817365627e-02
9.336996996996997922e+00 1.993321093671478889e-02
9.377027027027027728e+00 1.959016458137035829e-02
9.417057057057057534e+00 1.925325902837310768e-02
9.457087087087087340e+00 1.892238340573517211e-02
9.497117117117118923e+00 1.859742873800773397e-02
9.537147147147148729e+00 1.827828792095959748e-02
9.577177177177178535e+00 1.796485569620259737e-02
9.617207207207208342e+00 1.765702862578987647e-02
9.657237237237238148e+00 1.735470506681153352e-02
9.697267267267267954e+00 1.705778514601086204e-02
9.737297297297297760e+00 1.676617073444225739e-02
9.777327327327327566e+00 1.647976542219141763e-02
9.817357357357359149e+00 1.619847449317594890e-02
9.857387387387388955e+00 1.592220490004472855e-02
9.897417417417418761e+00 1.565086523919131944e-02
9.937447447447448567e+00 1.538436572589764809e-02
9.977477477477478374e+00 1.512261816962108020e-02
1.001750750750750818e+01 1.486553594943884095e-02
1.005753753753753799e+01 1.461303398966099995e-02
1.009756756756756779e+01 1.436502873562402714e-02
1.013759759759759937e+01 1.412143812967454719e-02
1.017762762762762918e+01 1.388218158735320118e-02
1.021765765765765899e+01 1.364717997378708976e-02
1.025768768768768879e+01 1.341635558029880861e-02
1.029771771771771860e+01 1.318963210123929274e-02
1.033774774774774841e+01 1.296693461105116567e-02
1.037777777777777821e+01 1.274818954156840475e-02
1.041780780780780979e+01 1.253332465955770206e-02
1.045783783783783960e+01 1.232226904450656364e-02
1.049786786786786941e+01 1.211495306666187689e-02
1.053789789789789921e+01 1.191130836532345097e-02
1.057792792792792902e+01 1.171126782739519492e-02
1.061795795795795883e+01 1.151476556619711149e-02
1.065798798798798863e+01 1.132173690054052995e-02
1.069801801801801844e+01 1.113211833406856782e-02
1.073804804804805002e+01 1.094584753486335486e-02
1.077807807807807983e+01 1.076286331532181131e-02
1.081810810810810963e+01 1.058310561230024587e-02
1.085813813813813944e+01 1.040651546752926170e-02
1.089816816816816925e+01 1.023303500829877283e-02
1.093819819819819905e+01 1.006260742841347949e-02
1.097822822822822886e+01 9.895176969418753923e-03
1.101825825825825866e+01 9.730688902096508094e-03
1.105828828828829025e+01 9.569089508230288824e-03
1.109831831831832005e+01 9.410326062639163061e-03
1.113834834834834986e+01 9.254346815479050706e-03
1.117837837837837967e+01 9.101100974810647989e-03
1.121840840840840947e+01 8.950538689432279565e-03
1.125843843843843928e+01 8.802611031976563874e-03
1.129846846846846908e+01 8.657269982268895117e-03
1.133849849849849889e+01 8.514468410946277738e-03
1.137852852852853047e+01 8.374160063334388365e-03
1.141855855855856028e+01 8.236299543581066321e-03
1.145858858858859008e+01 8.100842299043875191e-03
1.149861861861861989e+01 7.967744604929792585e-03
1.153864864864864970e+01 7.836963549184590774e-03
1.157867867867867950e+01 7.708457017629494375e-03
1.161870870870870931e+01 7.582183679342813058e-03
1.165873873873874089e+01 7.458102972283837083e-03
1.169876876876877070e+01 7.336175089156737016e-03
1.173879879879880050e+01 7.216360963511344283e-03
1.177882882882883031e+01 7.098622256078671901e-03
1.181885885885886012e+01 6.982921341338165638e-03
1.185888888888888992e+01 6.869221294313883168e-03
1.189891891891891973e+01 6.757485877597038150e-03
1.193894894894894954e+01 6.647679528591883893e-03
1.197897897897898112e+01 6.539767346982221750e-03
1.201900900900901092e+01 6.433715082415690165e-03
1.205903903903904073e+01 6.329489122402779527e-03
1.209906906906907054e+01 6.227056480428002846e-03
1.213909909909910034e+01 6.126384784269983501e-03
1.217912912912913015e+01 6.027442264527871872e-03
1.221915915915915996e+01 5.930197743350973556e-03
1.225918918918918976e+01 5.834620623368746810e-03
1.229921921921922134e+01 5.740680876818441379e-03
1.233924924924925115e+01 5.648349034867137380e-03
1.237927927927928096e+01 5.557596177125706180e-03
1.241930930930931076e+01 5.468393921351491840e-03
1.245933933933934057e+01 5.380714413337078957e-03
1.249936936936937038e+01 5.294530316982141473e-03
1.253939939939940018e+01 5.209814804545684526e-03
1.257942942942942999e+01 5.126541547075748502e-03
1.261945945945946157e+01 5.044684705013857857e-03
1.265948948948949138e+01 4.964218918971401856e-03
1.269951951951952118e+01 4.885119300675205486e-03
1.273954954954955099e+01 4.807361424079588733e-03
1.277957957957958079e+01 4.730921316642155983e-03
1.281960960960961060e+01 4.655775450760678801e-03
1.285963963963964041e+01 4.581900735368417930e-03
1.289966966966967199e+01 4.509274507685177499e-03
1.293969969969970180e+01 4.437874525121633315e-03
1.297972972972973160e+01 4.367678957334198732e-03
1.301975975975976141e+01 4.298666378428009881e-03
1.305978978978979121e+01 4.230815759305424709e-03
1.309981981981982102e+01 4.164106460157634970e-03
1.313984984984985083e+01 4.098518223096822045e-03
1.317987987987988063e+01 4.034031164926519045e-03
1.321990990990991222e+01 3.970625770047747985e-03
1.325993993993994202e+01 3.908282883498563273e-03
1.329996996996997183e+01 3.846983704124620589e-03
1.334000000000000163e+01 3.786709777878603626e-03
1.338003003003003144e+01 3.727442991246031085e-03
1.342006006006006125e+01 3.669165564795378275e-03
1.346009009009009105e+01 3.611860046850199658e-03
1.350012012012012086e+01 3.555509307281106476e-03
1.354015015015015244e+01 3.500096531415447521e-03
1.358018018018018225e+01 3.445605214062547657e-03
1.362021021021021205e+01 3.392019153652442356e-03
1.366024024024024186e+01 3.339322446486089890e-03
1.370027027027027167e+01 3.287499481094895409e-03
1.374030030030030147e+01 3.236534932707744484e-03
1.378033033033033128e+01 3.186413757823423291e-03
1.382036036036036108e+01 3.137121188886571842e-03
1.386039039039039267e+01 3.088642729065238252e-03
1.390042042042042247e+01 3.040964147128177864e-03
1.394045045045045228e+01 2.994071472420033707e-03
1.398048048048048209e+01 2.947950989932602434e-03
1.402051051051051189e+01 2.902589235470369022e-03
1.406054054054054170e+01 2.857972990908639720e-03
1.410057057057057150e+01 2.814089279542408405e-03
1.414060060060060309e+01 2.770925361524379481e-03
1.418063063063063289e+01 2.728468729390454671e-03
1.422066066066066270e+01 2.686707103670952449e-03
1.426069069069069251e+01 2.645628428586089924e-03
1.430072072072072231e+01 2.605220867824046670e-03
1.434075075075075212e+01 2.565472800400024102e-03
1.438078078078078192e+01 2.526372816594903495e-03
1.442081081081081173e+01 2.487909713971829962e-03
1.446084084084084331e+01 2.450072493469377093e-03
1.450087087087087312e+01 2.412850355569768311e-03
1.454090090090090293e+01 2.376232696540727697e-03
1.458093093093093273e+01 2.340209104749606771e-03
1.462096096096096254e+01 2.304769357048351303e-03
1.466099099099099234e+01 2.269903415228004522e-03
1.470102102102102215e+01 2.235601422541352856e-03
1.474105105105105196e+01 2.201853700292522899e-03
1.478108108108108354e+01 2.168650744492081096e-03
1.482111111111111335e+01 2.135983222576556297e-03
1.486114114114114315e+01 2.103841970191030770e-03
1.490117117117117296e+01 2.072217988033588001e-03
1.494120120120120276e+01 2.041102438760543456e-03
1.498123123123123257e+01 2.010486643951119121e-03
1.502126126126126238e+01 1.980362081130560004e-03
1.506129129129129218e+01 1.950720380850469405e-03
1.510132132132132377e+01 1.921553323825328638e-03
1.514135135135135357e+01 1.892852838124062112e-03
1.518138138138138338e+01 1.864610996415587679e-03
1.522141141141141318e+01 1.836820013267376640e-03
1.526144144144144299e+01 1.809472242495898915e-03
1.530147147147147280e+01 1.782560174567991229e-03
1.534150150150150260e+01 1.756076434052210268e-03
1.538153153153153418e+01 1.730013777119096150e-03
1.542156156156156399e+01 1.704365089089500971e-03
1.546159159159159380e+01 1.679123382029973008e-03
1.550162162162162360e+01 1.654281792394340315e-03
1.554165165165165341e+01 1.629833578710538494e-03
1.558168168168168322e+01 1.605772119311852601e-03
1.562171171171171302e+01 1.582090910111702336e-03
1.566174174174174283e+01 1.558783562421068485e-03
1.570177177177177441e+01 1.535843800807818772e-03
1.574180180180180422e+01 1.513265460997038469e-03
1.578183183183183402e+01 1.491042487811626528e-03
1.582186186186186383e+01 1.469168933152321986e-03
1.586189189189189364e+01 1.447638954016425760e-03
1.590192192192192344e+01 1.426446810554471466e-03
1.594195195195195325e+01 1.405586864164062475e-03
1.598198198198198305e+01 1.385053575620191942e-03
1.602201201201201641e+01 1.364841503241314390e-03
1.606204204204204444e+01 1.344945301090487129e-03
1.610207207207207603e+01 1.325359717210858974e-03
1.614210210210210406e+01 1.306079591894908224e-03
1.618213213213213564e+01 1.287099855986670533e-03
1.622216216216216722e+01 1.268415529216432129e-03
1.626219219219219525e+01 1.250021718567147439e-03
1.630222222222222683e+01 1.231913616672015814e-03
1.634225225225225486e+01 1.214086500242625606e-03
1.638228228228228645e+01 1.196535728527005306e-03
1.642231231231231448e+01 1.179256741797073691e-03
1.646234234234234606e+01 1.162245059864856029e-03
1.650237237237237764e+01 1.145496280626936156e-03
1.654240240240240567e+01 1.129006078636599292e-03
1.658243243243243725e+01 1.112770203703075580e-03
1.662246246246246528e+01 1.096784479517439815e-03
1.666249249249249686e+01 1.081044802304556313e-03
1.670252252252252489e+01 1.065547139500641963e-03
1.674255255255255648e+01 1.050287528455876290e-03
1.678258258258258806e+01 1.035262075161640484e-03
1.682261261261261609e+01 1.020466953001839807e-03
1.686264264264264767e+01 1.005898401527882636e-03
1.690267267267267570e+01 9.915527252568486459e-04
1.694270270270270728e+01 9.774262924923749277e-04
1.698273273273273531e+01 9.635155341678523864e-04
1.702276276276276690e+01 9.498169427114496214e-04
1.706279279279279493e+01 9.363270709325893738e-04
1.710282282282282651e+01 9.230425309294304145e-04
1.714285285285285809e+01 9.099599930169530691e-04
1.718288288288288612e+01 8.970761846752481989e-04
1.722291291291291770e+01 8.843878895176171583e-04
1.726294294294294573e+01 8.718919462781033651e-04
1.730297297297297732e+01 8.595852478180548723e-04
1.734300300300300535e+01 8.474647401514005937e-04
1.738303303303303693e+01 8.355274214881913252e-04
1.742306306306306851e+01 8.237703412961579295e-04
1.746309309309309654e+01 8.121905993798317520e-04
1.750312312312312812e+01 8.007853449769616406e-04
1.754315315315315615e+01 7.895517758718761762e-04
1.758318318318318774e+01 7.784871375254197789e-04
1.762321321321321577e+01 7.675887222212008504e-04
1.766324324324324735e+01 7.568538682278092402e-04
1.770327327327327538e+01 7.462799589766754959e-04
1.774330330330330696e+01 7.358644222553136416e-04
1.778333333333333854e+01 7.256047294156047671e-04
1.782336336336336657e+01 7.154983945968652328e-04
1.786339339339339816e+01 7.055429739633799734e-04
1.790342342342342619e+01 6.957360649561745210e-04
1.794345345345345777e+01 6.860753055586715386e-04
1.798348348348348580e+01 6.765583735760567633e-04
1.802351351351351738e+01 6.671829859280055744e-04
1.806354354354354896e+01 6.579468979545697151e-04
1.810357357357357699e+01 6.488479027349478056e-04
1.814360360360360858e+01 6.398838304188878955e-04
1.818363363363363661e+01 6.310525475704975183e-04
1.822366366366366819e+01 6.223519565241884604e-04
1.826369369369369622e+01 6.137799947525800649e-04
1.830372372372372780e+01 6.053346342460584660e-04
1.834375375375375938e+01 5.970138809038257662e-04
1.838378378378378741e+01 5.888157739362062659e-04
1.842381381381381900e+01 5.807383852779565876e-04
1.846384384384384703e+01 5.727798190124338672e-04
1.850387387387387861e+01 5.649382108063436990e-04
1.854390390390390664e+01 5.572117273549281879e-04
1.858393393393393822e+01 5.495985658373440941e-04
1.862396396396396625e+01 5.420969533820725562e-04
1.866399399399399783e+01 5.347051465421391115e-04
1.870402402402402942e+01 5.274214307799854990e-04
1.874405405405405745e+01 5.202441199617843228e-04
1.878408408408408903e+01 5.131715558610228838e-04
1.882411411411411706e+01 5.062021076711982134e-04
1.886414414414414864e+01 4.993341715274166601e-04
1.890417417417417667e+01 4.925661700367556716e-04
1.894420420420420825e+01 4.858965518172075806e-04
1.898423423423423984e+01 4.793237910450472605e-04
1.902426426426426787e+01 4.728463870104553861e-04
1.906429429429429945e+01 4.664628636812551566e-04
1.910432432432432748e+01 4.601717692745944336e-04
1.914435435435435906e+01 4.539716758364251343e-04
1.918438438438438709e+01 4.478611788286432729e-04
1.922441441441441867e+01 4.418388967237253922e-04
1.926444444444445026e+01 4.359034706067367029e-04
1.930447447447447828e+01 4.300535637845593587e-04
1.934450450450450987e+01 4.242878614022119557e-04
1.938453453453453790e+01 4.186050700661251103e-04
1.942456456456456948e+01 4.130039174742286458e-04
1.946459459459459751e+01 4.074831520527496653e-04
1.950462462462462909e+01 4.020415425995646258e-04
1.954465465465465712e+01 3.966778779340011702e-04
1.958468468468468870e+01 3.913909665529574948e-04
1.962471471471472029e+01 3.861796362932325708e-04
1.966474474474474832e+01 3.810427339999327757e-04
1.970477477477477990e+01 3.759791252008606107e-04
1.974480480480480793e+01 3.709876937867520922e-04
1.978483483483483951e+01 3.660673416972727752e-04
1.982486486486486754e+01 3.612169886126537959e-04
1.986489489489489912e+01 3.564355716508523582e-04
1.990492492492493071e+01 3.517220450701668958e-04
1.994495495495495874e+01 3.470753799771559341e-04
1.998498498498499032e+01 3.424945640398069304e-04
2.002501501501501835e+01 3.379786012058310046e-04
2.006504504504504993e+01 3.335265114259904832e-04
2.010507507507507796e+01 3.291373303823753914e-04
2.014510510510510954e+01 3.248101092215253537e-04
2.018513513513513757e+01 3.205439142923169967e-04
2.022516516516516916e+01 3.163378268885118491e-04
2.026519519519520074e+01 3.121909429959025058e-04
2.030522522522522877e+01 3.081023730439430520e-04
2.034525525525526035e+01 3.040712416618073150e-04
2.038528528528528838e+01 3.000966874387692878e-04
2.042531531531531996e+01 2.961778626888438167e-04
2.046534534534534799e+01 2.923139332195982690e-04
2.050537537537537958e+01 2.885040781050551666e-04
2.054540540540541116e+01 2.847474894626275633e-04
2.058543543543543919e+01 2.810433722339858486e-04
2.062546546546547077e+01 2.773909439698074033e-04
2.066549549549549880e+01 2.737894346183232411e-04
2.070552552552553038e+01 2.702380863175951717e-04
2.074555555555555841e+01 2.667361531914592488e-04
2.078558558558559000e+01 2.632829011490575469e-04
2.082561561561562158e+01 2.598776076879022153e-04
2.086564564564564961e+01 2.565195617004030698e-04
2.090567567567568119e+01 2.532080632837906890e-04
2.094570570570570922e+01 2.499424235533840568e-04
2.098573573573574080e+01 2.467219644591224135e-04
2.102576576576576883e+01 2.435460186053245045e-04
2.106579579579580042e+01 2.404139290735960008e-04
2.110582582582582845e+01 2.373250492488396344e-04
2.114585585585586003e+01 2.342787426483048134e-04
2.118588588588589161e+01 2.312743827536254608e-04
2.122591591591591964e+01 2.283113528457868799e-04
2.126594594594595122e+01 2.253890458429737515e-04
2.130597597597597925e+01 2.225068641412391158e-04
2.134600600600601084e+01 2.196642194579499438e-04
2.138603603603603887e+01 2.168605326779589598e-04
2.142606606606607045e+01 2.140952337024399981e-04
2.146609609609610203e+01 2.113677613003598949e-04
2.150612612612613006e+01 2.086775629625194778e-04
2.154615615615616164e+01 2.060240947581280931e-04
2.158618618618618967e+01 2.034068211938616600e-04
2.162621621621622126e+01 2.008252150753592311e-04
2.166624624624624929e+01 1.982787573711166425e-04
2.170627627627628087e+01 1.957669370787266223e-04
2.174630630630630890e+01 1.932892510934355933e-04
2.178633633633634048e+01 1.908452040789611207e-04
2.182636636636637206e+01 1.884343083405352524e-04
2.186639639639640009e+01 1.860560837001412008e-04
2.190642642642643168e+01 1.837100573738859575e-04
2.194645645645645970e+01 1.813957638514901915e-04
2.198648648648649129e+01 1.791127447778396227e-04
2.202651651651651932e+01 1.768605488365771893e-04
2.206654654654655090e+01 1.746387316356828553e-04
2.210657657657658248e+01 1.724468555950203785e-04
2.214660660660661051e+01 1.702844898358020314e-04
2.218663663663664209e+01 1.681512100719512182e-04
2.222666666666667012e+01 1.660465985033146325e-04
2.226669669669670171e+01 1.639702437106999402e-04
2.230672672672672974e+01 1.619217405527065431e-04
2.234675675675676132e+01 1.599006900643079794e-04
2.238678678678679290e+01 1.579066993571706743e-04
2.242681681681682093e+01 1.559393815216582996e-04
2.246684684684685251e+01 1.539983555305092738e-04
2.250687687687688054e+01 1.520832461441486974e-04
2.254690690690691213e+01 1.501936838176031179e-04
2.258693693693694016e+01 1.483293046090019987e-04
2.262696696696697174e+01 1.464897500896184554e-04
2.266699699699699977e+01 1.446746672554425944e-04
2.270702702702703135e+01 1.428837084402433794e-04
2.274705705705706293e+01 1.411165312301038469e-04
2.278708708708709096e+01 1.393727983793974440e-04
2.282711711711712255e+01 1.376521777281791952e-04
2.286714714714715058e+01 1.359543421209765204e-04
2.290717717717718216e+01 1.342789693269387204e-04
2.294720720720721019e+01 1.326257419613357527e-04
2.298723723723724177e+01 1.309943474083758840e-04
2.302726726726727335e+01 1.293844777453176105e-04
2.306729729729730138e+01 1.277958296678567609e-04
2.310732732732733297e+01 1.262281044167645533e-04
2.314735735735736100e+01 1.246810077057550279e-04
2.318738738738739258e+01 1.231542496505580052e-04
2.322741741741742061e+01 1.216475446991819817e-04
2.326744744744745219e+01 1.201606115633372724e-04
2.330747747747748377e+01 1.186931731510095997e-04
2.334750750750751180e+01 1.172449565001541777e-04
2.338753753753754339e+01 1.158156927134966458e-04
2.342756756756757142e+01 1.144051168944208735e-04
2.346759759759760300e+01 1.130129680839211134e-04
2.350762762762763103e+01 1.116389891986045566e-04
2.354765765765766261e+01 1.102829269697219277e-04
2.358768768768769064e+01 1.089445318832114846e-04
2.362771771771772222e+01 1.076235581207357265e-04
2.366774774774775381e+01 1.063197635016969339e-04
2.370777777777778184e+01 1.050329094262105736e-04
2.374780780780781342e+01 1.037627608190222174e-04
2.378783783783784145e+01 1.025090860743533915e-04
2.382786786786787303e+01 1.012716570016547674e-04
2.386789789789790106e+01 1.000502487722581299e-04
2.390792792792793264e+01 9.884463986690301095e-05
2.394795795795796423e+01 9.765461202413265097e-05
2.398798798798799226e+01 9.647995018953445831e-05
2.402801801801802384e+01 9.532044246581834041e-05
2.406804804804805187e+01 9.417588006371432582e-05
2.410807807807808345e+01 9.304605725367359357e-05
2.414810810810811148e+01 9.193077131836582198e-05
2.418813813813814306e+01 9.082982250595140312e-05
2.422816816816817109e+01 8.974301398412021539e-05
2.426819819819820268e+01 8.867015179488241228e-05
2.430822822822823426e+01 8.761104481009636012e-05
2.434825825825826229e+01 8.656550468772506487e-05
2.438828828828829387e+01 8.553334582880456739e-05
2.442831831831832190e+01 8.451438533511442734e-05
2.446834834834835348e+01 8.350844296753759703e-05
2.450837837837838151e+01 8.251534110509904651e-05
2.454840840840841310e+01 8.153490470466703951e-05
2.458843843843844468e+01 8.056696126131390235e-05
2.462846846846847271e+01 7.961134076931620119e-05
2.466849849849850429e+01 7.866787568378887931e-05
2.470852852852853232e+01 7.773640088294214668e-05
2.474855855855856390e+01 7.681675363094786718e-05
2.478858858858859193e+01 7.590877354140712250e-05
2.482861861861862351e+01 7.501230254140885589e-05
2.486864864864865510e+01 7.412718483616794070e-05
2.490867867867868313e+01 7.325326687423507066e-05
2.494870870870871471e+01 7.239039731326628823e-05
2.498873873873874274e+01 7.153842698634492751e-05
2.502876876876877432e+01 7.069720886884491289e-05
2.506879879879880235e+01 6.986659804582717335e-05
2.510882882882883393e+01 6.904645167996032286e-05
2.514885885885886196e+01 6.823662897995560485e-05
2.518888888888889355e+01 6.743699116950855222e-05
2.522891891891892513e+01 6.664740145673844513e-05
2.526894894894895316e+01 6.586772500411721841e-05
2.530897897897898474e+01 6.509782889887909057e-05
2.534900900900901277e+01 6.433758212390351487e-05
2.538903903903904435e+01 6.358685552906360549e-05
2.542906906906907238e+01 6.284552180303071463e-05
2.546909909909910397e+01 6.211345544552984797e-05
2.550912912912913555e+01 6.139053274003635049e-05
2.554915915915916358e+01 6.067663172690775710e-05
2.558918918918919516e+01 5.997163217694178211e-05
2.562921921921922319e+01 5.927541556535668689e-05
2.566924924924925477e+01 5.858786504618254649e-05
2.570927927927928280e+01 5.790886542706012887e-05
2.574930930930931439e+01 5.723830314443888255e-05
2.578933933933934597e+01 5.657606623916837439e-05
2.582936936936937400e+01 5.592204433247456499e-05
2.586939939939940558e+01 5.527612860231688967e-05
2.590942942942943361e+01 5.463821176011980949e-05
2.594945945945946519e+01 5.400818802786917582e-05
2.598948948948949322e+01 5.338595311557277849e-05
2.602951951951952481e+01 5.277140419907306993e-05
2.606954954954955284e+01 5.216443989821233627e-05
2.610957957957958442e+01 5.156496025533867389e-05
2.614960960960961600e+01 5.097286671415191076e-05
2.618963963963964403e+01 5.038806209887999264e-05
2.622966966966967561e+01 4.981045059378369949e-05
2.626969969969970364e+01 4.923993772298179120e-05
2.630972972972973523e+01 4.867643033059276727e-05
2.634975975975976326e+01 4.811983656118666786e-05
2.638978978978979484e+01 4.757006584054377843e-05
2.642981981981982642e+01 4.702702885671332644e-05
2.646984984984985445e+01 4.649063754136790766e-05
2.650987987987988603e+01 4.596080505144858045e-05
2.654990990990991406e+01 4.543744575109730731e-05
2.658993993993994565e+01 4.492047519386918174e-05
2.662996996996997368e+01 4.440981010522289515e-05
2.667000000000000526e+01 4.390536836528220017e-05
2.671003003003003329e+01 4.340706899186643901e-05
2.675006006006006487e+01 4.291483212378359788e-05
2.679009009009009645e+01 4.242857900438259407e-05
2.683012012012012448e+01 4.194823196536125187e-05
2.687015015015015607e+01 4.147371441082402439e-05
2.691018018018018410e+01 4.100495080158695417e-05
2.695021021021021568e+01 4.054186663972512240e-05
2.699024024024024371e+01 4.008438845335866320e-05
2.703027027027027529e+01 3.963244378167398211e-05
2.707030030030030687e+01 3.918596116017558428e-05
2.711033033033033490e+01 3.874487010616524640e-05
2.715036036036036649e+01 3.830910110444472395e-05
2.719039039039039451e+01 3.787858559323848372e-05
2.723042042042042610e+01 3.745325595033298545e-05
2.727045045045045413e+01 3.703304547942813500e-05
2.731048048048048571e+01 3.661788839669918118e-05
2.735051051051051729e+01 3.620771981756383171e-05
2.739054054054054532e+01 3.580247574365246063e-05
2.743057057057057690e+01 3.540209304997741580e-05
2.747060060060060493e+01 3.500650947229952929e-05
2.751063063063063652e+01 3.461566359468615207e-05
2.755066066066066455e+01 3.422949483726078751e-05
2.759069069069069613e+01 3.384794344413811677e-05
2.763072072072072416e+01 3.347095047154444972e-05
2.767075075075075574e+01 3.309845777611765215e-05
2.771078078078078732e+01 3.273040800338644732e-05
2.775081081081081535e+01 3.236674457642398274e-05
2.779084084084084694e+01 3.200741168467405610e-05
2.783087087087087497e+01 3.165235427294745262e-05
2.787090090090090655e+01 3.130151803058419231e-05
2.791093093093093458e+01 3.095484938078142987e-05
2.795096096096096616e+01 3.061229547008150473e-05
2.799099099099099774e+01 3.027380415802024641e-05
2.803102102102102577e+01 2.993932400693103559e-05
2.807105105105105736e+01 2.960880427190340817e-05
2.811108108108108539e+01 2.928219489089294603e-05
2.815111111111111697e+01 2.895944647498017795e-05
2.819114114114114500e+01 2.864051029877729115e-05
2.823117117117117658e+01 2.832533829097700874e-05
2.827120120120120816e+01 2.801388302504727898e-05
2.831123123123123619e+01 2.770609771006213336e-05
2.835126126126126778e+01 2.740193618167272884e-05
2.839129129129129581e+01 2.710135289321260395e-05
2.843132132132132739e+01 2.680430290693767428e-05
2.847135135135135542e+01 2.651074188539574261e-05
2.851138138138138700e+01 2.622062608292677739e-05
2.855141141141141503e+01 2.593391233728978878e-05
2.859144144144144661e+01 2.565055806141412702e-05
2.863147147147147820e+01 2.537052123527607734e-05
2.867150150150150623e+01 2.509376039789362273e-05
2.871153153153153781e+01 2.482023463944398243e-05
2.875156156156156584e+01 2.454990359349539146e-05
2.879159159159159742e+01 2.428272742935709205e-05
2.883162162162162545e+01 2.401866684454220411e-05
2.887165165165165703e+01 2.375768305734159762e-05
2.891168168168168862e+01 2.349973779950982413e-05
2.895171171171171665e+01 2.324479330905863836e-05
2.899174174174174823e+01 2.299281232315724936e-05
2.903177177177177626e+01 2.274375807113859649e-05
2.907180180180180784e+01 2.249759426760763182e-05
2.911183183183183587e+01 2.225428510565411629e-05
2.915186186186186745e+01 2.201379525016241133e-05
2.919189189189189548e+01 2.177608983122321926e-05
2.923192192192192707e+01 2.154113443764081492e-05
2.927195195195195865e+01 2.130889511053585641e-05
2.931198198198198668e+01 2.107933833704373779e-05
2.935201201201201826e+01 2.085243104410446541e-05
2.939204204204204629e+01 2.062814059234476929e-05
2.943207207207207787e+01 2.040643477004948844e-05
2.947210210210210590e+01 2.018728178722186412e-05
2.951213213213213749e+01 1.997065026973110461e-05
2.955216216216216907e+01 1.975650925354552402e-05
2.959219219219219710e+01 1.954482817904986598e-05
2.963222222222222868e+01 1.933557688544681910e-05
2.967225225225225671e+01 1.912872560523960693e-05
2.971228228228228829e+01 1.892424495879517827e-05
2.975231231231231632e+01 1.872210594898741156e-05
2.979234234234234791e+01 1.852227995591800914e-05
2.983237237237237949e+01 1.832473873171474256e-05
2.987240240240240752e+01 1.812945439540507368e-05
2.991243243243243910e+01 1.793639942786445012e-05
2.995246246246246713e+01 1.774554666683887883e-05
2.999249249249249871e+01 1.755686930203865373e-05
3.003252252252252674e+01 1.737034087030437935e-05
3.007255255255255832e+01 1.718593525084221061e-05
3.011258258258258635e+01 1.700362666052963347e-05
3.015261261261261794e+01 1.682338964928700587e-05
3.019264264264264952e+01 1.664519909551876543e-05
3.023267267267267755e+01 1.646903020161852036e-05
3.027270270270270913e+01 1.629485848953995822e-05
3.031273273273273716e+01 1.612265979643195640e-05
3.035276276276276874e+01 1.595241027033629169e-05
3.039279279279279677e+01 1.578408636594742730e-05
3.043282282282282836e+01 1.561766484043331996e-05
3.047285285285285994e+01 1.545312274931723390e-05
3.051288288288288797e+01 1.529043744241744096e-05
3.055291291291291955e+01 1.512958655984648408e-05
3.059294294294294758e+01 1.497054802806719535e-05
3.063297297297297916e+01 1.481330005600581266e-05
3.067300300300300719e+01 1.465782113122044983e-05
3.071303303303303878e+01 1.450409001612488989e-05
3.075306306306307036e+01 1.435208574426587871e-05
3.079309309309309839e+01 1.420178761665458801e-05
3.083312312312312997e+01 1.405317519814941196e-05
3.087315315315315800e+01 1.390622831389141541e-05
3.091318318318318958e+01 1.376092704579028724e-05
3.095321321321321761e+01 1.361725172906022464e-05
3.099324324324324920e+01 1.347518294880574321e-05
3.103327327327327723e+01 1.333470153665533929e-05
3.107330330330330881e+01 1.319578856744404651e-05
3.111333333333334039e+01 1.305842535594217079e-05
3.115336336336336842e+01 1.292259345363133899e-05
3.119339339339340000e+01 1.278827464552565198e-05
3.123342342342342803e+01 1.265545094703863343e-05
3.127345345345345962e+01 1.252410460089378391e-05
3.131348348348348765e+01 1.239421807408005137e-05
3.135351351351351923e+01 1.226577405484877916e-05
3.139354354354355081e+01 1.213875544975483532e-05
3.143357357357357884e+01 1.201314538073851118e-05
3.147360360360361042e+01 1.188892718224886371e-05
3.151363363363363845e+01 1.176608439840762554e-05
3.155366366366367004e+01 1.164460078021339824e-05
3.159369369369369807e+01 1.152446028278506494e-05
3.163372372372372965e+01 1.140564706264372762e-05
3.167375375375375768e+01 1.128814547503325904e-05
3.171378378378378926e+01 1.117194007127852891e-05
3.175381381381382084e+01 1.105701559618049976e-05
3.179384384384384887e+01 1.094335698544801970e-05
3.183387387387388046e+01 1.083094936316562920e-05
3.187390390390390849e+01 1.071977803929700608e-05
3.191393393393394007e+01 1.060982850722295581e-05
3.195396396396396810e+01 1.050108644131438091e-05
3.199399399399399968e+01 1.039353769453876064e-05
3.203402402402402771e+01 1.028716829610058318e-05
3.207405405405405929e+01 1.018196444911381940e-05
3.211408408408408377e+01 1.007791252830800852e-05
3.215411411411411535e+01 9.974999077765462125e-06
3.219414414414414694e+01 9.873210808690448747e-06
3.223417417417417852e+01 9.772534597209134194e-06
3.227420420420420299e+01 9.672957482200323398e-06
3.231423423423423458e+01 9.574466663156309200e-06
3.235426426426426616e+01 9.477049498073472321e-06
3.239429429429429774e+01 9.380693501372017572e-06
3.243432432432432933e+01 9.285386341844648094e-06
3.247435435435435380e+01 9.191115840633777838e-06
3.251438438438438538e+01 9.097869969236406444e-06
3.255441441441441697e+01 9.005636847537068179e-06
3.259444444444444855e+01 8.914404741867584385e-06
3.263447447447448013e+01 8.824162063093983670e-06
3.267450450450450461e+01 8.734897364729227789e-06
3.271453453453453619e+01 8.646599341072778322e-06
3.275456456456456777e+01 8.559256825375193163e-06
3.279459459459459936e+01 8.472858788028276309e-06
3.283462462462462383e+01 8.387394334780042313e-06
3.287465465465465542e+01 8.302852704974220992e-06
3.291468468468468700e+01 8.219223269814121094e-06
3.295471471471471858e+01 8.136495530650065207e-06
3.299474474474475016e+01 8.054659117290650008e-06
3.303477477477477464e+01 7.973703786336720545e-06
3.307480480480480622e+01 7.893619419538737877e-06
3.311483483483483781e+01 7.814396022176100119e-06
3.315486486486486939e+01 7.736023721458992855e-06
3.319489489489489387e+01 7.658492764952026953e-06
3.323492492492492545e+01 7.581793519019169075e-06
3.327495495495495703e+01 7.505916467290198692e-06
3.331498498498498861e+01 7.430852209148064791e-06
3.335501501501502020e+01 7.356591458236542568e-06
3.339504504504504467e+01 7.283125040988689020e-06
3.343507507507507626e+01 7.210443895174855677e-06
3.347510510510510784e+01 7.138539068470827688e-06
3.351513513513513942e+01 7.067401717045211724e-06
3.355516516516517100e+01 6.997023104166082032e-06
3.359519519519519548e+01 6.927394598826544958e-06
3.363522522522522706e+01 6.858507674388833177e-06
3.367525525525525865e+01 6.790353907246884704e-06
3.371528528528529023e+01 6.722924975507084855e-06
3.375531531531531471e+01 6.656212657686683225e-06
3.379534534534534629e+01 6.590208831429928913e-06
3.383537537537537787e+01 6.524905472241446251e-06
3.387540540540540945e+01 6.460294652236940826e-06
3.391543543543544104e+01 6.396368538910580196e-06
3.395546546546546551e+01 6.333119393918835000e-06
3.399549549549549710e+01 6.270539571881116717e-06
3.403552552552552868e+01 6.208621519196054215e-06
3.407555555555556026e+01 6.147357772874354341e-06
3.411558558558558474e+01 6.086740959386561828e-06
3.415561561561561632e+01 6.026763793526934006e-06
3.419564564564564790e+01 5.967419077292319000e-06
3.423567567567567949e+01 5.908699698775901058e-06
3.427570570570571107e+01 5.850598631076162823e-06
3.431573573573573555e+01 5.793108931220118410e-06
3.435576576576576713e+01 5.736223739101109536e-06
3.439579579579579871e+01 5.679936276430756397e-06
3.443582582582583029e+01 5.624239845704948136e-06
3.447585585585585477e+01 5.569127829183662802e-06
3.451588588588588635e+01 5.514593687884366107e-06
3.455591591591591794e+01 5.460630960588758562e-06
3.459594594594594952e+01 5.407233262862871021e-06
3.463597597597598110e+01 5.354394286090171482e-06
3.467600600600600558e+01 5.302107796517531553e-06
3.471603603603603716e+01 5.250367634313836576e-06
3.475606606606606874e+01 5.199167712641241105e-06
3.479609609609610033e+01 5.148502016738533565e-06
3.483612612612613191e+01 5.098364603016832870e-06
3.487615615615615638e+01 5.048749598167225658e-06
3.491618618618618797e+01 4.999651198280267073e-06
3.495621621621621955e+01 4.951063667976985946e-06
3.499624624624625113e+01 4.902981339551604446e-06
3.503627627627627561e+01 4.855398612125387738e-06
3.507630630630630719e+01 4.808309950811767655e-06
3.511633633633633877e+01 4.761709885892583673e-06
3.515636636636637036e+01 4.715593012004949917e-06
3.519639639639640194e+01 4.669953987339044659e-06
3.523642642642642642e+01 4.624787532846412334e-06
3.527645645645645800e+01 4.580088431458562097e-06
3.531648648648648958e+01 4.535851527316089067e-06
3.535651651651652116e+01 4.492071725007731267e-06
3.539654654654654564e+01 4.448743988819427480e-06
3.543657657657657722e+01 4.405863341993342996e-06
3.547660660660660881e+01 4.363424865996531196e-06
3.551663663663664039e+01 4.321423699799227603e-06
3.555666666666667197e+01 4.279855039162476537e-06
3.559669669669669645e+01 4.238714135935286045e-06
3.563672672672672803e+01 4.197996297360778323e-06
3.567675675675675961e+01 4.157696885391558394e-06
3.571678678678679120e+01 4.117811316013864825e-06
3.575681681681682278e+01 4.078335058580669351e-06
3.579684684684684726e+01 4.039263635153493306e-06
3.583687687687687884e+01 4.000592619852648653e-06
3.587690690690691042e+01 3.962317638216063687e-06
3.591693693693694200e+01 3.924434366566418137e-06
3.595696696696696648e+01 3.886938531386513113e-06
3.599699699699699806e+01 3.849825908702799684e-06
3.603702702702702965e+01 3.813092323476761140e-06
3.607705705705706123e+01 3.776733649004403902e-06
3.611708708708709281e+01 3.740745806323328955e-06
3.615711711711711729e+01 3.705124763627692541e-06
3.619714714714714887e+01 3.669866535690540278e-06
3.623717717717718045e+01 3.634967183293794644e-06
3.627720720720721204e+01 3.600422812665487984e-06
3.631723723723723651e+01 3.566229574924252463e-06
3.635726726726726810e+01 3.532383665531187262e-06
3.639729729729729968e+01 3.498881323748446553e-06
3.643732732732733126e+01 3.465718832105244517e-06
3.647735735735736284e+01 3.432892515870321107e-06
3.651738738738738732e+01 3.400398742531451312e-06
3.655741741741741890e+01 3.368233921281634552e-06
3.659744744744745049e+01 3.336394502511771065e-06
3.663747747747748207e+01 3.304876977309990901e-06
3.667750750750751365e+01 3.273677876967275515e-06
3.671753753753753813e+01 3.242793772489571028e-06
3.675756756756756971e+01 3.212221274116074235e-06
3.679759759759760129e+01 3.181957030843657910e-06
3.683762762762763288e+01 3.151997729957443879e-06
3.687765765765765735e+01 3.122340096567391713e-06
3.691768768768768894e+01 3.092980893150778968e-06
3.695771771771772052e+01 3.063916919100492488e-06
3.699774774774775210e+01 3.035145010279199392e-06
3.703777777777778368e+01 3.006662038579102965e-06
3.707780780780780816e+01 2.978464911487359283e-06
3.711783783783783974e+01 2.950550571656972856e-06
3.715786786786787133e+01 2.922915996483258136e-06
3.719789789789790291e+01 2.895558197685656806e-06
3.723792792792792739e+01 2.868474220894766448e-06
3.727795795795795897e+01 2.841661145244772425e-06
3.731798798798799055e+01 2.815116082970919192e-06
3.735801801801802213e+01 2.788836179012261159e-06
3.739804804804805372e+01 2.762818610619231483e-06
3.743807807807807819e+01 2.737060586966348107e-06
3.747810810810810978e+01 2.711559348769776693e-06
3.751813813813814136e+01 2.686312167909701312e-06
3.755816816816817294e+01 2.661316347057550324e-06
3.759819819819820452e+01 2.636569219307806403e-06
3.763822822822822900e+01 2.612068147814616697e-06
3.767825825825826058e+01 2.587810525432831700e-06
3.771828828828829216e+01 2.563793774363758712e-06
3.775831831831832375e+01 2.540015345805166125e-06
3.779834834834834822e+01 2.516472719605885417e-06
3.783837837837837981e+01 2.493163403924580112e-06
3.787840840840841139e+01 2.470084934893035788e-06
3.791843843843844297e+01 2.447234876283441719e-06
3.795846846846847455e+01 2.424610819180006793e-06
3.799849849849849903e+01 2.402210381654647539e-06
3.803852852852853061e+01 2.380031208446688965e-06
3.807855855855856220e+01 2.358070970646766688e-06
3.811858858858859378e+01 2.336327365384424243e-06
3.815861861861861826e+01 2.314798115519818078e-06
3.819864864864864984e+01 2.293480969339217255e-06
3.823867867867868142e+01 2.272373700254278801e-06
3.827870870870871300e+01 2.251474106505144452e-06
3.831873873873874459e+01 2.230780010867199112e-06
3.835876876876876906e+01 2.210289260361446578e-06
3.839879879879880065e+01 2.189999725968651583e-06
3.843882882882883223e+01 2.169909302346824247e-06
3.847885885885886381e+01 2.150015907552383173e-06
3.851888888888889539e+01 2.130317482764779542e-06
3.855891891891891987e+01 2.110811992014411484e-06
3.859894894894895145e+01 2.091497421914103633e-06
3.863897897897898304e+01 2.072371781393767270e-06
3.867900900900901462e+01 2.053433101438410500e-06
3.871903903903903910e+01 2.034679434829483606e-06
3.875906906906907068e+01 2.016108855889245782e-06
3.879909909909910226e+01 1.997719460228423846e-06
3.883912912912913384e+01 1.979509364497001602e-06
3.887915915915916543e+01 1.961476706138055122e-06
3.891918918918918990e+01 1.943619643144548407e-06
3.895921921921922149e+01 1.925936353819354562e-06
3.899924924924925307e+01 1.908425036537954849e-06
3.903927927927928465e+01 1.891083909514304809e-06
3.907930930930930913e+01 1.873911210569469963e-06
3.911933933933934071e+01 1.856905196903090818e-06
3.915936936936937229e+01 1.840064144867772468e-06
3.919939939939940388e+01 1.823386349746101046e-06
3.923942942942943546e+01 1.806870125530525067e-06
3.927945945945945994e+01 1.790513804705887763e-06
3.931948948948949152e+01 1.774315738034614657e-06
3.935951951951952310e+01 1.758274294344579243e-06
3.939954954954955468e+01 1.742387860319523532e-06
3.943957957957957916e+01 1.726654840292091054e-06
3.947960960960961074e+01 1.711073656039345060e-06
3.951963963963964233e+01 1.695642746580840102e-06
3.955966966966967391e+01 1.680360567979130950e-06
3.959969969969970549e+01 1.665225593142701908e-06
3.963972972972972997e+01 1.650236311631371157e-06
3.967975975975976155e+01 1.635391229463974466e-06
3.971978978978979313e+01 1.620688868928466548e-06
3.975981981981982472e+01 1.606127768394324224e-06
3.979984984984985630e+01 1.591706482127193591e-06
3.983987987987988078e+01 1.577423580105884957e-06
3.987990990990991236e+01 1.563277647841414625e-06
3.991993993993994394e+01 1.549267286198521498e-06
3.995996996996997552e+01 1.535391111219032125e-06
4.000000000000000000e+01 1.521647753947666892e-06
