1.000000000000000021e-02 3.371217571086543785e-22
5.003003003003003712e-02 4.722490651322473559e-12
9.006006006006006537e-02 3.464762761577030826e-09
1.300900900900901214e-01 1.270708434268796971e-07
1.701201201201201496e-01 1.362865784937531092e-06
2.101501501501501779e-01 7.590429654105938824e-06
2.501801801801802339e-01 2.831177545006759939e-05
2.902102102102102621e-01 8.081944269096434403e-05
3.302402402402402903e-01 1.909006976262740283e-04
3.702702702702703186e-01 3.919531711601029699e-04
4.103003003003003468e-01 7.229109737287506277e-04
4.503303303303303751e-01 1.225553820369092205e-03
4.903603603603604588e-01 1.941717158721508081e-03
5.303903903903904871e-01 2.910772856287833013e-03
5.704204204204205153e-01 4.167592221401418377e-03
6.104504504504505435e-01 5.741074482494301114e-03
6.504804804804805718e-01 7.653234458029017570e-03
6.905105105105106000e-01 9.918789486250760914e-03
7.305405405405406283e-01 1.254515945106834778e-02
7.705705705705706565e-01 1.553278630345673525e-02
8.106006006006006848e-01 1.887568364722293224e-02
8.506306306306307130e-01 2.256213741320985816e-02
8.906606606606607413e-01 2.657549176815145534e-02
9.306906906906907695e-01 3.089496791531742836e-02
9.707207207207209088e-01 3.549647603473344432e-02
1.010750750750750937e+00 4.035339162860354656e-02
1.050780780780780965e+00 4.543727674918036918e-02
1.090810810810810993e+00 5.071853400854174632e-02
1.130840840840841022e+00 5.616698705539650838e-02
1.170870870870871050e+00 6.175238556838806570e-02
1.210900900900901078e+00 6.744483599084466485e-02
1.250930930930931106e+00 7.321516144227921408e-02
1.290960960960961135e+00 7.903519568885131186e-02
1.330990990990991163e+00 8.487801691248253455e-02
1.371021021021021191e+00 9.071812743183951810e-02
1.411051051051051219e+00 9.653158561657393388e-02
1.451081081081081248e+00 1.022960960936745711e-01
1.491111111111111276e+00 1.079910640456682031e-01
1.531141141141141304e+00 1.135976190016568105e-01
1.571171171171171332e+00 1.190986130667403692e-01
1.611201201201201361e+00 1.244785980549335397e-01
1.651231231231231389e+00 1.297237855080558555e-01
1.691261261261261417e+00 1.348219931141234618e-01
1.731291291291291445e+00 1.397625805940917731e-01
1.771321321321321474e+00 1.445363777119398896e-01
1.811351351351351502e+00 1.491356066836537209e-01
1.851381381381381530e+00 1.535538009170584750e-01
1.891411411411411558e+00 1.577857217065643247e-01
1.931441441441441809e+00 1.618272742335327696e-01
1.971471471471471837e+00 1.656754239822761099e-01
2.011501501501501643e+00 1.693281144713753572e-01
2.051531531531531449e+00 1.727841870175237382e-01
2.091561561561561700e+00 1.760433030918918396e-01
2.131591591591591506e+00 1.791058696944923534e-01
2.171621621621621756e+00 1.819729680577397701e-01
2.211651651651651562e+00 1.846462858940108032e-01
2.251681681681681813e+00 1.871280533213666719e-01
2.291711711711711619e+00 1.894209825346988285e-01
2.331741741741741869e+00 1.915282112346204935e-01
2.371771771771771675e+00 1.934532497818086394e-01
2.411801801801801926e+00 1.951999320087777212e-01
2.451831831831831732e+00 1.967723695929326777e-01
2.491861861861861982e+00 1.981749098730826442e-01
2.531891891891891788e+00 1.994120969753992723e-01
2.571921921921922038e+00 2.004886361032018338e-01
2.611951951951952289e+00 2.014093608371920474e-01
2.651981981981982095e+00 2.021792032881855328e-01
2.692012012012012345e+00 2.028031669424303352e-01
2.732042042042042151e+00 2.032863020397810416e-01
2.772072072072072402e+00 2.036336833268889424e-01
2.812102102102102208e+00 2.038503900308247241e-01
2.852132132132132458e+00 2.039414879028706717e-01
2.892162162162162264e+00 2.039120131873419506e-01
2.932192192192192515e+00 2.037669583760214620e-01
2.972222222222222321e+00 2.035112596149300235e-01
3.012252252252252571e+00 2.031497856365596932e-01
3.052282282282282377e+00 2.026873280972562585e-01
3.092312312312312628e+00 2.021285932060380708e-01
3.132342342342342434e+00 2.014781945377090155e-01
3.172372372372372684e+00 2.007406469295982543e-01
3.212402402402402490e+00 1.999203613675843427e-01
3.252432432432432741e+00 1.990216407731998927e-01
3.292462462462462547e+00 1.980486766095382600e-01
3.332492492492492797e+00 1.970055462293652526e-01
3.372522522522522603e+00 1.958962108942751690e-01
3.412552552552552854e+00 1.947245143989002059e-01
3.452582582582582660e+00 1.934941822390883748e-01
3.492612612612612910e+00 1.922088212676044128e-01
3.532642642642642716e+00 1.908719197852834504e-01
3.572672672672672967e+00 1.894868480196806315e-01
3.612702702702702773e+00 1.880568589471246221e-01
3.652732732732733023e+00 1.865850894176946939e-01
3.692762762762762829e+00 1.850745615460263616e-01
3.732792792792793080e+00 1.835281843339971741e-01
3.772822822822822886e+00 1.819487554942860186e-01
3.812852852852853136e+00 1.803389634465257796e-01
3.852882882882883386e+00 1.787013894603038389e-01
3.892912912912913193e+00 1.770385099216160441e-01
3.932942942942943443e+00 1.753526987015526228e-01
3.972972972972973249e+00 1.736462296080055756e-01
4.013003003003003499e+00 1.719212789030438171e-01
4.053033033033033306e+00 1.701799278703135798e-01
4.093063063063063112e+00 1.684241654183977754e-01
4.133093093093093806e+00 1.666558907075178231e-01
4.173123123123123612e+00 1.648769157882952197e-01
4.213153153153153418e+00 1.630889682425086529e-01
4.253183183183183225e+00 1.612936938169081402e-01
4.293213213213213919e+00 1.594926590421675283e-01
4.333243243243243725e+00 1.576873538299987110e-01
4.373273273273273531e+00 1.558791940423039646e-01
4.413303303303303338e+00 1.540695240270243127e-01
4.453333333333334032e+00 1.522596191160532353e-01
4.493363363363363838e+00 1.504506880812304936e-01
4.533393393393393644e+00 1.486438755450174565e-01
4.573423423423423451e+00 1.468402643429886634e-01
4.613453453453454145e+00 1.450408778357543949e-01
4.653483483483483951e+00 1.432466821683652802e-01
4.693513513513513757e+00 1.414585884756413836e-01
4.733543543543543564e+00 1.396774550322226194e-01
4.773573573573574258e+00 1.379040893464527073e-01
4.813603603603604064e+00 1.361392501974953984e-01
4.853633633633633870e+00 1.343836496153325843e-01
4.893663663663663677e+00 1.326379548035239719e-01
4.933693693693694371e+00 1.309027900048052306e-01
4.973723723723724177e+00 1.291787383097830200e-01
5.013753753753753983e+00 1.274663434091379555e-01
5.053783783783783790e+00 1.257661112898898759e-01
5.093813813813814484e+00 1.240785118763942790e-01
5.133843843843844290e+00 1.224039806168471245e-01
5.173873873873874096e+00 1.207429200161636434e-01
5.213903903903904791e+00 1.190957011161738049e-01
5.253933933933934597e+00 1.174626649241422710e-01
5.293963963963964403e+00 1.158441237906753102e-01
5.333993993993994209e+00 1.142403627381210207e-01
5.374024024024024904e+00 1.126516407406066012e-01
5.414054054054054710e+00 1.110781919568832321e-01
5.454084084084084516e+00 1.095202269171710874e-01
5.494114114114114322e+00 1.079779336652113980e-01
5.534144144144145017e+00 1.064514788567425402e-01
5.574174174174174823e+00 1.049410088156205179e-01
5.614204204204204629e+00 1.034466505488038646e-01
5.654234234234234435e+00 1.019685127214202680e-01
5.694264264264265130e+00 1.005066865931225212e-01
5.734294294294294936e+00 9.906124691693284079e-02
5.774324324324324742e+00 9.763225280175912013e-02
5.814354354354354548e+00 9.621974853975323594e-02
5.854384384384385243e+00 9.482376439966162807e-02
5.894414414414415049e+00 9.344431738730112069e-02
5.934444444444444855e+00 9.208141197426970848e-02
5.974474474474474661e+00 9.073504079598299077e-02
6.014504504504505356e+00 8.940518532010030550e-02
6.054534534534535162e+00 8.809181648638425566e-02
6.094564564564564968e+00 8.679489531900946853e-02
6.134594594594594774e+00 8.551437351231437611e-02
6.174624624624625469e+00 8.425019399096175809e-02
6.214654654654655275e+00 8.300229144545050175e-02
6.254684684684685081e+00 8.177059284389291693e-02
6.294714714714714887e+00 8.055501792094842128e-02
6.334744744744745581e+00 7.935547964477697447e-02
6.374774774774775388e+00 7.817188466285088233e-02
6.414804804804805194e+00 7.700413372743790397e-02
6.454834834834835888e+00 7.585212210154362866e-02
6.494864864864865694e+00 7.471573994607631775e-02
6.534894894894895501e+00 7.359487268897225987e-02
6.574924924924925307e+00 7.248940137699691477e-02
6.614954954954956001e+00 7.139920301091216837e-02
6.654984984984985807e+00 7.032415086467788679e-02
6.695015015015015614e+00 6.926411478933203192e-02
6.735045045045045420e+00 6.821896150217313104e-02
6.775075075075076114e+00 6.718855486184527326e-02
6.815105105105105920e+00 6.617275612990634881e-02
6.855135135135135727e+00 6.517142421943813990e-02
6.895165165165165533e+00 6.418441593123780375e-02
6.935195195195196227e+00 6.321158617811044322e-02
6.975225225225226033e+00 6.225278819776310785e-02
7.015255255255255840e+00 6.130787375478239515e-02
7.055285285285285646e+00 6.037669333216005851e-02
7.095315315315316340e+00 5.945909631281295210e-02
7.135345345345346146e+00 5.855493115152766992e-02
7.175375375375375953e+00 5.766404553774294450e-02
7.215405405405405759e+00 5.678628654956788951e-02
7.255435435435436453e+00 5.592150079941821811e-02
7.295465465465466259e+00 5.506953457163798332e-02
7.335495495495496066e+00 5.423023395246003714e-02
7.375525525525525872e+00 5.340344495264462421e-02
7.415555555555556566e+00 5.258901362312184968e-02
7.455585585585586372e+00 5.178678616395151341e-02
7.495615615615616179e+00 5.099660902689985564e-02
7.535645645645645985e+00 5.021832901192271881e-02
7.575675675675676679e+00 4.945179335783168179e-02
7.615705705705706485e+00 4.869684982740852403e-02
7.655735735735736291e+00 4.795334678722292659e-02
7.695765765765766986e+00 4.722113328239824909e-02
7.735795795795796792e+00 4.650005910655979208e-02
7.775825825825826598e+00 4.578997486718943549e-02
7.815855855855856404e+00 4.509073204660363210e-02
7.855885885885887099e+00 4.440218305875974492e-02
7.895915915915916905e+00 4.372418130208995807e-02
7.935945945945946711e+00 4.305658120855123533e-02
7.975975975975976517e+00 4.239923828907409681e-02
8.016006006006007212e+00 4.175200917558341551e-02
8.056036036036037018e+00 4.111475165975799623e-02
8.096066066066066824e+00 4.048732472868899618e-02
8.136096096096096630e+00 3.986958859758923251e-02
8.176126126126126437e+00 3.926140473970014116e-02
8.216156156156156243e+00 3.866263591353581025e-02
8.256186186186187825e+00 3.807314618759858466e-02
8.296216216216217632e+00 3.749280096269369533e-02
8.336246246246247438e+00 3.692146699196575260e-02
8.376276276276277244e+00 3.635901239877447483e-02
8.416306306306307050e+00 3.580530669252113968e-02
8.456336336336336856e+00 3.526022078253343572e-02
8.496366366366366663e+00 3.472362699011089654e-02
8.536396396396396469e+00 3.419539905882865855e-02
8.576426426426428051e+00 3.367541216319335645e-02
8.616456456456457857e+00 3.316354291574016844e-02
8.656486486486487664e+00 3.265966937265668557e-02
8.696516516516517470e+00 3.216367103801494320e-02
8.736546546546547276e+00 3.167542886668936464e-02
8.776576576576577082e+00 3.119482526603543915e-02
8.816606606606606888e+00 3.072174409639910272e-02
8.856636636636636695e+00 3.025607067052568308e-02
8.896666666666668277e+00 2.979769175193212535e-02
8.936696696696698083e+00 2.934649555230453913e-02
8.976726726726727890e+00 2.890237172797965187e-02
9.016756756756757696e+00 2.846521137556639811e-02
9.056786786786787502e+00 2.803490702676094889e-02
9.096816816816817308e+00 2.761135264240620682e-02
9.136846846846847114e+00 2.719444360584409581e-02
9.176876876876878697e+00 2.678407671560718156e-02
9.216906906906908503e+00 2.638015017749352140e-02
9.256936936936938309e+00 2.598256359606650190e-02
9.296966966966968116e+00 2.559121796561995843e-02
9.336996996996997922e+00 2.520601566064636576e-02
9.377027027027027728e+00 2.482686042584430000e-02
9.417057057057057534e+00 2.445365736569940149e-02
9.457087087087087340e+00 2.408631293367193005e-02
9.497117117117118923e+00 2.372473492102162435e-02
9.537147147147148729e+00 2.336883244529962614e-02
9.577177177177178535e+00 2.301851593853556505e-02
9.617207207207208342e+00 2.267369713514626878e-02
9.657237237237238148e+00 2.233428905959160965e-02
9.697267267267267954e+00 2.200020601380158619e-02
9.737297297297297760e+00 2.167136356439698305e-02
9.777327327327327566e+00 2.134767852972597330e-02
9.817357357357359149e+00 2.102906896673624113e-02
9.857387387387388955e+00 2.071545415770307402e-02
9.897417417417418761e+00 2.040675459683066392e-02
9.937447447447448567e+00 2.010289197674521369e-02
9.977477477477478374e+00 1.980378917489518387e-02
1.001750750750750818e+01 1.950937023987530522e-02
1.005753753753753799e+01 1.921956037768813436e-02
1.009756756756756779e+01 1.893428593795777604e-02
1.013759759759759937e+01 1.865347440010852245e-02
1.017762762762762918e+01 1.837705435952087518e-02
1.021765765765765899e+01 1.810495551367666267e-02
1.025768768768768879e+01 1.783710864830421322e-02
1.029771771771771860e+01 1.757344562353388775e-02
1.033774774774774841e+01 1.731389936007390884e-02
1.037777777777777821e+01 1.705840382541540939e-02
1.041780780780780979e+01 1.680689402007533653e-02
1.045783783783783960e+01 1.655930596388553375e-02
1.049786786786786941e+01 1.631557668233497155e-02
1.053789789789789921e+01 1.607564419297298833e-02
1.057792792792792902e+01 1.583944749187943257e-02
1.061795795795795883e+01 1.560692654020825500e-02
1.065798798798798863e+01 1.537802225081027173e-02
1.069801801801801844e+01 1.515267647494042066e-02
1.073804804804805002e+01 1.493083198905423119e-02
1.077807807807807983e+01 1.471243248169882591e-02
1.081810810810810963e+01 1.449742254050171743e-02
1.085813813813813944e+01 1.428574763926236495e-02
1.089816816816816925e+01 1.407735412514943274e-02
1.093819819819819905e+01 1.387218920600735879e-02
1.097822822822822886e+01 1.367020093777528839e-02
1.101825825825825866e+01 1.347133821202129399e-02
1.105828828828829025e+01 1.327555074359400809e-02
1.109831831831832005e+01 1.308278905839463727e-02
1.113834834834834986e+01 1.289300448127073465e-02
1.117837837837837967e+01 1.270614912403425847e-02
1.121840840840840947e+01 1.252217587360501642e-02
1.125843843843843928e+01 1.234103838028144037e-02
1.129846846846846908e+01 1.216269104613960407e-02
1.133849849849849889e+01 1.198708901356190619e-02
1.137852852852853047e+01 1.181418815389615254e-02
1.141855855855856028e+01 1.164394505624598113e-02
1.145858858858859008e+01 1.147631701639318692e-02
1.149861861861861989e+01 1.131126202585249797e-02
1.153864864864864970e+01 1.114873876105929723e-02
1.157867867867867950e+01 1.098870657269030750e-02
1.161870870870870931e+01 1.083112547511766964e-02
1.165873873873874089e+01 1.067595613599617126e-02
1.169876876876877070e+01 1.052315986598389638e-02
1.173879879879880050e+01 1.037269860859571340e-02
1.177882882882883031e+01 1.022453493018972773e-02
1.181885885885886012e+01 1.007863201008622582e-02
1.185888888888888992e+01 9.934953630818548279e-03
1.189891891891891973e+01 9.793464168515656279e-03
1.193894894894894954e+01 9.654128583415615833e-03
1.197897897897898112e+01 9.516912410509462128e-03
1.201900900900901092e+01 9.381781750314833329e-03
1.205903903903904073e+01 9.248703259778352087e-03
1.209906906906907054e+01 9.117644143306374849e-03
1.213909909909910034e+01 8.988572143922722926e-03
1.217912912912913015e+01 8.861455534553140320e-03
1.221915915915915996e+01 8.736263109434878882e-03
1.225918918918918976e+01 8.612964175650902540e-03
1.229921921921922134e+01 8.491528544787576085e-03
1.233924924924925115e+01 8.371926524714594711e-03
1.237927927927928096e+01 8.254128911486371956e-03
1.241930930930931076e+01 8.138106981363562448e-03
1.245933933933934057e+01 8.023832482953701176e-03
1.249936936936937038e+01 7.911277629469705072e-03
1.253939939939940018e+01 7.800415091105183940e-03
1.257942942942942999e+01 7.691217987525232787e-03
1.261945945945946157e+01 7.583659880471623968e-03
1.265948948948949138e+01 7.477714766481038250e-03
1.269951951951952118e+01 7.373357069715173392e-03
1.273954954954955099e+01 7.270561634901507274e-03
1.277957957957958079e+01 7.169303720383342522e-03
1.281960960960961060e+01 7.069558991277984268e-03
1.285963963963964041e+01 6.971303512741708341e-03
1.289966966966967199e+01 6.874513743340191982e-03
1.293969969969970180e+01 6.779166528523266483e-03
1.297972972972973160e+01 6.685239094202547611e-03
1.301975975975976141e+01 6.592709040430729493e-03
1.305978978978979121e+01 6.501554335181238334e-03
1.309981981981982102e+01 6.411753308226990009e-03
1.313984984984985083e+01 6.323284645116876782e-03
1.317987987987988063e+01 6.236127381248753217e-03
1.321990990990991222e+01 6.150260896037663613e-03
1.325993993993994202e+01 6.065664907177966553e-03
1.329996996996997183e+01 5.982319464998060721e-03
1.334000000000000163e+01 5.900204946906614789e-03
1.338003003003003144e+01 5.819302051928786947e-03
1.342006006006006125e+01 5.739591795331347272e-03
1.346009009009009105e+01 5.661055503335421860e-03
1.350012012012012086e+01 5.583674807915568923e-03
1.354015015015015244e+01 5.507431641684012481e-03
1.358018018018018225e+01 5.432308232858716959e-03
1.362021021021021205e+01 5.358287100314193356e-03
1.366024024024024186e+01 5.285351048713802721e-03
1.370027027027027167e+01 5.213483163722239418e-03
1.374030030030030147e+01 5.142666807297204511e-03
1.378033033033033128e+01 5.072885613058939619e-03
1.382036036036036108e+01 5.004123481736501462e-03
1.386039039039039267e+01 4.936364576689628719e-03
1.390042042042042247e+01 4.869593319505082299e-03
1.394045045045045228e+01 4.803794385666255128e-03
1.398048048048048209e+01 4.738952700294982862e-03
1.402051051051051189e+01 4.675053433964440966e-03
1.406054054054054170e+01 4.612081998582038753e-03
1.410057057057057150e+01 4.550024043341169798e-03
1.414060060060060309e+01 4.488865450740799588e-03
1.418063063063063289e+01 4.428592332671872980e-03
1.422066066066066270e+01 4.369191026569302881e-03
1.426069069069069251e+01 4.310648091628776005e-03
1.430072072072072231e+01 4.252950305087151855e-03
1.434075075075075212e+01 4.196084658565448801e-03
1.438078078078078192e+01 4.140038354473592370e-03
1.442081081081081173e+01 4.084798802475709742e-03
1.446084084084084331e+01 4.030353616015161164e-03
1.450087087087087312e+01 3.976690608898311718e-03
1.454090090090090293e+01 3.923797791936010394e-03
1.458093093093093273e+01 3.871663369641963753e-03
1.462096096096096254e+01 3.820275736987014965e-03
1.466099099099099234e+01 3.769623476208420077e-03
1.470102102102102215e+01 3.719695353673210369e-03
1.474105105105105196e+01 3.670480316794829355e-03
1.478108108108108354e+01 3.621967491002043519e-03
1.482111111111111335e+01 3.574146176759405557e-03
1.486114114114114315e+01 3.527005846638327745e-03
1.490117117117117296e+01 3.480536142437911946e-03
1.494120120120120276e+01 3.434726872354851909e-03
1.498123123123123257e+01 3.389568008201400851e-03
1.502126126126126238e+01 3.345049682670755108e-03
1.506129129129129218e+01 3.301162186648992983e-03
1.510132132132132377e+01 3.257895966572803802e-03
1.514135135135135357e+01 3.215241621832263391e-03
1.518138138138138338e+01 3.173189902217839371e-03
1.522141141141141318e+01 3.131731705410997855e-03
1.526144144144144299e+01 3.090858074517554167e-03
1.530147147147147280e+01 3.050560195643092342e-03
1.534150150150150260e+01 3.010829395509825868e-03
1.538153153153153418e+01 2.971657139114040110e-03
1.542156156156156399e+01 2.933035027423588643e-03
1.546159159159159380e+01 2.894954795114643761e-03
1.550162162162162360e+01 2.857408308347128296e-03
1.554165165165165341e+01 2.820387562578099711e-03
1.558168168168168322e+01 2.783884680412474118e-03
1.562171171171171302e+01 2.747891909490494770e-03
1.566174174174174283e+01 2.712401620411206051e-03
1.570177177177177441e+01 2.677406304691461094e-03
1.574180180180180422e+01 2.642898572759726228e-03
1.578183183183183402e+01 2.608871151984200852e-03
1.582186186186186383e+01 2.575316884734564059e-03
1.586189189189189364e+01 2.542228726476839732e-03
1.590192192192192344e+01 2.509599743900818927e-03
1.594195195195195325e+01 2.477423113079402044e-03
1.598198198198198305e+01 2.445692117659410171e-03
1.602201201201201641e+01 2.414400147083254570e-03
1.606204204204204444e+01 2.383540694840991566e-03
1.610207207207207603e+01 2.353107356752157445e-03
1.614210210210210406e+01 2.323093829276988258e-03
1.618213213213213564e+01 2.293493907856374459e-03
1.622216216216216722e+01 2.264301485280216866e-03
1.626219219219219525e+01 2.235510550083552074e-03
1.630222222222222683e+01 2.207115184970029689e-03
1.634225225225225486e+01 2.179109565262312906e-03
1.638228228228228645e+01 2.151487957378821290e-03
1.642231231231231448e+01 2.124244717336493549e-03
1.646234234234234606e+01 2.097374289279010841e-03
1.650237237237237764e+01 2.070871204030112420e-03
1.654240240240240567e+01 2.044730077671546523e-03
1.658243243243243725e+01 2.018945610145187267e-03
1.662246246246246528e+01 1.993512583878996602e-03
1.666249249249249686e+01 1.968425862436310944e-03
1.670252252252252489e+01 1.943680389188130872e-03
1.674255255255255648e+01 1.919271186007957472e-03
1.678258258258258806e+01 1.895193351988838995e-03
1.682261261261261609e+01 1.871442062182180266e-03
1.686264264264264767e+01 1.848012566357986339e-03
1.690267267267267570e+01 1.824900187786167218e-03
1.694270270270270728e+01 1.802100322038484477e-03
1.698273273273273531e+01 1.779608435810877635e-03
1.702276276276276690e+01 1.757420065765696046e-03
1.706279279279279493e+01 1.735530817393607546e-03
1.710282282282282651e+01 1.713936363894756013e-03
1.714285285285285809e+01 1.692632445078893133e-03
1.718288288288288612e+01 1.671614866284107034e-03
1.722291291291291770e+01 1.650879497313852270e-03
1.726294294294294573e+01 1.630422271391980147e-03
1.730297297297297732e+01 1.610239184135389082e-03
1.734300300300300535e+01 1.590326292544100902e-03
1.738303303303303693e+01 1.570679714008318788e-03
1.742306306306306851e+01 1.551295625332323310e-03
1.746309309309309654e+01 1.532170261774777218e-03
1.750312312312312812e+01 1.513299916105243816e-03
1.754315315315315615e+01 1.494680937676637041e-03
1.758318318318318774e+01 1.476309731513230283e-03
1.762321321321321577e+01 1.458182757414091439e-03
1.766324324324324735e+01 1.440296529071577979e-03
1.770327327327327538e+01 1.422647613204652828e-03
1.774330330330330696e+01 1.405232628706796659e-03
1.778333333333333854e+01 1.388048245808226003e-03
1.782336336336336657e+01 1.371091185252181713e-03
1.786339339339339816e+01 1.354358217485032538e-03
1.790342342342342619e+01 1.337846161860018401e-03
1.794345345345345777e+01 1.321551885854261059e-03
1.798348348348348580e+01 1.305472304298985111e-03
1.802351351351351738e+01 1.289604378622559704e-03
1.806354354354354896e+01 1.273945116106254887e-03
1.810357357357357699e+01 1.258491569152437673e-03
1.814360360360360858e+01 1.243240834564992041e-03
1.818363363363363661e+01 1.228190052841783781e-03
1.822366366366366819e+01 1.213336407478912780e-03
1.826369369369369622e+01 1.198677124286614409e-03
1.830372372372372780e+01 1.184209470716536148e-03
1.834375375375375938e+01 1.169930755200242851e-03
1.838378378378378741e+01 1.155838326498759630e-03
1.842381381381381900e+01 1.141929573062899295e-03
1.846384384384384703e+01 1.128201922404286099e-03
1.850387387387387861e+01 1.114652840476791293e-03
1.854390390390390664e+01 1.101279831068287035e-03
1.858393393393393822e+01 1.088080435202466462e-03
1.862396396396396625e+01 1.075052230550624334e-03
1.866399399399399783e+01 1.062192830853157539e-03
1.870402402402402942e+01 1.049499885350695712e-03
1.874405405405405745e+01 1.036971078224617135e-03
1.878408408408408903e+01 1.024604128046838463e-03
1.882411411411411706e+01 1.012396787238725423e-03
1.886414414414414864e+01 1.000346841538914773e-03
1.890417417417417667e+01 9.884521094799547398e-04
1.894420420420420825e+01 9.767104418735687594e-04
1.898423423423423984e+01 9.651197213044247856e-04
1.902426426426426787e+01 9.536778616322372356e-04
1.906429429429429945e+01 9.423828075020811157e-04
1.910432432432432748e+01 9.312325338627643707e-04
1.914435435435435906e+01 9.202250454931257522e-04
1.918438438438438709e+01 9.093583765361219198e-04
1.922441441441441867e+01 8.986305900405654320e-04
1.926444444444445026e+01 8.880397775103915457e-04
1.930447447447447828e+01 8.775840584613153706e-04
1.934450450450450987e+01 8.672615799847594679e-04
1.938453453453453790e+01 8.570705163189344710e-04
1.942456456456456948e+01 8.470090684269159561e-04
1.946459459459459751e+01 8.370754635816626994e-04
1.950462462462462909e+01 8.272679549577838763e-04
1.954465465465465712e+01 8.175848212299987152e-04
1.958468468468468870e+01 8.080243661781355167e-04
1.962471471471472029e+01 7.985849182985863383e-04
1.966474474474474832e+01 7.892648304220921179e-04
1.970477477477477990e+01 7.800624793377456973e-04
1.974480480480480793e+01 7.709762654231281775e-04
1.978483483483483951e+01 7.620046122804504524e-04
1.982486486486486754e+01 7.531459663786226185e-04
1.986489489489489912e+01 7.443987967011087958e-04
1.990492492492493071e+01 7.357615943995383023e-04
1.994495495495495874e+01 7.272328724528940745e-04
1.998498498498499032e+01 7.188111653322493827e-04
2.002501501501501835e+01 7.104950286709284853e-04
2.006504504504504993e+01 7.022830389399934261e-04
2.010507507507507796e+01 6.941737931289952831e-04
2.014510510510510954e+01 6.861659084318664885e-04
2.018513513513513757e+01 6.782580219379019584e-04
2.022516516516516916e+01 6.704487903277041349e-04
2.026519519519520074e+01 6.627368895740521487e-04
2.030522522522522877e+01 6.551210146475684682e-04
2.034525525525526035e+01 6.475998792271410757e-04
2.038528528528528838e+01 6.401722154149900408e-04
2.042531531531531996e+01 6.328367734563162574e-04
2.046534534534534799e+01 6.255923214634616543e-04
2.050537537537537958e+01 6.184376451444744110e-04
2.054540540540541116e+01 6.113715475360556508e-04
2.058543543543543919e+01 6.043928487407536050e-04
2.062546546546547077e+01 5.975003856683908272e-04
2.066549549549549880e+01 5.906930117816122433e-04
2.070552552552553038e+01 5.839695968455018869e-04
2.074555555555555841e+01 5.773290266812109665e-04
2.078558558558559000e+01 5.707702029234993594e-04
2.082561561561562158e+01 5.642920427821557314e-04
2.086564564564564961e+01 5.578934788072186521e-04
2.090567567567568119e+01 5.515734586579281243e-04
2.094570570570570922e+01 5.453309448753674129e-04
2.098573573573574080e+01 5.391649146586968352e-04
2.102576576576576883e+01 5.330743596449658527e-04
2.106579579579580042e+01 5.270582856924018724e-04
2.110582582582582845e+01 5.211157126671469219e-04
2.114585585585586003e+01 5.152456742333659740e-04
2.118588588588589161e+01 5.094472176466863754e-04
2.122591591591591964e+01 5.037194035508963871e-04
2.126594594594595122e+01 4.980613057778668406e-04
2.130597597597597925e+01 4.924720111506250032e-04
2.134600600600601084e+01 4.869506192895404844e-04
2.138603603603603887e+01 4.814962424215743909e-04
2.142606606606607045e+01 4.761080051925154605e-04
2.146609609609610203e+01 4.707850444821954196e-04
2.150612612612613006e+01 4.655265092225949869e-04
2.154615615615616164e+01 4.603315602188156946e-04
2.158618618618618967e+01 4.551993699728655389e-04
2.162621621621622126e+01 4.501291225102032213e-04
2.166624624624624929e+01 4.451200132090142527e-04
2.170627627627628087e+01 4.401712486321446554e-04
2.174630630630630890e+01 4.352820463616885742e-04
2.178633633633634048e+01 4.304516348361431700e-04
2.182636636636637206e+01 4.256792531901171890e-04
2.186639639639640009e+01 4.209641510965520623e-04
2.190642642642643168e+01 4.163055886113832191e-04
2.194645645645645970e+01 4.117028360206497991e-04
2.198648648648649129e+01 4.071551736899632645e-04
2.202651651651651932e+01 4.026618919163384332e-04
2.206654654654655090e+01 3.982222907823141853e-04
2.210657657657658248e+01 3.938356800123541377e-04
2.214660660660661051e+01 3.895013788314650549e-04
2.218663663663664209e+01 3.852187158260209597e-04
2.222666666666667012e+01 3.809870288067375432e-04
2.226669669669670171e+01 3.768056646737687914e-04
2.230672672672672974e+01 3.726739792839013263e-04
2.234675675675676132e+01 3.685913373197881857e-04
2.238678678678679290e+01 3.645571121612189514e-04
2.242681681681682093e+01 3.605706857583633961e-04
2.246684684684685251e+01 3.566314485069813317e-04
2.250687687687688054e+01 3.527387991255514403e-04
2.254690690690691213e+01 3.488921445342910632e-04
2.258693693693694016e+01 3.450908997360479179e-04
2.262696696696697174e+01 3.413344876990047653e-04
2.266699699699699977e+01 3.376223392412084625e-04
2.270702702702703135e+01 3.339538929168531472e-04
2.274705705705706293e+01 3.303285949043202087e-04
2.278708708708709096e+01 3.267458988959301598e-04
2.282711711711712255e+01 3.232052659893756732e-04
2.286714714714715058e+01 3.197061645808338837e-04
2.290717717717718216e+01 3.162480702596911163e-04
2.294720720720721019e+01 3.128304657048929958e-04
2.298723723723724177e+01 3.094528405828693061e-04
2.302726726726727335e+01 3.061146914470152212e-04
2.306729729729730138e+01 3.028155216387067375e-04
2.310732732732733297e+01 2.995548411898222782e-04
2.314735735735736100e+01 2.963321667267477589e-04
2.318738738738739258e+01 2.931470213758389826e-04
2.322741741741742061e+01 2.899989346703246143e-04
2.326744744744745219e+01 2.868874424586147155e-04
2.330747747747748377e+01 2.838120868140082249e-04
2.334750750750751180e+01 2.807724159457608407e-04
2.338753753753754339e+01 2.777679841115020319e-04
2.342756756756757142e+01 2.747983515309813333e-04
2.346759759759760300e+01 2.718630843011088003e-04
2.350762762762763103e+01 2.689617543122880487e-04
2.354765765765766261e+01 2.660939391660045294e-04
2.358768768768769064e+01 2.632592220936601484e-04
2.362771771771772222e+01 2.604571918766287520e-04
2.366774774774775381e+01 2.576874427675167572e-04
2.370777777777778184e+01 2.549495744126057252e-04
2.374780780780781342e+01 2.522431917754595302e-04
2.378783783783784145e+01 2.495679050616843070e-04
2.382786786786787303e+01 2.469233296448065354e-04
2.386789789789790106e+01 2.443090859932759307e-04
2.390792792792793264e+01 2.417247995985467629e-04
2.394795795795796423e+01 2.391701009042483379e-04
2.398798798798799226e+01 2.366446252364036050e-04
2.402801801801802384e+01 2.341480127346988699e-04
2.406804804804805187e+01 2.316799082847761828e-04
2.410807807807808345e+01 2.292399614515301578e-04
2.414810810810811148e+01 2.268278264134094408e-04
2.418813813813814306e+01 2.244431618976869670e-04
2.422816816816817109e+01 2.220856311166988174e-04
2.426819819819820268e+01 2.197549017050280109e-04
2.430822822822823426e+01 2.174506456576214702e-04
2.434825825825826229e+01 2.151725392688272039e-04
2.438828828828829387e+01 2.129202630723331651e-04
2.442831831831832190e+01 2.106935017819968367e-04
2.446834834834835348e+01 2.084919442335511500e-04
2.450837837837838151e+01 2.063152833271731843e-04
2.454840840840841310e+01 2.041632159708974329e-04
2.458843843843844468e+01 2.020354430248712772e-04
2.462846846846847271e+01 1.999316692464275433e-04
2.466849849849850429e+01 1.978516032359683118e-04
2.470852852852853232e+01 1.957949573836463217e-04
2.474855855855856390e+01 1.937614478168328547e-04
2.478858858858859193e+01 1.917507943483520683e-04
2.482861861861862351e+01 1.897627204254837040e-04
2.486864864864865510e+01 1.877969530797075242e-04
2.490867867867868313e+01 1.858532228771906996e-04
2.494870870870871471e+01 1.839312638699958655e-04
2.498873873873874274e+01 1.820308135480072718e-04
2.502876876876877432e+01 1.801516127915579789e-04
2.506879879879880235e+01 1.782934058247518370e-04
2.510882882882883393e+01 1.764559401694649891e-04
2.514885885885886196e+01 1.746389666000202842e-04
2.518888888888889355e+01 1.728422390985220511e-04
2.522891891891892513e+01 1.710655148108418812e-04
2.526894894894895316e+01 1.693085540032455538e-04
2.530897897897898474e+01 1.675711200196493419e-04
2.534900900900901277e+01 1.658529792395003837e-04
2.538903903903904435e+01 1.641539010362660781e-04
2.542906906906907238e+01 1.624736577365264861e-04
2.546909909909910397e+01 1.608120245796617969e-04
2.550912912912913555e+01 1.591687796781204108e-04
2.554915915915916358e+01 1.575437039782657969e-04
2.558918918918919516e+01 1.559365812217853198e-04
2.562921921921922319e+01 1.543471979076620107e-04
2.566924924924925477e+01 1.527753432546904186e-04
2.570927927927928280e+01 1.512208091645360808e-04
2.574930930930931439e+01 1.496833901853269295e-04
2.578933933933934597e+01 1.481628834757694796e-04
2.582936936936937400e+01 1.466590887697805004e-04
2.586939939939940558e+01 1.451718083416261211e-04
2.590942942942943361e+01 1.437008469715667710e-04
2.594945945945946519e+01 1.422460119119885733e-04
2.598948948948949322e+01 1.408071128540264259e-04
2.602951951951952481e+01 1.393839618946602537e-04
2.606954954954955284e+01 1.379763735042879315e-04
2.610957957957958442e+01 1.365841644947571765e-04
2.614960960960961600e+01 1.352071539878583616e-04
2.618963963963964403e+01 1.338451633842636143e-04
2.622966966966967561e+01 1.324980163329127420e-04
2.626969969969970364e+01 1.311655387008343562e-04
2.630972972972973523e+01 1.298475585433965843e-04
2.634975975975976326e+01 1.285439060749812173e-04
2.638978978978979484e+01 1.272544136400763045e-04
2.642981981981982642e+01 1.259789156847794717e-04
2.646984984984985445e+01 1.247172487287045897e-04
2.650987987987988603e+01 1.234692513372869405e-04
2.654990990990991406e+01 1.222347640944847148e-04
2.658993993993994565e+01 1.210136295758620532e-04
2.662996996996997368e+01 1.198056923220581577e-04
2.667000000000000526e+01 1.186107988126267813e-04
2.671003003003003329e+01 1.174287974402499565e-04
2.675006006006006487e+01 1.162595384853124783e-04
2.679009009009009645e+01 1.151028740908370068e-04
2.683012012012012448e+01 1.139586582377722268e-04
2.687015015015015607e+01 1.128267467206285071e-04
2.691018018018018410e+01 1.117069971234569271e-04
2.695021021021021568e+01 1.105992687961663580e-04
2.699024024024024371e+01 1.095034228311728510e-04
2.703027027027027529e+01 1.084193220403771737e-04
2.707030030030030687e+01 1.073468309324655329e-04
2.711033033033033490e+01 1.062858156905278206e-04
2.715036036036036649e+01 1.052361441499898844e-04
2.719039039039039451e+01 1.041976857768548369e-04
2.723042042042042610e+01 1.031703116462479416e-04
2.727045045045045413e+01 1.021538944212617412e-04
2.731048048048048571e+01 1.011483083320965774e-04
2.735051051051051729e+01 1.001534291554920556e-04
2.739054054054054532e+01 9.916913419444483451e-05
2.743057057057057690e+01 9.819530225820856514e-05
2.747060060060060493e+01 9.723181364257462529e-05
2.751063063063063652e+01 9.627855011042281994e-05
2.755066066066066455e+01 9.533539487254662887e-05
2.759069069069069613e+01 9.440223256874051951e-05
2.763072072072072416e+01 9.347894924915381085e-05
2.767075075075075574e+01 9.256543235589927067e-05
2.771078078078078732e+01 9.166157070491893978e-05
2.775081081081081535e+01 9.076725446809932266e-05
2.779084084084084694e+01 8.988237515563420998e-05
2.783087087087087497e+01 8.900682559863228678e-05
2.787090090090090655e+01 8.814049993196258759e-05
2.791093093093093458e+01 8.728329357733918066e-05
2.795096096096096616e+01 8.643510322663657051e-05
2.799099099099099774e+01 8.559582682543653690e-05
2.803102102102102577e+01 8.476536355680005424e-05
2.807105105105105736e+01 8.394361382526392538e-05
2.811108108108108539e+01 8.313047924105513686e-05
2.815111111111111697e+01 8.232586260452370787e-05
2.819114114114114500e+01 8.152966789078903227e-05
2.823117117117117658e+01 8.074180023459370976e-05
2.827120120120120816e+01 7.996216591536935213e-05
2.831123123123123619e+01 7.919067234250337347e-05
2.835126126126126778e+01 7.842722804080790283e-05
2.839129129129129581e+01 7.767174263618785120e-05
2.843132132132132739e+01 7.692412684150401296e-05
2.847135135135135542e+01 7.618429244262925012e-05
2.851138138138138700e+01 7.545215228469434425e-05
2.855141141141141503e+01 7.472762025852174061e-05
2.859144144144144661e+01 7.401061128724235980e-05
2.863147147147147820e+01 7.330104131309756409e-05
2.867150150150150623e+01 7.259882728441589708e-05
2.871153153153153781e+01 7.190388714277043793e-05
2.875156156156156584e+01 7.121613981030811003e-05
2.879159159159159742e+01 7.053550517725168953e-05
2.883162162162162545e+01 6.986190408957127472e-05
2.887165165165165703e+01 6.919525833682056758e-05
2.891168168168168862e+01 6.853549064014025809e-05
2.895171171171171665e+01 6.788252464042230413e-05
2.899174174174174823e+01 6.723628488663273522e-05
2.903177177177177626e+01 6.659669682429433552e-05
2.907180180180180784e+01 6.596368678412215859e-05
2.911183183183183587e+01 6.533718197081421865e-05
2.915186186186186745e+01 6.471711045199086661e-05
2.919189189189189548e+01 6.410340114728484303e-05
2.923192192192192707e+01 6.349598381757664135e-05
2.927195195195195865e+01 6.289478905437405646e-05
2.931198198198198668e+01 6.229974826933579657e-05
2.935201201201201826e+01 6.171079368393371034e-05
2.939204204204204629e+01 6.112785831925461870e-05
2.943207207207207787e+01 6.055087598593766499e-05
2.947210210210210590e+01 5.997978127424735993e-05
2.951213213213213749e+01 5.941450954427764553e-05
2.955216216216216907e+01 5.885499691628888231e-05
2.959219219219219710e+01 5.830118026117077324e-05
2.963222222222222868e+01 5.775299719103608326e-05
2.967225225225225671e+01 5.721038604993579607e-05
2.971228228228228829e+01 5.667328590470010628e-05
2.975231231231231632e+01 5.614163653590183823e-05
2.979234234234234791e+01 5.561537842893710771e-05
2.983237237237237949e+01 5.509445276522675710e-05
2.987240240240240752e+01 5.457880141353420664e-05
2.991243243243243910e+01 5.406836692139691658e-05
2.995246246246246713e+01 5.356309250667332366e-05
2.999249249249249871e+01 5.306292204920014249e-05
3.003252252252252674e+01 5.256780008256041155e-05
3.007255255255255832e+01 5.207767178596065725e-05
3.011258258258258635e+01 5.159248297621514334e-05
3.015261261261261794e+01 5.111218009983494907e-05
3.019264264264264952e+01 5.063671022522297398e-05
3.023267267267267755e+01 5.016602103497055947e-05
3.027270270270270913e+01 4.970006081825521224e-05
3.031273273273273716e+01 4.923877846334003266e-05
3.035276276276276874e+01 4.878212345016943389e-05
3.039279279279279677e+01 4.833004584306391639e-05
3.043282282282282836e+01 4.788249628350945260e-05
3.047285285285285994e+01 4.743942598304239663e-05
3.051288288288288797e+01 4.700078671622652407e-05
3.055291291291291955e+01 4.656653081372316401e-05
3.059294294294294758e+01 4.613661115545069654e-05
3.063297297297297916e+01 4.571098116383466911e-05
3.067300300300300719e+01 4.528959479714553011e-05
3.071303303303303878e+01 4.487240654292247503e-05
3.075306306306307036e+01 4.445937141148486248e-05
3.079309309309309839e+01 4.405044492952659183e-05
3.083312312312312997e+01 4.364558313379397807e-05
3.087315315315315800e+01 4.324474256484732703e-05
3.091318318318318958e+01 4.284788026090162352e-05
3.095321321321321761e+01 4.245495375174865657e-05
3.099324324324324920e+01 4.206592105275718690e-05
3.103327327327327723e+01 4.168074065895155644e-05
3.107330330330330881e+01 4.129937153916667987e-05
3.111333333333334039e+01 4.092177313027820526e-05
3.115336336336336842e+01 4.054790533150886027e-05
3.119339339339340000e+01 4.017772849880634883e-05
3.123342342342342803e+01 3.981120343929592915e-05
3.127345345345345962e+01 3.944829140580252962e-05
3.131348348348348765e+01 3.908895409144586550e-05
3.135351351351351923e+01 3.873315362430275574e-05
3.139354354354355081e+01 3.838085256214013660e-05
3.143357357357357884e+01 3.803201388721493665e-05
3.147360360360361042e+01 3.768660100114068441e-05
3.151363363363363845e+01 3.734457771982069958e-05
3.155366366366367004e+01 3.700590826844574004e-05
3.159369369369369807e+01 3.667055727655645032e-05
3.163372372372372965e+01 3.633848977316821264e-05
3.167375375375375768e+01 3.600967118195961349e-05
3.171378378378378926e+01 3.568406731652115806e-05
3.175381381381382084e+01 3.536164437566620422e-05
3.179384384384384887e+01 3.504236893880038927e-05
3.183387387387388046e+01 3.472620796135120956e-05
3.187390390390390849e+01 3.441312877025577433e-05
3.191393393393394007e+01 3.410309905950560216e-05
3.195396396396396810e+01 3.379608688574850739e-05
3.199399399399399968e+01 3.349206066394670251e-05
3.203402402402402771e+01 3.319098916308986269e-05
3.207405405405405929e+01 3.289284150196247514e-05
3.211408408408408377e+01 3.259758714496559489e-05
3.215411411411411535e+01 3.230519589799087961e-05
3.219414414414414694e+01 3.201563790434768246e-05
3.223417417417417852e+01 3.172888364074130581e-05
3.227420420420420299e+01 3.144490391330204300e-05
3.231423423423423458e+01 3.116366985366522506e-05
3.235426426426426616e+01 3.088515291510002942e-05
3.239429429429429774e+01 3.060932486868750462e-05
3.243432432432432933e+01 3.033615779954706903e-05
3.247435435435435380e+01 3.006562410311016219e-05
3.251438438438438538e+01 2.979769648144143165e-05
3.255441441441441697e+01 2.953234793960583912e-05
3.259444444444444855e+01 2.926955178208145566e-05
3.263447447447448013e+01 2.900928160921805753e-05
3.267450450450450461e+01 2.875151131373908684e-05
3.271453453453453619e+01 2.849621507728866075e-05
3.275456456456456777e+01 2.824336736702126092e-05
3.279459459459459936e+01 2.799294293223468952e-05
3.283462462462462383e+01 2.774491680104449248e-05
3.287465465465465542e+01 2.749926427710063279e-05
3.291468468468468700e+01 2.725596093634528215e-05
3.295471471471471858e+01 2.701498262381053162e-05
3.299474474474475016e+01 2.677630545045705119e-05
3.303477477477477464e+01 2.653990579005133680e-05
3.307480480480480622e+01 2.630576027608221227e-05
3.311483483483483781e+01 2.607384579871619307e-05
3.315486486486486939e+01 2.584413950179020769e-05
3.319489489489489387e+01 2.561661877984196443e-05
3.323492492492492545e+01 2.539126127517721170e-05
3.327495495495495703e+01 2.516804487497386787e-05
3.331498498498498861e+01 2.494694770842131314e-05
3.335501501501502020e+01 2.472794814389587696e-05
3.339504504504504467e+01 2.451102478617117557e-05
3.343507507507507626e+01 2.429615647366264273e-05
3.347510510510510784e+01 2.408332227570690395e-05
3.351513513513513942e+01 2.387250148987417477e-05
3.355516516516517100e+01 2.366367363931416441e-05
3.359519519519519548e+01 2.345681847013485771e-05
3.363522522522522706e+01 2.325191594881343023e-05
3.367525525525525865e+01 2.304894625963927596e-05
3.371528528528529023e+01 2.284788980218850410e-05
3.375531531531531471e+01 2.264872718882962350e-05
3.379534534534534629e+01 2.245143924225977456e-05
3.383537537537537787e+01 2.225600699307145431e-05
3.387540540540540945e+01 2.206241167734901971e-05
3.391543543543544104e+01 2.187063473429490837e-05
3.395546546546546551e+01 2.168065780388458375e-05
3.399549549549549710e+01 2.149246272455071662e-05
3.403552552552552868e+01 2.130603153089548116e-05
3.407555555555556026e+01 2.112134645143109801e-05
3.411558558558558474e+01 2.093838990634755345e-05
3.415561561561561632e+01 2.075714450530832152e-05
3.419564564564564790e+01 2.057759304527230352e-05
3.423567567567567949e+01 2.039971850834296736e-05
3.427570570570571107e+01 2.022350405964337574e-05
3.431573573573573555e+01 2.004893304521730284e-05
3.435576576576576713e+01 1.987598898995560280e-05
3.439579579579579871e+01 1.970465559554840932e-05
3.443582582582583029e+01 1.953491673846171288e-05
3.447585585585585477e+01 1.936675646793894234e-05
3.451588588588588635e+01 1.920015900402636511e-05
3.455591591591591794e+01 1.903510873562305807e-05
3.459594594594594952e+01 1.887159021855385342e-05
3.463597597597598110e+01 1.870958817366637412e-05
3.467600600600600558e+01 1.854908748495053605e-05
3.471603603603603716e+01 1.839007319768110637e-05
3.475606606606606874e+01 1.823253051658263381e-05
3.479609609609610033e+01 1.807644480401669984e-05
3.483612612612613191e+01 1.792180157819082688e-05
3.487615615615615638e+01 1.776858651138926701e-05
3.491618618618618797e+01 1.761678542822489203e-05
3.495621621621621955e+01 1.746638430391237443e-05
3.499624624624625113e+01 1.731736926256213435e-05
3.503627627627627561e+01 1.716972657549450341e-05
3.507630630630630719e+01 1.702344265957471205e-05
3.511633633633633877e+01 1.687850407556737900e-05
3.515636636636637036e+01 1.673489752651114308e-05
3.519639639639640194e+01 1.659260985611254308e-05
3.523642642642642642e+01 1.645162804715934209e-05
3.527645645645645800e+01 1.631193921995273050e-05
3.531648648648648958e+01 1.617353063075828906e-05
3.535651651651652116e+01 1.603638967027580018e-05
3.539654654654654564e+01 1.590050386212695530e-05
3.543657657657657722e+01 1.576586086136127005e-05
3.547660660660660881e+01 1.563244845297993287e-05
3.551663663663664039e+01 1.550025455047736336e-05
3.555666666666667197e+01 1.536926719439977898e-05
3.559669669669669645e+01 1.523947455092130393e-05
3.563672672672672803e+01 1.511086491043683904e-05
3.567675675675675961e+01 1.498342668617190450e-05
3.571678678678679120e+01 1.485714841280861353e-05
3.575681681681682278e+01 1.473201874512840370e-05
3.579684684684684726e+01 1.460802645667065187e-05
3.583687687687687884e+01 1.448516043840718789e-05
3.587690690690691042e+01 1.436340969743262241e-05
3.591693693693694200e+01 1.424276335567017202e-05
3.595696696696696648e+01 1.412321064859285300e-05
3.599699699699699806e+01 1.400474092395958779e-05
3.603702702702702965e+01 1.388734364056657686e-05
3.607705705705706123e+01 1.377100836701324624e-05
3.611708708708709281e+01 1.365572478048269281e-05
3.615711711711711729e+01 1.354148266553665972e-05
3.619714714714714887e+01 1.342827191292471307e-05
3.623717717717718045e+01 1.331608251840736756e-05
3.627720720720721204e+01 1.320490458159317461e-05
3.631723723723723651e+01 1.309472830478927667e-05
3.635726726726726810e+01 1.298554399186590360e-05
3.639729729729729968e+01 1.287734204713356280e-05
3.643732732732733126e+01 1.277011297423415271e-05
3.647735735735736284e+01 1.266384737504457871e-05
3.651738738738738732e+01 1.255853594859322681e-05
3.655741741741741890e+01 1.245416948998958677e-05
3.659744744744745049e+01 1.235073888936573369e-05
3.663747747747748207e+01 1.224823513083085552e-05
3.667750750750751365e+01 1.214664929143756289e-05
3.671753753753753813e+01 1.204597254016051134e-05
3.675756756756756971e+01 1.194619613688667200e-05
3.679759759759760129e+01 1.184731143141777752e-05
3.683762762762763288e+01 1.174930986248410123e-05
3.687765765765765735e+01 1.165218295676980007e-05
3.691768768768768894e+01 1.155592232794968399e-05
3.695771771771772052e+01 1.146051967573702551e-05
3.699774774774775210e+01 1.136596678494267048e-05
3.703777777777778368e+01 1.127225552454496032e-05
3.707780780780780816e+01 1.117937784677033365e-05
3.711783783783783974e+01 1.108732578618475130e-05
3.715786786786787133e+01 1.099609145879568220e-05
3.719789789789790291e+01 1.090566706116439076e-05
3.723792792792792739e+01 1.081604486952863612e-05
3.727795795795795897e+01 1.072721723893524596e-05
3.731798798798799055e+01 1.063917660238299883e-05
3.735801801801802213e+01 1.055191546997541501e-05
3.739804804804805372e+01 1.046542642808306634e-05
3.743807807807807819e+01 1.037970213851589626e-05
3.747810810810810978e+01 1.029473533770465227e-05
3.751813813813814136e+01 1.021051883589231166e-05
3.755816816816817294e+01 1.012704551633432997e-05
3.759819819819820452e+01 1.004430833450823721e-05
3.763822822822822900e+01 9.962300317332553270e-06
3.767825825825826058e+01 9.881014562394219318e-06
3.771828828828829216e+01 9.800444237185526123e-06
3.775831831831832375e+01 9.720582578349080762e-06
3.779834834834834822e+01 9.641422890931990723e-06
3.783837837837837981e+01 9.562958547648355698e-06
3.787840840840841139e+01 9.485182988150321200e-06
3.791843843843844297e+01 9.408089718307273850e-06
3.795846846846847455e+01 9.331672309493496833e-06
3.799849849849849903e+01 9.255924397883880637e-06
3.803852852852853061e+01 9.180839683757626397e-06
3.807855855855856220e+01 9.106411930810001131e-06
3.811858858858859378e+01 9.032634965471897536e-06
3.815861861861861826e+01 8.959502676237039110e-06
3.819864864864864984e+01 8.887009012997105028e-06
3.823867867867868142e+01 8.815147986384066654e-06
3.827870870870871300e+01 8.743913667120508190e-06
3.831873873873874459e+01 8.673300185376708340e-06
3.835876876876876906e+01 8.603301730135526535e-06
3.839879879879880065e+01 8.533912548564333089e-06
3.843882882882883223e+01 8.465126945393993432e-06
3.847885885885886381e+01 8.396939282304935253e-06
3.851888888888889539e+01 8.329343977320225668e-06
3.855891891891891987e+01 8.262335504205519531e-06
3.859894894894895145e+01 8.195908391875648480e-06
3.863897897897898304e+01 8.130057223808111606e-06
3.867900900900901462e+01 8.064776637463078114e-06
3.871903903903903910e+01 8.000061323710049355e-06
3.875906906906907068e+01 7.935906026260773657e-06
3.879909909909910226e+01 7.872305541108747681e-06
3.883912912912913384e+01 7.809254715975038342e-06
3.887915915915916543e+01 7.746748449760235548e-06
3.891918918918918990e+01 7.684781692002576428e-06
3.895921921921922149e+01 7.623349442342317270e-06
3.899924924924925307e+01 7.562446749991920339e-06
3.903927927927928465e+01 7.502068713212296142e-06
3.907930930930930913e+01 7.442210478794986771e-06
3.911933933933934071e+01 7.382867241549979483e-06
3.915936936936937229e+01 7.324034243799463905e-06
3.919939939939940388e+01 7.265706774877096648e-06
3.923942942942943546e+01 7.207880170632943585e-06
3.927945945945945994e+01 7.150549812943966804e-06
3.931948948948949152e+01 7.093711129229976622e-06
3.935951951951952310e+01 7.037359591974922440e-06
3.939954954954955468e+01 6.981490718253630027e-06
3.943957957957957916e+01 6.926100069263833604e-06
3.947960960960961074e+01 6.871183249863211352e-06
3.951963963963964233e+01 6.816735908111870731e-06
3.955966966966967391e+01 6.762753734819752514e-06
3.959969969969970549e+01 6.709232463099063666e-06
3.963972972972972997e+01 6.656167867921808503e-06
3.967975975975976155e+01 6.603555765682079338e-06
3.971978978978979313e+01 6.551392013763307346e-06
3.975981981981982472e+01 6.499672510110370318e-06
3.979984984984985630e+01 6.448393192806235432e-06
3.983987987987988078e+01 6.397550039653596124e-06
3.987990990990991236e+01 6.347139067760755991e-06
3.991993993993994394e+01 6.297156333132555919e-06
3.995996996996997552e+01 6.247597930265386456e-06
4.000000000000000000e+01 6.198459991747033354e-06
