5.000000000000000000e-01 3.242556125511379950e-01
5.102602602602602788e-01 3.245260736463835838e-01
5.205205205205205576e-01 3.247967651912657683e-01
5.307807807807807254e-01 3.250676875344870598e-01
5.410410410410410043e-01 3.253388410222721738e-01
5.513013013013012831e-01 3.256102259983826297e-01
5.615615615615615619e-01 3.258818428040874959e-01
5.718218218218218407e-01 3.261536917781648892e-01
5.820820820820821195e-01 3.264257732568868753e-01
5.923423423423423984e-01 3.266980875740148060e-01
6.026026026026025662e-01 3.269706350607812229e-01
6.128628628628628450e-01 3.272434160458952412e-01
6.231231231231231238e-01 3.275164308555183479e-01
6.333833833833834026e-01 3.277896798132487466e-01
6.436436436436436814e-01 3.280631632401377895e-01
6.539039039039038492e-01 3.283368814546586134e-01
6.641641641641641280e-01 3.286108347726902634e-01
6.744244244244244069e-01 3.288850235075254647e-01
6.846846846846846857e-01 3.291594479698613518e-01
6.949449449449449645e-01 3.294341084677678277e-01
7.052052052052051323e-01 3.297090053066939475e-01
7.154654654654655221e-01 3.299841387894512645e-01
7.257257257257256899e-01 3.302595092162071144e-01
7.359859859859859688e-01 3.305351168844685716e-01
7.462462462462462476e-01 3.308109620890826719e-01
7.565065065065064154e-01 3.310870451222106547e-01
7.667667667667668052e-01 3.313633662733226903e-01
7.770270270270269730e-01 3.316399258291913288e-01
7.872872872872872518e-01 3.319167240738803426e-01
7.975475475475475307e-01 3.321937612887240210e-01
8.078078078078078095e-01 3.324710377523273364e-01
8.180680680680680883e-01 3.327485537405498461e-01
8.283283283283282561e-01 3.330263095264962003e-01
8.385885885885886459e-01 3.333043053805017086e-01
8.488488488488488137e-01 3.335825415701171859e-01
8.591091091091090926e-01 3.338610183601137260e-01
8.693693693693693714e-01 3.341397360124509497e-01
8.796296296296295392e-01 3.344186947862829440e-01
8.898898898898899290e-01 3.346978949379320611e-01
9.001501501501500968e-01 3.349773367208880304e-01
9.104104104104103756e-01 3.352570203857906384e-01
9.206706706706706544e-01 3.355369461804237341e-01
9.309309309309309333e-01 3.358171143496931355e-01
9.411911911911912121e-01 3.360975251356150828e-01
9.514514514514513799e-01 3.363781787773265086e-01
9.617117117117117697e-01 3.366590755110458466e-01
9.719719719719719375e-01 3.369402155700766399e-01
9.822322322322322163e-01 3.372215991847861138e-01
9.924924924924924952e-01 3.375032265825964051e-01
1.002752752752752663e+00 3.377850979879840065e-01
1.013013013013012831e+00 3.380672136224441293e-01
1.023273273273273221e+00 3.383495737045011942e-01
1.033533533533533610e+00 3.386321784496816312e-01
1.043793793793793778e+00 3.389150280705125473e-01
1.054054054054053946e+00 3.391981227764958584e-01
1.064314314314314336e+00 3.394814627741026269e-01
1.074574574574574504e+00 3.397650482667765592e-01
1.084834834834834894e+00 3.400488794548902627e-01
1.095095095095095061e+00 3.403329565357556818e-01
1.105355355355355229e+00 3.406172797036090549e-01
1.115615615615615619e+00 3.409018491495836578e-01
1.125875875875876009e+00 3.411866650617134678e-01
1.136136136136136177e+00 3.414717276249165656e-01
1.146396396396396344e+00 3.417570370209773167e-01
1.156656656656656512e+00 3.420425934285363234e-01
1.166916916916916902e+00 3.423283970230720508e-01
1.177177177177177292e+00 3.426144479769133167e-01
1.187437437437437460e+00 3.429007464591831700e-01
1.197697697697697627e+00 3.431872926358243148e-01
1.207957957957957795e+00 3.434740866695635830e-01
1.218218218218218185e+00 3.437611287199184851e-01
1.228478478478478575e+00 3.440484189431504691e-01
1.238738738738738743e+00 3.443359574922982280e-01
1.248998998998998911e+00 3.446237445171251301e-01
1.259259259259259078e+00 3.449117801641297110e-01
1.269519519519519468e+00 3.452000645765065379e-01
1.279779779779779858e+00 3.454885978941772962e-01
1.290040040040040026e+00 3.457773802537241203e-01
1.300300300300300194e+00 3.460664117884223456e-01
1.310560560560560361e+00 3.463556926281958770e-01
1.320820820820820751e+00 3.466452228996195206e-01
1.331081081081081141e+00 3.469350027259009428e-01
1.341341341341341309e+00 3.472250322268669587e-01
1.351601601601601477e+00 3.475153115189544284e-01
1.361861861861861867e+00 3.478058407151929377e-01
1.372122122122122034e+00 3.480966199251819826e-01
1.382382382382382424e+00 3.483876492550964654e-01
1.392642642642642592e+00 3.486789288076677651e-01
1.402902902902902760e+00 3.489704586821524290e-01
1.413163163163163150e+00 3.492622389743470501e-01
1.423423423423423539e+00 3.495542697765497975e-01
1.433683683683683707e+00 3.498465511775573633e-01
1.443943943943943875e+00 3.501390832626572469e-01
1.454204204204204043e+00 3.504318661136041069e-01
1.464464464464464433e+00 3.507248998086106018e-01
1.474724724724724823e+00 3.510181844223272396e-01
1.484984984984984990e+00 3.513117200258358830e-01
1.495245245245245158e+00 3.516055066866402568e-01
1.505505505505505548e+00 3.518995444686373042e-01
1.515765765765765716e+00 3.521938334321181863e-01
1.526026026026025884e+00 3.524883736337518503e-01
1.536286286286286273e+00 3.527831651265408430e-01
1.546546546546546441e+00 3.530782079598718259e-01
1.556806806806806831e+00 3.533735021794429665e-01
1.567067067067066999e+00 3.536690478272722649e-01
1.577327327327327167e+00 3.539648449416797349e-01
1.587587587587587556e+00 3.542608935572841844e-01
1.597847847847847724e+00 3.545571937049685762e-01
1.608108108108108114e+00 3.548537454118889656e-01
1.618368368368368282e+00 3.551505487014504636e-01
1.628628628628628672e+00 3.554476035932850331e-01
1.638888888888888840e+00 3.557449101032389982e-01
1.649149149149149007e+00 3.560424682433864230e-01
1.659409409409409397e+00 3.563402780219677157e-01
1.669669669669669565e+00 3.566383394434294307e-01
1.679929929929929955e+00 3.569366525083460528e-01
1.690190190190190123e+00 3.572352172134693471e-01
1.700450450450450290e+00 3.575340335516814516e-01
1.710710710710710680e+00 3.578331015119761149e-01
1.720970970970970848e+00 3.581324210794720742e-01
1.731231231231231238e+00 3.584319922353508270e-01
1.741491491491491406e+00 3.587318149569058146e-01
1.751751751751751796e+00 3.590318892174751975e-01
1.762012012012011963e+00 3.593322149864500714e-01
1.772272272272272131e+00 3.596327922292558155e-01
1.782532532532532521e+00 3.599336209073478177e-01
1.792792792792792689e+00 3.602347009781844966e-01
1.803053053053053079e+00 3.605360323952057633e-01
1.813313313313313246e+00 3.608376151078521166e-01
1.823573573573573414e+00 3.611394490615214004e-01
1.833833833833833804e+00 3.614415341975465989e-01
1.844094094094093972e+00 3.617438704532106586e-01
1.854354354354354362e+00 3.620464577617182877e-01
1.864614614614614529e+00 3.623492960521831896e-01
1.874874874874874697e+00 3.626523852496000289e-01
1.885135135135135087e+00 3.629557252748529805e-01
1.895395395395395255e+00 3.632593160446854763e-01
1.905655655655655645e+00 3.635631574716999825e-01
1.915915915915915813e+00 3.638672494643255262e-01
1.926176176176176202e+00 3.641715919268154189e-01
1.936436436436436370e+00 3.644761847592280501e-01
1.946696696696696538e+00 3.647810278574230014e-01
1.956956956956956928e+00 3.650861211130269623e-01
1.967217217217217096e+00 3.653914644134319545e-01
1.977477477477477485e+00 3.656970576417964414e-01
1.987737737737737653e+00 3.660029006769919269e-01
1.997997997997997821e+00 3.663089933936362064e-01
2.008258258258257989e+00 3.666153356620228121e-01
2.018518518518518157e+00 3.669219273481638122e-01
2.028778778778778769e+00 3.672287683137439585e-01
2.039039039039038936e+00 3.675358584161012021e-01
2.049299299299299548e+00 3.678431975082379068e-01
2.059559559559559716e+00 3.681507854387807144e-01
2.069819819819819884e+00 3.684586220519849853e-01
2.080080080080080052e+00 3.687667071877041014e-01
2.090340340340340219e+00 3.690750406814052864e-01
2.100600600600600387e+00 3.693836223641023264e-01
2.110860860860860555e+00 3.696924520624004229e-01
2.121121121121120723e+00 3.700015295984332431e-01
2.131381381381381335e+00 3.703108547898996683e-01
2.141641641641641503e+00 3.706204274499821372e-01
2.151901901901902114e+00 3.709302473873951622e-01
2.162162162162162282e+00 3.712403144063513016e-01
2.172422422422422450e+00 3.715506283065276860e-01
2.182682682682682618e+00 3.718611888830606893e-01
2.192942942942942786e+00 3.721719959265587518e-01
2.203203203203202953e+00 3.724830492230458701e-01
2.213463463463463121e+00 3.727943485539786939e-01
2.223723723723723733e+00 3.731058936962306505e-01
2.233983983983983901e+00 3.734176844220430391e-01
2.244244244244244069e+00 3.737297204990607247e-01
2.254504504504504681e+00 3.740420016902836209e-01
2.264764764764764848e+00 3.743545277540757943e-01
2.275025025025025016e+00 3.746672984441155596e-01
2.285285285285285184e+00 3.749803135094191830e-01
2.295545545545545352e+00 3.752935726943284478e-01
2.305805805805805520e+00 3.756070757384473713e-01
2.316066066066065687e+00 3.759208223766792867e-01
2.326326326326326299e+00 3.762348123392104671e-01
2.336586586586586467e+00 3.765490453514483415e-01
2.346846846846847079e+00 3.768635211340613522e-01
2.357107107107107247e+00 3.771782394029414287e-01
2.367367367367367414e+00 3.774931998691939405e-01
2.377627627627627582e+00 3.778084022391035579e-01
2.387887887887887750e+00 3.781238462141762735e-01
2.398148148148147918e+00 3.784395314910455332e-01
2.408408408408408086e+00 3.787554577615369622e-01
2.418668668668668253e+00 3.790716247126041383e-01
2.428928928928928865e+00 3.793880320263343653e-01
2.439189189189189033e+00 3.797046793799118136e-01
2.449449449449449645e+00 3.800215664456615405e-01
2.459709709709709813e+00 3.803386928909445741e-01
2.469969969969969981e+00 3.806560583782542806e-01
2.480230230230230148e+00 3.809736625650975150e-01
2.490490490490490316e+00 3.812915051040580150e-01
2.500750750750750484e+00 3.816095856427300648e-01
2.511011011011011096e+00 3.819279038237669566e-01
2.521271271271271264e+00 3.822464592847807374e-01
2.531531531531531432e+00 3.825652516584021612e-01
2.541791791791791599e+00 3.828842805722442177e-01
2.552052052052051767e+00 3.832035456488822045e-01
2.562312312312312379e+00 3.835230465058402927e-01
2.572572572572572547e+00 3.838427827555964678e-01
2.582832832832832715e+00 3.841627540055470580e-01
2.593093093093092882e+00 3.844829598579893037e-01
2.603353353353353050e+00 3.848033999101475588e-01
2.613613613613613662e+00 3.851240737540984616e-01
2.623873873873873830e+00 3.854449809768314417e-01
2.634134134134133998e+00 3.857661211601779438e-01
2.644394394394394165e+00 3.860874938808158130e-01
2.654654654654654333e+00 3.864090987102534736e-01
2.664914914914914945e+00 3.867309352148270429e-01
2.675175175175175113e+00 3.870530029557030516e-01
2.685435435435435281e+00 3.873753014888089430e-01
2.695695695695695449e+00 3.876978303648555557e-01
2.705955955955956060e+00 3.880205891293823650e-01
2.716216216216216228e+00 3.883435773225982213e-01
2.726476476476476396e+00 3.886667944795275109e-01
2.736736736736736564e+00 3.889902401298963586e-01
2.746996996996996732e+00 3.893139137981543874e-01
2.757257257257257343e+00 3.896378150034626175e-01
2.767517517517517511e+00 3.899619432596715396e-01
2.777777777777777679e+00 3.902862980753211142e-01
2.788038038038037847e+00 3.906108789536091308e-01
2.798298298298298015e+00 3.909356853923971475e-01
2.808558558558558627e+00 3.912607168841921723e-01
2.818818818818818794e+00 3.915859729161564884e-01
2.829079079079078962e+00 3.919114529700118421e-01
2.839339339339339130e+00 3.922371565221494660e-01
2.849599599599599298e+00 3.925630830435331009e-01
2.859859859859859910e+00 3.928892319997038252e-01
2.870120120120120077e+00 3.932156028507786671e-01
2.880380380380380245e+00 3.935421950514392253e-01
2.890640640640640413e+00 3.938690080509164027e-01
2.900900900900900581e+00 3.941960412929603197e-01
2.911161161161161193e+00 3.945232942158876099e-01
2.921421421421421361e+00 3.948507662524584627e-01
2.931681681681681528e+00 3.951784568300009126e-01
2.941941941941941696e+00 3.955063653702965420e-01
2.952202202202201864e+00 3.958344912896202272e-01
2.962462462462462476e+00 3.961628339986573155e-01
2.972722722722722644e+00 3.964913929026622208e-01
2.982982982982982811e+00 3.968201674012183378e-01
2.993243243243242979e+00 3.971491568883968037e-01
3.003503503503503591e+00 3.974783607526735096e-01
3.013763763763763759e+00 3.978077783769431441e-01
3.024024024024023927e+00 3.981374091384956015e-01
3.034284284284284094e+00 3.984672524090026591e-01
3.044544544544544262e+00 3.987973075545047097e-01
3.054804804804804874e+00 3.991275739354180341e-01
3.065065065065065042e+00 3.994580509065193685e-01
3.075325325325325210e+00 3.997887378169044936e-01
3.085585585585585378e+00 4.001196340100267035e-01
3.095845845845845545e+00 4.004507388236374643e-01
3.106106106106106157e+00 4.007820515897965730e-01
3.116366366366366325e+00 4.011135716348955826e-01
3.126626626626626493e+00 4.014452982796168357e-01
3.136886886886886661e+00 4.017772308388292135e-01
3.147147147147146828e+00 4.021093686218066288e-01
3.157407407407407440e+00 4.024417109319881614e-01
3.167667667667667608e+00 4.027742570671050126e-01
3.177927927927927776e+00 4.031070063190747010e-01
3.188188188188187944e+00 4.034399579740943209e-01
3.198448448448448111e+00 4.037731113125807569e-01
3.208708708708708723e+00 4.041064656091009066e-01
3.218968968968968891e+00 4.044400201324727662e-01
3.229229229229229059e+00 4.047737741456801652e-01
3.239489489489489227e+00 4.051077269058935282e-01
3.249749749749749395e+00 4.054418776644331812e-01
3.260010010010010006e+00 4.057762256667921119e-01
3.270270270270270174e+00 4.061107701526340263e-01
3.280530530530530342e+00 4.064455103557306770e-01
3.290790790790790510e+00 4.067804455039716327e-01
3.301051051051051122e+00 4.071155748194129065e-01
3.311311311311311290e+00 4.074508975181874715e-01
3.321571571571571457e+00 4.077864128105341823e-01
3.331831831831831625e+00 4.081221199008150391e-01
3.342092092092091793e+00 4.084580179874148786e-01
3.352352352352352405e+00 4.087941062628666078e-01
3.362612612612612573e+00 4.091303839137379050e-01
3.372872872872872740e+00 4.094668501206192301e-01
3.383133133133132908e+00 4.098035040582098665e-01
3.393393393393393076e+00 4.101403448952199993e-01
3.403653653653653688e+00 4.104773717944063538e-01
3.413913913913913856e+00 4.108145839125191268e-01
3.424174174174174023e+00 4.111519804003594403e-01
3.434434434434434191e+00 4.114895604026962972e-01
3.444694694694694359e+00 4.118273230583622824e-01
3.454954954954954971e+00 4.121652675001363231e-01
3.465215215215215139e+00 4.125033928547350848e-01
3.475475475475475307e+00 4.128416982429595761e-01
3.485735735735735474e+00 4.131801827795021920e-01
3.495995995995995642e+00 4.135188455730278712e-01
3.506256256256256254e+00 4.138576857261709874e-01
3.516516516516516422e+00 4.141967023354776178e-01
3.526776776776776590e+00 4.145358944914889765e-01
3.537037037037036757e+00 4.148752612786191785e-01
3.547297297297296925e+00 4.152148017752227416e-01
3.557557557557557537e+00 4.155545150535816523e-01
3.567817817817817705e+00 4.158944001799013135e-01
3.578078078078077873e+00 4.162344562142507032e-01
3.588338338338338041e+00 4.165746822105996783e-01
3.598598598598598652e+00 4.169150772168377928e-01
3.608858858858858820e+00 4.172556402747082394e-01
3.619119119119118988e+00 4.175963704198508153e-01
3.629379379379379156e+00 4.179372666817550153e-01
3.639639639639639324e+00 4.182783280837729656e-01
3.649899899899899935e+00 4.186195536431243092e-01
3.660160160160160103e+00 4.189609423708769431e-01
3.670420420420420271e+00 4.193024932719562892e-01
3.680680680680680439e+00 4.196442053450981646e-01
3.690940940940940607e+00 4.199860775828735959e-01
3.701201201201201219e+00 4.203281089716975338e-01
3.711461461461461386e+00 4.206702984918029853e-01
3.721721721721721554e+00 4.210126451172265805e-01
3.731981981981981722e+00 4.213551478158510943e-01
3.742242242242241890e+00 4.216978055492947575e-01
3.752502502502502502e+00 4.220406172730298833e-01
3.762762762762762669e+00 4.223835819363333521e-01
3.773023023023022837e+00 4.227266984822233842e-01
3.783283283283283005e+00 4.230699658475380320e-01
3.793543543543543173e+00 4.234133829628849433e-01
3.803803803803803785e+00 4.237569487526539058e-01
3.814064064064063952e+00 4.241006621349912575e-01
3.824324324324324120e+00 4.244445220218271975e-01
3.834584584584584288e+00 4.247885273188306554e-01
3.844844844844844456e+00 4.251326769254390459e-01
3.855105105105105068e+00 4.254769697348810276e-01
3.865365365365365236e+00 4.258214046340887404e-01
3.875625625625625403e+00 4.261659805037232851e-01
3.885885885885885571e+00 4.265106962182623751e-01
3.896146146146146183e+00 4.268555506458482918e-01
3.906406406406406351e+00 4.272005426483863610e-01
3.916666666666666519e+00 4.275456710815351280e-01
3.926926926926926686e+00 4.278909347946384667e-01
3.937187187187186854e+00 4.282363326308168405e-01
3.947447447447447466e+00 4.285818634268758753e-01
3.957707707707707634e+00 4.289275260133508239e-01
3.967967967967967802e+00 4.292733192144596588e-01
3.978228228228227970e+00 4.296192418481984965e-01
3.988488488488488137e+00 4.299652927262467283e-01
3.998748748748748749e+00 4.303114706539864498e-01
4.009009009009009361e+00 4.306577744304924682e-01
4.019269269269269529e+00 4.310042028485727705e-01
4.029529529529529697e+00 4.313507546947321636e-01
4.039789789789789864e+00 4.316974287491406881e-01
4.050050050050050032e+00 4.320442237857294310e-01
4.060310310310310200e+00 4.323911385720513034e-01
4.070570570570570368e+00 4.327381718694329749e-01
4.080830830830830536e+00 4.330853224328529705e-01
4.091091091091090703e+00 4.334325890109486656e-01
4.101351351351350871e+00 4.337799703461288070e-01
4.111611611611611039e+00 4.341274651744120860e-01
4.121871871871871207e+00 4.344750722255552033e-01
4.132132132132131375e+00 4.348227902230281106e-01
4.142392392392391542e+00 4.351706178838856687e-01
4.152652652652652598e+00 4.355185539189833088e-01
4.162912912912912766e+00 4.358665970327861849e-01
4.173173173173172934e+00 4.362147459234849145e-01
4.183433433433433102e+00 4.365629992829677675e-01
4.193693693693694158e+00 4.369113557967502781e-01
4.203953953953954326e+00 4.372598141441028652e-01
4.214214214214214493e+00 4.376083729979303172e-01
4.224474474474474661e+00 4.379570310248597220e-01
4.234734734734734829e+00 4.383057868851595318e-01
4.244994994994994997e+00 4.386546392328553035e-01
4.255255255255255165e+00 4.390035867156000804e-01
4.265515515515515332e+00 4.393526279747696495e-01
4.275775775775775500e+00 4.397017616454073630e-01
4.286036036036035668e+00 4.400509863562655499e-01
4.296296296296295836e+00 4.404003007298078476e-01
4.306556556556556004e+00 4.407497033821360377e-01
4.316816816816816171e+00 4.410991929231075082e-01
4.327077077077076339e+00 4.414487679562295597e-01
4.337337337337336507e+00 4.417984270787488343e-01
4.347597597597597563e+00 4.421481688816026323e-01
4.357857857857857731e+00 4.424979919493935432e-01
4.368118118118117899e+00 4.428478948604833154e-01
4.378378378378378066e+00 4.431978761869437289e-01
4.388638638638638234e+00 4.435479344944913138e-01
4.398898898898899290e+00 4.438980683426152485e-01
4.409159159159159458e+00 4.442482762845404443e-01
4.419419419419419626e+00 4.445985568671303456e-01
4.429679679679679793e+00 4.449489086310511876e-01
4.439939939939939961e+00 4.452993301106448198e-01
4.450200200200200129e+00 4.456498198340094752e-01
4.460460460460460297e+00 4.460003763229568041e-01
4.470720720720720465e+00 4.463509980930564502e-01
4.480980980980980632e+00 4.467016836536245594e-01
4.491241241241240800e+00 4.470524315076472299e-01
4.501501501501500968e+00 4.474032401519850710e-01
4.511761761761761136e+00 4.477541080771701987e-01
4.522022022022022192e+00 4.481050337674559181e-01
4.532282282282282360e+00 4.484560157009720993e-01
4.542542542542542527e+00 4.488070523495295006e-01
4.552802802802802695e+00 4.491581421786948747e-01
4.563063063063062863e+00 4.495092836479077092e-01
4.573323323323323031e+00 4.498604752103075866e-01
4.583583583583583199e+00 4.502117153128208926e-01
4.593843843843843366e+00 4.505630023962289843e-01
4.604104104104103534e+00 4.509143348950840346e-01
4.614364364364364590e+00 4.512657112376630142e-01
4.624624624624624758e+00 4.516171298462052230e-01
4.634884884884884926e+00 4.519685891366207464e-01
4.645145145145145094e+00 4.523200875187431413e-01
4.655405405405405261e+00 4.526716233961892155e-01
4.665665665665665429e+00 4.530231951663983292e-01
4.675925925925925597e+00 4.533748012206644806e-01
4.686186186186185765e+00 4.537264399441950369e-01
4.696446446446445933e+00 4.540781097159604651e-01
4.706706706706706100e+00 4.544298089088104620e-01
4.716966966966967156e+00 4.547815358894949367e-01
4.727227227227227324e+00 4.551332890186762237e-01
4.737487487487487492e+00 4.554850666508052370e-01
4.747747747747747660e+00 4.558368671343147049e-01
4.758008008008007828e+00 4.561886888114604632e-01
4.768268268268267995e+00 4.565405300184879889e-01
4.778528528528528163e+00 4.568923890855182690e-01
4.788788788788788331e+00 4.572442643365841053e-01
4.799049049049048499e+00 4.575961540897006130e-01
4.809309309309308667e+00 4.579480566567905586e-01
4.819569569569569722e+00 4.582999703437069527e-01
4.829829829829829890e+00 4.586518934503522882e-01
4.840090090090090058e+00 4.590038242704521099e-01
4.850350350350350226e+00 4.593557610918634904e-01
4.860610610610610394e+00 4.597077021963798527e-01
4.870870870870870561e+00 4.600596458597673855e-01
4.881131131131130729e+00 4.604115903517461694e-01
4.891391391391390897e+00 4.607635339362647353e-01
4.901651651651651065e+00 4.611154748710535323e-01
4.911911911911912121e+00 4.614674114080377088e-01
4.922172172172172289e+00 4.618193417931365508e-01
4.932432432432432456e+00 4.621712642663480808e-01
4.942692692692692624e+00 4.625231770617053151e-01
4.952952952952952792e+00 4.628750784073807356e-01
4.963213213213212960e+00 4.632269665255972502e-01
4.973473473473473128e+00 4.635788396326997463e-01
4.983733733733733295e+00 4.639306959391489849e-01
4.993993993993993463e+00 4.642825336495448041e-01
5.004254254254253631e+00 4.646343509625958101e-01
5.014514514514514687e+00 4.649861460711947059e-01
5.024774774774774855e+00 4.653379171623365784e-01
5.035035035035035023e+00 4.656896624172919275e-01
5.045295295295295190e+00 4.660413800114316940e-01
5.055555555555555358e+00 4.663930681143836909e-01
5.065815815815815526e+00 4.667447248899531109e-01
5.076076076076075694e+00 4.670963484961863643e-01
5.086336336336335862e+00 4.674479370854207616e-01
5.096596596596596029e+00 4.677994888041309141e-01
5.106856856856856197e+00 4.681510017931372336e-01
5.117117117117117253e+00 4.685024741875579157e-01
5.127377377377377421e+00 4.688539041167369414e-01
5.137637637637637589e+00 4.692052897044059478e-01
5.147897897897897757e+00 4.695566290685339039e-01
5.158158158158157924e+00 4.699079203214922007e-01
5.168418418418418092e+00 4.702591615699998617e-01
5.178678678678678260e+00 4.706103509150658115e-01
5.188938938938938428e+00 4.709614864521696198e-01
5.199199199199198596e+00 4.713125662711323272e-01
5.209459459459459651e+00 4.716635884561886094e-01
5.219719719719719819e+00 4.720145510860929705e-01
5.229979979979979987e+00 4.723654522338936457e-01
5.240240240240240155e+00 4.727162899671614738e-01
5.250500500500500323e+00 4.730670623479337200e-01
5.260760760760760490e+00 4.734177674327638696e-01
5.271021021021020658e+00 4.737684032727120798e-01
5.281281281281280826e+00 4.741189679132610246e-01
5.291541541541540994e+00 4.744694593945819050e-01
5.301801801801801162e+00 4.748198757512712698e-01
5.312062062062062218e+00 4.751702150125664548e-01
5.322322322322322385e+00 4.755204752022652581e-01
5.332582582582582553e+00 4.758706543388001586e-01
5.342842842842842721e+00 4.762207504351665399e-01
5.353103103103102889e+00 4.765707614990779550e-01
5.363363363363363057e+00 4.769206855327975947e-01
5.373623623623623224e+00 4.772705205333673817e-01
5.383883883883883392e+00 4.776202644924701368e-01
5.394144144144143560e+00 4.779699153965074054e-01
5.404404404404403728e+00 4.783194712266625737e-01
5.414664664664664784e+00 4.786689299587292279e-01
5.424924924924924952e+00 4.790182895633930960e-01
5.435185185185185119e+00 4.793675480060947125e-01
5.445445445445445287e+00 4.797167032470714410e-01
5.455705705705705455e+00 4.800657532413689643e-01
5.465965965965965623e+00 4.804146959388965188e-01
5.476226226226225791e+00 4.807635292844096297e-01
5.486486486486485958e+00 4.811122512175566301e-01
5.496746746746746126e+00 4.814608596728492951e-01
5.507007007007007182e+00 4.818093525797944032e-01
5.517267267267267350e+00 4.821577278628014773e-01
5.527527527527527518e+00 4.825059834412249171e-01
5.537787787787787686e+00 4.828541172294035233e-01
5.548048048048047853e+00 4.832021271366767623e-01
5.558308308308308021e+00 4.835500110674662011e-01
5.568568568568568189e+00 4.838977669211781407e-01
5.578828828828828357e+00 4.842453925923180247e-01
5.589089089089088525e+00 4.845928859703669267e-01
5.599349349349348692e+00 4.849402449400870840e-01
5.609609609609609748e+00 4.852874673813071249e-01
5.619869869869869916e+00 4.856345511689784678e-01
5.630130130130130084e+00 4.859814941731898097e-01
5.640390390390390252e+00 4.863282942593536440e-01
5.650650650650650419e+00 4.866749492879691164e-01
5.660910910910910587e+00 4.870214571148392957e-01
5.671171171171170755e+00 4.873678155910438625e-01
5.681431431431430923e+00 4.877140225628960324e-01
5.691691691691691091e+00 4.880600758721121979e-01
5.701951951951951258e+00 4.884059733556251892e-01
5.712212212212212314e+00 4.887517128457671833e-01
5.722472472472472482e+00 4.890972921703549137e-01
5.732732732732732650e+00 4.894427091524224949e-01
5.742992992992992818e+00 4.897879616105519363e-01
5.753253253253252986e+00 4.901330473587454661e-01
5.763513513513513153e+00 4.904779642065101308e-01
5.773773773773773321e+00 4.908227099588315379e-01
5.784034034034033489e+00 4.911672824161757434e-01
5.794294294294293657e+00 4.915116793746250323e-01
5.804554554554554713e+00 4.918558986257687282e-01
5.814814814814814881e+00 4.921999379568565702e-01
5.825075075075075048e+00 4.925437951507929957e-01
5.835335335335335216e+00 4.928874679860741903e-01
5.845595595595595384e+00 4.932309542368050193e-01
5.855855855855855552e+00 4.935742516728497953e-01
5.866116116116115720e+00 4.939173580599098279e-01
5.876376376376375887e+00 4.942602711592737896e-01
5.886636636636636055e+00 4.946029887280842252e-01
5.896896896896896223e+00 4.949455085192849824e-01
5.907157157157157279e+00 4.952878282816728372e-01
5.917417417417417447e+00 4.956299457597975189e-01
5.927677677677677615e+00 4.959718586942737928e-01
5.937937937937937782e+00 4.963135648214607731e-01
5.948198198198197950e+00 4.966550618737611278e-01
5.958458458458458118e+00 4.969963475794473839e-01
5.968718718718718286e+00 4.973374196629561927e-01
5.978978978978978454e+00 4.976782758444733834e-01
5.989239239239238621e+00 4.980189138405023419e-01
5.999499499499498789e+00 4.983593313634717137e-01
6.009759759759759845e+00 4.986995261220111830e-01
6.020020020020020013e+00 4.990394958207450271e-01
6.030280280280280181e+00 4.993792381605998143e-01
6.040540540540540349e+00 4.997187508386436439e-01
6.050800800800800516e+00 5.000580315481232274e-01
6.061061061061060684e+00 5.003970779786041101e-01
6.071321321321320852e+00 5.007358878158680859e-01
6.081581581581581020e+00 5.010744587420500329e-01
6.091841841841841187e+00 5.014127884355593645e-01
6.102102102102102243e+00 5.017508745712473406e-01
6.112362362362362411e+00 5.020887148203013739e-01
6.122622622622622579e+00 5.024263068503797003e-01
6.132882882882882747e+00 5.027636483255024658e-01
6.143143143143142915e+00 5.031007369063393853e-01
6.153403403403403082e+00 5.034375702499186422e-01
6.163663663663663250e+00 5.037741460098731361e-01
6.173923923923923418e+00 5.041104618364558032e-01
6.184184184184183586e+00 5.044465153764787768e-01
6.194444444444443754e+00 5.047823042733228238e-01
6.204704704704704810e+00 5.051178261671758207e-01
6.214964964964964977e+00 5.054530786948872034e-01
6.225225225225225145e+00 5.057880594899039073e-01
6.235485485485485313e+00 5.061227661826690483e-01
6.245745745745745481e+00 5.064571964002206883e-01
6.256006006006005649e+00 5.067913477665479949e-01
6.266266266266265816e+00 5.071252179024282603e-01
6.276526526526525984e+00 5.074588044255692321e-01
6.286786786786786152e+00 5.077921049505327300e-01
6.297047047047046320e+00 5.081251170889379276e-01
6.307307307307307376e+00 5.084578384493831926e-01
6.317567567567567544e+00 5.087902666373287364e-01
6.327827827827827711e+00 5.091223992555156119e-01
6.338088088088087879e+00 5.094542339035744716e-01
6.348348348348348047e+00 5.097857681784196959e-01
6.358608608608608215e+00 5.101169996740636536e-01
6.368868868868868383e+00 5.104479259815702941e-01
6.379129129129128550e+00 5.107785446894348436e-01
6.389389389389388718e+00 5.111088533833106906e-01
6.399649649649649774e+00 5.114388496461055311e-01
6.409909909909909942e+00 5.117685310580780689e-01
6.420170170170170110e+00 5.120978951968749859e-01
6.430430430430430278e+00 5.124269396375137342e-01
6.440690690690690445e+00 5.127556619523845338e-01
6.450950950950950613e+00 5.130840597114366686e-01
6.461211211211210781e+00 5.134121304820269405e-01
6.471471471471470949e+00 5.137398718290768773e-01
6.481731731731731116e+00 5.140672813151165865e-01
6.491991991991991284e+00 5.143943565001880547e-01
6.502252252252252340e+00 5.147210949419438464e-01
6.512512512512512508e+00 5.150474941959036768e-01
6.522772772772772676e+00 5.153735518150744932e-01
6.533033033033032844e+00 5.156992653502595614e-01
6.543293293293293011e+00 5.160246323502299948e-01
6.553553553553553179e+00 5.163496503612045041e-01
6.563813813813813347e+00 5.166743169275884728e-01
6.574074074074073515e+00 5.169986295915039998e-01
6.584334334334333683e+00 5.173225858930690091e-01
6.594594594594593850e+00 5.176461833702434845e-01
6.604854854854854906e+00 5.179694195591196815e-01
6.615115115115115074e+00 5.182922919937578143e-01
6.625375375375375242e+00 5.186147982063483708e-01
6.635635635635635410e+00 5.189369357269479899e-01
6.645895895895895578e+00 5.192587020841296086e-01
6.656156156156155745e+00 5.195800948043339806e-01
6.666416416416415913e+00 5.199011114124348909e-01
6.676676676676676081e+00 5.202217494314130830e-01
6.686936936936936249e+00 5.205420063826039501e-01
6.697197197197197305e+00 5.208618797856545690e-01
6.707457457457457473e+00 5.211813671586196239e-01
6.717717717717717640e+00 5.215004660178927942e-01
6.727977977977977808e+00 5.218191738783688471e-01
6.738238238238237976e+00 5.221374882534216555e-01
6.748498498498498144e+00 5.224554066548792175e-01
6.758758758758758312e+00 5.227729265932367086e-01
6.769019019019018479e+00 5.230900455774800673e-01
6.779279279279278647e+00 5.234067611153452315e-01
6.789539539539538815e+00 5.237230707131559360e-01
6.799799799799799871e+00 5.240389718758777793e-01
6.810060060060060039e+00 5.243544621074383016e-01
6.820320320320320207e+00 5.246695389104565344e-01
6.830580580580580374e+00 5.249841997862866316e-01
6.840840840840840542e+00 5.252984422353261795e-01
6.851101101101100710e+00 5.256122637567052225e-01
6.861361361361360878e+00 5.259256618487034851e-01
6.871621621621621046e+00 5.262386340083862191e-01
6.881881881881881213e+00 5.265511777320024400e-01
6.892142142142141381e+00 5.268632905148508128e-01
6.902402402402402437e+00 5.271749698511736248e-01
6.912662662662662605e+00 5.274862132346218591e-01
6.922922922922922773e+00 5.277970181578403031e-01
6.933183183183182940e+00 5.281073821128918766e-01
6.943443443443443108e+00 5.284173025907947796e-01
6.953703703703703276e+00 5.287267770822069446e-01
6.963963963963963444e+00 5.290358030769731768e-01
6.974224224224223612e+00 5.293443780644248031e-01
6.984484484484483779e+00 5.296524995331655106e-01
6.994744744744744835e+00 5.299601649714986706e-01
7.005005005005005003e+00 5.302673718670519731e-01
7.015265265265265171e+00 5.305741177071061632e-01
7.025525525525525339e+00 5.308803999784678096e-01
7.035785785785785507e+00 5.311862161677135541e-01
7.046046046046045674e+00 5.314915637609859411e-01
7.056306306306305842e+00 5.317964402442071359e-01
7.066566566566566010e+00 5.321008431030446184e-01
7.076826826826826178e+00 5.324047698228946413e-01
7.087087087087086346e+00 5.327082178891563435e-01
7.097347347347347402e+00 5.330111847870862007e-01
7.107607607607607569e+00 5.333136680017412923e-01
7.117867867867867737e+00 5.336156650182283245e-01
7.128128128128127905e+00 5.339171733217947802e-01
7.138388388388388073e+00 5.342181903975515844e-01
7.148648648648648241e+00 5.345187137307743086e-01
7.158908908908908408e+00 5.348187408070096405e-01
7.169169169169168576e+00 5.351182691117776224e-01
7.179429429429428744e+00 5.354172961310235124e-01
7.189689689689688912e+00 5.357158193508473332e-01
7.199949949949949968e+00 5.360138362576176707e-01
7.210210210210210136e+00 5.363113443382648837e-01
7.220470470470470303e+00 5.366083410798613285e-01
7.230730730730730471e+00 5.369048239701582625e-01
7.240990990990990639e+00 5.372007904972293524e-01
7.251251251251250807e+00 5.374962381497357944e-01
7.261511511511510975e+00 5.377911644168831273e-01
7.271771771771771142e+00 5.380855667886443872e-01
7.282032032032031310e+00 5.383794427553577622e-01
7.292292292292292366e+00 5.386727898083485400e-01
7.302552552552552534e+00 5.389656054395810525e-01
7.312812812812812702e+00 5.392578871417225139e-01
7.323073073073072869e+00 5.395496324084110285e-01
7.333333333333333037e+00 5.398408387340802861e-01
7.343593593593593205e+00 5.401315036141239867e-01
7.353853853853853373e+00 5.404216245448411060e-01
7.364114114114113541e+00 5.407111990236233012e-01
7.374374374374373708e+00 5.410002245489407002e-01
7.384634634634633876e+00 5.412886986202073425e-01
7.394894894894894932e+00 5.415766187380478547e-01
7.405155155155155100e+00 5.418639824043511855e-01
7.415415415415415268e+00 5.421507871221241670e-01
7.425675675675675436e+00 5.424370303957347650e-01
7.435935935935935603e+00 5.427227097308240378e-01
7.446196196196195771e+00 5.430078226343810766e-01
7.456456456456455939e+00 5.432923666148875563e-01
7.466716716716716107e+00 5.435763391821069046e-01
7.476976976976976275e+00 5.438597378474456789e-01
7.487237237237236442e+00 5.441425601238101262e-01
7.497497497497497498e+00 5.444248035256817886e-01
7.507757757757757666e+00 5.447064655692007706e-01
7.518018018018017834e+00 5.449875437721543037e-01
7.528278278278278002e+00 5.452680356540130502e-01
7.538538538538538170e+00 5.455479387360655519e-01
7.548798798798798337e+00 5.458272505413698239e-01
7.559059059059058505e+00 5.461059685949398723e-01
7.569319319319318673e+00 5.463840904235608420e-01
7.579579579579578841e+00 5.466616135559374534e-01
7.589839839839839897e+00 5.469385355229338108e-01
7.600100100100100065e+00 5.472148538573218257e-01
7.610360360360360232e+00 5.474905660939007879e-01
7.620620620620620400e+00 5.477656697697418364e-01
7.630880880880880568e+00 5.480401624239207292e-01
7.641141141141140736e+00 5.483140415979599336e-01
7.651401401401400904e+00 5.485873048354091841e-01
7.661661661661661071e+00 5.488599496821727763e-01
7.671921921921921239e+00 5.491319736865878376e-01
7.682182182182181407e+00 5.494033743993228525e-01
7.692442442442442463e+00 5.496741493735362027e-01
7.702702702702702631e+00 5.499442961648109973e-01
7.712962962962962798e+00 5.502138123312073636e-01
7.723223223223222966e+00 5.504826954335457767e-01
7.733483483483483134e+00 5.507509430351058555e-01
7.743743743743743302e+00 5.510185527019247909e-01
7.754004004004003470e+00 5.512855220026640080e-01
7.764264264264263637e+00 5.515518485088931611e-01
7.774524524524523805e+00 5.518175297946994462e-01
7.784784784784783973e+00 5.520825634373482949e-01
7.795045045045045029e+00 5.523469470167241546e-01
7.805305305305305197e+00 5.526106781159837444e-01
7.815565565565565365e+00 5.528737543208980254e-01
7.825825825825825532e+00 5.531361732204577164e-01
7.836086086086085700e+00 5.533979324067714867e-01
7.846346346346345868e+00 5.536590294748949814e-01
7.856606606606606036e+00 5.539194620232120725e-01
7.866866866866866204e+00 5.541792276533025197e-01
7.877127127127126371e+00 5.544383239698504884e-01
7.887387387387387427e+00 5.546967485811096221e-01
7.897647647647647595e+00 5.549544990983391601e-01
7.907907907907907763e+00 5.552115731365473428e-01
7.918168168168167931e+00 5.554679683139348567e-01
7.928428428428428099e+00 5.557236822522918507e-01
7.938688688688688266e+00 5.559787125768910210e-01
7.948948948948948434e+00 5.562330569166281657e-01
7.959209209209208602e+00 5.564867129039866578e-01
7.969469469469468770e+00 5.567396781751946522e-01
7.979729729729728938e+00 5.569919503699513053e-01
7.989989989989989994e+00 5.572435271320399508e-01
8.000250250250250161e+00 5.574944061088570324e-01
8.010510510510510329e+00 5.577445849516867726e-01
8.020770770770770497e+00 5.579940613156043616e-01
8.031031031031030665e+00 5.582428328600366196e-01
8.041291291291290833e+00 5.584908972476804179e-01
8.051551551551551000e+00 5.587382521459323126e-01
8.061811811811811168e+00 5.589848952259343084e-01
8.072072072072071336e+00 5.592308241629787569e-01
8.082332332332331504e+00 5.594760366365320037e-01
8.092592592592591672e+00 5.597205303304820800e-01
8.102852852852851839e+00 5.599643029325781507e-01
8.113113113113112007e+00 5.602073521351753627e-01
8.123373373373372175e+00 5.604496756348971154e-01
8.133633633633632343e+00 5.606912711326909049e-01
8.143893893893892511e+00 5.609321363341257527e-01
8.154154154154152678e+00 5.611722689489013760e-01
8.164414414414412846e+00 5.614116666917522425e-01
8.174674674674673014e+00 5.616503272814434844e-01
8.184934934934934958e+00 5.618882484417304646e-01
8.195195195195195126e+00 5.621254279009386678e-01
8.205455455455455294e+00 5.623618633920611787e-01
8.215715715715715461e+00 5.625975526528181891e-01
8.225975975975975629e+00 5.628324934258873702e-01
8.236236236236235797e+00 5.630666834584683311e-01
8.246496496496495965e+00 5.633001205030570002e-01
8.256756756756756133e+00 5.635328023167017752e-01
8.267017017017016300e+00 5.637647266617575870e-01
8.277277277277276468e+00 5.639958913053388923e-01
8.287537537537538412e+00 5.642262940196343113e-01
8.297797797797798580e+00 5.644559325822666729e-01
8.308058058058058748e+00 5.646848047755875788e-01
8.318318318318318916e+00 5.649129083874400159e-01
8.328578578578579084e+00 5.651402412107812134e-01
8.338838838838839251e+00 5.653668010438340774e-01
8.349099099099099419e+00 5.655925856902606075e-01
8.359359359359359587e+00 5.658175929590696374e-01
8.369619619619619755e+00 5.660418206645685402e-01
8.379879879879879923e+00 5.662652666266589918e-01
8.390140140140140090e+00 5.664879286706606676e-01
8.400400400400400258e+00 5.667098046275816925e-01
8.410660660660660426e+00 5.669308923339068107e-01
8.420920920920920594e+00 5.671511896317389390e-01
8.431181181181180762e+00 5.673706943689539317e-01
8.441441441441440929e+00 5.675894043990737936e-01
8.451701701701701097e+00 5.678073175814132290e-01
8.461961961961961265e+00 5.680244317812843668e-01
8.472222222222221433e+00 5.682407448694472007e-01
8.482482482482481601e+00 5.684562547229509155e-01
8.492742742742741768e+00 5.686709592245907663e-01
8.503003003003001936e+00 5.688848562632380368e-01
8.513263263263262104e+00 5.690979437336671776e-01
8.523523523523522272e+00 5.693102195368016094e-01
8.533783783783784216e+00 5.695216815798626042e-01
8.544044044044044384e+00 5.697323277758492566e-01
8.554304304304304551e+00 5.699421560441823020e-01
8.564564564564564719e+00 5.701511643106689231e-01
8.574824824824824887e+00 5.703593505070591041e-01
8.585085085085085055e+00 5.705667125718554278e-01
8.595345345345345223e+00 5.707732484493633907e-01
8.605605605605605390e+00 5.709789560907889694e-01
8.615865865865865558e+00 5.711838334537445716e-01
8.626126126126125726e+00 5.713878785020748419e-01
8.636386386386385894e+00 5.715910892064096638e-01
8.646646646646646062e+00 5.717934635437917912e-01
8.656906906906906229e+00 5.719949994979823815e-01
8.667167167167166397e+00 5.721956950594535574e-01
8.677427427427426565e+00 5.723955482252646165e-01
8.687687687687686733e+00 5.725945569992785256e-01
8.697947947947946901e+00 5.727927193922081051e-01
8.708208208208207068e+00 5.729900334214805824e-01
8.718468468468467236e+00 5.731864971113781460e-01
8.728728728728729180e+00 5.733821084933449219e-01
8.738988988988989348e+00 5.735768656055172388e-01
8.749249249249249516e+00 5.737707664931096518e-01
8.759509509509509684e+00 5.739638092084574650e-01
8.769769769769769852e+00 5.741559918106770022e-01
8.780030030030030019e+00 5.743473123664961655e-01
8.790290290290290187e+00 5.745377689493382789e-01
8.800550550550550355e+00 5.747273596401183404e-01
8.810810810810810523e+00 5.749160825268083697e-01
8.821071071071070691e+00 5.751039357047756928e-01
8.831331331331330858e+00 5.752909172766079715e-01
8.841591591591591026e+00 5.754770253523768808e-01
8.851851851851851194e+00 5.756622580494284991e-01
8.862112112112111362e+00 5.758466134927443525e-01
8.872372372372371530e+00 5.760300898143754234e-01
8.882632632632631697e+00 5.762126851542745953e-01
8.892892892892891865e+00 5.763943976599520402e-01
8.903153153153152033e+00 5.765752254861833404e-01
8.913413413413412201e+00 5.767551667957643291e-01
8.923673673673672369e+00 5.769342197588939181e-01
8.933933933933934313e+00 5.771123825535739993e-01
8.944194194194194480e+00 5.772896533655259566e-01
8.954454454454454648e+00 5.774660303883463186e-01
8.964714714714714816e+00 5.776415118234219381e-01
8.974974974974974984e+00 5.778160958798820301e-01
8.985235235235235152e+00 5.779897807749473371e-01
8.995495495495495319e+00 5.781625647335699725e-01
9.005755755755755487e+00 5.783344459889773193e-01
9.016016016016015655e+00 5.785054227821604389e-01
9.026276276276275823e+00 5.786754933620879005e-01
9.036536536536535991e+00 5.788446559862548968e-01
9.046796796796796158e+00 5.790129089198533530e-01
9.057057057057056326e+00 5.791802504363159354e-01
9.067317317317316494e+00 5.793466788173652349e-01
9.077577577577576662e+00 5.795121923531710850e-01
9.087837837837836830e+00 5.796767893417283934e-01
9.098098098098096997e+00 5.798404680896145358e-01
9.108358358358357165e+00 5.800032269116481842e-01
9.118618618618617333e+00 5.801650641312944279e-01
9.128878878878879277e+00 5.803259780800543721e-01
9.139139139139139445e+00 5.804859670981755704e-01
9.149399399399399613e+00 5.806450295342039380e-01
9.159659659659659781e+00 5.808031637453605622e-01
9.169919919919919948e+00 5.809603680972621476e-01
9.180180180180180116e+00 5.811166409645015518e-01
9.190440440440440284e+00 5.812719807296701235e-01
9.200700700700700452e+00 5.814263857845736183e-01
9.210960960960960620e+00 5.815798545296443356e-01
9.221221221221220787e+00 5.817323853736797723e-01
9.231481481481480955e+00 5.818839767346719594e-01
9.241741741741741123e+00 5.820346270391789645e-01
9.252002002002001291e+00 5.821843347227608767e-01
9.262262262262261459e+00 5.823330982296942571e-01
9.272522522522521626e+00 5.824809160132974339e-01
9.282782782782781794e+00 5.826277865356513930e-01
9.293043043043041962e+00 5.827737082679658176e-01
9.303303303303302130e+00 5.829186796905256873e-01
9.313563563563562298e+00 5.830626992923043650e-01
9.323823823823824242e+00 5.832057655718371203e-01
9.334084084084084409e+00 5.833478770363466070e-01
9.344344344344344577e+00 5.834890322023933429e-01
9.354604604604604745e+00 5.836292295957901111e-01
9.364864864864864913e+00 5.837684677511887354e-01
9.375125125125125081e+00 5.839067452129380609e-01
9.385385385385385248e+00 5.840440605342871461e-01
9.395645645645645416e+00 5.841804122780314135e-01
9.405905905905905584e+00 5.843157990161573778e-01
9.416166166166165752e+00 5.844502193299776494e-01
9.426426426426425920e+00 5.845836718103951668e-01
9.436686686686686087e+00 5.847161550575105116e-01
9.446946946946946255e+00 5.848476676808529451e-01
9.457207207207206423e+00 5.849782082997708743e-01
9.467467467467466591e+00 5.851077755428110150e-01
9.477727727727726759e+00 5.852363680481496022e-01
9.487987987987986926e+00 5.853639844633792277e-01
9.498248248248247094e+00 5.854906234460958148e-01
9.508508508508507262e+00 5.856162836630923740e-01
9.518768768768767430e+00 5.857409637911322742e-01
9.529029029029029374e+00 5.858646625165693234e-01
9.539289289289289542e+00 5.859873785353046927e-01
9.549549549549549710e+00 5.861091105532668655e-01
9.559809809809809877e+00 5.862298572859270251e-01
9.570070070070070045e+00 5.863496174587279341e-01
9.580330330330330213e+00 5.864683898068167034e-01
9.590590590590590381e+00 5.865861730753020309e-01
9.600850850850850549e+00 5.867029660191698248e-01
9.611111111111110716e+00 5.868187674032562251e-01
9.621371371371370884e+00 5.869335760022237336e-01
9.631631631631631052e+00 5.870473906010997833e-01
9.641891891891891220e+00 5.871602099945388842e-01
9.652152152152151388e+00 5.872720329871596867e-01
9.662412412412411555e+00 5.873828583941329562e-01
9.672672672672671723e+00 5.874926850401716028e-01
9.682932932932931891e+00 5.876015117602766402e-01
9.693193193193192059e+00 5.877093373997170911e-01
9.703453453453452227e+00 5.878161608136495131e-01
9.713713713713712394e+00 5.879219808676954262e-01
9.723973973973974338e+00 5.880267964373855349e-01
9.734234234234234506e+00 5.881306064087578056e-01
9.744494494494494674e+00 5.882334096777299681e-01
9.754754754754754842e+00 5.883352051508926595e-01
9.765015015015015010e+00 5.884359917450360244e-01
9.775275275275275177e+00 5.885357683870791057e-01
9.785535535535535345e+00 5.886345340144543137e-01
9.795795795795795513e+00 5.887322875750671258e-01
9.806056056056055681e+00 5.888290280268676513e-01
9.816316316316315849e+00 5.889247543387184924e-01
9.826576576576576016e+00 5.890194654892311199e-01
9.836836836836836184e+00 5.891131604682391387e-01
9.847097097097096352e+00 5.892058382756424351e-01
9.857357357357356520e+00 5.892974979219239851e-01
9.867617617617616688e+00 5.893881384280024172e-01
9.877877877877876855e+00 5.894777588256461254e-01
9.888138138138137023e+00 5.895663581567459621e-01
9.898398398398397191e+00 5.896539354743066674e-01
9.908658658658657359e+00 5.897404898414253527e-01
9.918918918918919303e+00 5.898260203322169826e-01
9.929179179179179471e+00 5.899105260313194377e-01
9.939439439439439639e+00 5.899940060341589687e-01
9.949699699699699806e+00 5.900764594466036961e-01
9.959959959959959974e+00 5.901578853854688722e-01
9.970220220220220142e+00 5.902382829782110152e-01
9.980480480480480310e+00 5.903176513631662736e-01
9.990740740740740478e+00 5.903959896892374548e-01
1.000100100100100065e+01 5.904732971162448552e-01
1.001126126126126081e+01 5.905495728149161572e-01
1.002152152152152098e+01 5.906248159665723474e-01
1.003178178178178115e+01 5.906990257635780228e-01
1.004204204204204132e+01 5.907722014091835172e-01
1.005230230230230148e+01 5.908443421174378596e-01
1.006256256256256165e+01 5.909154471131815578e-01
1.007282282282282182e+01 5.909855156325715120e-01
1.008308308308308199e+01 5.910545469221804016e-01
1.009334334334334216e+01 5.911225402399042927e-01
1.010360360360360232e+01 5.911894948545953765e-01
1.011386386386386249e+01 5.912554100458551343e-01
1.012412412412412444e+01 5.913202851045258335e-01
1.013438438438438460e+01 5.913841193324251844e-01
1.014464464464464477e+01 5.914469120422937154e-01
1.015490490490490494e+01 5.915086625580660007e-01
1.016516516516516511e+01 5.915693702145903288e-01
1.017542542542542527e+01 5.916290343579703181e-01
1.018568568568568544e+01 5.916876543453406523e-01
1.019594594594594561e+01 5.917452295448679678e-01
1.020620620620620578e+01 5.918017593359471418e-01
1.021646646646646595e+01 5.918572431090698416e-01
1.022672672672672611e+01 5.919116802658972443e-01
1.023698698698698628e+01 5.919650702191630032e-01
1.024724724724724645e+01 5.920174123929561327e-01
1.025750750750750662e+01 5.920687062225252761e-01
1.026776776776776678e+01 5.921189511541454786e-01
1.027802802802802695e+01 5.921681466454467024e-01
1.028828828828828712e+01 5.922162921652420753e-01
1.029854854854854729e+01 5.922633871937487138e-01
1.030880880880880746e+01 5.923094312221471869e-01
1.031906906906906940e+01 5.923544237533221457e-01
1.032932932932932957e+01 5.923983643007613153e-01
1.033958958958958974e+01 5.924412523899623695e-01
1.034984984984984990e+01 5.924830875572809630e-01
1.036011011011011007e+01 5.925238693504030207e-01
1.037037037037037024e+01 5.925635973286486058e-01
1.038063063063063041e+01 5.926022710622097511e-01
1.039089089089089057e+01 5.926398901329497093e-01
1.040115115115115074e+01 5.926764541339847314e-01
1.041141141141141091e+01 5.927119626698258426e-01
1.042167167167167108e+01 5.927464153562468363e-01
1.043193193193193125e+01 5.927798118205263034e-01
1.044219219219219141e+01 5.928121517011840647e-01
1.045245245245245158e+01 5.928434346483024697e-01
1.046271271271271175e+01 5.928736603231548052e-01
1.047297297297297192e+01 5.929028283986326198e-01
1.048323323323323208e+01 5.929309385588480419e-01
1.049349349349349225e+01 5.929579904994155548e-01
1.050375375375375242e+01 5.929839839275836688e-01
1.051401401401401436e+01 5.930089185617407610e-01
1.052427427427427453e+01 5.930327941316640983e-01
1.053453453453453470e+01 5.930556103789228484e-01
1.054479479479479487e+01 5.930773670563204147e-01
1.055505505505505504e+01 5.930980639281009381e-01
1.056531531531531520e+01 5.931177007700972892e-01
1.057557557557557537e+01 5.931362773694099921e-01
1.058583583583583554e+01 5.931537935249743265e-01
1.059609609609609571e+01 5.931702490465863287e-01
1.060635635635635587e+01 5.931856437562944562e-01
1.061661661661661604e+01 5.931999774870106990e-01
1.062687687687687621e+01 5.932132500834643718e-01
1.063713713713713638e+01 5.932254614017998806e-01
1.064739739739739655e+01 5.932366113095473015e-01
1.065765765765765671e+01 5.932466996859506736e-01
1.066791791791791688e+01 5.932557264215960746e-01
1.067817817817817705e+01 5.932636914185998034e-01
1.068843843843843722e+01 5.932705945907281730e-01
1.069869869869869738e+01 5.932764358630162604e-01
1.070895895895895755e+01 5.932812151721156280e-01
1.071921921921921950e+01 5.932849324662645696e-01
1.072947947947947966e+01 5.932875877052331548e-01
1.073973973973973983e+01 5.932891808601076233e-01
1.075000000000000000e+01 5.932897119136577579e-01
