1.000000000000000021e-02 5.373218019056329416e-17
5.003003003003003712e-02 3.111871900539725955e-09
9.006006006006006537e-02 4.635903084617682066e-07
1.300900900900901214e-01 7.010492649465599570e-06
1.701201201201201496e-01 4.158775674239093212e-05
2.101501501501501779e-01 1.500200267166449861e-04
2.501801801801802339e-01 3.994570739763966577e-04
2.902102102102102621e-01 8.689781711738664904e-04
3.302402402402402903e-01 1.638714461626762956e-03
3.702702702702703186e-01 2.780825946026949710e-03
4.103003003003003468e-01 4.353517525797502216e-03
4.503303303303303751e-01 6.398008157615387055e-03
4.903603603603604588e-01 8.937837393694912300e-03
5.303903903903904871e-01 1.197978736474146835e-02
5.704204204204205153e-01 1.551578338501920402e-02
6.104504504504505435e-01 1.952528255357832004e-02
6.504804804804805718e-01 2.397780531743660265e-02
6.905105105105106000e-01 2.883538627400553112e-02
7.305405405405406283e-01 3.405481238352944806e-02
7.705705705705706565e-01 3.958958195451588169e-02
8.106006006006006848e-01 4.539156150646314614e-02
8.506306306306307130e-01 5.141234529466705977e-02
8.906606606606607413e-01 5.760433851569254221e-02
9.306906906906907695e-01 6.392159361419096075e-02
9.707207207207209088e-01 7.032043236541549169e-02
1.010750750750750937e+00 7.675988642984966914e-02
1.050780780780780965e+00 8.320198719403198995e-02
1.090810810810810993e+00 8.961193281747163730e-02
1.130840840840841022e+00 9.595815708126316512e-02
1.170870870870871050e+00 1.022123212445298218e-01
1.210900900900901078e+00 1.083492468771402734e-01
1.250930930930931106e+00 1.143468046695302470e-01
1.290960960960961135e+00 1.201857715770613955e-01
1.330990990990991163e+00 1.258496663509253433e-01
1.371021021021021191e+00 1.313245715296751381e-01
1.411051051051051219e+00 1.365989482910064667e-01
1.451081081081081248e+00 1.416634491618098957e-01
1.491111111111111276e+00 1.465107324230042474e-01
1.531141141141141304e+00 1.511352810919579237e-01
1.571171171171171332e+00 1.555332285891707911e-01
1.611201201201201361e+00 1.597021925698856593e-01
1.651231231231231389e+00 1.636411179011075245e-01
1.691261261261261417e+00 1.673501293689164393e-01
1.731291291291291445e+00 1.708303943917319767e-01
1.771321321321321474e+00 1.740839957767810753e-01
1.811351351351351502e+00 1.771138143763252293e-01
1.851381381381381530e+00 1.799234213662210258e-01
1.891411411411411558e+00 1.825169797729651044e-01
1.931441441441441809e+00 1.848991548089240211e-01
1.971471471471471837e+00 1.870750325327219243e-01
2.011501501501501643e+00 1.890500463276310605e-01
2.051531531531531449e+00 1.908299106810967816e-01
2.091561561561561700e+00 1.924205617498381815e-01
2.131591591591591506e+00 1.938281042045507940e-01
2.171621621621621756e+00 1.950587638638979493e-01
2.211651651651651562e+00 1.961188456474484976e-01
2.251681681681681813e+00 1.970146964001094625e-01
2.291711711711711619e+00 1.977526721653080355e-01
2.331741741741741869e+00 1.983391095098472612e-01
2.371771771771771675e+00 1.987803005293301284e-01
2.411801801801801926e+00 1.990824711888183052e-01
2.451831831831831732e+00 1.992517626785897111e-01
2.491861861861861982e+00 1.992942154892123618e-01
2.531891891891891788e+00 1.992157559334697126e-01
2.571921921921922038e+00 1.990221848648288383e-01
2.611951951951952289e+00 1.987191683630611938e-01
2.651981981981982095e+00 1.983122301772682061e-01
2.692012012012012345e+00 1.978067457349273472e-01
2.732042042042042151e+00 1.972079375426655790e-01
2.772072072072072402e+00 1.965208718203307059e-01
2.812102102102102208e+00 1.957504562245990787e-01
2.852132132132132458e+00 1.949014385318903475e-01
2.892162162162162264e+00 1.939784061628133105e-01
2.932192192192192515e+00 1.929857864418011437e-01
2.972222222222222321e+00 1.919278474960721403e-01
3.012252252252252571e+00 1.908086997076368363e-01
3.052282282282282377e+00 1.896322976408264527e-01
3.092312312312312628e+00 1.884024423757974798e-01
3.132342342342342434e+00 1.871227841857351082e-01
3.172372372372372684e+00 1.857968255020854276e-01
3.212402402402402490e+00 1.844279241181452367e-01
3.252432432432432741e+00 1.830192965867812882e-01
3.292462462462462547e+00 1.815740217729793771e-01
3.332492492492492797e+00 1.800950445263843347e-01
3.372522522522522603e+00 1.785851794430219630e-01
3.412552552552552854e+00 1.770471146890335024e-01
3.452582582582582660e+00 1.754834158625343532e-01
3.492612612612612910e+00 1.738965298726632136e-01
3.532642642642642716e+00 1.722887888175466120e-01
3.572672672672672967e+00 1.706624138452925987e-01
3.612702702702702773e+00 1.690195189842705614e-01
3.652732732732733023e+00 1.673621149308553990e-01
3.692762762762762829e+00 1.656921127845341346e-01
3.732792792792793080e+00 1.640113277218084586e-01
3.772822822822822886e+00 1.623214826017000678e-01
3.812852852852853136e+00 1.606242114968850498e-01
3.852882882882883386e+00 1.589210631455722222e-01
3.892912912912913193e+00 1.572135043202026461e-01
3.932942942942943443e+00 1.555029231099039067e-01
3.972972972972973249e+00 1.537906321143862332e-01
4.013003003003003499e+00 1.520778715476332199e-01
4.053033033033033306e+00 1.503658122503264138e-01
4.093063063063063112e+00 1.486555586104535143e-01
4.133093093093093806e+00 1.469481513919999038e-01
4.173123123123123612e+00 1.452445704720115027e-01
4.213153153153153418e+00 1.435457374866536961e-01
4.253183183183183225e+00 1.418525183871830464e-01
4.293213213213213919e+00 1.401657259069959416e-01
4.333243243243243725e+00 1.384861219411295530e-01
4.373273273273273531e+00 1.368144198397686917e-01
4.413303303303303338e+00 1.351512866174607030e-01
4.453333333333334032e+00 1.334973450798609962e-01
4.493363363363363838e+00 1.318531758699323653e-01
4.533393393393393644e+00 1.302193194355964756e-01
4.573423423423423451e+00 1.285962779208969786e-01
4.613453453453454145e+00 1.269845169827766296e-01
4.653483483483483951e+00 1.253844675355986482e-01
4.693513513513513757e+00 1.237965274255599518e-01
4.733543543543543564e+00 1.222210630371496493e-01
4.773573573573574258e+00 1.206584108338013689e-01
4.813603603603604064e+00 1.191088788348765859e-01
4.853633633633633870e+00 1.175727480310961720e-01
4.893663663663663677e+00 1.160502737405130491e-01
4.933693693693694371e+00 1.145416869070872146e-01
4.973723723723724177e+00 1.130471953438905303e-01
5.013753753753753983e+00 1.115669849229284361e-01
5.053783783783783790e+00 1.101012207135271120e-01
5.093813813813814484e+00 1.086500480711870137e-01
5.133843843843844290e+00 1.072135936787605298e-01
5.173873873873874096e+00 1.057919665417622335e-01
5.213903903903904791e+00 1.043852589395730390e-01
5.253933933933934597e+00 1.029935473342485086e-01
5.293963963963964403e+00 1.016168932385930340e-01
5.333993993993994209e+00 1.002553440451110639e-01
5.374024024024024904e+00 9.890893381739593315e-02
5.414054054054054710e+00 9.757768404546829366e-02
5.454084084084084516e+00 9.626160436652497765e-02
5.494114114114114322e+00 9.496069325251164928e-02
5.534144144144145017e+00 9.367493866588397222e-02
5.574174174174174823e+00 9.240431868487390676e-02
5.614204204204204629e+00 9.114880209953175882e-02
5.654234234234234435e+00 8.990834897976915374e-02
5.694264264264265130e+00 8.868291121658286591e-02
5.734294294294294936e+00 8.747243303759597022e-02
5.774324324324324742e+00 8.627685149801056497e-02
5.814354354354354548e+00 8.509609694802487689e-02
5.854384384384385243e+00 8.393009347772661943e-02
5.894414414414415049e+00 8.277875934043692208e-02
5.934444444444444855e+00 8.164200735543891696e-02
5.974474474474474661e+00 8.051974529099102662e-02
6.014504504504505356e+00 7.941187622848665251e-02
6.054534534534535162e+00 7.831829890859005883e-02
6.094564564564564968e+00 7.723890806014263588e-02
6.134594594594594774e+00 7.617359471260301551e-02
6.174624624624625469e+00 7.512224649275339727e-02
6.214654654654655275e+00 7.408474790637339935e-02
6.254684684684685081e+00 7.306098060555450691e-02
6.294714714714714887e+00 7.205082364230087910e-02
6.334744744744745581e+00 7.105415370903411798e-02
6.374774774774775388e+00 7.007084536659470564e-02
6.414804804804805194e+00 6.910077126030748917e-02
6.454834834834835888e+00 6.814380232465501452e-02
6.494864864864865694e+00 6.719980797707884868e-02
6.534894894894895501e+00 6.626865630140749142e-02
6.574924924924925307e+00 6.535021422138778679e-02
6.614954954954956001e+00 6.444434766477684373e-02
6.654984984984985807e+00 6.355092171843078341e-02
6.695015015015015614e+00 6.266980077480893696e-02
6.735045045045045420e+00 6.180084867029343731e-02
6.775075075075076114e+00 6.094392881570667719e-02
6.815105105105105920e+00 6.009890431939281935e-02
6.855135135135135727e+00 5.926563810321310022e-02
6.895165165165165533e+00 5.844399301178992978e-02
6.935195195195196227e+00 5.763383191531946947e-02
6.975225225225226033e+00 5.683501780625868638e-02
7.015255255255255840e+00 5.604741389017942055e-02
7.055285285285285646e+00 5.527088367106851308e-02
7.095315315315316340e+00 5.450529103134149622e-02
7.135345345345346146e+00 5.375050030682482910e-02
7.175375375375375953e+00 5.300637635695031047e-02
7.215405405405405759e+00 5.227278463039503054e-02
7.255435435435436453e+00 5.154959122638901048e-02
7.295465465465466259e+00 5.083666295190311657e-02
7.335495495495496066e+00 5.013386737492026013e-02
7.375525525525525872e+00 4.944107287398378375e-02
7.415555555555556566e+00 4.875814868420794840e-02
7.455585585585586372e+00 4.808496493992747700e-02
7.495615615615616179e+00 4.742139271415433954e-02
7.535645645645645985e+00 4.676730405500345578e-02
7.575675675675676679e+00 4.612257201924062355e-02
7.615705705705706485e+00 4.548707070309940259e-02
7.655735735735736291e+00 4.486067527050691117e-02
7.695765765765766986e+00 4.424326197885216500e-02
7.735795795795796792e+00 4.363470820242464077e-02
7.775825825825826598e+00 4.303489245364389149e-02
7.815855855855856404e+00 4.244369440219713380e-02
7.855885885885887099e+00 4.186099489219458070e-02
7.895915915915916905e+00 4.128667595744857366e-02
7.935945945945946711e+00 4.072062083497662160e-02
7.975975975975976517e+00 4.016271397682478345e-02
8.016006006006007212e+00 3.961284106030234925e-02
8.056036036036037018e+00 3.907088899671507659e-02
8.096066066066066824e+00 3.853674593868026271e-02
8.136096096096096630e+00 3.801030128610262404e-02
8.176126126126126437e+00 3.749144569088633250e-02
8.216156156156156243e+00 3.698007106045528292e-02
8.256186186186187825e+00 3.647607056015001598e-02
8.296216216216217632e+00 3.597933861456620308e-02
8.336246246246247438e+00 3.548977090789723343e-02
8.376276276276277244e+00 3.500726438333980756e-02
8.416306306306307050e+00 3.453171724161865908e-02
8.456336336336336856e+00 3.406302893868443787e-02
8.496366366366366663e+00 3.360110018263526288e-02
8.536396396396396469e+00 3.314583292991090530e-02
8.576426426426428051e+00 3.269713038080544060e-02
8.616456456456457857e+00 3.225489697434250763e-02
8.656486486486487664e+00 3.181903838255482203e-02
8.696516516516517470e+00 3.138946150420778014e-02
8.736546546546547276e+00 3.096607445800479697e-02
8.776576576576577082e+00 3.054878657531040487e-02
8.816606606606606888e+00 3.013750839242503032e-02
8.856636636636636695e+00 2.973215164244408584e-02
8.896666666666668277e+00 2.933262924673197408e-02
8.936696696696698083e+00 2.893885530604028283e-02
8.976726726726727890e+00 2.855074509129798543e-02
9.016756756756757696e+00 2.816821503409983746e-02
9.056786786786787502e+00 2.779118271691814399e-02
9.096816816816817308e+00 2.741956686306145155e-02
9.136846846846847114e+00 2.705328732640260511e-02
9.176876876876878697e+00 2.669226508089771882e-02
9.216906906906908503e+00 2.633642220991596131e-02
9.256936936936938309e+00 2.598568189539932419e-02
9.296966966966968116e+00 2.563996840687075840e-02
9.336996996996997922e+00 2.529920709030743578e-02
9.377027027027027728e+00 2.496332435689572332e-02
9.417057057057057534e+00 2.463224767168274709e-02
9.457087087087087340e+00 2.430590554213957200e-02
9.497117117117118923e+00 2.398422750664934433e-02
9.537147147147148729e+00 2.366714412293339717e-02
9.577177177177178535e+00 2.335458695642765939e-02
9.617207207207208342e+00 2.304648856862076198e-02
9.657237237237238148e+00 2.274278250536469412e-02
9.697267267267267954e+00 2.244340328516845548e-02
9.737297297297297760e+00 2.214828638748395084e-02
9.777327327327327566e+00 2.185736824099372352e-02
9.817357357357359149e+00 2.157058621190842060e-02
9.857387387387388955e+00 2.128787859228282314e-02
9.897417417417418761e+00 2.100918458835685301e-02
9.937447447447448567e+00 2.073444430892989326e-02
9.977477477477478374e+00 2.046359875377387616e-02
1.001750750750750818e+01 2.019658980209219218e-02
1.005753753753753799e+01 1.993336020102955131e-02
1.009756756756756779e+01 1.967385355423871898e-02
1.013759759759759937e+01 1.941801431050881391e-02
1.017762762762762918e+01 1.916578775245997984e-02
1.021765765765765899e+01 1.891711998530888270e-02
1.025768768768768879e+01 1.867195792570887358e-02
1.029771771771771860e+01 1.843024929066877995e-02
1.033774774774774841e+01 1.819194258655364160e-02
1.037777777777777821e+01 1.795698709817078118e-02
1.041780780780780979e+01 1.772533287794385293e-02
1.045783783783783960e+01 1.749693073517802344e-02
1.049786786786786941e+01 1.727173222541815781e-02
1.053789789789789921e+01 1.704968963990301234e-02
1.057792792792792902e+01 1.683075599511680426e-02
1.061795795795795883e+01 1.661488502244043777e-02
1.065798798798798863e+01 1.640203115790394087e-02
1.069801801801801844e+01 1.619214953204168098e-02
1.073804804804805002e+01 1.598519595985141775e-02
1.077807807807807983e+01 1.578112693085890333e-02
1.081810810810810963e+01 1.557989959928844995e-02
1.085813813813813944e+01 1.538147177434084564e-02
1.089816816816816925e+01 1.518580191057914211e-02
1.093819819819819905e+01 1.499284909842290431e-02
1.097822822822822886e+01 1.480257305475164535e-02
1.101825825825825866e+01 1.461493411361772243e-02
1.105828828828829025e+01 1.442989321706881177e-02
1.109831831831832005e+01 1.424741190608062695e-02
1.113834834834834986e+01 1.406745231159948692e-02
1.117837837837837967e+01 1.388997714569509094e-02
1.121840840840840947e+01 1.371494969282322472e-02
1.125843843843843928e+01 1.354233380119847924e-02
1.129846846846846908e+01 1.337209387427644100e-02
1.133849849849849889e+01 1.320419486234545442e-02
1.137852852852853047e+01 1.303860225422726928e-02
1.141855855855856028e+01 1.287528206908643107e-02
1.145858858858859008e+01 1.271420084834767872e-02
1.149861861861861989e+01 1.255532564772106688e-02
1.153864864864864970e+01 1.239862402933421433e-02
1.157867867867867950e+01 1.224406405397085625e-02
1.161870870870870931e+01 1.209161427341534645e-02
1.165873873873874089e+01 1.194124372290212774e-02
1.169876876876877070e+01 1.179292191366977834e-02
1.173879879879880050e+01 1.164661882561837322e-02
1.177882882882883031e+01 1.150230490006989674e-02
1.181885885885886012e+01 1.135995103263062397e-02
1.185888888888888992e+01 1.121952856615445436e-02
1.189891891891891973e+01 1.108100928380671875e-02
1.193894894894894954e+01 1.094436540222720397e-02
1.197897897897898112e+01 1.080956956479164552e-02
1.201900900900901092e+01 1.067659483497080883e-02
1.205903903903904073e+01 1.054541468978594486e-02
1.209906906906907054e+01 1.041600301336002496e-02
1.213909909909910034e+01 1.028833409056334469e-02
1.217912912912913015e+01 1.016238260075300048e-02
1.221915915915915996e+01 1.003812361160471428e-02
1.225918918918918976e+01 9.915532573036341807e-03
1.229921921921922134e+01 9.794585311222040944e-03
1.233924924924925115e+01 9.675258022695783569e-03
1.237927927927928096e+01 9.557527268543523913e-03
1.241930930930931076e+01 9.441369968682757075e-03
1.245933933933934057e+01 9.326763396228562181e-03
1.249936936936937038e+01 9.213685171944947100e-03
1.253939939939940018e+01 9.102113258780629088e-03
1.257942942942942999e+01 8.992025956488024913e-03
1.261945945945946157e+01 8.883401896324605654e-03
1.265948948948949138e+01 8.776220035835330738e-03
1.269951951951952118e+01 8.670459653715340692e-03
1.273954954954955099e+01 8.566100344751781046e-03
1.277957957957958079e+01 8.463122014843673172e-03
1.281960960960961060e+01 8.361504876098917877e-03
1.285963963963964041e+01 8.261229442007292020e-03
1.289966966966967199e+01 8.162276522688470190e-03
1.293969969969970180e+01 8.064627220214087844e-03
1.297972972972973160e+01 7.968262924002732228e-03
1.301975975975976141e+01 7.873165306286967688e-03
1.305978978978979121e+01 7.779316317651318105e-03
1.309981981981982102e+01 7.686698182640280992e-03
1.313984984984985083e+01 7.595293395435333272e-03
1.317987987987988063e+01 7.505084715599936486e-03
1.321990990990991222e+01 7.416055163891672325e-03
1.325993993993994202e+01 7.328188018140470265e-03
1.329996996996997183e+01 7.241466809191892534e-03
1.334000000000000163e+01 7.155875316914799000e-03
1.338003003003003144e+01 7.071397566272123909e-03
1.342006006006006125e+01 6.988017823454084447e-03
1.346009009009009105e+01 6.905720592072797648e-03
1.350012012012012086e+01 6.824490609417417468e-03
1.354015015015015244e+01 6.744312842768912519e-03
1.358018018018018225e+01 6.665172485773512151e-03
1.362021021021021205e+01 6.587054954874078418e-03
1.366024024024024186e+01 6.509945885798451570e-03
1.370027027027027167e+01 6.433831130103845330e-03
1.374030030030030147e+01 6.358696751776604129e-03
1.378033033033033128e+01 6.284529023886330917e-03
1.382036036036036108e+01 6.211314425293660429e-03
1.386039039039039267e+01 6.139039637410735085e-03
1.390042042042042247e+01 6.067691541013750349e-03
1.394045045045045228e+01 5.997257213106573816e-03
1.398048048048048209e+01 5.927723923834796182e-03
1.402051051051051189e+01 5.859079133449345000e-03
1.406054054054054170e+01 5.791310489318959517e-03
1.410057057057057150e+01 5.724405822990663584e-03
1.414060060060060309e+01 5.658353147297603448e-03
1.418063063063063289e+01 5.593140653513463748e-03
1.422066066066066270e+01 5.528756708552633355e-03
1.426069069069069251e+01 5.465189852215585932e-03
1.430072072072072231e+01 5.402428794478644249e-03
1.434075075075075212e+01 5.340462412827353712e-03
1.438078078078078192e+01 5.279279749633014954e-03
1.442081081081081173e+01 5.218870009571417029e-03
1.446084084084084331e+01 5.159222557083274242e-03
1.450087087087087312e+01 5.100326913875671830e-03
1.454090090090090293e+01 5.042172756463782386e-03
1.458093093093093273e+01 4.984749913752323930e-03
1.462096096096096254e+01 4.928048364656072676e-03
1.466099099099099234e+01 4.872058235758760895e-03
1.470102102102102215e+01 4.816769799009811698e-03
1.474105105105105196e+01 4.762173469458293174e-03
1.478108108108108354e+01 4.708259803023406680e-03
1.482111111111111335e+01 4.655019494301064313e-03
1.486114114114114315e+01 4.602443374405862549e-03
1.490117117117117296e+01 4.550522408847856165e-03
1.494120120120120276e+01 4.499247695443738676e-03
1.498123123123123257e+01 4.448610462261647774e-03
1.502126126126126238e+01 4.398602065599226292e-03
1.506129129129129218e+01 4.349213987994283818e-03
1.510132132132132377e+01 4.300437836267618358e-03
1.514135135135135357e+01 4.252265339597403014e-03
1.518138138138138338e+01 4.204688347624639840e-03
1.522141141141141318e+01 4.157698828589229817e-03
1.526144144144144299e+01 4.111288867496089988e-03
1.530147147147147280e+01 4.065450664310809453e-03
1.534150150150150260e+01 4.020176532184513776e-03
1.538153153153153418e+01 3.975458895707212684e-03
1.542156156156156399e+01 3.931290289189416816e-03
1.546159159159159380e+01 3.887663354971374313e-03
1.550162162162162360e+01 3.844570841759590261e-03
1.554165165165165341e+01 3.802005602990100354e-03
1.558168168168168322e+01 3.759960595218107566e-03
1.562171171171171302e+01 3.718428876533578543e-03
1.566174174174174283e+01 3.677403605002252385e-03
1.570177177177177441e+01 3.636878037131805082e-03
1.574180180180180422e+01 3.596845526362609739e-03
1.578183183183183402e+01 3.557299521582811975e-03
1.582186186186186383e+01 3.518233565667212241e-03
1.586189189189189364e+01 3.479641294039632383e-03
1.590192192192192344e+01 3.441516433258380494e-03
1.594195195195195325e+01 3.403852799624381212e-03
1.598198198198198305e+01 3.366644297811644503e-03
1.602201201201201641e+01 3.329884919519695164e-03
1.606204204204204444e+01 3.293568742147606580e-03
1.610207207207207603e+01 3.257689927489222821e-03
1.614210210210210406e+01 3.222242720449355717e-03
1.618213213213213564e+01 3.187221447780416977e-03
1.622216216216216722e+01 3.152620516839382131e-03
1.626219219219219525e+01 3.118434414364518181e-03
1.630222222222222683e+01 3.084657705271699312e-03
1.634225225225225486e+01 3.051285031469975432e-03
1.638228228228228645e+01 3.018311110695978076e-03
1.642231231231231448e+01 2.985730735366985428e-03
1.646234234234234606e+01 2.953538771452229698e-03
1.650237237237237764e+01 2.921730157362203550e-03
1.654240240240240567e+01 2.890299902855691071e-03
1.658243243243243725e+01 2.859243087964116921e-03
1.662246246246246528e+01 2.828554861933089623e-03
1.666249249249249686e+01 2.798230442180710525e-03
1.670252252252252489e+01 2.768265113272475823e-03
1.674255255255255648e+01 2.738654225912430344e-03
1.678258258258258806e+01 2.709393195950350608e-03
1.682261261261261609e+01 2.680477503404657489e-03
1.686264264264264767e+01 2.651902691500812159e-03
1.690267267267267570e+01 2.623664365724979325e-03
1.694270270270270728e+01 2.595758192892613433e-03
1.698273273273273531e+01 2.568179900231850731e-03
1.702276276276276690e+01 2.540925274481310812e-03
1.706279279279279493e+01 2.513990161002223507e-03
1.710282282282282651e+01 2.487370462904537650e-03
1.714285285285285809e+01 2.461062140186822192e-03
1.718288288288288612e+01 2.435061208889735453e-03
1.722291291291291770e+01 2.409363740262824433e-03
1.726294294294294573e+01 2.383965859944459000e-03
1.730297297297297732e+01 2.358863747154634274e-03
1.734300300300300535e+01 2.334053633900536658e-03
1.738303303303303693e+01 2.309531804194489297e-03
1.742306306306306851e+01 2.285294593284290399e-03
1.746309309309309654e+01 2.261338386895525923e-03
1.750312312312312812e+01 2.237659620485832335e-03
1.754315315315315615e+01 2.214254778510822783e-03
1.758318318318318774e+01 2.191120393701492374e-03
1.762321321321321577e+01 2.168253046352940777e-03
1.766324324324324735e+01 2.145649363624224822e-03
1.770327327327327538e+01 2.123306018849122068e-03
1.774330330330330696e+01 2.101219730857684358e-03
1.778333333333333854e+01 2.079387263308352368e-03
1.782336336336336657e+01 2.057805424030493234e-03
1.786339339339339816e+01 2.036471064377149646e-03
1.790342342342342619e+01 2.015381078587932719e-03
1.794345345345345777e+01 1.994532403161723005e-03
1.798348348348348580e+01 1.973922016239212582e-03
1.802351351351351738e+01 1.953546936994972078e-03
1.806354354354354896e+01 1.933404225038973896e-03
1.810357357357357699e+01 1.913490979827405739e-03
1.814360360360360858e+01 1.893804340082583639e-03
1.818363363363363661e+01 1.874341483221869274e-03
1.822366366366366819e+01 1.855099624795389498e-03
1.826369369369369622e+01 1.836076017932496054e-03
1.830372372372372780e+01 1.817267952796713503e-03
1.834375375375375938e+01 1.798672756049137433e-03
1.838378378378378741e+01 1.780287790320105555e-03
1.842381381381381900e+01 1.762110453688965845e-03
1.846384384384384703e+01 1.744138179171918083e-03
1.850387387387387861e+01 1.726368434217665339e-03
1.854390390390390664e+01 1.708798720210870630e-03
1.858393393393393822e+01 1.691426571983199517e-03
1.862396396396396625e+01 1.674249557331892926e-03
1.866399399399399783e+01 1.657265276545685003e-03
1.870402402402402942e+01 1.640471361938029577e-03
1.874405405405405745e+01 1.623865477387430312e-03
1.878408408408408903e+01 1.607445317884803647e-03
1.882411411411411706e+01 1.591208609087790826e-03
1.886414414414414864e+01 1.575153106881831437e-03
1.890417417417417667e+01 1.559276596947961613e-03
1.894420420420420825e+01 1.543576894337177511e-03
1.898423423423423984e+01 1.528051843051304870e-03
1.902426426426426787e+01 1.512699315630215919e-03
1.906429429429429945e+01 1.497517212745344854e-03
1.910432432432432748e+01 1.482503462799368305e-03
1.914435435435435906e+01 1.467656021531954947e-03
1.918438438438438709e+01 1.452972871631505762e-03
1.922441441441441867e+01 1.438452022352766126e-03
1.926444444444445026e+01 1.424091509140231002e-03
1.930447447447447828e+01 1.409889393257239814e-03
1.934450450450450987e+01 1.395843761420685310e-03
1.938453453453453790e+01 1.381952725441229751e-03
1.942456456456456948e+01 1.368214421868937545e-03
1.946459459459459751e+01 1.354627011644285537e-03
1.950462462462462909e+01 1.341188679754382659e-03
1.954465465465465712e+01 1.327897634894397664e-03
1.958468468468468870e+01 1.314752109134044011e-03
1.962471471471472029e+01 1.301750357589109537e-03
1.966474474474474832e+01 1.288890658097887167e-03
1.970477477477477990e+01 1.276171310902463486e-03
1.974480480480480793e+01 1.263590638334789523e-03
1.978483483483483951e+01 1.251146984507437452e-03
1.982486486486486754e+01 1.238838715009000927e-03
1.986489489489489912e+01 1.226664216604008741e-03
1.990492492492493071e+01 1.214621896937369142e-03
1.994495495495495874e+01 1.202710184243170697e-03
1.998498498498499032e+01 1.190927527057858990e-03
2.002501501501501835e+01 1.179272393937667949e-03
2.006504504504504993e+01 1.167743273180247903e-03
2.010507507507507796e+01 1.156338672550441581e-03
2.014510510510510954e+01 1.145057119010130416e-03
2.018513513513513757e+01 1.133897158452083298e-03
2.022516516516516916e+01 1.122857355437744233e-03
2.026519519519520074e+01 1.111936292938923120e-03
2.030522522522522877e+01 1.101132572083278211e-03
2.034525525525526035e+01 1.090444811903591108e-03
2.038528528528528838e+01 1.079871649090720018e-03
2.042531531531531996e+01 1.069411737750208509e-03
2.046534534534534799e+01 1.059063749162486882e-03
2.050537537537537958e+01 1.048826371546586348e-03
2.054540540540541116e+01 1.038698309827358005e-03
2.058543543543543919e+01 1.028678285406082983e-03
2.062546546546547077e+01 1.018765035934476350e-03
2.066549549549549880e+01 1.008957315091995243e-03
2.070552552552553038e+01 9.992538923664082747e-04
2.074555555555555841e+01 9.896535528375949905e-04
2.078558558558559000e+01 9.801550969644884370e-04
2.082561561561562158e+01 9.707573403751495501e-04
2.086564564564564961e+01 9.614591136598981281e-04
2.090567567567568119e+01 9.522592621674672107e-04
2.094570570570570922e+01 9.431566458041333763e-04
2.098573573573574080e+01 9.341501388357550863e-04
2.102576576576576883e+01 9.252386296927216786e-04
2.106579579579580042e+01 9.164210207777088177e-04
2.110582582582582845e+01 9.076962282762503784e-04
2.114585585585586003e+01 8.990631819700393729e-04
2.118588588588589161e+01 8.905208250529579248e-04
2.122591591591591964e+01 8.820681139497494423e-04
2.126594594594595122e+01 8.737040181373359211e-04
2.130597597597597925e+01 8.654275199687030701e-04
2.134600600600601084e+01 8.572376144993400357e-04
2.138603603603603887e+01 8.491333093161857999e-04
2.142606606606607045e+01 8.411136243690286963e-04
2.146609609609610203e+01 8.331775918043499325e-04
2.150612612612613006e+01 8.253242558015527926e-04
2.154615615615616164e+01 8.175526724115470510e-04
2.158618618618618967e+01 8.098619093976536882e-04
2.162621621621622126e+01 8.022510460787892492e-04
2.166624624624624929e+01 7.947191731749120649e-04
2.170627627627628087e+01 7.872653926546602969e-04
2.174630630630630890e+01 7.798888175851973088e-04
2.178633633633634048e+01 7.725885719841890133e-04
2.182636636636637206e+01 7.653637906738893415e-04
2.186639639639640009e+01 7.582136191373375217e-04
2.190642642642643168e+01 7.511372133765689381e-04
2.194645645645645970e+01 7.441337397728780591e-04
2.198648648648649129e+01 7.372023749490496259e-04
2.202651651651651932e+01 7.303423056335661256e-04
2.206654654654655090e+01 7.235527285267261697e-04
2.210657657657658248e+01 7.168328501686871152e-04
2.214660660660661051e+01 7.101818868093496369e-04
2.218663663663664209e+01 7.035990642801200285e-04
2.222666666666667012e+01 6.970836178674594871e-04
2.226669669669670171e+01 6.906347921882330636e-04
2.230672672672672974e+01 6.842518410668309596e-04
2.234675675675676132e+01 6.779340274140002601e-04
2.238678678678679290e+01 6.716806231074139936e-04
2.242681681681682093e+01 6.654909088738976105e-04
2.246684684684685251e+01 6.593641741733308800e-04
2.250687687687688054e+01 6.532997170841777163e-04
2.254690690690691213e+01 6.472968441906183472e-04
2.258693693693694016e+01 6.413548704712837166e-04
2.262696696696697174e+01 6.354731191895260931e-04
2.266699699699699977e+01 6.296509217852514721e-04
2.270702702702703135e+01 6.238876177682464415e-04
2.274705705705706293e+01 6.181825546130153420e-04
2.278708708708709096e+01 6.125350876550740521e-04
2.282711711711712255e+01 6.069445799886910749e-04
2.286714714714715058e+01 6.014104023660743004e-04
2.290717717717718216e+01 5.959319330979339453e-04
2.294720720720721019e+01 5.905085579554518113e-04
2.298723723723724177e+01 5.851396700736116513e-04
2.302726726726727335e+01 5.798246698558608267e-04
2.306729729729730138e+01 5.745629648801084616e-04
2.310732732732733297e+01 5.693539698060230128e-04
2.314735735735736100e+01 5.641971062836161370e-04
2.318738738738739258e+01 5.590918028630865099e-04
2.322741741741742061e+01 5.540374949059239220e-04
2.326744744744745219e+01 5.490336244972249691e-04
2.330747747747748377e+01 5.440796403592368206e-04
2.334750750750751180e+01 5.391749977660802726e-04
2.338753753753754339e+01 5.343191584596540403e-04
2.342756756756757142e+01 5.295115905667003393e-04
2.346759759759760300e+01 5.247517685170031325e-04
2.350762762762763103e+01 5.200391729627208866e-04
2.354765765765766261e+01 5.153732906988166490e-04
2.358768768768769064e+01 5.107536145845881573e-04
2.362771771771772222e+01 5.061796434662697896e-04
2.366774774774775381e+01 5.016508821006964922e-04
2.370777777777778184e+01 4.971668410800098416e-04
2.374780780780781342e+01 4.927270367573924727e-04
2.378783783783784145e+01 4.883309911738244755e-04
2.382786786786787303e+01 4.839782319858255489e-04
2.386789789789790106e+01 4.796682923942014506e-04
2.390792792792793264e+01 4.754007110737366848e-04
2.394795795795796423e+01 4.711750321038688264e-04
2.398798798798799226e+01 4.669908049002843083e-04
2.402801801801802384e+01 4.628475841474581696e-04
2.406804804804805187e+01 4.587449297321042631e-04
2.410807807807808345e+01 4.546824066775193322e-04
2.414810810810811148e+01 4.506595850788335357e-04
2.418813813813814306e+01 4.466760400391224257e-04
2.422816816816817109e+01 4.427313516063879125e-04
2.426819819819820268e+01 4.388251047113954795e-04
2.430822822822823426e+01 4.349568891063384265e-04
2.434825825825826229e+01 4.311262993043430206e-04
2.438828828828829387e+01 4.273329345197770406e-04
2.442831831831832190e+01 4.235763986093680046e-04
2.446834834834835348e+01 4.198563000141110205e-04
2.450837837837838151e+01 4.161722517019612205e-04
2.454840840840841310e+01 4.125238711112852994e-04
2.458843843843844468e+01 4.089107800950835957e-04
2.462846846846847271e+01 4.053326048659512183e-04
2.466849849849850429e+01 4.017889759417756727e-04
2.470852852852853232e+01 3.982795280921694672e-04
2.474855855855856390e+01 3.948039002856077221e-04
2.478858858858859193e+01 3.913617356372757678e-04
2.482861861861862351e+01 3.879526813576164340e-04
2.486864864864865510e+01 3.845763887015529042e-04
2.490867867867868313e+01 3.812325129184005270e-04
2.494870870870871471e+01 3.779207132024308834e-04
2.498873873873874274e+01 3.746406526441055655e-04
2.502876876876877432e+01 3.713919981819476294e-04
2.506879879879880235e+01 3.681744205550565208e-04
2.510882882882883393e+01 3.649875942562524900e-04
2.514885885885886196e+01 3.618311974858376997e-04
2.518888888888889355e+01 3.587049121059718597e-04
2.522891891891892513e+01 3.556084235956504056e-04
2.526894894894895316e+01 3.525414210062775811e-04
2.530897897897898474e+01 3.495035969178232529e-04
2.534900900900901277e+01 3.464946473955608048e-04
2.538903903903904435e+01 3.435142719473715275e-04
2.542906906906907238e+01 3.405621734816144191e-04
2.546909909909910397e+01 3.376380582655455682e-04
2.550912912912913555e+01 3.347416358842859809e-04
2.554915915915916358e+01 3.318726192003304239e-04
2.558918918918919516e+01 3.290307243135779324e-04
2.562921921921922319e+01 3.262156705218992683e-04
2.566924924924925477e+01 3.234271802822074487e-04
2.570927927927928280e+01 3.206649791720444630e-04
2.574930930930931439e+01 3.179287958516687830e-04
2.578933933933934597e+01 3.152183620266373228e-04
2.582936936936937400e+01 3.125334124108733935e-04
2.586939939939940558e+01 3.098736846902160969e-04
2.590942942942943361e+01 3.072389194864492620e-04
2.594945945945946519e+01 3.046288603217897043e-04
2.598948948948949322e+01 3.020432535838444015e-04
2.602951951951952481e+01 2.994818484910159338e-04
2.606954954954955284e+01 2.969443970583637762e-04
2.610957957957958442e+01 2.944306540639000306e-04
2.614960960960961600e+01 2.919403770153294105e-04
2.618963963963964403e+01 2.894733261172120092e-04
2.622966966966967561e+01 2.870292642385551419e-04
2.626969969969970364e+01 2.846079568808223886e-04
2.630972972972973523e+01 2.822091721463552299e-04
2.634975975975976326e+01 2.798326807071999035e-04
2.638978978978979484e+01 2.774782557743386141e-04
2.642981981981982642e+01 2.751456730673163681e-04
2.646984984984985445e+01 2.728347107842542729e-04
2.650987987987988603e+01 2.705451495722511969e-04
2.654990990990991406e+01 2.682767724981665811e-04
2.658993993993994565e+01 2.660293650197727462e-04
2.662996996996997368e+01 2.638027149572833648e-04
2.667000000000000526e+01 2.615966124652376588e-04
2.671003003003003329e+01 2.594108500047542570e-04
2.675006006006006487e+01 2.572452223161292317e-04
2.679009009009009645e+01 2.550995263917921934e-04
2.683012012012012448e+01 2.529735614496023371e-04
2.687015015015015607e+01 2.508671289064850368e-04
2.691018018018018410e+01 2.487800323524069811e-04
2.695021021021021568e+01 2.467120775246792815e-04
2.699024024024024371e+01 2.446630722825870866e-04
2.703027027027027529e+01 2.426328265823438622e-04
2.707030030030030687e+01 2.406211524523607388e-04
2.711033033033033490e+01 2.386278639688305776e-04
2.715036036036036649e+01 2.366527772316192712e-04
2.719039039039039451e+01 2.346957103404655274e-04
2.723042042042042610e+01 2.327564833714786997e-04
2.727045045045045413e+01 2.308349183539321449e-04
2.731048048048048571e+01 2.289308392473544647e-04
2.735051051051051729e+01 2.270440719189040766e-04
2.739054054054054532e+01 2.251744441210313966e-04
2.743057057057057690e+01 2.233217854694212066e-04
2.747060060060060493e+01 2.214859274212142859e-04
2.751063063063063652e+01 2.196667032534991432e-04
2.755066066066066455e+01 2.178639480420775383e-04
2.759069069069069613e+01 2.160774986404916207e-04
2.763072072072072416e+01 2.143071936593194901e-04
2.767075075075075574e+01 2.125528734457246224e-04
2.771078078078078732e+01 2.108143800632646375e-04
2.775081081081081535e+01 2.090915572719510048e-04
2.779084084084084694e+01 2.073842505085559751e-04
2.783087087087087497e+01 2.056923068671702329e-04
2.787090090090090655e+01 2.040155750799947914e-04
2.791093093093093458e+01 2.023539054983824440e-04
2.795096096096096616e+01 2.007071500741046204e-04
2.799099099099099774e+01 1.990751623408583946e-04
2.803102102102102577e+01 1.974577973959993314e-04
2.807105105105105736e+01 1.958549118825039673e-04
2.811108108108108539e+01 1.942663639711523843e-04
2.815111111111111697e+01 1.926920133429339669e-04
2.819114114114114500e+01 1.911317211716716258e-04
2.823117117117117658e+01 1.895853501068578742e-04
2.827120120120120816e+01 1.880527642567038154e-04
2.831123123123123619e+01 1.865338291714018794e-04
2.835126126126126778e+01 1.850284118265867260e-04
2.839129129129129581e+01 1.835363806070093009e-04
2.843132132132132739e+01 1.820576052904008721e-04
2.847135135135135542e+01 1.805919570315490540e-04
2.851138138138138700e+01 1.791393083465567910e-04
2.855141141141141503e+01 1.776995330973013770e-04
2.859144144144144661e+01 1.762725064760852693e-04
2.863147147147147820e+01 1.748581049904699705e-04
2.867150150150150623e+01 1.734562064483007027e-04
2.871153153153153781e+01 1.720666899429085391e-04
2.875156156156156584e+01 1.706894358385019990e-04
2.879159159159159742e+01 1.693243257557276976e-04
2.883162162162162545e+01 1.679712425574145240e-04
2.887165165165165703e+01 1.666300703344871447e-04
2.891168168168168862e+01 1.653006943920532770e-04
2.895171171171171665e+01 1.639830012356621042e-04
2.899174174174174823e+01 1.626768785577232884e-04
2.903177177177177626e+01 1.613822152240997803e-04
2.907180180180180784e+01 1.600989012608573510e-04
2.911183183183183587e+01 1.588268278411755340e-04
2.915186186186186745e+01 1.575658872724204661e-04
2.919189189189189548e+01 1.563159729833717387e-04
2.923192192192192707e+01 1.550769795116033417e-04
2.927195195195195865e+01 1.538488024910188894e-04
2.931198198198198668e+01 1.526313386395375231e-04
2.935201201201201826e+01 1.514244857469266149e-04
2.939204204204204629e+01 1.502281426627834410e-04
2.943207207207207787e+01 1.490422092846588309e-04
2.947210210210210590e+01 1.478665865463290273e-04
2.951213213213213749e+01 1.467011764062001438e-04
2.955216216216216907e+01 1.455458818358621343e-04
2.959219219219219710e+01 1.444006068087725953e-04
2.963222222222222868e+01 1.432652562890799155e-04
2.967225225225225671e+01 1.421397362205781018e-04
2.971228228228228829e+01 1.410239535157965069e-04
2.975231231231231632e+01 1.399178160452208268e-04
2.979234234234234791e+01 1.388212326266376434e-04
2.983237237237237949e+01 1.377341130146112391e-04
2.987240240240240752e+01 1.366563678900862611e-04
2.991243243243243910e+01 1.355879088501110838e-04
2.995246246246246713e+01 1.345286483976863151e-04
2.999249249249249871e+01 1.334784999317331893e-04
3.003252252252252674e+01 1.324373777371800828e-04
3.007255255255255832e+01 1.314051969751719518e-04
3.011258258258258635e+01 1.303818736733882984e-04
3.015261261261261794e+01 1.293673247164837058e-04
3.019264264264264952e+01 1.283614678366354930e-04
3.023267267267267755e+01 1.273642216042078935e-04
3.027270270270270913e+01 1.263755054185251425e-04
3.031273273273273716e+01 1.253952394987532012e-04
3.035276276276276874e+01 1.244233448748889256e-04
3.039279279279279677e+01 1.234597433788575465e-04
3.043282282282282836e+01 1.225043576357150469e-04
3.047285285285285994e+01 1.215571110549509631e-04
3.051288288288288797e+01 1.206179278218979660e-04
3.055291291291291955e+01 1.196867328892399973e-04
3.059294294294294758e+01 1.187634519686212622e-04
3.063297297297297916e+01 1.178480115223524901e-04
3.067300300300300719e+01 1.169403387552190817e-04
3.071303303303303878e+01 1.160403616063759397e-04
3.075306306306307036e+01 1.151480087413499182e-04
3.079309309309309839e+01 1.142632095441247549e-04
3.083312312312312997e+01 1.133858941093244198e-04
3.087315315315315800e+01 1.125159932344891239e-04
3.091318318318318958e+01 1.116534384124353663e-04
3.095321321321321761e+01 1.107981618237120151e-04
3.099324324324324920e+01 1.099500963291387195e-04
3.103327327327327723e+01 1.091091754624375364e-04
3.107330330330330881e+01 1.082753334229434865e-04
3.111333333333334039e+01 1.074485050684042734e-04
3.115336336336336842e+01 1.066286259078638645e-04
3.119339339339340000e+01 1.058156320946263446e-04
3.123342342342342803e+01 1.050094604193032525e-04
3.127345345345345962e+01 1.042100483029402271e-04
3.131348348348348765e+01 1.034173337902251312e-04
3.135351351351351923e+01 1.026312555427733844e-04
3.139354354354355081e+01 1.018517528324916157e-04
3.143357357357357884e+01 1.010787655350170613e-04
3.147360360360361042e+01 1.003122341232345232e-04
3.151363363363363845e+01 9.955209966086668854e-05
3.155366366366367004e+01 9.879830379613866148e-05
3.159369369369369807e+01 9.805078875551639765e-05
3.163372372372372965e+01 9.730949733751483911e-05
3.167375375375375768e+01 9.657437290658203830e-05
3.171378378378378926e+01 9.584535938704723636e-05
3.175381381381382084e+01 9.512240125714391411e-05
3.179384384384384887e+01 9.440544354309808475e-05
3.183387387387388046e+01 9.369443181328627383e-05
3.187390390390390849e+01 9.298931217245971672e-05
3.191393393393394007e+01 9.229003125603429947e-05
3.195396396396396810e+01 9.159653622444622939e-05
3.199399399399399968e+01 9.090877475757312373e-05
3.203402402402402771e+01 9.022669504921669451e-05
3.207405405405405929e+01 8.955024580165059399e-05
3.211408408408408377e+01 8.887937622022928712e-05
3.215411411411411535e+01 8.821403600805747668e-05
3.219414414414414694e+01 8.755417536072304912e-05
3.223417417417417852e+01 8.689974496108737474e-05
3.227420420420420299e+01 8.625069597413454771e-05
3.231423423423423458e+01 8.560698004188269680e-05
3.235426426426426616e+01 8.496854927834817793e-05
3.239429429429429774e+01 8.433535626457034663e-05
3.243432432432432933e+01 8.370735404369157053e-05
3.247435435435435380e+01 8.308449611609199407e-05
3.251438438438438538e+01 8.246673643458274177e-05
3.255441441441441697e+01 8.185402939964835773e-05
3.259444444444444855e+01 8.124632985474711450e-05
3.263447447447448013e+01 8.064359308166222523e-05
3.267450450450450461e+01 8.004577479590740138e-05
3.271453453453453619e+01 7.945283114218099638e-05
3.275456456456456777e+01 7.886471868987517239e-05
3.279459459459459936e+01 7.828139442863231131e-05
3.283462462462462383e+01 7.770281576395372488e-05
3.287465465465465542e+01 7.712894051285602913e-05
3.291468468468468700e+01 7.655972689957756818e-05
3.295471471471471858e+01 7.599513355133107940e-05
3.299474474474475016e+01 7.543511949410718043e-05
3.303477477477477464e+01 7.487964414852222726e-05
3.307480480480480622e+01 7.432866732571134284e-05
3.311483483483483781e+01 7.378214922327271488e-05
3.315486486486486939e+01 7.324005042125156196e-05
3.319489489489489387e+01 7.270233187817092360e-05
3.323492492492492545e+01 7.216895492710816292e-05
3.327495495495495703e+01 7.163988127181434966e-05
3.331498498498498861e+01 7.111507298287434125e-05
3.335501501501502020e+01 7.059449249391363385e-05
3.339504504504504467e+01 7.007810259784520669e-05
3.343507507507507626e+01 6.956586644315751206e-05
3.347510510510510784e+01 6.905774753024506081e-05
3.351513513513513942e+01 6.855370970777970605e-05
3.355516516516517100e+01 6.805371716912003667e-05
3.359519519519519548e+01 6.755773444876373227e-05
3.363522522522522706e+01 6.706572641883623890e-05
3.367525525525525865e+01 6.657765828562075292e-05
3.371528528528529023e+01 6.609349558612395638e-05
3.375531531531531471e+01 6.561320418468208479e-05
3.379534534534534629e+01 6.513675026960297676e-05
3.383537537537537787e+01 6.466410034984586752e-05
3.387540540540540945e+01 6.419522125173700170e-05
3.391543543543544104e+01 6.373008011572208191e-05
3.395546546546546551e+01 6.326864439315398102e-05
3.399549549549549710e+01 6.281088184311616526e-05
3.403552552552552868e+01 6.235676052928104229e-05
3.407555555555556026e+01 6.190624881680130962e-05
3.411558558558558474e+01 6.145931536923832854e-05
3.415561561561561632e+01 6.101592914552129613e-05
3.419564564564564790e+01 6.057605939694038000e-05
3.423567567567567949e+01 6.013967566417437123e-05
3.427570570570571107e+01 5.970674777434894571e-05
3.431573573573573555e+01 5.927724583812802076e-05
3.435576576576576713e+01 5.885114024683585571e-05
3.439579579579579871e+01 5.842840166961193592e-05
3.443582582582583029e+01 5.800900105059611294e-05
3.447585585585585477e+01 5.759290960614436654e-05
3.451588588588588635e+01 5.718009882207410449e-05
3.455591591591591794e+01 5.677054045094152081e-05
3.459594594594594952e+01 5.636420650934623536e-05
3.463597597597598110e+01 5.596106927526717863e-05
3.467600600600600558e+01 5.556110128542510738e-05
3.471603603603603716e+01 5.516427533267589798e-05
3.475606606606606874e+01 5.477056446343032145e-05
3.479609609609610033e+01 5.437994197510410158e-05
3.483612612612613191e+01 5.399238141359213720e-05
3.487615615615615638e+01 5.360785657077321771e-05
3.491618618618618797e+01 5.322634148203909916e-05
3.495621621621621955e+01 5.284781042385275227e-05
3.499624624624625113e+01 5.247223791133109297e-05
3.503627627627627561e+01 5.209959869585388976e-05
3.507630630630630719e+01 5.172986776269986411e-05
3.511633633633633877e+01 5.136302032870568117e-05
3.515636636636637036e+01 5.099903183995301448e-05
3.519639639639640194e+01 5.063787796947820955e-05
3.523642642642642642e+01 5.027953461500774462e-05
3.527645645645645800e+01 4.992397789671737459e-05
3.531648648648648958e+01 4.957118415501539827e-05
3.535651651651652116e+01 4.922112994834958850e-05
3.539654654654654564e+01 4.887379205103885554e-05
3.543657657657657722e+01 4.852914745112483271e-05
3.547660660660660881e+01 4.818717334825077037e-05
3.551663663663664039e+01 4.784784715155944408e-05
3.555666666666667197e+01 4.751114647761568092e-05
3.559669669669669645e+01 4.717704914834986520e-05
3.563672672672672803e+01 4.684553318902307385e-05
3.567675675675675961e+01 4.651657682621595602e-05
3.571678678678679120e+01 4.619015848583632856e-05
3.575681681681682278e+01 4.586625679115019039e-05
3.579684684684684726e+01 4.554485056083120207e-05
3.583687687687687884e+01 4.522591880703388920e-05
3.587690690690691042e+01 4.490944073348420649e-05
3.591693693693694200e+01 4.459539573359321576e-05
3.595696696696696648e+01 4.428376338858839570e-05
3.599699699699699806e+01 4.397452346566522622e-05
3.603702702702702965e+01 4.366765591615998939e-05
3.607705705705706123e+01 4.336314087373973448e-05
3.611708708708709281e+01 4.306095865261241608e-05
3.615711711711711729e+01 4.276108974575578206e-05
3.619714714714714887e+01 4.246351482316472692e-05
3.623717717717718045e+01 4.216821473011705615e-05
3.627720720720721204e+01 4.187517048545842072e-05
3.631723723723723651e+01 4.158436327990358236e-05
3.635726726726726810e+01 4.129577447435718763e-05
3.639729729729729968e+01 4.100938559825138791e-05
3.643732732732733126e+01 4.072517834790034569e-05
3.647735735735736284e+01 4.044313458487393812e-05
3.651738738738738732e+01 4.016323633438566358e-05
3.655741741741741890e+01 3.988546578370041624e-05
3.659744744744745049e+01 3.960980528055594191e-05
3.663747747747748207e+01 3.933623733160386375e-05
3.667750750750751365e+01 3.906474460086473480e-05
3.671753753753753813e+01 3.879530990819981439e-05
3.675756756756756971e+01 3.852791622779874839e-05
3.679759759759760129e+01 3.826254668668388524e-05
3.683762762762763288e+01 3.799918456322914055e-05
3.687765765765765735e+01 3.773781328569429129e-05
3.691768768768768894e+01 3.747841643077522134e-05
3.695771771771772052e+01 3.722097772216835645e-05
3.699774774774775210e+01 3.696548102915111838e-05
3.703777777777778368e+01 3.671191036517622964e-05
3.707780780780780816e+01 3.646024988648058725e-05
3.711783783783783974e+01 3.621048389070896976e-05
3.715786786786787133e+01 3.596259681555209628e-05
3.719789789789790291e+01 3.571657323739786552e-05
3.723792792792792739e+01 3.547239786999829527e-05
3.727795795795795897e+01 3.523005556314811714e-05
3.731798798798799055e+01 3.498953130137819777e-05
3.735801801801802213e+01 3.475081020266277678e-05
3.739804804804805372e+01 3.451387751713896982e-05
3.743807807807807819e+01 3.427871862584093540e-05
3.747810810810810978e+01 3.404531903944442981e-05
3.751813813813814136e+01 3.381366439702816030e-05
3.755816816816817294e+01 3.358374046484419141e-05
3.759819819819820452e+01 3.335553313510301513e-05
3.763822822822822900e+01 3.312902842477073701e-05
3.767825825825826058e+01 3.290421247437805296e-05
3.771828828828829216e+01 3.268107154684261596e-05
3.775831831831832375e+01 3.245959202630183143e-05
3.779834834834834822e+01 3.223976041695868336e-05
3.783837837837837981e+01 3.202156334193960864e-05
3.787840840840841139e+01 3.180498754216332184e-05
3.791843843843844297e+01 3.159001987522091565e-05
3.795846846846847455e+01 3.137664731426891761e-05
3.799849849849849903e+01 3.116485694693189450e-05
3.803852852852853061e+01 3.095463597421741674e-05
3.807855855855856220e+01 3.074597170944127518e-05
3.811858858858859378e+01 3.053885157716447512e-05
3.815861861861861826e+01 3.033326311214013036e-05
3.819864864864864984e+01 3.012919395827198544e-05
3.823867867867868142e+01 2.992663186758225509e-05
3.827870870870871300e+01 2.972556469919213884e-05
3.831873873873874459e+01 2.952598041830944040e-05
3.835876876876876906e+01 2.932786709522999040e-05
3.839879879879880065e+01 2.913121290434595714e-05
3.843882882882883223e+01 2.893600612316711356e-05
3.847885885885886381e+01 2.874223513134949715e-05
3.851888888888889539e+01 2.854988840973528793e-05
3.855891891891891987e+01 2.835895453940255603e-05
3.859894894894895145e+01 2.816942220072324933e-05
3.863897897897898304e+01 2.798128017243215170e-05
3.867900900900901462e+01 2.779451733070466407e-05
3.871903903903903910e+01 2.760912264824335390e-05
3.875906906906907068e+01 2.742508519337450310e-05
3.879909909909910226e+01 2.724239412915315672e-05
3.883912912912913384e+01 2.706103871247802432e-05
3.887915915915916543e+01 2.688100829321361505e-05
3.891918918918918990e+01 2.670229231332326556e-05
3.895921921921922149e+01 2.652488030600899492e-05
3.899924924924925307e+01 2.634876189486151391e-05
3.903927927927928465e+01 2.617392679301732555e-05
3.907930930930930913e+01 2.600036480232554624e-05
3.911933933933934071e+01 2.582806581252216718e-05
3.915936936936937229e+01 2.565701980041287434e-05
3.919939939939940388e+01 2.548721682906413189e-05
3.923942942942943546e+01 2.531864704700237024e-05
3.927945945945945994e+01 2.515130068742064474e-05
3.931948948948949152e+01 2.498516806739398507e-05
3.935951951951952310e+01 2.482023958710177832e-05
3.939954954954955468e+01 2.465650572905852414e-05
3.943957957957957916e+01 2.449395705735211499e-05
3.947960960960961074e+01 2.433258421688891629e-05
3.951963963963964233e+01 2.417237793264770661e-05
3.955966966966967391e+01 2.401332900893987909e-05
3.959969969969970549e+01 2.385542832867749313e-05
3.963972972972972997e+01 2.369866685264840057e-05
3.967975975975976155e+01 2.354303561879880541e-05
3.971978978978979313e+01 2.338852574152245741e-05
3.975981981981982472e+01 2.323512841095746575e-05
3.979984984984985630e+01 2.308283489228963469e-05
3.983987987987988078e+01 2.293163652506264338e-05
3.987990990990991236e+01 2.278152472249532709e-05
3.991993993993994394e+01 2.263249097080557556e-05
3.995996996996997552e+01 2.248452682854080762e-05
4.000000000000000000e+01 2.233762392591526959e-05
