1.000000000000000021e-02 6.992622106261147692e-76
5.003003003003003712e-02 5.652151023182103313e-42
9.006006006006006537e-02 3.874645160492347371e-32
1.300900900900901214e-01 1.120614577143746834e-26
1.701201201201201496e-01 4.982770320581806338e-23
2.101501501501501779e-01 2.351684415745778191e-20
2.501801801801802339e-01 2.787500390241812283e-18
2.902102102102102621e-01 1.306889334877698943e-16
3.302402402402402903e-01 3.164844208350775443e-15
3.702702702702703186e-01 4.688367353614778019e-14
4.103003003003003468e-01 4.759015317461086377e-13
4.503303303303303751e-01 3.583916846585900616e-12
4.903603603603604588e-01 2.121226301845085935e-11
5.303903903903904871e-01 1.030144214217986402e-10
5.704204204204205153e-01 4.242099261589701524e-10
6.104504504504505435e-01 1.519780349403758295e-09
6.504804804804805718e-01 4.834396528054916041e-09
6.905105105105106000e-01 1.387999126090504187e-08
7.305405405405406283e-01 3.645320541717693965e-08
7.705705705705706565e-01 8.854870212702905329e-08
8.106006006006006848e-01 2.007857981149101214e-07
8.506306306306307130e-01 4.283112104926592937e-07
8.906606606606607413e-01 8.652141992874314605e-07
9.306906906906907695e-01 1.664461280723118010e-06
9.707207207207209088e-01 3.064206531895499223e-06
1.010750750750750937e+00 5.421056157336062606e-06
1.050780780780780965e+00 9.250474828415633508e-06
1.090810810810810993e+00 1.527404366991598706e-05
1.130840840840841022e+00 2.447275413347012031e-05
1.170870870870871050e+00 3.814499288211316199e-05
1.210900900900901078e+00 5.796738531527723240e-05
1.250930930930931106e+00 8.605626020978815536e-05
1.290960960960961135e+00 1.250272075956556121e-04
1.330990990990991163e+00 1.780500481282875334e-04
1.371021021021021191e+00 2.488965247760113525e-04
1.411051051051051219e+00 3.419781650197198917e-04
1.451081081081081248e+00 4.623720321818860189e-04
1.491111111111111276e+00 6.158324680425580205e-04
1.531141141141141304e+00 8.087873999159577105e-04
1.571171171171171332e+00 1.048318314994775395e-03
1.611201201201201361e+00 1.342123563303939488e-03
1.651231231231231389e+00 1.698465209502513342e-03
1.691261261261261417e+00 2.126100187283290564e-03
1.731291291291291445e+00 2.634196996441980250e-03
1.771321321321321474e+00 3.232239604662083890e-03
1.811351351351351502e+00 3.929920561461994026e-03
1.851381381381381530e+00 4.737025593224314900e-03
1.891411411411411558e+00 5.663312122963407892e-03
1.931441441441441809e+00 6.718384247688744502e-03
1.971471471471471837e+00 7.911566714456723035e-03
2.011501501501501643e+00 9.251780370691395361e-03
2.051531531531531449e+00 1.074742143425105531e-02
2.091561561561561700e+00 1.240624674443065005e-02
2.131591591591591506e+00 1.423526692765788443e-02
2.171621621621621756e+00 1.624064915219792030e-02
2.211651651651651562e+00 1.842763086550855758e-02
2.251681681681681813e+00 2.080044561606597328e-02
2.291711711711711619e+00 2.336226176762916037e-02
2.331741741741741869e+00 2.611513462601809665e-02
2.371771771771771675e+00 2.905997222329822355e-02
2.411801801801801926e+00 3.219651474729074564e-02
2.451831831831831732e+00 3.552332736980064187e-02
2.491861861861861982e+00 3.903780601794711730e-02
2.531891891891891788e+00 4.273619545144962534e-02
2.571921921921922038e+00 4.661361885566894098e-02
2.611951951951952289e+00 5.066411803574650402e-02
2.651981981981982095e+00 5.488070320074187741e-02
2.692012012012012345e+00 5.925541125704428952e-02
2.732042042042042151e+00 6.377937148586745875e-02
2.772072072072072402e+00 6.844287745832293435e-02
2.812102102102102208e+00 7.323546404113302766e-02
2.852132132132132458e+00 7.814598836409587801e-02
2.892162162162162264e+00 8.316271365445637720e-02
2.932192192192192515e+00 8.827339489091035052e-02
2.972222222222222321e+00 9.346536528863878812e-02
3.012252252252252571e+00 9.872562269423898473e-02
3.052282282282282377e+00 1.040409150435140651e-01
3.092312312312312628e+00 1.093978241137986557e-01
3.132342342342342434e+00 1.147828468840222521e-01
3.172372372372372684e+00 1.201824738984241525e-01
3.212402402402402490e+00 1.255832641122966720e-01
3.252432432432432741e+00 1.309719157791410793e-01
3.292462462462462547e+00 1.363353330171146183e-01
3.332492492492492797e+00 1.416606877677912268e-01
3.372522522522522603e+00 1.469354769313565845e-01
3.412552552552552854e+00 1.521475745288962123e-01
3.452582582582582660e+00 1.572852788040166871e-01
3.492612612612612910e+00 1.623373542324319241e-01
3.532642642642642716e+00 1.672930684591833750e-01
3.572672672672672967e+00 1.721422242288359328e-01
3.612702702702702773e+00 1.768751864143108254e-01
3.652732732732733023e+00 1.814829042851374974e-01
3.692762762762762829e+00 1.859569291859670404e-01
3.732792792792793080e+00 1.902894278214445345e-01
3.772822822822822886e+00 1.944731913642302468e-01
3.812852852852853136e+00 1.985016406193829408e-01
3.852882882882883386e+00 2.023688274907801121e-01
3.892912912912913193e+00 2.060694330040735711e-01
3.932942942942943443e+00 2.095987621461754824e-01
3.972972972972973249e+00 2.129527357837829871e-01
4.013003003003003499e+00 2.161278799232812797e-01
4.053033033033033306e+00 2.191213125718345367e-01
4.093063063063063112e+00 2.219307284548844295e-01
4.133093093093093806e+00 2.245543818388954505e-01
4.173123123123123612e+00 2.269910677003104116e-01
4.213153153153153418e+00 2.292401014725332087e-01
4.253183183183183225e+00 2.313012975925917702e-01
4.293213213213213919e+00 2.331749470581583328e-01
4.333243243243243725e+00 2.348617941940201737e-01
4.373273273273273531e+00 2.363630128150726040e-01
4.413303303303303338e+00 2.376801819606144117e-01
4.453333333333334032e+00 2.388152613623043541e-01
4.493363363363363838e+00 2.397705667957128473e-01
4.533393393393393644e+00 2.405487454530834956e-01
4.573423423423423451e+00 2.411527514628066249e-01
4.613453453453454145e+00 2.415858216692746419e-01
4.653483483483483951e+00 2.418514517753128645e-01
4.693513513513513757e+00 2.419533729383108456e-01
4.733543543543543564e+00 2.418955289005671472e-01
4.773573573573574258e+00 2.416820537242399258e-01
4.813603603603604064e+00 2.413172501916920343e-01
4.853633633633633870e+00 2.408055689229525453e-01
4.893663663663663677e+00 2.401515882534994151e-01
4.933693693693694371e+00 2.393599949076027633e-01
4.973723723723724177e+00 2.384355654950569281e-01
5.013753753753753983e+00 2.373831488522681332e-01
5.053783783783783790e+00 2.362076492423391683e-01
5.093813813813814484e+00 2.349140104229968662e-01
5.133843843843844290e+00 2.335072005859226418e-01
5.173873873873874096e+00 2.319921981662527999e-01
5.213903903903904791e+00 2.303739785166990517e-01
5.253933933933934597e+00 2.286575014368708580e-01
5.293963963963964403e+00 2.268476995449476841e-01
5.333993993993994209e+00 2.249494674758198420e-01
5.374024024024024904e+00 2.229676518871708535e-01
5.414054054054054710e+00 2.209070422526928090e-01
5.454084084084084516e+00 2.187723624196735439e-01
5.494114114114114322e+00 2.165682629065661113e-01
5.534144144144145017e+00 2.142993139148020310e-01
5.574174174174174823e+00 2.119699990280364821e-01
5.614204204204204629e+00 2.095847095711845243e-01
5.654234234234234435e+00 2.071477396010037442e-01
5.694264264264265130e+00 2.046632814995787419e-01
5.734294294294294936e+00 2.021354221418546204e-01
5.774324324324324742e+00 1.995681396083190395e-01
5.814354354354354548e+00 1.969653004140419494e-01
5.854384384384385243e+00 1.943306572255222020e-01
5.894414414414415049e+00 1.916678470371505072e-01
5.934444444444444855e+00 1.889803897795620247e-01
5.974474474474474661e+00 1.862716873327102951e-01
6.014504504504505356e+00 1.835450229171241565e-01
6.054534534534535162e+00 1.808035608375147818e-01
6.094564564564564968e+00 1.780503465536540930e-01
6.134594594594594774e+00 1.752883070542508026e-01
6.174624624624625469e+00 1.725202515103912426e-01
6.214654654654655275e+00 1.697488721859817806e-01
6.254684684684685081e+00 1.669767455835193259e-01
6.294714714714714887e+00 1.642063338044262022e-01
6.334744744744745581e+00 1.614399861040952677e-01
6.374774774774775388e+00 1.586799406227114295e-01
6.414804804804805194e+00 1.559283262738308529e-01
6.454834834834835888e+00 1.531871647736062214e-01
6.494864864864865694e+00 1.504583727944482086e-01
6.534894894894895501e+00 1.477437642277937280e-01
6.574924924924925307e+00 1.450450525415261094e-01
6.614954954954956001e+00 1.423638532184360317e-01
6.654984984984985807e+00 1.397016862629447131e-01
6.695015015015015614e+00 1.370599787641124112e-01
6.735045045045045420e+00 1.344400675037393522e-01
6.775075075075076114e+00 1.318432015991187756e-01
6.815105105105105920e+00 1.292705451707315545e-01
6.855135135135135727e+00 1.267231800258715180e-01
6.895165165165165533e+00 1.242021083498655587e-01
6.935195195195196227e+00 1.217082553971964159e-01
6.975225225225226033e+00 1.192424721754540701e-01
7.015255255255255840e+00 1.168055381156284378e-01
7.055285285285285646e+00 1.143981637228203702e-01
7.095315315315316340e+00 1.120209932019775173e-01
7.135345345345346146e+00 1.096746070537698292e-01
7.175375375375375953e+00 1.073595246361974953e-01
7.215405405405405759e+00 1.050762066879780549e-01
7.255435435435436453e+00 1.028250578101852358e-01
7.295465465465466259e+00 1.006064289030159375e-01
7.335495495495496066e+00 9.842061955493890124e-02
7.375525525525525872e+00 9.626788038183534124e-02
7.415555555555556566e+00 9.414841531407099062e-02
7.455585585585586372e+00 9.206238382975422130e-02
7.495615615615616179e+00 9.000990313271862997e-02
7.535645645645645985e+00 8.799105027404391377e-02
7.575675675675676679e+00 8.600586421617581467e-02
7.615705705705706485e+00 8.405434783893842021e-02
7.655735735735736291e+00 8.213646988694595086e-02
7.695765765765766986e+00 8.025216685812142092e-02
7.735795795795796792e+00 7.840134483320873593e-02
7.775825825825826598e+00 7.658388124633071226e-02
7.815855855855856404e+00 7.479962659680258752e-02
7.855885885885887099e+00 7.304840610254287325e-02
7.895915915915916905e+00 7.133002129555574000e-02
7.935945945945946711e+00 6.964425156006726070e-02
7.975975975975976517e+00 6.799085561400632083e-02
8.016006006006007212e+00 6.636957293460750418e-02
8.056036036036037018e+00 6.478012512899808395e-02
8.096066066066066824e+00 6.322221725070435727e-02
8.136096096096096630e+00 6.169553906307313762e-02
8.176126126126126437e+00 6.019976625066275622e-02
8.216156156156156243e+00 5.873456157970403935e-02
8.256186186186187825e+00 5.729957600877304963e-02
8.296216216216217632e+00 5.589444975085068601e-02
8.336246246246247438e+00 5.451881328797307524e-02
8.376276276276277244e+00 5.317228833969839946e-02
8.416306306306307050e+00 5.185448878663237449e-02
8.456336336336336856e+00 5.056502155026754153e-02
8.496366366366366663e+00 4.930348743039897341e-02
8.536396396396396469e+00 4.806948190138161242e-02
8.576426426426428051e+00 4.686259586849654546e-02
8.616456456456457857e+00 4.568241638568701357e-02
8.656486486486487664e+00 4.452852733592151113e-02
8.696516516516517470e+00 4.340051007542979067e-02
8.736546546546547276e+00 4.229794404304610539e-02
8.776576576576577082e+00 4.122040733588119149e-02
8.816606606606606888e+00 4.016747725252555606e-02
8.856636636636636695e+00 3.913873080497242557e-02
8.896666666666668277e+00 3.813374520042549926e-02
8.936696696696698083e+00 3.715209829413813197e-02
8.976726726726727890e+00 3.619336901440717291e-02
9.016756756756757696e+00 3.525713776082241985e-02
9.056786786786787502e+00 3.434298677684769624e-02
9.096816816816817308e+00 3.345050049778545975e-02
9.136846846846847114e+00 3.257926587515032335e-02
9.176876876876878697e+00 3.172887267845313913e-02
9.216906906906908503e+00 3.089891377536813435e-02
9.256936936936938309e+00 3.008898539123150070e-02
9.296966966966968116e+00 2.929868734879195746e-02
9.336996996996997922e+00 2.852762328910736153e-02
9.377027027027027728e+00 2.777540087445448669e-02
9.417057057057057534e+00 2.704163197409211253e-02
9.457087087087087340e+00 2.632593283369229556e-02
9.497117117117118923e+00 2.562792422922651608e-02
9.537147147147148729e+00 2.494723160606860182e-02
9.577177177177178535e+00 2.428348520405007940e-02
9.617207207207208342e+00 2.363632016917796910e-02
9.657237237237238148e+00 2.300537665270002696e-02
9.697267267267267954e+00 2.239029989817839170e-02
9.737297297297297760e+00 2.179074031720683313e-02
9.777327327327327566e+00 2.120635355438522593e-02
9.817357357357359149e+00 2.063680054213878207e-02
9.857387387387388955e+00 2.008174754595027506e-02
9.897417417417418761e+00 1.954086620054706555e-02
9.937447447447448567e+00 1.901383353756764052e-02
9.977477477477478374e+00 1.850033200520646848e-02
1.001750750750750818e+01 1.800004948031991292e-02
1.005753753753753799e+01 1.751267927345152506e-02
1.009756756756756779e+01 1.703792012721942750e-02
1.013759759759759937e+01 1.657547620848655312e-02
1.017762762762762918e+01 1.612505709471781512e-02
1.021765765765765899e+01 1.568637775490989636e-02
1.025768768768768879e+01 1.525915852546196744e-02
1.029771771771771860e+01 1.484312508133901233e-02
1.033774774774774841e+01 1.443800840286357974e-02
1.037777777777777821e+01 1.404354473845557949e-02
1.041780780780780979e+01 1.365947556362464427e-02
1.045783783783783960e+01 1.328554753650610341e-02
1.049786786786786941e+01 1.292151245021522579e-02
1.053789789789789921e+01 1.256712718228385553e-02
1.057792792792792902e+01 1.222215364142760843e-02
1.061795795795795883e+01 1.188635871188102426e-02
1.065798798798798863e+01 1.155951419552536316e-02
1.069801801801801844e+01 1.124139675202224728e-02
1.073804804804805002e+01 1.093178783715426962e-02
1.077807807807807983e+01 1.063047363956502907e-02
1.081810810810810963e+01 1.033724501607779546e-02
1.085813813813813944e+01 1.005189742576505056e-02
1.089816816816816925e+01 9.774230862929379066e-03
1.093819819819819905e+01 9.504049789148236865e-03
1.097822822822822886e+01 9.241163064526247348e-03
1.101825825825825866e+01 8.985383878290132895e-03
1.105828828828829025e+01 8.736529678853126313e-03
1.109831831831832005e+01 8.494422103468984853e-03
1.113834834834834986e+01 8.258886907587312601e-03
1.117837837837837967e+01 8.029753894015759577e-03
1.121840840840840947e+01 7.806856841987354009e-03
1.125843843843843928e+01 7.590033436225625436e-03
1.129846846846846908e+01 7.379125196093178421e-03
1.133849849849849889e+01 7.173977404904439623e-03
1.137852852852853047e+01 6.974439039477245937e-03
1.141855855855856028e+01 6.780362699992998309e-03
1.145858858858859008e+01 6.591604540229815783e-03
1.149861861861861989e+01 6.408024198228751134e-03
1.153864864864864970e+01 6.229484727448386661e-03
1.157867867867867950e+01 6.055852528458692194e-03
1.161870870870870931e+01 5.886997281221479847e-03
1.165873873873874089e+01 5.722791878000110626e-03
1.169876876876877070e+01 5.563112356938553632e-03
1.173879879879880050e+01 5.407837836345059587e-03
1.177882882882883031e+01 5.256850449713815210e-03
1.181885885885886012e+01 5.110035281513891810e-03
1.185888888888888992e+01 4.967280303771979925e-03
1.189891891891891973e+01 4.828476313473215216e-03
1.193894894894894954e+01 4.693516870800962595e-03
1.197897897897898112e+01 4.562298238234561640e-03
1.201900900900901092e+01 4.434719320521458494e-03
1.205903903903904073e+01 4.310681605537785947e-03
1.209906906906907054e+01 4.190089106049925925e-03
1.213909909909910034e+01 4.072848302386818282e-03
1.217912912912913015e+01 3.958868086031934116e-03
1.221915915915915996e+01 3.848059704141114801e-03
1.225918918918918976e+01 3.740336704991652651e-03
1.229921921921922134e+01 3.635614884366194111e-03
1.233924924924925115e+01 3.533812232873316875e-03
1.237927927927928096e+01 3.434848884206013423e-03
1.241930930930931076e+01 3.338647064337402735e-03
1.245933933933934057e+01 3.245131041652309263e-03
1.249936936936937038e+01 3.154227078011947061e-03
1.253939939939940018e+01 3.065863380748303814e-03
1.257942942942942999e+01 2.979970055583545333e-03
1.261945945945946157e+01 2.896479060469209048e-03
1.265948948948949138e+01 2.815324160338934963e-03
1.269951951951952118e+01 2.736440882767938315e-03
1.273954954954955099e+01 2.659766474531689157e-03
1.277957957957958079e+01 2.585239859055578869e-03
1.281960960960961060e+01 2.512801594746986306e-03
1.285963963963964041e+01 2.442393834200422449e-03
1.289966966966967199e+01 2.373960284266130212e-03
1.293969969969970180e+01 2.307446166972068440e-03
1.297972972972973160e+01 2.242798181288739937e-03
1.301975975975976141e+01 2.179964465726129050e-03
1.305978978978979121e+01 2.118894561751605374e-03
1.309981981981982102e+01 2.059539378017424642e-03
1.313984984984985083e+01 2.001851155386228428e-03
1.317987987987988063e+01 1.945783432742710130e-03
1.321990990990991222e+01 1.891291013579513621e-03
1.325993993993994202e+01 1.838329933345213491e-03
1.329996996996997183e+01 1.786857427542069008e-03
1.334000000000000163e+01 1.736831900561384891e-03
1.338003003003003144e+01 1.688212895243839046e-03
1.342006006006006125e+01 1.640961063152488256e-03
1.346009009009009105e+01 1.595038135545861872e-03
1.350012012012012086e+01 1.550406895038648715e-03
1.354015015015015244e+01 1.507031147937496060e-03
1.358018018018018225e+01 1.464875697239342899e-03
1.362021021021021205e+01 1.423906316279926901e-03
1.366024024024024186e+01 1.384089723020000664e-03
1.370027027027027167e+01 1.345393554956871105e-03
1.374030030030030147e+01 1.307786344649049769e-03
1.378033033033033128e+01 1.271237495841757775e-03
1.382036036036036108e+01 1.235717260181192455e-03
1.386039039039039267e+01 1.201196714505534460e-03
1.390042042042042247e+01 1.167647738700831363e-03
1.394045045045045228e+01 1.135042994109919986e-03
1.398048048048048209e+01 1.103355902482775234e-03
1.402051051051051189e+01 1.072560625456711993e-03
1.406054054054054170e+01 1.042632044555121462e-03
1.410057057057057150e+01 1.013545741693377749e-03
1.414060060060060309e+01 9.852779801809061731e-04
1.418063063063063289e+01 9.578056862084276951e-04
1.422066066066066270e+01 9.311064308095256528e-04
1.426069069069069251e+01 9.051584122859712960e-04
1.430072072072072231e+01 8.799404390862682751e-04
1.434075075075075212e+01 8.554319131270634669e-04
1.438078078078078192e+01 8.316128135473508168e-04
1.442081081081081173e+01 8.084636808853620229e-04
1.446084084084084331e+01 7.859656016683932902e-04
1.450087087087087312e+01 7.641001934058653036e-04
1.454090090090090293e+01 7.428495899761106787e-04
1.458093093093093273e+01 7.221964273975891441e-04
1.462096096096096254e+01 7.021238299753544210e-04
1.466099099099099234e+01 6.826153968137725105e-04
1.470102102102102215e+01 6.636551886866624058e-04
1.474105105105105196e+01 6.452277152562489303e-04
1.478108108108108354e+01 6.273179226323493838e-04
1.482111111111111335e+01 6.099111812635702162e-04
1.486114114114114315e+01 5.929932741522810557e-04
1.490117117117117296e+01 5.765503853853791005e-04
1.494120120120120276e+01 5.605690889730700335e-04
1.498123123123123257e+01 5.450363379879081052e-04
1.502126126126126238e+01 5.299394539966484309e-04
1.506129129129129218e+01 5.152661167775234247e-04
1.510132132132132377e+01 5.010043543157642176e-04
1.514135135135135357e+01 4.871425330703100945e-04
1.518138138138138338e+01 4.736693485048169318e-04
1.522141141141141318e+01 4.605738158762459405e-04
1.526144144144144299e+01 4.478452612744117660e-04
1.530147147147147280e+01 4.354733129060499980e-04
1.534150150150150260e+01 4.234478926171458607e-04
1.538153153153153418e+01 4.117592076472946353e-04
1.542156156156156399e+01 4.003977426101521723e-04
1.546159159159159380e+01 3.893542516940356893e-04
1.550162162162162360e+01 3.786197510769790005e-04
1.554165165165165341e+01 3.681855115505955974e-04
1.558168168168168322e+01 3.580430513472978877e-04
1.562171171171171302e+01 3.481841291655246562e-04
1.566174174174174283e+01 3.386007373877206986e-04
1.570177177177177441e+01 3.292850954860234553e-04
1.574180180180180422e+01 3.202296436106383086e-04
1.578183183183183402e+01 3.114270363560763780e-04
1.582186186186186383e+01 3.028701367004987995e-04
1.586189189189189364e+01 2.945520101135556718e-04
1.590192192192192344e+01 2.864659188282200138e-04
1.594195195195195325e+01 2.786053162721953023e-04
1.598198198198198305e+01 2.709638416546335075e-04
1.602201201201201641e+01 2.635353147039684683e-04
1.606204204204204444e+01 2.563137305527929399e-04
1.610207207207207603e+01 2.492932547657948183e-04
1.614210210210210406e+01 2.424682185068959776e-04
1.618213213213213564e+01 2.358331138417903681e-04
1.622216216216216722e+01 2.293825891722324386e-04
1.626219219219219525e+01 2.231114447984592264e-04
1.630222222222222683e+01 2.170146286062607326e-04
1.634225225225225486e+01 2.110872318753077392e-04
1.638228228228228645e+01 2.053244852053854198e-04
1.642231231231231448e+01 1.997217545573377895e-04
1.646234234234234606e+01 1.942745374055424067e-04
1.650237237237237764e+01 1.889784589988682568e-04
1.654240240240240567e+01 1.838292687271237693e-04
1.658243243243243725e+01 1.788228365900776525e-04
1.662246246246246528e+01 1.739551497662368985e-04
1.666249249249249686e+01 1.692223092786056423e-04
1.670252252252252489e+01 1.646205267547544318e-04
1.674255255255255648e+01 1.601461212785732380e-04
1.678258258258258806e+01 1.557955163311748592e-04
1.682261261261261609e+01 1.515652368184582251e-04
1.686264264264264767e+01 1.474519061829300938e-04
1.690267267267267570e+01 1.434522435974375449e-04
1.694270270270270728e+01 1.395630612385176123e-04
1.698273273273273531e+01 1.357812616371560524e-04
1.702276276276276690e+01 1.321038351047747802e-04
1.706279279279279493e+01 1.285278572323598014e-04
1.710282282282282651e+01 1.250504864606681653e-04
1.714285285285285809e+01 1.216689617195319882e-04
1.718288288288288612e+01 1.183806001343104531e-04
1.722291291291291770e+01 1.151827947976138007e-04
1.726294294294294573e+01 1.120730126044579598e-04
1.730297297297297732e+01 1.090487921490656658e-04
1.734300300300300535e+01 1.061077416815873000e-04
1.738303303303303693e+01 1.032475371230337361e-04
1.742306306306306851e+01 1.004659201368044449e-04
1.746309309309309654e+01 9.776069625518870232e-05
1.750312312312312812e+01 9.512973305930541351e-05
1.754315315315315615e+01 9.257095841096551580e-05
1.758318318318318774e+01 9.008235873498038348e-05
1.762321321321321577e+01 8.766197735050057917e-05
1.766324324324324735e+01 8.530791284999046415e-05
1.770327327327327538e+01 8.301831752448436371e-05
1.774330330330330696e+01 8.079139583382206576e-05
1.778333333333333854e+01 7.862540292057612200e-05
1.782336336336336657e+01 7.651864316643860683e-05
1.786339339339339816e+01 7.446946878985481646e-05
1.790342342342342619e+01 7.247627848374070840e-05
1.794345345345345777e+01 7.053751609212805071e-05
1.798348348348348580e+01 6.865166932465032780e-05
1.802351351351351738e+01 6.681726850777242033e-05
1.806354354354354896e+01 6.503288537173072001e-05
1.810357357357357699e+01 6.329713187216118146e-05
1.814360360360360858e+01 6.160865904542486555e-05
1.818363363363363661e+01 5.996615589667482981e-05
1.822366366366366819e+01 5.836834831972251264e-05
1.826369369369369622e+01 5.681399804780705085e-05
1.830372372372372780e+01 5.530190163437224353e-05
1.834375375375375938e+01 5.383088946300339776e-05
1.838378378378378741e+01 5.239982478568925417e-05
1.842381381381381900e+01 5.100760278859278469e-05
1.846384384384384703e+01 4.965314968455529200e-05
1.850387387387387861e+01 4.833542183155790147e-05
1.854390390390390664e+01 4.705340487640684039e-05
1.858393393393393822e+01 4.580611292291371069e-05
1.862396396396396625e+01 4.459258772387515805e-05
1.866399399399399783e+01 4.341189789616517670e-05
1.870402402402402942e+01 4.226313815828340283e-05
1.874405405405405745e+01 4.114542858971143675e-05
1.878408408408408903e+01 4.005791391145349970e-05
1.882411411411411706e+01 3.899976278715846666e-05
1.886414414414414864e+01 3.797016714422575767e-05
1.890417417417417667e+01 3.696834151432848382e-05
1.894420420420420825e+01 3.599352239279368778e-05
1.898423423423423984e+01 3.504496761630064095e-05
1.902426426426426787e+01 3.412195575836954293e-05
1.906429429429429945e+01 3.322378554213291190e-05
1.910432432432432748e+01 3.234977526989163074e-05
1.914435435435435906e+01 3.149926226897471049e-05
1.918438438438438709e+01 3.067160235343557477e-05
1.922441441441441867e+01 2.986616930112868373e-05
1.926444444444445026e+01 2.908235434572681980e-05
1.930447447447447828e+01 2.831956568324827468e-05
1.934450450450450987e+01 2.757722799267934235e-05
1.938453453453453790e+01 2.685478197028580286e-05
1.942456456456456948e+01 2.615168387722031636e-05
1.946459459459459751e+01 2.546740510004635787e-05
1.950462462462462909e+01 2.480143172380398951e-05
1.954465465465465712e+01 2.415326411726070977e-05
1.958468468468468870e+01 2.352241652999495329e-05
1.962471471471472029e+01 2.290841670097491198e-05
1.966474474474474832e+01 2.231080547829981714e-05
1.970477477477477990e+01 2.172913644978556420e-05
1.974480480480480793e+01 2.116297558408153541e-05
1.978483483483483951e+01 2.061190088201734087e-05
1.982486486486486754e+01 2.007550203788578468e-05
1.986489489489489912e+01 1.955338011037442404e-05
1.990492492492493071e+01 1.904514720287331882e-05
1.994495495495495874e+01 1.855042615288434336e-05
1.998498498498499032e+01 1.806885023027545004e-05
2.002501501501501835e+01 1.760006284412275599e-05
2.006504504504504993e+01 1.714371725789559937e-05
2.010507507507507796e+01 1.669947631274469230e-05
2.014510510510510954e+01 1.626701215866071759e-05
2.018513513513513757e+01 1.584600599327781116e-05
2.022516516516516916e+01 1.543614780810163050e-05
2.026519519519520074e+01 1.503713614195092843e-05
2.030522522522522877e+01 1.464867784140317457e-05
2.034525525525526035e+01 1.427048782804581548e-05
2.038528528528528838e+01 1.390228887233606217e-05
2.042531531531531996e+01 1.354381137388062320e-05
2.046534534534534799e+01 1.319479314795160603e-05
2.050537537537537958e+01 1.285497921805842956e-05
2.054540540540541116e+01 1.252412161440445223e-05
2.058543543543543919e+01 1.220197917805671043e-05
2.062546546546547077e+01 1.188831737066830674e-05
2.066549549549549880e+01 1.158290808959145315e-05
2.070552552552553038e+01 1.128552948822875736e-05
2.074555555555555841e+01 1.099596580147197880e-05
2.078558558558559000e+01 1.071400717608240023e-05
2.082561561561562158e+01 1.043944950587175007e-05
2.086564564564564961e+01 1.017209427154628337e-05
2.090567567567568119e+01 9.911748385080076777e-06
2.094570570570570922e+01 9.658224038488871286e-06
2.098573573573574080e+01 9.411338556877204786e-06
2.102576576576576883e+01 9.170914255638457310e-06
2.106579579579580042e+01 8.936778301687225452e-06
2.110582582582582845e+01 8.708762578610233814e-06
2.114585585585586003e+01 8.486703555622758817e-06
2.118588588588589161e+01 8.270442160222661338e-06
2.122591591591591964e+01 8.059823654435603572e-06
2.126594594594595122e+01 7.854697514549824789e-06
2.130597597597597925e+01 7.654917314239801052e-06
2.134600600600601084e+01 7.460340610983119902e-06
2.138603603603603887e+01 7.270828835675839549e-06
2.142606606606607045e+01 7.086247185355190960e-06
2.146609609609610203e+01 6.906464518941590732e-06
2.150612612612613006e+01 6.731353255913021885e-06
2.154615615615616164e+01 6.560789277828958004e-06
2.158618618618618967e+01 6.394651832622075103e-06
2.162621621621622126e+01 6.232823441579196548e-06
2.166624624624624929e+01 6.075189808935013583e-06
2.170627627627628087e+01 5.921639734003552998e-06
2.174630630630630890e+01 5.772065025776196265e-06
2.178633633633634048e+01 5.626360419915097684e-06
2.182636636636637206e+01 5.484423498074177919e-06
2.186639639639640009e+01 5.346154609482106313e-06
2.190642642642643168e+01 5.211456794721741281e-06
2.194645645645645970e+01 5.080235711644933136e-06
2.198648648648649129e+01 4.952399563361043147e-06
2.202651651651651932e+01 4.827859028240839421e-06
2.206654654654655090e+01 4.706527191878191709e-06
2.210657657657658248e+01 4.588319480954473267e-06
2.214660660660661051e+01 4.473153598950990391e-06
2.218663663663664209e+01 4.360949463657823999e-06
2.222666666666667012e+01 4.251629146427518427e-06
2.226669669669670171e+01 4.145116813124331972e-06
2.230672672672672974e+01 4.041338666721472205e-06
2.234675675675676132e+01 3.940222891498703472e-06
2.238678678678679290e+01 3.841699598796116547e-06
2.242681681681682093e+01 3.745700774278930953e-06
2.246684684684685251e+01 3.652160226671509807e-06
2.250687687687688054e+01 3.561013537918495166e-06
2.254690690690691213e+01 3.472198014732716717e-06
2.258693693693694016e+01 3.385652641491167814e-06
2.262696696696697174e+01 3.301318034440190356e-06
2.266699699699699977e+01 3.219136397173665913e-06
2.270702702702703135e+01 3.139051477347758481e-06
2.274705705705706293e+01 3.061008524597534315e-06
2.278708708708709096e+01 2.984954249621585982e-06
2.282711711711712255e+01 2.910836784401394691e-06
2.286714714714715058e+01 2.838605643524144043e-06
2.290717717717718216e+01 2.768211686576972862e-06
2.294720720720721019e+01 2.699607081583287763e-06
2.298723723723724177e+01 2.632745269451450777e-06
2.302726726726727335e+01 2.567580929407222896e-06
2.306729729729730138e+01 2.504069945382586162e-06
2.310732732732733297e+01 2.442169373333893041e-06
2.314735735735736100e+01 2.381837409463226090e-06
2.318738738738739258e+01 2.323033359317566230e-06
2.322741741741742061e+01 2.265717607741299297e-06
2.326744744744745219e+01 2.209851589657738288e-06
2.330747747747748377e+01 2.155397761656859196e-06
2.334750750750751180e+01 2.102319574366206050e-06
2.338753753753754339e+01 2.050581445583310334e-06
2.342756756756757142e+01 2.000148734148157590e-06
2.346759759759760300e+01 1.950987714534897224e-06
2.350762762762763103e+01 1.903065552142881983e-06
2.354765765765766261e+01 1.856350279267155756e-06
2.358768768768769064e+01 1.810810771729667524e-06
2.362771771771772222e+01 1.766416726152529292e-06
2.366774774774775381e+01 1.723138637855512530e-06
2.370777777777778184e+01 1.680947779360198713e-06
2.374780780780781342e+01 1.639816179483958718e-06
2.378783783783784145e+01 1.599716603007263406e-06
2.382786786786787303e+01 1.560622530898238974e-06
2.386789789789790106e+01 1.522508141079138949e-06
2.390792792792793264e+01 1.485348289719277228e-06
2.394795795795796423e+01 1.449118493040159402e-06
2.398798798798799226e+01 1.413794909618181350e-06
2.402801801801802384e+01 1.379354323171297893e-06
2.406804804804805187e+01 1.345774125816053082e-06
2.410807807807808345e+01 1.313032301781882913e-06
2.414810810810811148e+01 1.281107411570110977e-06
2.418813813813814306e+01 1.249978576545120861e-06
2.422816816816817109e+01 1.219625463945758743e-06
2.426819819819820268e+01 1.190028272305353579e-06
2.430822822822823426e+01 1.161167717268878424e-06
2.434825825825826229e+01 1.133025017796405581e-06
2.438828828828829387e+01 1.105581882742004649e-06
2.442831831831832190e+01 1.078820497797717919e-06
2.446834834834835348e+01 1.052723512792559041e-06
2.450837837837838151e+01 1.027274029336626580e-06
2.454840840840841310e+01 1.002455588800771159e-06
2.458843843843844468e+01 9.782521606226542523e-07
2.462846846846847271e+01 9.546481309300223053e-07
2.466849849849850429e+01 9.316282914725014803e-07
2.470852852852853232e+01 9.091778288534336062e-07
2.474855855855856390e+01 8.872823140533674875e-07
2.478858858858859193e+01 8.659276922372249353e-07
2.482861861861862351e+01 8.451002728373130302e-07
2.486864864864865510e+01 8.247867199045422745e-07
2.490867867867868313e+01 8.049740427205054808e-07
2.494870870870871471e+01 7.856495866631743126e-07
2.498873873873874274e+01 7.668010243192966063e-07
2.502876876876877432e+01 7.484163468366431426e-07
2.506879879879880235e+01 7.304838555095603254e-07
2.510882882882883393e+01 7.129921535913745896e-07
2.514885885885886196e+01 6.959301383274330097e-07
2.518888888888889355e+01 6.792869932027170478e-07
2.522891891891892513e+01 6.630521803981499725e-07
2.526894894894895316e+01 6.472154334498480790e-07
2.530897897897898474e+01 6.317667501057678542e-07
2.534900900900901277e+01 6.166963853743377133e-07
2.538903903903904435e+01 6.019948447598116898e-07
2.542906906906907238e+01 5.876528776792207436e-07
2.546909909909910397e+01 5.736614710559807305e-07
2.550912912912913555e+01 5.600118430852795006e-07
2.554915915915916358e+01 5.466954371666048789e-07
2.558918918918919516e+01 5.337039159987747524e-07
2.562921921921922319e+01 5.210291558331114905e-07
2.566924924924925477e+01 5.086632408803634328e-07
2.570927927927928280e+01 4.965984578672337841e-07
2.574930930930931439e+01 4.848272907384208745e-07
2.578933933933934597e+01 4.733424155001985261e-07
2.582936936936937400e+01 4.621366952016732074e-07
2.586939939939940558e+01 4.512031750499745666e-07
2.590942942942943361e+01 4.405350776557756955e-07
2.594945945945946519e+01 4.301257984054999288e-07
2.598948948948949322e+01 4.199689009568830633e-07
2.602951951951952481e+01 4.100581128544420379e-07
2.606954954954955284e+01 4.003873212616747059e-07
2.610957957957958442e+01 3.909505688067452405e-07
2.614960960960961600e+01 3.817420495386513828e-07
2.618963963963964403e+01 3.727561049907985916e-07
2.622966966966967561e+01 3.639872203491431621e-07
2.626969969969970364e+01 3.554300207220261508e-07
2.630972972972973523e+01 3.470792675089584304e-07
2.634975975975976326e+01 3.389298548656686561e-07
2.638978978978979484e+01 3.309768062628358297e-07
2.642981981981982642e+01 3.232152711359513852e-07
2.646984984984985445e+01 3.156405216238430711e-07
2.650987987987988603e+01 3.082479493934828513e-07
2.654990990990991406e+01 3.010330625487593273e-07
2.658993993993994565e+01 2.939914826209056204e-07
2.662996996996997368e+01 2.871189416384417826e-07
2.667000000000000526e+01 2.804112792744207168e-07
2.671003003003003329e+01 2.738644400689671739e-07
2.675006006006006487e+01 2.674744707250154832e-07
2.679009009009009645e+01 2.612375174753273296e-07
2.683012012012012448e+01 2.551498235188489183e-07
2.687015015015015607e+01 2.492077265245404017e-07
2.691018018018018410e+01 2.434076562008809584e-07
2.695021021021021568e+01 2.377461319292708622e-07
2.699024024024024371e+01 2.322197604596271298e-07
2.703027027027027529e+01 2.268252336664972111e-07
2.707030030030030687e+01 2.215593263640727571e-07
2.711033033033033490e+01 2.164188941785176859e-07
2.715036036036036649e+01 2.114008714760899923e-07
2.719039039039039451e+01 2.065022693455492364e-07
2.723042042042042610e+01 2.017201736334074805e-07
2.727045045045045413e+01 1.970517430306027485e-07
2.731048048048048571e+01 1.924942072092309415e-07
2.735051051051051729e+01 1.880448650079906977e-07
2.739054054054054532e+01 1.837010826650411601e-07
2.743057057057057690e+01 1.794602920970143833e-07
2.747060060060060493e+01 1.753199892229508746e-07
2.751063063063063652e+01 1.712777323319455821e-07
2.755066066066066455e+01 1.673311404933701786e-07
2.759069069069069613e+01 1.634778920085006722e-07
2.763072072072072416e+01 1.597157229024881642e-07
2.767075075075075574e+01 1.560424254555641721e-07
2.771078078078078732e+01 1.524558467724634449e-07
2.775081081081081535e+01 1.489538873890378770e-07
2.779084084084084694e+01 1.455344999150698844e-07
2.783087087087087497e+01 1.421956877123404292e-07
2.787090090090090655e+01 1.389355036069955274e-07
2.791093093093093458e+01 1.357520486353270931e-07
2.795096096096096616e+01 1.326434708220545441e-07
2.799099099099099774e+01 1.296079639902743214e-07
2.803102102102102577e+01 1.266437666022144889e-07
2.807105105105105736e+01 1.237491606300054541e-07
2.811108108108108539e+01 1.209224704556441290e-07
2.815111111111111697e+01 1.181620617994089094e-07
2.819114114114114500e+01 1.154663406759550284e-07
2.823117117117117658e+01 1.128337523773607121e-07
2.827120120120120816e+01 1.102627804824318590e-07
2.831123123123123619e+01 1.077519458915465105e-07
2.835126126126126778e+01 1.052998058863847520e-07
2.839129129129129581e+01 1.029049532138848542e-07
2.843132132132132739e+01 1.005660151937817527e-07
2.847135135135135542e+01 9.828165284911717881e-08
2.851138138138138700e+01 9.605056005910796710e-08
2.855141141141141503e+01 9.387146273379511331e-08
2.859144144144144661e+01 9.174311800988890543e-08
2.863147147147147820e+01 8.966431346727228845e-08
2.867150150150150623e+01 8.763386636559566525e-08
2.871153153153153781e+01 8.565062290046220639e-08
2.875156156156156584e+01 8.371345747867034240e-08
2.879159159159159742e+01 8.182127201202787705e-08
2.883162162162162545e+01 7.997299522924431143e-08
2.887165165165165703e+01 7.816758200542655098e-08
2.891168168168168862e+01 7.640401270872795606e-08
2.895171171171171665e+01 7.468129256369340457e-08
2.899174174174174823e+01 7.299845103086409166e-08
2.903177177177177626e+01 7.135454120222616011e-08
2.907180180180180784e+01 6.974863921207907583e-08
2.911183183183183587e+01 6.817984366293259137e-08
2.915186186186186745e+01 6.664727506602828898e-08
2.919189189189189548e+01 6.515007529611899123e-08
2.923192192192192707e+01 6.368740706012194910e-08
2.927195195195195865e+01 6.225845337929226424e-08
2.931198198198198668e+01 6.086241708456551611e-08
2.935201201201201826e+01 5.949852032472151011e-08
2.939204204204204629e+01 5.816600408704321742e-08
2.943207207207207787e+01 5.686412773013967047e-08
2.947210210210210590e+01 5.559216852862516897e-08
2.951213213213213749e+01 5.434942122933815849e-08
2.955216216216216907e+01 5.313519761881100278e-08
2.959219219219219710e+01 5.194882610168757748e-08
2.963222222222222868e+01 5.078965128981874656e-08
2.967225225225225671e+01 4.965703360174550000e-08
2.971228228228228829e+01 4.855034887231292323e-08
2.975231231231231632e+01 4.746898797214704461e-08
2.979234234234234791e+01 4.641235643673914757e-08
2.983237237237237949e+01 4.537987410489471350e-08
2.987240240240240752e+01 4.437097476630032367e-08
2.991243243243243910e+01 4.338510581797420956e-08
2.995246246246246713e+01 4.242172792937749009e-08
2.999249249249249871e+01 4.148031471595185147e-08
3.003252252252252674e+01 4.056035242087760892e-08
3.007255255255255832e+01 3.966133960483503874e-08
3.011258258258258635e+01 3.878278684356484550e-08
3.015261261261261794e+01 3.792421643302420539e-08
3.019264264264264952e+01 3.708516210195069498e-08
3.023267267267267755e+01 3.626516873163562840e-08
3.027270270270270913e+01 3.546379208272621295e-08
3.031273273273273716e+01 3.468059852887757404e-08
3.035276276276276874e+01 3.391516479707401985e-08
3.039279279279279677e+01 3.316707771445471825e-08
3.043282282282282836e+01 3.243593396147294351e-08
3.047285285285285994e+01 3.172133983122876382e-08
3.051288288288288797e+01 3.102291099481706563e-08
3.055291291291291955e+01 3.034027227253695993e-08
3.059294294294294758e+01 2.967305741081308250e-08
3.063297297297297916e+01 2.902090886468285341e-08
3.067300300300300719e+01 2.838347758570864189e-08
3.071303303303303878e+01 2.776042281517370938e-08
3.075306306306307036e+01 2.715141188243158046e-08
3.079309309309309839e+01 2.655612000827386571e-08
3.083312312312312997e+01 2.597423011318979894e-08
3.087315315315315800e+01 2.540543263039578768e-08
3.091318318318318958e+01 2.484942532350843457e-08
3.095321321321321761e+01 2.430591310874815941e-08
3.099324324324324920e+01 2.377460788155488999e-08
3.103327327327327723e+01 2.325522834750639584e-08
3.107330330330330881e+01 2.274749985742767806e-08
3.111333333333334039e+01 2.225115424658645613e-08
3.115336336336336842e+01 2.176592967787274349e-08
3.119339339339340000e+01 2.129157048885730813e-08
3.123342342342342803e+01 2.082782704263599308e-08
3.127345345345345962e+01 2.037445558235960645e-08
3.131348348348348765e+01 1.993121808936073345e-08
3.135351351351351923e+01 1.949788214478090222e-08
3.139354354354355081e+01 1.907422079461590473e-08
3.143357357357357884e+01 1.866001241808823339e-08
3.147360360360361042e+01 1.825504059926515265e-08
3.151363363363363845e+01 1.785909400183930706e-08
3.155366366366367004e+01 1.747196624699378333e-08
3.159369369369369807e+01 1.709345579427233605e-08
3.163372372372372965e+01 1.672336582537916618e-08
3.167375375375375768e+01 1.636150413083671780e-08
3.171378378378378926e+01 1.600768299942633867e-08
3.175381381381382084e+01 1.566171911034515717e-08
3.179384384384384887e+01 1.532343342800801474e-08
3.183387387387388046e+01 1.499265109943062208e-08
3.187390390390390849e+01 1.466920135412768025e-08
3.191393393393394007e+01 1.435291740646290409e-08
3.195396396396396810e+01 1.404363636039041480e-08
3.199399399399399968e+01 1.374119911652699191e-08
3.203402402402402771e+01 1.344545028149697743e-08
3.207405405405405929e+01 1.315623807949250048e-08
3.211408408408408377e+01 1.287341426599506186e-08
3.215411411411411535e+01 1.259683404360244066e-08
3.219414414414414694e+01 1.232635597991054238e-08
3.223417417417417852e+01 1.206184192739695971e-08
3.227420420420420299e+01 1.180315694525719397e-08
3.231423423423423458e+01 1.155016922314575285e-08
3.235426426426426616e+01 1.130275000677251157e-08
3.239429429429429774e+01 1.106077352531015131e-08
3.243432432432432933e+01 1.082411692056661084e-08
3.247435435435435380e+01 1.059266017787860151e-08
3.251438438438438538e+01 1.036628605868434360e-08
3.255441441441441697e+01 1.014488003473219787e-08
3.259444444444444855e+01 9.928330223886260294e-09
3.263447447447448013e+01 9.716527327488187948e-09
3.267450450450450461e+01 9.509364569236859936e-09
3.271453453453453619e+01 9.306737635548585738e-09
3.275456456456456777e+01 9.108544617361023323e-09
3.279459459459459936e+01 8.914685953344932184e-09
3.283462462462462383e+01 8.725064374488774885e-09
3.287465465465465542e+01 8.539584850022570335e-09
3.291468468468468700e+01 8.358154534648110097e-09
3.295471471471471858e+01 8.180682717042134521e-09
3.299474474474475016e+01 8.007080769602726596e-09
3.303477477477477464e+01 7.837262099406560911e-09
3.307480480480480622e+01 7.671142100348094445e-09
3.311483483483483781e+01 7.508638106431774337e-09
3.315486486486486939e+01 7.349669346188000304e-09
3.319489489489489387e+01 7.194156898185673775e-09
3.323492492492492545e+01 7.042023647614503316e-09
3.327495495495495703e+01 6.893194243910606488e-09
3.331498498498498861e+01 6.747595059399217958e-09
3.335501501501502020e+01 6.605154148930552005e-09
3.339504504504504467e+01 6.465801210483745933e-09
3.343507507507507626e+01 6.329467546714903593e-09
3.347510510510510784e+01 6.196086027427032525e-09
3.351513513513513942e+01 6.065591052938235557e-09
3.355516516516517100e+01 5.937918518326808968e-09
3.359519519519519548e+01 5.813005778531594134e-09
3.363522522522522706e+01 5.690791614286467189e-09
3.367525525525525865e+01 5.571216198868853826e-09
3.371528528528529023e+01 5.454221065642291992e-09
3.375531531531531471e+01 5.339749076373539204e-09
3.379534534534534629e+01 5.227744390305201001e-09
3.383537537537537787e+01 5.118152433966010940e-09
3.387540540540540945e+01 5.010919871699961977e-09
3.391543543543544104e+01 4.905994576897559504e-09
3.395546546546546551e+01 4.803325603911240437e-09
3.399549549549549710e+01 4.702863160639250188e-09
3.403552552552552868e+01 4.604558581760880532e-09
3.407555555555556026e+01 4.508364302607866438e-09
3.411558558558558474e+01 4.414233833655854034e-09
3.415561561561561632e+01 4.322121735621536829e-09
3.419564564564564790e+01 4.231983595150136681e-09
3.423567567567567949e+01 4.143776001079408973e-09
3.427570570570571107e+01 4.057456521265878305e-09
3.431573573573573555e+01 3.972983679959786945e-09
3.435576576576576713e+01 3.890316935715324244e-09
3.439579579579579871e+01 3.809416659823550664e-09
3.443582582582583029e+01 3.730244115254871679e-09
3.447585585585585477e+01 3.652761436099154280e-09
3.451588588588588635e+01 3.576931607491096588e-09
3.455591591591591794e+01 3.502718446009489646e-09
3.459594594594594952e+01 3.430086580538620472e-09
3.463597597597598110e+01 3.359001433580903380e-09
3.467600600600600558e+01 3.289429203009632590e-09
3.471603603603603716e+01 3.221336844251416715e-09
3.475606606606606874e+01 3.154692052887920187e-09
3.479609609609610033e+01 3.089463247666750969e-09
3.483612612612613191e+01 3.025619553911580782e-09
3.487615615615615638e+01 2.963130787322183388e-09
3.491618618618618797e+01 2.901967438154662034e-09
3.495621621621621955e+01 2.842100655772965603e-09
3.499624624624625113e+01 2.783502233562778941e-09
3.503627627627627561e+01 2.726144594198842235e-09
3.507630630630630719e+01 2.670000775257552943e-09
3.511633633633633877e+01 2.615044415166345214e-09
3.515636636636637036e+01 2.561249739481938541e-09
3.519639639639640194e+01 2.508591547489349673e-09
3.523642642642642642e+01 2.457045199114319964e-09
3.527645645645645800e+01 2.406586602141299096e-09
3.531648648648648958e+01 2.357192199729971111e-09
3.535651651651652116e+01 2.308838958223084502e-09
3.539654654654654564e+01 2.261504355238547887e-09
3.543657657657657722e+01 2.215166368039099778e-09
3.547660660660660881e+01 2.169803462173015670e-09
3.551663663663664039e+01 2.125394580379179562e-09
3.555666666666667197e+01 2.081919131750345438e-09
3.559669669669669645e+01 2.039356981148462180e-09
3.563672672672672803e+01 1.997688438865997868e-09
3.567675675675675961e+01 1.956894250527512476e-09
3.571678678678679120e+01 1.916955587225540238e-09
3.575681681681682278e+01 1.877854035885556783e-09
3.579684684684684726e+01 1.839571589854249471e-09
3.583687687687687884e+01 1.802090639706048843e-09
3.587690690690691042e+01 1.765393964262548656e-09
3.591693693693694200e+01 1.729464721819971549e-09
3.595696696696696648e+01 1.694286441579537787e-09
3.599699699699699806e+01 1.659843015276048387e-09
3.603702702702702965e+01 1.626118689000024792e-09
3.607705705705706123e+01 1.593098055208737507e-09
3.611708708708709281e+01 1.560766044921668932e-09
3.615711711711711729e+01 1.529107920096154726e-09
3.619714714714714887e+01 1.498109266178789079e-09
3.623717717717718045e+01 1.467755984828562587e-09
3.627720720720721204e+01 1.438034286807709558e-09
3.631723723723723651e+01 1.408930685036080031e-09
3.635726726726726810e+01 1.380431987805581582e-09
3.639729729729729968e+01 1.352525292150458031e-09
3.643732732732733126e+01 1.325197977370126099e-09
3.647735735735736284e+01 1.298437698700812352e-09
3.651738738738738732e+01 1.272232381132353714e-09
3.655741741741741890e+01 1.246570213367125406e-09
3.659744744744745049e+01 1.221439641917311728e-09
3.663747747747748207e+01 1.196829365337681654e-09
3.667750750750751365e+01 1.172728328590355555e-09
3.671753753753753813e+01 1.149125717538683247e-09
3.675756756756756971e+01 1.126010953567114664e-09
3.679759759759760129e+01 1.103373688324151501e-09
3.683762762762763288e+01 1.081203798585462547e-09
3.687765765765765735e+01 1.059491381234373477e-09
3.691768768768768894e+01 1.038226748356984839e-09
3.695771771771772052e+01 1.017400422449220201e-09
3.699774774774775210e+01 9.970031317332474293e-10
3.703777777777778368e+01 9.770258055806364455e-10
3.707780780780780816e+01 9.574595700398131001e-10
3.711783783783783974e+01 9.382957434653584080e-10
3.715786786786787133e+01 9.195258322468239233e-10
3.719789789789790291e+01 9.011415266346861372e-10
3.723792792792792739e+01 8.831346966611953469e-10
3.727795795795795897e+01 8.654973881539192105e-10
3.731798798798799055e+01 8.482218188398134654e-10
3.735801801801802213e+01 8.313003745377900121e-10
3.739804804804805372e+01 8.147256054375452532e-10
3.743807807807807819e+01 7.984902224628846218e-10
3.747810810810810978e+01 7.825870937173241814e-10
3.751813813813814136e+01 7.670092410103519496e-10
3.755816816816817294e+01 7.517498364622028297e-10
3.759819819819820452e+01 7.368021991854649705e-10
3.763822822822822900e+01 7.221597920417978500e-10
3.767825825825826058e+01 7.078162184718296820e-10
3.771828828828829216e+01 6.937652193967909256e-10
3.775831831831832375e+01 6.800006701899557365e-10
3.779834834834834822e+01 6.665165777165349927e-10
3.783837837837837981e+01 6.533070774402286011e-10
3.787840840840841139e+01 6.403664305950813341e-10
3.791843843843844297e+01 6.276890214209409980e-10
3.795846846846847455e+01 6.152693544612511741e-10
3.799849849849849903e+01 6.031020519215918976e-10
3.803852852852853061e+01 5.911818510876329971e-10
3.807855855855856220e+01 5.795036018011440365e-10
3.811858858858859378e+01 5.680622639926939425e-10
3.815861861861861826e+01 5.568529052697187936e-10
3.819864864864864984e+01 5.458706985587775903e-10
3.823867867867868142e+01 5.351109198006120316e-10
3.827870870870871300e+01 5.245689456969636007e-10
3.831873873873874459e+01 5.142402515077724662e-10
3.835876876876876906e+01 5.041204088977696109e-10
3.839879879879880065e+01 4.942050838312513013e-10
3.843882882882883223e+01 4.844900345139179627e-10
3.847885885885886381e+01 4.749711093807389343e-10
3.851888888888889539e+01 4.656442451287843654e-10
3.855891891891891987e+01 4.565054647939735254e-10
3.859894894894895145e+01 4.475508758707522376e-10
3.863897897897898304e+01 4.387766684737082147e-10
3.867900900900901462e+01 4.301791135401939757e-10
3.871903903903903910e+01 4.217545610729913030e-10
3.875906906906907068e+01 4.134994384220951372e-10
3.879909909909910226e+01 4.054102486047592292e-10
3.883912912912913384e+01 3.974835686629414189e-10
3.887915915915916543e+01 3.897160480572179111e-10
3.891918918918918990e+01 3.821044070964326337e-10
3.895921921921922149e+01 3.746454354022159797e-10
3.899924924924925307e+01 3.673359904075739827e-10
3.903927927927928465e+01 3.601729958888137485e-10
3.907930930930930913e+01 3.531534405300107932e-10
3.911933933933934071e+01 3.462743765192912992e-10
3.915936936936937229e+01 3.395329181762281481e-10
3.919939939939940388e+01 3.329262406095905021e-10
3.923942942942943546e+01 3.264515784048380253e-10
3.927945945945945994e+01 3.201062243406061816e-10
3.931948948948949152e+01 3.138875281335898329e-10
3.935951951951952310e+01 3.077928952111324763e-10
3.939954954954955468e+01 3.018197855109395090e-10
3.943957957957957916e+01 2.959657123072654084e-10
3.947960960960961074e+01 2.902282410629933206e-10
3.951963963963964233e+01 2.846049883070324234e-10
3.955966966966967391e+01 2.790936205364411142e-10
3.959969969969970549e+01 2.736918531427196917e-10
3.963972972972972997e+01 2.683974493617593688e-10
3.967975975975976155e+01 2.632082192468652305e-10
3.971978978978979313e+01 2.581220186643697008e-10
3.975981981981982472e+01 2.531367483113261491e-10
3.979984984984985630e+01 2.482503527547599598e-10
3.983987987987988078e+01 2.434608194920300275e-10
3.987990990990991236e+01 2.387661780317725215e-10
3.991993993993994394e+01 2.341644989950479168e-10
3.995996996996997552e+01 2.296538932361337711e-10
4.000000000000000000e+01 2.252325109826236391e-10
