5.000000000000000000e-01 9.620377574322620529e-01
5.102602602602602788e-01 9.621094278315343029e-01
5.205205205205205576e-01 9.621810320385322246e-01
5.307807807807807254e-01 9.622525700423216755e-01
5.410410410410410043e-01 9.623240418266125751e-01
5.513013013013012831e-01 9.623954473804717802e-01
5.615615615615615619e-01 9.624667866877929523e-01
5.718218218218218407e-01 9.625380597373505154e-01
5.820820820820821195e-01 9.626092665126482206e-01
5.923423423423423984e-01 9.626804070029459925e-01
6.026026026026025662e-01 9.627514811924811067e-01
6.128628628628628450e-01 9.628224890685729287e-01
6.231231231231231238e-01 9.628934306183482006e-01
6.333833833833834026e-01 9.629643058256395216e-01
6.436436436436436814e-01 9.630351146784055238e-01
6.539039039039038492e-01 9.631058571626559539e-01
6.641641641641641280e-01 9.631765332644428579e-01
6.744244244244244069e-01 9.632471429694605680e-01
6.846846846846846857e-01 9.633176862652509387e-01
6.949449449449449645e-01 9.633881631364643594e-01
7.052052052052051323e-01 9.634585735714503718e-01
7.154654654654655221e-01 9.635289175540473483e-01
7.257257257257256899e-01 9.635991950716273902e-01
7.359859859859859688e-01 9.636694061099012609e-01
7.462462462462462476e-01 9.637395506557591141e-01
7.565065065065064154e-01 9.638096286935832202e-01
7.667667667667668052e-01 9.638796402118210427e-01
7.770270270270269730e-01 9.639495851950504735e-01
7.872872872872872518e-01 9.640194636306403941e-01
7.975475475475475307e-01 9.640892755019375704e-01
8.078078078078078095e-01 9.641590207986948657e-01
8.180680680680680883e-01 9.642286995040729725e-01
8.283283283283282561e-01 9.642983116051846437e-01
8.385885885885886459e-01 9.643678570884817169e-01
8.488488488488488137e-01 9.644373359401016144e-01
8.591091091091090926e-01 9.645067481452485048e-01
8.693693693693693714e-01 9.645760936905265481e-01
8.796296296296295392e-01 9.646453725619086317e-01
8.898898898898899290e-01 9.647145847456117806e-01
9.001501501501500968e-01 9.647837302268117421e-01
9.104104104104103756e-01 9.648528089923102957e-01
9.206706706706706544e-01 9.649218210285331887e-01
9.309309309309309333e-01 9.649907663203632913e-01
9.411911911911912121e-01 9.650596448540821326e-01
9.514514514514513799e-01 9.651284566158503386e-01
9.617117117117117697e-01 9.651972015917891223e-01
9.719719719719719375e-01 9.652658797683610903e-01
9.822322322322322163e-01 9.653344911309448273e-01
9.924924924924924952e-01 9.654030356656303491e-01
1.002752752752752663e+00 9.654715133571121211e-01
1.013013013013012831e+00 9.655399241934529142e-01
1.023273273273273221e+00 9.656082681594444495e-01
1.033533533533533610e+00 9.656765452410751571e-01
1.043793793793793778e+00 9.657447554256108901e-01
1.054054054054053946e+00 9.658128986969548579e-01
1.064314314314314336e+00 9.658809750422121532e-01
1.074574574574574504e+00 9.659489844469487663e-01
1.084834834834834894e+00 9.660169268976723789e-01
1.095095095095095061e+00 9.660848023796413386e-01
1.105355355355355229e+00 9.661526108785912781e-01
1.115615615615615619e+00 9.662203523812422645e-01
1.125875875875876009e+00 9.662880268739445500e-01
1.136136136136136177e+00 9.663556343398271853e-01
1.146396396396396344e+00 9.664231747689981944e-01
1.156656656656656512e+00 9.664906481443659159e-01
1.166916916916916902e+00 9.665580544526571893e-01
1.177177177177177292e+00 9.666253936805007108e-01
1.187437437437437460e+00 9.666926658119874283e-01
1.197697697697697627e+00 9.667598708351485826e-01
1.207957957957957795e+00 9.668270087346685360e-01
1.218218218218218185e+00 9.668940794968002850e-01
1.228478478478478575e+00 9.669610831071214774e-01
1.238738738738738743e+00 9.670280195525422506e-01
1.248998998998998911e+00 9.670948888177629543e-01
1.259259259259259078e+00 9.671616908901071730e-01
1.269519519519519468e+00 9.672284257529943918e-01
1.279779779779779858e+00 9.672950933950233976e-01
1.290040040040040026e+00 9.673616938006575072e-01
1.300300300300300194e+00 9.674282269558720504e-01
1.310560560560560361e+00 9.674946928465339990e-01
1.320820820820820751e+00 9.675610914589419798e-01
1.331081081081081141e+00 9.676274227801475725e-01
1.341341341341341309e+00 9.676936867939023301e-01
1.351601601601601477e+00 9.677598834866081301e-01
1.361861861861861867e+00 9.678260128458017197e-01
1.372122122122122034e+00 9.678920748548293096e-01
1.382382382382382424e+00 9.679580695014644576e-01
1.392642642642642592e+00 9.680239967721747663e-01
1.402902902902902760e+00 9.680898566504922975e-01
1.413163163163163150e+00 9.681556491244357465e-01
1.423423423423423539e+00 9.682213741786075412e-01
1.433683683683683707e+00 9.682870317998510945e-01
1.443943943943943875e+00 9.683526219727663920e-01
1.454204204204204043e+00 9.684181446854848163e-01
1.464464464464464433e+00 9.684835999222694003e-01
1.474724724724724823e+00 9.685489876699198142e-01
1.484984984984984990e+00 9.686143079128349820e-01
1.495245245245245158e+00 9.686795606388662883e-01
1.505505505505505548e+00 9.687447458321790661e-01
1.515765765765765716e+00 9.688098634800165199e-01
1.526026026026025884e+00 9.688749135684904257e-01
1.536286286286286273e+00 9.689398960821240525e-01
1.546546546546546441e+00 9.690048110069496845e-01
1.556806806806806831e+00 9.690696583311868562e-01
1.567067067067066999e+00 9.691344380393044355e-01
1.577327327327327167e+00 9.691991501165744261e-01
1.587587587587587556e+00 9.692637945493121077e-01
1.597847847847847724e+00 9.693283713234847054e-01
1.608108108108108114e+00 9.693928804251461528e-01
1.618368368368368282e+00 9.694573218413016225e-01
1.628628628628628672e+00 9.695216955574244011e-01
1.638888888888888840e+00 9.695860015579461644e-01
1.649149149149149007e+00 9.696502398307611514e-01
1.659409409409409397e+00 9.697144103594669273e-01
1.669669669669669565e+00 9.697785131334117903e-01
1.679929929929929955e+00 9.698425481357263456e-01
1.690190190190190123e+00 9.699065153538579676e-01
1.700450450450450290e+00 9.699704147731260662e-01
1.710710710710710680e+00 9.700342463792368530e-01
1.720970970970970848e+00 9.700980101592053817e-01
1.731231231231231238e+00 9.701617060987566266e-01
1.741491491491491406e+00 9.702253341837595579e-01
1.751751751751751796e+00 9.702888943996703652e-01
1.762012012012011963e+00 9.703523867335308584e-01
1.772272272272272131e+00 9.704158111708550694e-01
1.782532532532532521e+00 9.704791676972486236e-01
1.792792792792792689e+00 9.705424562992787108e-01
1.803053053053053079e+00 9.706056769615712954e-01
1.813313313313313246e+00 9.706688296728774867e-01
1.823573573573573414e+00 9.707319144175307057e-01
1.833833833833833804e+00 9.707949311803952819e-01
1.844094094094093972e+00 9.708578799505956924e-01
1.854354354354354362e+00 9.709207607116289163e-01
1.864614614614614529e+00 9.709835734521919948e-01
1.874874874874874697e+00 9.710463181531729937e-01
1.885135135135135087e+00 9.711089948066665700e-01
1.895395395395395255e+00 9.711716033951715010e-01
1.905655655655655645e+00 9.712341439059580805e-01
1.915915915915915813e+00 9.712966163245850826e-01
1.926176176176176202e+00 9.713590206381935710e-01
1.936436436436436370e+00 9.714213568311491631e-01
1.946696696696696538e+00 9.714836248918450323e-01
1.956956956956956928e+00 9.715458248046081602e-01
1.967217217217217096e+00 9.716079565548717545e-01
1.977477477477477485e+00 9.716700201310072282e-01
1.987737737737737653e+00 9.717320155171638163e-01
1.997997997997997821e+00 9.717939427014009590e-01
2.008258258258257989e+00 9.718558016678678912e-01
2.018518518518518157e+00 9.719175924037480874e-01
2.028778778778778769e+00 9.719793148951845208e-01
2.039039039039038936e+00 9.720409691290390342e-01
2.049299299299299548e+00 9.721025550893714895e-01
2.059559559559559716e+00 9.721640727643511282e-01
2.069819819819819884e+00 9.722255221398358183e-01
2.080080080080080052e+00 9.722869032003106371e-01
2.090340340340340219e+00 9.723482159342913267e-01
2.100600600600600387e+00 9.724094603271935533e-01
2.110860860860860555e+00 9.724706363636653750e-01
2.121121121121120723e+00 9.725317440315831563e-01
2.131381381381381335e+00 9.725927833178669157e-01
2.141641641641641503e+00 9.726537542066505670e-01
2.151901901901902114e+00 9.727146566846572862e-01
2.162162162162162282e+00 9.727754907389400962e-01
2.172422422422422450e+00 9.728362563564730836e-01
2.182682682682682618e+00 9.728969535210194586e-01
2.192942942942942786e+00 9.729575822212181979e-01
2.203203203203202953e+00 9.730181424417435609e-01
2.213463463463463121e+00 9.730786341689111607e-01
2.223723723723723733e+00 9.731390573913006881e-01
2.233983983983983901e+00 9.731994120922953240e-01
2.244244244244244069e+00 9.732596982593466617e-01
2.254504504504504681e+00 9.733199158789790362e-01
2.264764764764764848e+00 9.733800649366489699e-01
2.275025025025025016e+00 9.734401454199508308e-01
2.285285285285285184e+00 9.735001573145813936e-01
2.295545545545545352e+00 9.735601006068920205e-01
2.305805805805805520e+00 9.736199752820876574e-01
2.316066066066065687e+00 9.736797813283585290e-01
2.326326326326326299e+00 9.737395187308924838e-01
2.336586586586586467e+00 9.737991874770401957e-01
2.346846846846847079e+00 9.738587875522692894e-01
2.357107107107107247e+00 9.739183189429436727e-01
2.367367367367367414e+00 9.739777816355441598e-01
2.377627627627627582e+00 9.740371756175233431e-01
2.387887887887887750e+00 9.740965008738227127e-01
2.398148148148147918e+00 9.741557573907511092e-01
2.408408408408408086e+00 9.742149451565353946e-01
2.418668668668668253e+00 9.742740641552080083e-01
2.428928928928928865e+00 9.743331143758521273e-01
2.439189189189189033e+00 9.743920958020177991e-01
2.449449449449449645e+00 9.744510084229776048e-01
2.459709709709709813e+00 9.745098522221167237e-01
2.469969969969969981e+00 9.745686271892461949e-01
2.480230230230230148e+00 9.746273333079008561e-01
2.490490490490490316e+00 9.746859705665191775e-01
2.500750750750750484e+00 9.747445389503899271e-01
2.511011011011011096e+00 9.748030384473658216e-01
2.521271271271271264e+00 9.748614690424379781e-01
2.531531531531531432e+00 9.749198307232675997e-01
2.541791791791791599e+00 9.749781234753883696e-01
2.552052052052051767e+00 9.750363472859197023e-01
2.562312312312312379e+00 9.750945021416131953e-01
2.572572572572572547e+00 9.751525880285542014e-01
2.582832832832832715e+00 9.752106049340487637e-01
2.593093093093092882e+00 9.752685528429897444e-01
2.603353353353353050e+00 9.753264317440227815e-01
2.613613613613613662e+00 9.753842416216873534e-01
2.623873873873873830e+00 9.754419824639194436e-01
2.634134134134133998e+00 9.754996542579781327e-01
2.644394394394394165e+00 9.755572569892291268e-01
2.654654654654654333e+00 9.756147906445242768e-01
2.664914914914914945e+00 9.756722552094304612e-01
2.675175175175175113e+00 9.757296506733375008e-01
2.685435435435435281e+00 9.757869770201932358e-01
2.695695695695695449e+00 9.758442342378527146e-01
2.705955955955956060e+00 9.759014223136891486e-01
2.716216216216216228e+00 9.759585412327985710e-01
2.726476476476476396e+00 9.760155909827781251e-01
2.736736736736736564e+00 9.760725715505732536e-01
2.746996996996996732e+00 9.761294829221236480e-01
2.757257257257257343e+00 9.761863250847779838e-01
2.767517517517517511e+00 9.762430980243773648e-01
2.777777777777777679e+00 9.762998017287836117e-01
2.788038038038037847e+00 9.763564361846899242e-01
2.798298298298298015e+00 9.764130013772192029e-01
2.808558558558558627e+00 9.764694972947627338e-01
2.818818818818818794e+00 9.765259239243063716e-01
2.829079079079078962e+00 9.765822812509681317e-01
2.839339339339339130e+00 9.766385692631239790e-01
2.849599599599599298e+00 9.766947879473056870e-01
2.859859859859859910e+00 9.767509372898750541e-01
2.870120120120120077e+00 9.768070172773194448e-01
2.880380380380380245e+00 9.768630278969457903e-01
2.890640640640640413e+00 9.769189691355590899e-01
2.900900900900900581e+00 9.769748409799110522e-01
2.911161161161161193e+00 9.770306434177982169e-01
2.921421421421421361e+00 9.770863764349352332e-01
2.931681681681681528e+00 9.771420400186252575e-01
2.941941941941941696e+00 9.771976341557746526e-01
2.952202202202201864e+00 9.772531588346164977e-01
2.962462462462462476e+00 9.773086140375925046e-01
2.972722722722722644e+00 9.773639997566803128e-01
2.982982982982982811e+00 9.774193159766307870e-01
2.993243243243242979e+00 9.774745626841953028e-01
3.003503503503503591e+00 9.775297398668125748e-01
3.013763763763763759e+00 9.775848475110344715e-01
3.024024024024023927e+00 9.776398856050254604e-01
3.034284284284284094e+00 9.776948541345827914e-01
3.044544544544544262e+00 9.777497530870941089e-01
3.054804804804804874e+00 9.778045824488637017e-01
3.065065065065065042e+00 9.778593422087537013e-01
3.075325325325325210e+00 9.779140323522739209e-01
3.085585585585585378e+00 9.779686528669675472e-01
3.095845845845845545e+00 9.780232037391997091e-01
3.106106106106106157e+00 9.780776849566820141e-01
3.116366366366366325e+00 9.781320965064934647e-01
3.126626626626626493e+00 9.781864383770739746e-01
3.136886886886886661e+00 9.782407105514995260e-01
3.147147147147146828e+00 9.782949130205220722e-01
3.157407407407407440e+00 9.783490457701942145e-01
3.167667667667667608e+00 9.784031087885373124e-01
3.177927927927927776e+00 9.784571020606859237e-01
3.188188188188187944e+00 9.785110255747724306e-01
3.198448448448448111e+00 9.785648793189042349e-01
3.208708708708708723e+00 9.786186632791253892e-01
3.218968968968968891e+00 9.786723774435263090e-01
3.229229229229229059e+00 9.787260217983450028e-01
3.239489489489489227e+00 9.787795963305618852e-01
3.249749749749749395e+00 9.788331010286992484e-01
3.260010010010010006e+00 9.788865358783366277e-01
3.270270270270270174e+00 9.789399008685281123e-01
3.280530530530530342e+00 9.789931959864943689e-01
3.290790790790790510e+00 9.790464212172023117e-01
3.301051051051051122e+00 9.790995765501503412e-01
3.311311311311311290e+00 9.791526619724308933e-01
3.321571571571571457e+00 9.792056774700373944e-01
3.331831831831831625e+00 9.792586230315940554e-01
3.342092092092091793e+00 9.793114986427021718e-01
3.352352352352352405e+00 9.793643042929252029e-01
3.362612612612612573e+00 9.794170399687547324e-01
3.372872872872872740e+00 9.794697056567649440e-01
3.383133133133132908e+00 9.795223013450483629e-01
3.393393393393393076e+00 9.795748270209881925e-01
3.403653653653653688e+00 9.796272826726284411e-01
3.413913913913913856e+00 9.796796682857527028e-01
3.424174174174174023e+00 9.797319838494031874e-01
3.434434434434434191e+00 9.797842293494204435e-01
3.444694694694694359e+00 9.798364047741422445e-01
3.454954954954954971e+00 9.798885101121561636e-01
3.465215215215215139e+00 9.799405453484497652e-01
3.475475475475475307e+00 9.799925104724799274e-01
3.485735735735735474e+00 9.800444054712706965e-01
3.495995995995995642e+00 9.800962303315213786e-01
3.506256256256256254e+00 9.801479850421439544e-01
3.516516516516516422e+00 9.801996695892317701e-01
3.526776776776776590e+00 9.802512839616468465e-01
3.537037037037036757e+00 9.803028281459312820e-01
3.547297297297296925e+00 9.803543021299864213e-01
3.557557557557557537e+00 9.804057059013280284e-01
3.567817817817817705e+00 9.804570394475528028e-01
3.578078078078077873e+00 9.805083027567111920e-01
3.588338338338338041e+00 9.805594958156300667e-01
3.598598598598598652e+00 9.806106186134844194e-01
3.608858858858858820e+00 9.806616711340644388e-01
3.619119119119118988e+00 9.807126533708787619e-01
3.629379379379379156e+00 9.807635653075523763e-01
3.639639639639639324e+00 9.808144069316717673e-01
3.649899899899899935e+00 9.808651782329211866e-01
3.660160160160160103e+00 9.809158791969252444e-01
3.670420420420420271e+00 9.809665098133427685e-01
3.680680680680680439e+00 9.810170700692492085e-01
3.690940940940940607e+00 9.810675599522999946e-01
3.701201201201201219e+00 9.811179794495760165e-01
3.711461461461461386e+00 9.811683285494983142e-01
3.721721721721721554e+00 9.812186072401036796e-01
3.731981981981981722e+00 9.812688155089515085e-01
3.742242242242241890e+00 9.813189533442437940e-01
3.752502502502502502e+00 9.813690207313430225e-01
3.762762762762762669e+00 9.814190176621822026e-01
3.773023023023022837e+00 9.814689441210939780e-01
3.783283283283283005e+00 9.815188000980459293e-01
3.793543543543543173e+00 9.815685855793820913e-01
3.803803803803803785e+00 9.816183005546987861e-01
3.814064064064063952e+00 9.816679450109625504e-01
3.824324324324324120e+00 9.817175189355623610e-01
3.834584584584584288e+00 9.817670223167621613e-01
3.844844844844844456e+00 9.818164551428115727e-01
3.855105105105105068e+00 9.818658174018759510e-01
3.865365365365365236e+00 9.819151090817184180e-01
3.875625625625625403e+00 9.819643301703067095e-01
3.885885885885885571e+00 9.820134806554239315e-01
3.896146146146146183e+00 9.820625605242067069e-01
3.906406406406406351e+00 9.821115697667957001e-01
3.916666666666666519e+00 9.821605083701470118e-01
3.926926926926926686e+00 9.822093763210855144e-01
3.937187187187186854e+00 9.822581736095770122e-01
3.947447447447447466e+00 9.823069002226958446e-01
3.957707707707707634e+00 9.823555561489356602e-01
3.967967967967967802e+00 9.824041413754412977e-01
3.978228228228227970e+00 9.824526558914372654e-01
3.988488488488488137e+00 9.825010996854688372e-01
3.998748748748748749e+00 9.825494727440718945e-01
4.009009009009009361e+00 9.825977750564972579e-01
4.019269269269269529e+00 9.826460066112930880e-01
4.029529529529529697e+00 9.826941673950082556e-01
4.039789789789789864e+00 9.827422573961253072e-01
4.050050050050050032e+00 9.827902766052321049e-01
4.060310310310310200e+00 9.828382250075476945e-01
4.070570570570570368e+00 9.828861025924844341e-01
4.080830830830830536e+00 9.829339093495982338e-01
4.091091091091090703e+00 9.829816452649305925e-01
4.101351351351350871e+00 9.830293103291477541e-01
4.111611611611611039e+00 9.830769045277542029e-01
4.121871871871871207e+00 9.831244278505230083e-01
4.132132132132131375e+00 9.831718802867266405e-01
4.142392392392391542e+00 9.832192618228968728e-01
4.152652652652652598e+00 9.832665724485193381e-01
4.162912912912912766e+00 9.833138121510610619e-01
4.173173173173172934e+00 9.833609809193198936e-01
4.183433433433433102e+00 9.834080787423992165e-01
4.193693693693694158e+00 9.834551056074170017e-01
4.203953953953954326e+00 9.835020615037706193e-01
4.214214214214214493e+00 9.835489464207720633e-01
4.224474474474474661e+00 9.835957603444093200e-01
4.234734734734734829e+00 9.836425032634263932e-01
4.244994994994994997e+00 9.836891751689059715e-01
4.255255255255255165e+00 9.837357760467259071e-01
4.265515515515515332e+00 9.837823058871484339e-01
4.275775775775775500e+00 9.838287646775593087e-01
4.286036036036035668e+00 9.838751524057001152e-01
4.296296296296295836e+00 9.839214690625101012e-01
4.306556556556556004e+00 9.839677146342535874e-01
4.316816816816816171e+00 9.840138891114431630e-01
4.327077077077076339e+00 9.840599924812361010e-01
4.337337337337336507e+00 9.841060247329580513e-01
4.347597597597597563e+00 9.841519858547227440e-01
4.357857857857857731e+00 9.841978758355910406e-01
4.368118118118117899e+00 9.842436946632016070e-01
4.378378378378378066e+00 9.842894423279262561e-01
4.388638638638638234e+00 9.843351188175474276e-01
4.398898898898899290e+00 9.843807241200616120e-01
4.409159159159159458e+00 9.844262582250666860e-01
4.419419419419419626e+00 9.844717211207855145e-01
4.429679679679679793e+00 9.845171127965257618e-01
4.439939939939939961e+00 9.845624332406650581e-01
4.450200200200200129e+00 9.846076824420372242e-01
4.460460460460460297e+00 9.846528603889669329e-01
4.470720720720720465e+00 9.846979670713057464e-01
4.480980980980980632e+00 9.847430024774496138e-01
4.491241241241240800e+00 9.847879665946318584e-01
4.501501501501500968e+00 9.848328594136330771e-01
4.511761761761761136e+00 9.848776809232836493e-01
4.522022022022022192e+00 9.849224311098747631e-01
4.532282282282282360e+00 9.849671099661525542e-01
4.542542542542542527e+00 9.850117174791043206e-01
4.552802802802802695e+00 9.850562536362602595e-01
4.563063063063062863e+00 9.851007184285749396e-01
4.573323323323323031e+00 9.851451118446780120e-01
4.583583583583583199e+00 9.851894338716185029e-01
4.593843843843843366e+00 9.852336845014865174e-01
4.604104104104103534e+00 9.852778637212983304e-01
4.614364364364364590e+00 9.853219715190678629e-01
4.624624624624624758e+00 9.853660078868373695e-01
4.634884884884884926e+00 9.854099728111210821e-01
4.645145145145145094e+00 9.854538662817385886e-01
4.655405405405405261e+00 9.854976882880661648e-01
4.665665665665665429e+00 9.855414388181082952e-01
4.675925925925925597e+00 9.855851178619682296e-01
4.686186186186185765e+00 9.856287254089193262e-01
4.696446446446445933e+00 9.856722614479516142e-01
4.706706706706706100e+00 9.857157259670311644e-01
4.716966966966967156e+00 9.857591189552137312e-01
4.727227227227227324e+00 9.858024404032312837e-01
4.737487487487487492e+00 9.858456903006448391e-01
4.747747747747747660e+00 9.858888686350004704e-01
4.758008008008007828e+00 9.859319753956313770e-01
4.768268268268267995e+00 9.859750105730713532e-01
4.778528528528528163e+00 9.860179741552517196e-01
4.788788788788788331e+00 9.860608661311113243e-01
4.799049049049048499e+00 9.861036864913040878e-01
4.809309309309308667e+00 9.861464352251460008e-01
4.819569569569569722e+00 9.861891123198547326e-01
4.829829829829829890e+00 9.862317177671801049e-01
4.840090090090090058e+00 9.862742515543286848e-01
4.850350350350350226e+00 9.863167136727443163e-01
4.860610610610610394e+00 9.863591041099665224e-01
4.870870870870870561e+00 9.864014228570471277e-01
4.881131131131130729e+00 9.864436699008229947e-01
4.891391391391390897e+00 9.864858452342648576e-01
4.901651651651651065e+00 9.865279488431969446e-01
4.911911911911912121e+00 9.865699807195247306e-01
4.922172172172172289e+00 9.866119408520304113e-01
4.932432432432432456e+00 9.866538292299058543e-01
4.942692692692692624e+00 9.866956458423388199e-01
4.952952952952952792e+00 9.867373906795889882e-01
4.963213213213212960e+00 9.867790637307057855e-01
4.973473473473473128e+00 9.868206649851758439e-01
4.983733733733733295e+00 9.868621944323365813e-01
4.993993993993993463e+00 9.869036520628525766e-01
5.004254254254253631e+00 9.869450378654408551e-01
5.014514514514514687e+00 9.869863518296057014e-01
5.024774774774774855e+00 9.870275939446152558e-01
5.035035035035035023e+00 9.870687642017125230e-01
5.045295295295295190e+00 9.871098625882014366e-01
5.055555555555555358e+00 9.871508890955974502e-01
5.065815815815815526e+00 9.871918437120168477e-01
5.076076076076075694e+00 9.872327264284139758e-01
5.086336336336335862e+00 9.872735372346065352e-01
5.096596596596596029e+00 9.873142761202227113e-01
5.106856856856856197e+00 9.873549430735967247e-01
5.117117117117117253e+00 9.873955380854655406e-01
5.127377377377377421e+00 9.874360611458827819e-01
5.137637637637637589e+00 9.874765122445120502e-01
5.147897897897897757e+00 9.875168913703938900e-01
5.158158158158157924e+00 9.875571985137394648e-01
5.168418418418418092e+00 9.875974336661552666e-01
5.178678678678678260e+00 9.876375968146694495e-01
5.188938938938938428e+00 9.876776879497480843e-01
5.199199199199198596e+00 9.877177070623148758e-01
5.209459459459459651e+00 9.877576541408031874e-01
5.219719719719719819e+00 9.877975291778777756e-01
5.229979979979979987e+00 9.878373321609552615e-01
5.240240240240240155e+00 9.878770630805933095e-01
5.250500500500500323e+00 9.879167219266333788e-01
5.260760760760760490e+00 9.879563086890943424e-01
5.271021021021020658e+00 9.879958233589860583e-01
5.281281281281280826e+00 9.880352659233214707e-01
5.291541541541540994e+00 9.880746363762892281e-01
5.301801801801801162e+00 9.881139347047964705e-01
5.312062062062062218e+00 9.881531609008390449e-01
5.322322322322322385e+00 9.881923149527485073e-01
5.332582582582582553e+00 9.882313968515114011e-01
5.342842842842842721e+00 9.882704065874438060e-01
5.353103103103102889e+00 9.883093441504662291e-01
5.363363363363363057e+00 9.883482095305841097e-01
5.373623623623623224e+00 9.883870027174487261e-01
5.383883883883883392e+00 9.884257237020679376e-01
5.394144144144143560e+00 9.884643724746492444e-01
5.404404404404403728e+00 9.885029490243292249e-01
5.414664664664664784e+00 9.885414533420054939e-01
5.424924924924924952e+00 9.885798854177889616e-01
5.435185185185185119e+00 9.886182452424080447e-01
5.445445445445445287e+00 9.886565328061852620e-01
5.455705705705705455e+00 9.886947480981039815e-01
5.465965965965965623e+00 9.887328911089220407e-01
5.476226226226225791e+00 9.887709618310762671e-01
5.486486486486485958e+00 9.888089602520861998e-01
5.496746746746746126e+00 9.888468863629881200e-01
5.507007007007007182e+00 9.888847401552928185e-01
5.517267267267267350e+00 9.889225216185388856e-01
5.527527527527527518e+00 9.889602307427461936e-01
5.537787787787787686e+00 9.889978675188022539e-01
5.548048048048047853e+00 9.890354319365042279e-01
5.558308308308308021e+00 9.890729239869900935e-01
5.568568568568568189e+00 9.891103436621109246e-01
5.578828828828828357e+00 9.891476909494300029e-01
5.589089089089088525e+00 9.891849658415333701e-01
5.599349349349348692e+00 9.892221683271711363e-01
5.609609609609609748e+00 9.892592983978818477e-01
5.619869869869869916e+00 9.892963560450012128e-01
5.630130130130130084e+00 9.893333412583263931e-01
5.640390390390390252e+00 9.893702540283582092e-01
5.650650650650650419e+00 9.894070943453381339e-01
5.660910910910910587e+00 9.894438622005267137e-01
5.671171171171170755e+00 9.894805575836299605e-01
5.681431431431430923e+00 9.895171804858879927e-01
5.691691691691691091e+00 9.895537309000290715e-01
5.701951951951951258e+00 9.895902088134908015e-01
5.712212212212212314e+00 9.896266142165275337e-01
5.722472472472472482e+00 9.896629471033726588e-01
5.732732732732732650e+00 9.896992074622590341e-01
5.742992992992992818e+00 9.897353952855607595e-01
5.753253253253252986e+00 9.897715105616093911e-01
5.763513513513513153e+00 9.898075532828541911e-01
5.773773773773773321e+00 9.898435234401298244e-01
5.784034034034033489e+00 9.898794210238373026e-01
5.794294294294293657e+00 9.899152460253455299e-01
5.804554554554554713e+00 9.899509984332769408e-01
5.814814814814814881e+00 9.899866782414146194e-01
5.825075075075075048e+00 9.900222854398068595e-01
5.835335335335335216e+00 9.900578200186893607e-01
5.845595595595595384e+00 9.900932819695859033e-01
5.855855855855855552e+00 9.901286712819221680e-01
5.866116116116115720e+00 9.901639879481985984e-01
5.876376376376375887e+00 9.901992319601689019e-01
5.886636636636636055e+00 9.902344033065872964e-01
5.896896896896896223e+00 9.902695019790037634e-01
5.907157157157157279e+00 9.903045279696871539e-01
5.917417417417417447e+00 9.903394812687480453e-01
5.927677677677677615e+00 9.903743618671592142e-01
5.937937937937937782e+00 9.904091697564160190e-01
5.948198198198197950e+00 9.904439049272442119e-01
5.958458458458458118e+00 9.904785673712780403e-01
5.968718718718718286e+00 9.905131570798201279e-01
5.978978978978978454e+00 9.905476740421695903e-01
5.989239239239238621e+00 9.905821182509906286e-01
5.999499499499498789e+00 9.906164896971358935e-01
6.009759759759759845e+00 9.906507883718427276e-01
6.020020020020020013e+00 9.906850142664589409e-01
6.030280280280280181e+00 9.907191673715525226e-01
6.040540540540540349e+00 9.907532476794022047e-01
6.050800800800800516e+00 9.907872551797192173e-01
6.061061061061060684e+00 9.908211898651273497e-01
6.071321321321320852e+00 9.908550517270618974e-01
6.081581581581581020e+00 9.908888407558693601e-01
6.091841841841841187e+00 9.909225569426302060e-01
6.102102102102102243e+00 9.909562002799826574e-01
6.112362362362362411e+00 9.909897707585559878e-01
6.122622622622622579e+00 9.910232683691785338e-01
6.132882882882882747e+00 9.910566931043424121e-01
6.143143143143142915e+00 9.910900449543871282e-01
6.153403403403403082e+00 9.911233239121237659e-01
6.163663663663663250e+00 9.911565299669621298e-01
6.173923923923923418e+00 9.911896631130111546e-01
6.184184184184183586e+00 9.912227233394311776e-01
6.194444444444443754e+00 9.912557106382782202e-01
6.204704704704704810e+00 9.912886250015870981e-01
6.214964964964964977e+00 9.913214664218444883e-01
6.225225225225225145e+00 9.913542348866005716e-01
6.235485485485485313e+00 9.913869303922034915e-01
6.245745745745745481e+00 9.914195529266272011e-01
6.256006006006005649e+00 9.914521024847557928e-01
6.266266266266265816e+00 9.914845790556106042e-01
6.276526526526525984e+00 9.915169826326335478e-01
6.286786786786786152e+00 9.915493132051970138e-01
6.297047047047046320e+00 9.915815707675343926e-01
6.307307307307307376e+00 9.916137553097612578e-01
6.317567567567567544e+00 9.916458668228050888e-01
6.327827827827827711e+00 9.916779053006075095e-01
6.338088088088087879e+00 9.917098707333723562e-01
6.348348348348348047e+00 9.917417631126236310e-01
6.358608608608608215e+00 9.917735824327388316e-01
6.368868868868868383e+00 9.918053286813630631e-01
6.379129129129128550e+00 9.918370018525984877e-01
6.389389389389388718e+00 9.918686019397493503e-01
6.399649649649649774e+00 9.919001289326531134e-01
6.409909909909909942e+00 9.919315828228192355e-01
6.420170170170170110e+00 9.919629636028793884e-01
6.430430430430430278e+00 9.919942712646613314e-01
6.440690690690690445e+00 9.920255058008077276e-01
6.450950950950950613e+00 9.920566672019204280e-01
6.461211211211210781e+00 9.920877554600361359e-01
6.471471471471470949e+00 9.921187705685536873e-01
6.481731731731731116e+00 9.921497125187033195e-01
6.491991991991991284e+00 9.921805813024466847e-01
6.502252252252252340e+00 9.922113769102904879e-01
6.512512512512512508e+00 9.922420993373005649e-01
6.522772772772772676e+00 9.922727485729979646e-01
6.533033033033032844e+00 9.923033246099578486e-01
6.543293293293293011e+00 9.923338274424439165e-01
6.553553553553553179e+00 9.923642570586833633e-01
6.563813813813813347e+00 9.923946134543049080e-01
6.574074074074073515e+00 9.924248966190544197e-01
6.584334334334333683e+00 9.924551065473316003e-01
6.594594594594593850e+00 9.924852432285117265e-01
6.604854854854854906e+00 9.925153066572582894e-01
6.615115115115115074e+00 9.925452968249085517e-01
6.625375375375375242e+00 9.925752137246266482e-01
6.635635635635635410e+00 9.926050573460010185e-01
6.645895895895895578e+00 9.926348276828285133e-01
6.656156156156155745e+00 9.926645247280571072e-01
6.666416416416415913e+00 9.926941484736154786e-01
6.676676676676676081e+00 9.927236989126677624e-01
6.686936936936936249e+00 9.927531760352962253e-01
6.697197197197197305e+00 9.927825798348546282e-01
6.707457457457457473e+00 9.928119103045092153e-01
6.717717717717717640e+00 9.928411674360728689e-01
6.727977977977977808e+00 9.928703512218484128e-01
6.738238238238237976e+00 9.928994616548301178e-01
6.748498498498498144e+00 9.929284987264157536e-01
6.758758758758758312e+00 9.929574624304781105e-01
6.769019019019018479e+00 9.929863527584353866e-01
6.779279279279278647e+00 9.930151697032855163e-01
6.789539539539538815e+00 9.930439132577193462e-01
6.799799799799799871e+00 9.930725834123872442e-01
6.810060060060060039e+00 9.931011801612394940e-01
6.820320320320320207e+00 9.931297034985056005e-01
6.830580580580580374e+00 9.931581534140270229e-01
6.840840840840840542e+00 9.931865299025700589e-01
6.851101101101100710e+00 9.932148329550338772e-01
6.861361361361360878e+00 9.932430625648327460e-01
6.871621621621621046e+00 9.932712187251571123e-01
6.881881881881881213e+00 9.932993014274307253e-01
6.892142142142141381e+00 9.933273106651135942e-01
6.902402402402402437e+00 9.933552464315225095e-01
6.912662662662662605e+00 9.933831087186502096e-01
6.922922922922922773e+00 9.934108975182218693e-01
6.933183183183182940e+00 9.934386128262977511e-01
6.943443443443443108e+00 9.934662546312921227e-01
6.953703703703703276e+00 9.934938229294011380e-01
6.963963963963963444e+00 9.935213177109237792e-01
6.974224224224223612e+00 9.935487389717884144e-01
6.984484484484483779e+00 9.935760867014560294e-01
6.994744744744744835e+00 9.936033608957340890e-01
7.005005005005005003e+00 9.936305615456898499e-01
7.015265265265265171e+00 9.936576886448843515e-01
7.025525525525525339e+00 9.936847421852679219e-01
7.035785785785785507e+00 9.937117221617961516e-01
7.046046046046045674e+00 9.937386285664341345e-01
7.056306306306305842e+00 9.937654613917905611e-01
7.066566566566566010e+00 9.937922206314742102e-01
7.076826826826826178e+00 9.938189062768246762e-01
7.087087087087086346e+00 9.938455183236922785e-01
7.097347347347347402e+00 9.938720567634442560e-01
7.107607607607607569e+00 9.938985215886105840e-01
7.117867867867867737e+00 9.939249127931405470e-01
7.128128128128127905e+00 9.939512303699250539e-01
7.138388388388388073e+00 9.939774743128049206e-01
7.148648648648648241e+00 9.940036446146347515e-01
7.158908908908908408e+00 9.940297412683848366e-01
7.169169169169168576e+00 9.940557642666248972e-01
7.179429429429428744e+00 9.940817136035048351e-01
7.189689689689688912e+00 9.941075892714557050e-01
7.199949949949949968e+00 9.941333912644600979e-01
7.210210210210210136e+00 9.941591195756226407e-01
7.220470470470470303e+00 9.941847741982405839e-01
7.230730730730730471e+00 9.942103551247239990e-01
7.240990990990990639e+00 9.942358623502428605e-01
7.251251251251250807e+00 9.942612958651642074e-01
7.261511511511510975e+00 9.942866556660392430e-01
7.271771771771771142e+00 9.943119417450068109e-01
7.282032032032031310e+00 9.943371540951151388e-01
7.292292292292292366e+00 9.943622927087056862e-01
7.302552552552552534e+00 9.943873575830206590e-01
7.312812812812812702e+00 9.944123487080017698e-01
7.323073073073072869e+00 9.944372660777409667e-01
7.333333333333333037e+00 9.944621096860094545e-01
7.343593593593593205e+00 9.944868795261926353e-01
7.353853853853853373e+00 9.945115755924518464e-01
7.364114114114113541e+00 9.945361978772839784e-01
7.374374374374373708e+00 9.945607463765516743e-01
7.384634634634633876e+00 9.945852210809734695e-01
7.394894894894894932e+00 9.946096219847240238e-01
7.405155155155155100e+00 9.946339490827585950e-01
7.415415415415415268e+00 9.946582023677598139e-01
7.425675675675675436e+00 9.946823818338350609e-01
7.435935935935935603e+00 9.947064874740353391e-01
7.446196196196195771e+00 9.947305192819991815e-01
7.456456456456455939e+00 9.947544772534654411e-01
7.466716716716716107e+00 9.947783613794873858e-01
7.476976976976976275e+00 9.948021716547599258e-01
7.487237237237236442e+00 9.948259080732084758e-01
7.497497497497497498e+00 9.948495706287072693e-01
7.507757757757757666e+00 9.948731593154188646e-01
7.518018018018017834e+00 9.948966741259028801e-01
7.528278278278278002e+00 9.949201150552196005e-01
7.538538538538538170e+00 9.949434820964452308e-01
7.548798798798798337e+00 9.949667752431083922e-01
7.559059059059058505e+00 9.949899944914073480e-01
7.569319319319318673e+00 9.950131398335129163e-01
7.579579579579578841e+00 9.950362112617686661e-01
7.589839839839839897e+00 9.950592087732519353e-01
7.600100100100100065e+00 9.950821323605641977e-01
7.610360360360360232e+00 9.951049820167082727e-01
7.620620620620620400e+00 9.951277577380954753e-01
7.630880880880880568e+00 9.951504595152432797e-01
7.641141141141140736e+00 9.951730873456072768e-01
7.651401401401400904e+00 9.951956412216106385e-01
7.661661661661661071e+00 9.952181211375478176e-01
7.671921921921921239e+00 9.952405270877011656e-01
7.682182182182181407e+00 9.952628590659613472e-01
7.692442442442442463e+00 9.952851170666432434e-01
7.702702702702702631e+00 9.953073010845752133e-01
7.712962962962962798e+00 9.953294111118340393e-01
7.723223223223222966e+00 9.953514471444817602e-01
7.733483483483483134e+00 9.953734091766053282e-01
7.743743743743743302e+00 9.953952972021634649e-01
7.754004004004003470e+00 9.954171112147880418e-01
7.764264264264263637e+00 9.954388512099070496e-01
7.774524524524523805e+00 9.954605171809332020e-01
7.784784784784783973e+00 9.954821091221877083e-01
7.795045045045045029e+00 9.955036270277888288e-01
7.805305305305305197e+00 9.955250708931355774e-01
7.815565565565565365e+00 9.955464407114589243e-01
7.825825825825825532e+00 9.955677364779894623e-01
7.836086086086085700e+00 9.955889581877788164e-01
7.846346346346345868e+00 9.956101058333429732e-01
7.856606606606606036e+00 9.956311794097332246e-01
7.866866866866866204e+00 9.956521789124633814e-01
7.877127127127126371e+00 9.956731043346077614e-01
7.887387387387387427e+00 9.956939556724166973e-01
7.897647647647647595e+00 9.957147329178370754e-01
7.907907907907907763e+00 9.957354360680120697e-01
7.918168168168167931e+00 9.957560651162091769e-01
7.928428428428428099e+00 9.957766200575459692e-01
7.938688688688688266e+00 9.957971008852934958e-01
7.948948948948948434e+00 9.958175075954111000e-01
7.959209209209208602e+00 9.958378401829733884e-01
7.969469469469468770e+00 9.958580986408246405e-01
7.979729729729728938e+00 9.958782829645658197e-01
7.989989989989989994e+00 9.958983931492320085e-01
8.000250250250250161e+00 9.959184291897106300e-01
8.010510510510510329e+00 9.959383910790330363e-01
8.020770770770770497e+00 9.959582788135996623e-01
8.031031031031030665e+00 9.959780923894506754e-01
8.041291291291290833e+00 9.959978317975199946e-01
8.051551551551551000e+00 9.960174970355449853e-01
8.061811811811811168e+00 9.960370880976791019e-01
8.072072072072071336e+00 9.960566049783529108e-01
8.082332332332331504e+00 9.960760476722363421e-01
8.092592592592591672e+00 9.960954161754268510e-01
8.102852852852851839e+00 9.961147104822623000e-01
8.113113113113112007e+00 9.961339305873866401e-01
8.123373373373372175e+00 9.961530764849649833e-01
8.133633633633632343e+00 9.961721481716867554e-01
8.143893893893892511e+00 9.961911456417973376e-01
8.154154154154152678e+00 9.962100688886608157e-01
8.164414414414412846e+00 9.962289179105235926e-01
8.174674674674673014e+00 9.962476926996746140e-01
8.184934934934934958e+00 9.962663932521175214e-01
8.195195195195195126e+00 9.962850195631371975e-01
8.205455455455455294e+00 9.963035716276410492e-01
8.215715715715715461e+00 9.963220494411395567e-01
8.225975975975975629e+00 9.963404529987958114e-01
8.236236236236235797e+00 9.963587822945194628e-01
8.246496496496495965e+00 9.963770373240649070e-01
8.256756756756756133e+00 9.963952180830787375e-01
8.267017017017016300e+00 9.964133245668284067e-01
8.277277277277276468e+00 9.964313567707743236e-01
8.287537537537538412e+00 9.964493146881723273e-01
8.297797797797798580e+00 9.964671983166669689e-01
8.308058058058058748e+00 9.964850076498344977e-01
8.318318318318318916e+00 9.965027426841949199e-01
8.328578578578579084e+00 9.965204034145572765e-01
8.338838838838839251e+00 9.965379898371162781e-01
8.349099099099099419e+00 9.965555019448558705e-01
8.359359359359359587e+00 9.965729397366306364e-01
8.369619619619619755e+00 9.965903032044789445e-01
8.379879879879879923e+00 9.966075923453631136e-01
8.390140140140140090e+00 9.966248071554855148e-01
8.400400400400400258e+00 9.966419476282639689e-01
8.410660660660660426e+00 9.966590137616406775e-01
8.420920920920920594e+00 9.966760055492860371e-01
8.431181181181180762e+00 9.966929229874949003e-01
8.441441441441440929e+00 9.967097660710536600e-01
8.451701701701701097e+00 9.967265347958209620e-01
8.461961961961961265e+00 9.967432291586284521e-01
8.472222222222221433e+00 9.967598491535910599e-01
8.482482482482481601e+00 9.967763947759317178e-01
8.492742742742741768e+00 9.967928660228957405e-01
8.503003003003001936e+00 9.968092628893066021e-01
8.513263263263262104e+00 9.968255853706027292e-01
8.523523523523522272e+00 9.968418334619759680e-01
8.533783783783784216e+00 9.968580071618236005e-01
8.544044044044044384e+00 9.968741064625534776e-01
8.554304304304304551e+00 9.968901313606688408e-01
8.564564564564564719e+00 9.969060818530152135e-01
8.574824824824824887e+00 9.969219579348802540e-01
8.585085085085085055e+00 9.969377596030944977e-01
8.595345345345345223e+00 9.969534868516597426e-01
8.605605605605605390e+00 9.969691396774242875e-01
8.615865865865865558e+00 9.969847180764507266e-01
8.626126126126125726e+00 9.970002220438151097e-01
8.636386386386385894e+00 9.970156515751902315e-01
8.646646646646646062e+00 9.970310066679665129e-01
8.656906906906906229e+00 9.970462873166843210e-01
8.667167167167166397e+00 9.970614935184776151e-01
8.677427427427426565e+00 9.970766252677263353e-01
8.687687687687686733e+00 9.970916825612612389e-01
8.697947947947946901e+00 9.971066653971707439e-01
8.708208208208207068e+00 9.971215737678451596e-01
8.718468468468467236e+00 9.971364076707095458e-01
8.728728728728729180e+00 9.971511671037394109e-01
8.738988988988989348e+00 9.971658520609637533e-01
8.749249249249249516e+00 9.971804625386898602e-01
8.759509509509509684e+00 9.971949985339780831e-01
8.769769769769769852e+00 9.972094600415829513e-01
8.780030030030030019e+00 9.972238470584601222e-01
8.790290290290290187e+00 9.972381595808661459e-01
8.800550550550550355e+00 9.972523976059234352e-01
8.810810810810810523e+00 9.972665611275416397e-01
8.821071071071070691e+00 9.972806501441183746e-01
8.831331331331330858e+00 9.972946646506799517e-01
8.841591591591591026e+00 9.973086046442533048e-01
8.851851851851851194e+00 9.973224701211528265e-01
8.862112112112111362e+00 9.973362610769290759e-01
8.872372372372371530e+00 9.973499775087254493e-01
8.882632632632631697e+00 9.973636194116705100e-01
8.892892892892891865e+00 9.973771867843712613e-01
8.903153153153152033e+00 9.973906796210800785e-01
8.913413413413412201e+00 9.974040979193826706e-01
8.923673673673672369e+00 9.974174416756154127e-01
8.933933933933934313e+00 9.974307108856699244e-01
8.944194194194194480e+00 9.974439055461719050e-01
8.954454454454454648e+00 9.974570256551326120e-01
8.964714714714714816e+00 9.974700712069550779e-01
8.974974974974974984e+00 9.974830421983145179e-01
8.985235235235235152e+00 9.974959386272859163e-01
8.995495495495495319e+00 9.975087604892708404e-01
9.005755755755755487e+00 9.975215077817641829e-01
9.016016016016015655e+00 9.975341805018037578e-01
9.026276276276275823e+00 9.975467786430610717e-01
9.036536536536535991e+00 9.975593022051665315e-01
9.046796796796796158e+00 9.975717511836759144e-01
9.057057057057056326e+00 9.975841255753059578e-01
9.067317317317316494e+00 9.975964253773749180e-01
9.077577577577576662e+00 9.976086505868172472e-01
9.087837837837836830e+00 9.976208011993347169e-01
9.098098098098096997e+00 9.976328772112391663e-01
9.108358358358357165e+00 9.976448786206932873e-01
9.118618618618617333e+00 9.976568054246919282e-01
9.128878878878879277e+00 9.976686576186740707e-01
9.139139139139139445e+00 9.976804352013739496e-01
9.149399399399399613e+00 9.976921381670134092e-01
9.159659659659659781e+00 9.977037665141462730e-01
9.169919919919919948e+00 9.977153202405273369e-01
9.180180180180180116e+00 9.977267993428289294e-01
9.190440440440440284e+00 9.977382038155999666e-01
9.200700700700700452e+00 9.977495336574241369e-01
9.210960960960960620e+00 9.977607888670717573e-01
9.221221221221220787e+00 9.977719694390136951e-01
9.231481481481480955e+00 9.977830753712163547e-01
9.241741741741741123e+00 9.977941066598530195e-01
9.252002002002001291e+00 9.978050633040868034e-01
9.262262262262261459e+00 9.978159452994745937e-01
9.272522522522521626e+00 9.978267526433576284e-01
9.282782782782781794e+00 9.978374853312445003e-01
9.293043043043041962e+00 9.978481433637584885e-01
9.303303303303302130e+00 9.978587267362704072e-01
9.313563563563562298e+00 9.978692354450656721e-01
9.323823823823824242e+00 9.978796694890440522e-01
9.334084084084084409e+00 9.978900288638223870e-01
9.344344344344344577e+00 9.979003135676697278e-01
9.354604604604604745e+00 9.979105235985864519e-01
9.364864864864864913e+00 9.979206589519257209e-01
9.375125125125125081e+00 9.979307196261604229e-01
9.385385385385385248e+00 9.979407056188767111e-01
9.395645645645645416e+00 9.979506169268662630e-01
9.405905905905905584e+00 9.979604535470648630e-01
9.416166166166165752e+00 9.979702154777064793e-01
9.426426426426425920e+00 9.979799027166974534e-01
9.436686686686686087e+00 9.979895152596119923e-01
9.446946946946946255e+00 9.979990531048197333e-01
9.457207207207206423e+00 9.980085162502644325e-01
9.467467467467466591e+00 9.980179046944529508e-01
9.477727727727726759e+00 9.980272184326525187e-01
9.487987987987986926e+00 9.980364574626381380e-01
9.498248248248247094e+00 9.980456217825094400e-01
9.508508508508507262e+00 9.980547113902966672e-01
9.518768768768767430e+00 9.980637262832906531e-01
9.529029029029029374e+00 9.980726664597755482e-01
9.539289289289289542e+00 9.980815319150995180e-01
9.549549549549549710e+00 9.980903226502909620e-01
9.559809809809809877e+00 9.980990386599459807e-01
9.570070070070070045e+00 9.981076799422864410e-01
9.580330330330330213e+00 9.981162464965009917e-01
9.590590590590590381e+00 9.981247383196040213e-01
9.600850850850850549e+00 9.981331554096284364e-01
9.611111111111110716e+00 9.981414977627699470e-01
9.621371371371370884e+00 9.981497653786520763e-01
9.631631631631631052e+00 9.981579582549500174e-01
9.641891891891891220e+00 9.981660763880647602e-01
9.652152152152151388e+00 9.981741197763559503e-01
9.662412412412411555e+00 9.981820884191699994e-01
9.672672672672671723e+00 9.981899823126427762e-01
9.682932932932931891e+00 9.981978014548037459e-01
9.693193193193192059e+00 9.982055458452977481e-01
9.703453453453452227e+00 9.982132154794700618e-01
9.713713713713712394e+00 9.982208103575642699e-01
9.723973973973974338e+00 9.982283304768135856e-01
9.734234234234234506e+00 9.982357758355102639e-01
9.744494494494494674e+00 9.982431464302603530e-01
9.754754754754754842e+00 9.982504422595750437e-01
9.765015015015015010e+00 9.982576633223022577e-01
9.775275275275275177e+00 9.982648096166573115e-01
9.785535535535535345e+00 9.982718811392837788e-01
9.795795795795795513e+00 9.982788778909548189e-01
9.806056056056055681e+00 9.982857998670241484e-01
9.816316316316315849e+00 9.982926470680589803e-01
9.826576576576576016e+00 9.982994194895390416e-01
9.836836836836836184e+00 9.983061171311389259e-01
9.847097097097096352e+00 9.983127399916484901e-01
9.857357357357356520e+00 9.983192880686817539e-01
9.867617617617616688e+00 9.983257613597709135e-01
9.877877877877876855e+00 9.983321598656030860e-01
9.888138138138137023e+00 9.983384835811649483e-01
9.898398398398397191e+00 9.983447325074036316e-01
9.908658658658657359e+00 9.983509066410279909e-01
9.918918918918919303e+00 9.983570059816611053e-01
9.929179179179179471e+00 9.983630305257656934e-01
9.939439439439439639e+00 9.983689802746484876e-01
9.949699699699699806e+00 9.983748552235597318e-01
9.959959959959959974e+00 9.983806553741131351e-01
9.970220220220220142e+00 9.983863807214862218e-01
9.980480480480480310e+00 9.983920312669050112e-01
9.990740740740740478e+00 9.983976070078586229e-01
1.000100100100100065e+01 9.984031079424945387e-01
1.001126126126126081e+01 9.984085340696970956e-01
1.002152152152152098e+01 9.984138853868662622e-01
1.003178178178178115e+01 9.984191618951099301e-01
1.004204204204204132e+01 9.984243635904361813e-01
1.005230230230230148e+01 9.984294904742597732e-01
1.006256256256256165e+01 9.984345425413406749e-01
1.007282282282282182e+01 9.984395197950245437e-01
1.008308308308308199e+01 9.984444222302161220e-01
1.009334334334334216e+01 9.984492498467699706e-01
1.010360360360360232e+01 9.984540026439501226e-01
1.011386386386386249e+01 9.984586806202447873e-01
1.012412412412412444e+01 9.984632837735500921e-01
1.013438438438438460e+01 9.984678121031659304e-01
1.014464464464464477e+01 9.984722656090699866e-01
1.015490490490490494e+01 9.984766442884225324e-01
1.016516516516516511e+01 9.984809481403327247e-01
1.017542542542542527e+01 9.984851771649099206e-01
1.018568568568568544e+01 9.984893313594072062e-01
1.019594594594594561e+01 9.984934107239513690e-01
1.020620620620620578e+01 9.984974152568739658e-01
1.021646646646646595e+01 9.985013449570687705e-01
1.022672672672672611e+01 9.985051998242668869e-01
1.023698698698698628e+01 9.985089798552593265e-01
1.024724724724724645e+01 9.985126850523525777e-01
1.025750750750750662e+01 9.985163154118180673e-01
1.026776776776776678e+01 9.985198709339186962e-01
1.027802802802802695e+01 9.985233516173666057e-01
1.028828828828828712e+01 9.985267574607351593e-01
1.029854854854854729e+01 9.985300884647763109e-01
1.030880880880880746e+01 9.985333446268369606e-01
1.031906906906906940e+01 9.985365259470341259e-01
1.032932932932932957e+01 9.985396324228926757e-01
1.033958958958958974e+01 9.985426640575398860e-01
1.034984984984984990e+01 9.985456208462613059e-01
1.036011011011011007e+01 9.985485027885409037e-01
1.037037037037037024e+01 9.985513098860802073e-01
1.038063063063063041e+01 9.985540421363580110e-01
1.039089089089089057e+01 9.985566995379906441e-01
1.040115115115115074e+01 9.985592820914547252e-01
1.041141141141141091e+01 9.985617897967193901e-01
1.042167167167167108e+01 9.985642226522737364e-01
1.043193193193193125e+01 9.985665806561326852e-01
1.044219219219219141e+01 9.985688638107153015e-01
1.045245245245245158e+01 9.985710721123873812e-01
1.046271271271271175e+01 9.985732055620210046e-01
1.047297297297297192e+01 9.985752641603962143e-01
1.048323323323323208e+01 9.985772479041113980e-01
1.049349349349349225e+01 9.985791567934921842e-01
1.050375375375375242e+01 9.985809908286257253e-01
1.051401401401401436e+01 9.985827500102828491e-01
1.052427427427427453e+01 9.985844343347566321e-01
1.053453453453453470e+01 9.985860438041470610e-01
1.054479479479479487e+01 9.985875784181716952e-01
1.055505505505505504e+01 9.985890381755023748e-01
1.056531531531531520e+01 9.985904230747962851e-01
1.057557557557557537e+01 9.985917331176508149e-01
1.058583583583583554e+01 9.985929683032220838e-01
1.059609609609609571e+01 9.985941286288211316e-01
1.060635635635635587e+01 9.985952140973466395e-01
1.061661661661661604e+01 9.985962247075343967e-01
1.062687687687687621e+01 9.985971604578347538e-01
1.063713713713713638e+01 9.985980213501255420e-01
1.064739739739739655e+01 9.985988073819099808e-01
1.065765765765765671e+01 9.985995185550162745e-01
1.066791791791791688e+01 9.986001548687957197e-01
1.067817817817817705e+01 9.986007163204290160e-01
1.068843843843843722e+01 9.986012029137930623e-01
1.069869869869869738e+01 9.986016146472681543e-01
1.070895895895895755e+01 9.986019515187546380e-01
1.071921921921921950e+01 9.986022135311501957e-01
1.072947947947947966e+01 9.986024006823183141e-01
1.073973973973973983e+01 9.986025129733361316e-01
1.075000000000000000e+01 9.986025504034445888e-01
