1.000000000000000021e-02 2.217080167857751315e-03
5.003003003003003712e-02 5.436057607026289692e-03
9.006006006006006537e-02 6.801556737000458326e-03
1.300900900900901214e-01 7.608217504149553286e-03
1.701201201201201496e-01 8.144476064264384932e-03
2.101501501501501779e-01 8.523968323575211586e-03
2.501801801801802339e-01 8.802883125048812513e-03
2.902102102102102621e-01 9.012880450194604709e-03
3.302402402402402903e-01 9.173408891442328891e-03
3.702702702702703186e-01 9.297178014605209095e-03
4.103003003003003468e-01 9.392890298053617470e-03
4.503303303303303751e-01 9.466726336003506229e-03
4.903603603603604588e-01 9.523206820581628027e-03
5.303903903903904871e-01 9.565719479690740559e-03
5.704204204204205153e-01 9.596855122906648022e-03
6.104504504504505435e-01 9.618629628037146662e-03
6.504804804804805718e-01 9.632635013982985411e-03
6.905105105105106000e-01 9.640144912259169044e-03
7.305405405405406283e-01 9.642189851095371925e-03
7.705705705705706565e-01 9.639612045077542921e-03
8.106006006006006848e-01 9.633105959040988431e-03
8.506306306306307130e-01 9.623248801696040328e-03
8.906606606606607413e-01 9.610523764643746913e-03
9.306906906906907695e-01 9.595337952336592188e-03
9.707207207207209088e-01 9.578036371208239336e-03
1.010750750750750937e+00 9.558912955636897010e-03
1.050780780780780965e+00 9.538219339523333618e-03
1.090810810810810993e+00 9.516171894171285978e-03
1.130840840840841022e+00 9.492957419645342565e-03
1.170870870870871050e+00 9.468737780734377829e-03
1.210900900900901078e+00 9.443653708693988680e-03
1.250930930930931106e+00 9.417827938408184635e-03
1.290960960960961135e+00 9.391367812242295415e-03
1.330990990990991163e+00 9.364367453011506956e-03
1.371021021021021191e+00 9.336909586599615243e-03
1.411051051051051219e+00 9.309067078009153687e-03
1.451081081081081248e+00 9.280904231699567061e-03
1.491111111111111276e+00 9.252477897022591893e-03
1.531141141141141304e+00 9.223838411698517120e-03
1.571171171171171332e+00 9.195030410078217781e-03
1.611201201201201361e+00 9.166093518019337652e-03
1.651231231231231389e+00 9.137062952282530223e-03
1.691261261261261417e+00 9.107970039206771465e-03
1.731291291291291445e+00 9.078842664883728097e-03
1.771321321321321474e+00 9.049705666993115155e-03
1.811351351351351502e+00 9.020581176784180782e-03
1.851381381381381530e+00 8.991488918315826764e-03
1.891411411411411558e+00 8.962446470939907511e-03
1.931441441441441809e+00 8.933469500080956985e-03
1.971471471471471837e+00 8.904571960593564775e-03
2.011501501501501643e+00 8.875766276336747099e-03
2.051531531531531449e+00 8.847063499068266376e-03
2.091561561561561700e+00 8.818473449312681095e-03
2.131591591591591506e+00 8.790004841479069284e-03
2.171621621621621756e+00 8.761665395185901442e-03
2.211651651651651562e+00 8.733461934480744177e-03
2.251681681681681813e+00 8.705400476413990146e-03
2.291711711711711619e+00 8.677486310230936306e-03
2.331741741741741869e+00 8.649724068280364997e-03
2.371771771771771675e+00 8.622117789595883791e-03
2.411801801801801926e+00 8.594670976984089550e-03
2.451831831831831732e+00 8.567386648348778930e-03
2.491861861861861982e+00 8.540267382890336448e-03
2.531891891891891788e+00 8.513315362740756301e-03
2.571921921921922038e+00 8.486532410527890952e-03
2.611951951951952289e+00 8.459920023303094810e-03
2.651981981981982095e+00 8.433479403215950881e-03
2.692012012012012345e+00 8.407211485275047080e-03
2.732042042042042151e+00 8.381116962495037750e-03
2.772072072072072402e+00 8.355196308696256555e-03
2.812102102102102208e+00 8.329449799193450188e-03
2.852132132132132458e+00 8.303877529584079153e-03
2.892162162162162264e+00 8.278479432823577372e-03
2.932192192192192515e+00 8.253255294754983581e-03
2.972222222222222321e+00 8.228204768242208811e-03
3.012252252252252571e+00 8.203327386040770372e-03
3.052282282282282377e+00 8.178622572525641454e-03
3.092312312312312628e+00 8.154089654383576621e-03
3.132342342342342434e+00 8.129727870366374246e-03
3.172372372372372684e+00 8.105536380191747867e-03
3.212402402402402490e+00 8.081514272669761481e-03
3.252432432432432741e+00 8.057660573125119755e-03
3.292462462462462547e+00 8.033974250178727711e-03
3.332492492492492797e+00 8.010454221945642606e-03
3.372522522522522603e+00 7.987099361701281014e-03
3.412552552552552854e+00 7.963908503062475802e-03
3.452582582582582660e+00 7.940880444725907997e-03
3.492612612612612910e+00 7.918013954802209306e-03
3.532642642642642716e+00 7.895307774780592827e-03
3.572672672672672967e+00 7.872760623155615131e-03
3.612702702702702773e+00 7.850371198744795012e-03
3.652732732732733023e+00 7.828138183723269347e-03
3.692762762762762829e+00 7.806060246399213615e-03
3.732792792792793080e+00 7.784136043751689431e-03
3.772822822822822886e+00 7.762364223750682808e-03
3.812852852852853136e+00 7.740743427477417629e-03
3.852882882882883386e+00 7.719272291061178744e-03
3.892912912912913193e+00 7.697949447447936279e-03
3.932942942942943443e+00 7.676773528014275115e-03
3.972972972972973249e+00 7.655743164039350256e-03
4.013003003003003499e+00 7.634856988046218387e-03
4.053033033033033306e+00 7.614113635023226322e-03
4.093063063063063112e+00 7.593511743534956532e-03
4.133093093093093806e+00 7.573049956731698305e-03
4.173123123123123612e+00 7.552726923265490160e-03
4.213153153153153418e+00 7.532541298120145126e-03
4.253183183183183225e+00 7.512491743362253310e-03
4.293213213213213919e+00 7.492576928819250602e-03
4.333243243243243725e+00 7.472795532690473287e-03
4.373273273273273531e+00 7.453146242096440888e-03
4.413303303303303338e+00 7.433627753571331147e-03
4.453333333333334032e+00 7.414238773502997842e-03
4.493363363363363838e+00 7.394978018524910740e-03
4.533393393393393644e+00 7.375844215863553918e-03
4.573423423423423451e+00 7.356836103645084113e-03
4.613453453453454145e+00 7.337952431164262296e-03
4.653483483483483951e+00 7.319191959118769714e-03
4.693513513513513757e+00 7.300553459811693485e-03
4.733543543543543564e+00 7.282035717324611239e-03
4.773573573573574258e+00 7.263637527663744167e-03
4.813603603603604064e+00 7.245357698881282719e-03
4.853633633633633870e+00 7.227195051173903283e-03
4.893663663663663677e+00 7.209148416960385782e-03
4.933693693693694371e+00 7.191216640939929877e-03
4.973723723723724177e+00 7.173398580132851581e-03
5.013753753753753983e+00 7.155693103905102700e-03
5.053783783783783790e+00 7.138099093977927183e-03
5.093813813813814484e+00 7.120615444423942370e-03
5.133843843843844290e+00 7.103241061650823057e-03
5.173873873873874096e+00 7.085974864373561534e-03
5.213903903903904791e+00 7.068815783576425961e-03
5.253933933933934597e+00 7.051762762465448899e-03
5.293963963963964403e+00 7.034814756412282113e-03
5.333993993993994209e+00 7.017970732890291968e-03
5.374024024024024904e+00 7.001229671403497341e-03
5.414054054054054710e+00 6.984590563409155857e-03
5.454084084084084516e+00 6.968052412234465934e-03
5.494114114114114322e+00 6.951614232988154000e-03
5.534144144144145017e+00 6.935275052467246987e-03
5.574174174174174823e+00 6.919033909059754336e-03
5.614204204204204629e+00 6.902889852643518884e-03
5.654234234234234435e+00 6.886841944481790836e-03
5.694264264264265130e+00 6.870889257115880486e-03
5.734294294294294936e+00 6.855030874255145512e-03
5.774324324324324742e+00 6.839265890664853256e-03
5.814354354354354548e+00 6.823593412052000352e-03
5.854384384384385243e+00 6.808012554949568508e-03
5.894414414414415049e+00 6.792522446599293627e-03
5.934444444444444855e+00 6.777122224833367209e-03
5.974474474474474661e+00 6.761811037955158497e-03
6.014504504504505356e+00 6.746588044619201106e-03
6.054534534534535162e+00 6.731452413710726883e-03
6.094564564564564968e+00 6.716403324224699302e-03
6.134594594594594774e+00 6.701439965144785280e-03
6.174624624624625469e+00 6.686561535322180401e-03
6.214654654654655275e+00 6.671767243354541702e-03
6.254684684684685081e+00 6.657056307465115605e-03
6.294714714714714887e+00 6.642427955382211070e-03
6.334744744744745581e+00 6.627881424219041369e-03
6.374774774774775388e+00 6.613415960354117502e-03
6.414804804804805194e+00 6.599030819312234897e-03
6.454834834834835888e+00 6.584725265646116689e-03
6.494864864864865694e+00 6.570498572818838506e-03
6.534894894894895501e+00 6.556350023087044281e-03
6.574924924924925307e+00 6.542278907385054576e-03
6.614954954954956001e+00 6.528284525209862230e-03
6.654984984984985807e+00 6.514366184507157549e-03
6.695015015015015614e+00 6.500523201558324957e-03
6.735045045045045420e+00 6.486754900868498680e-03
6.775075075075076114e+00 6.473060615055725199e-03
6.815105105105105920e+00 6.459439684741235047e-03
6.855135135135135727e+00 6.445891458440841312e-03
6.895165165165165533e+00 6.432415292457529903e-03
6.935195195195196227e+00 6.419010550775205992e-03
6.975225225225226033e+00 6.405676604953669528e-03
7.015255255255255840e+00 6.392412834024791164e-03
7.055285285285285646e+00 6.379218624389924180e-03
7.095315315315316340e+00 6.366093369718539390e-03
7.135345345345346146e+00 6.353036470848122917e-03
7.175375375375375953e+00 6.340047335685314311e-03
7.215405405405405759e+00 6.327125379108285846e-03
7.255435435435436453e+00 6.314270022870397715e-03
7.295465465465466259e+00 6.301480695505090948e-03
7.335495495495496066e+00 6.288756832232048413e-03
7.375525525525525872e+00 6.276097874864582267e-03
7.415555555555556566e+00 6.263503271718299896e-03
7.455585585585586372e+00 6.250972477520989369e-03
7.495615615615616179e+00 6.238504953323744349e-03
7.535645645645645985e+00 6.226100166413338875e-03
7.575675675675676679e+00 6.213757590225786089e-03
7.615705705705706485e+00 6.201476704261159843e-03
7.655735735735736291e+00 6.189256993999580313e-03
7.695765765765766986e+00 6.177097950818417373e-03
7.735795795795796792e+00 6.164999071910675331e-03
7.775825825825826598e+00 6.152959860204552066e-03
7.815855855855856404e+00 6.140979824284157826e-03
7.855885885885887099e+00 6.129058478311401499e-03
7.895915915915916905e+00 6.117195341948997514e-03
7.935945945945946711e+00 6.105389940284630668e-03
7.975975975975976517e+00 6.093641803756199085e-03
8.016006006006007212e+00 6.081950468078191688e-03
8.056036036036037018e+00 6.070315474169155935e-03
8.096066066066066824e+00 6.058736368080229820e-03
8.136096096096096630e+00 6.047212700924736381e-03
8.176126126126126437e+00 6.035744028808853745e-03
8.216156156156156243e+00 6.024329912763306052e-03
8.256186186186187825e+00 6.012969918676071800e-03
8.296216216216217632e+00 6.001663617226134749e-03
8.336246246246247438e+00 5.990410583818204550e-03
8.376276276276277244e+00 5.979210398518427019e-03
8.416306306306307050e+00 5.968062645991075409e-03
8.456336336336336856e+00 5.956966915436201840e-03
8.496366366366366663e+00 5.945922800528215084e-03
8.536396396396396469e+00 5.934929899355410703e-03
8.576426426426428051e+00 5.923987814360399777e-03
8.616456456456457857e+00 5.913096152281458774e-03
8.656486486486487664e+00 5.902254524094760653e-03
8.696516516516517470e+00 5.891462544957482873e-03
8.736546546546547276e+00 5.880719834151794910e-03
8.776576576576577082e+00 5.870026015029673229e-03
8.816606606606606888e+00 5.859380714958576687e-03
8.856636636636636695e+00 5.848783565267945059e-03
8.896666666666668277e+00 5.838234201196499870e-03
8.936696696696698083e+00 5.827732261840358821e-03
8.976726726726727890e+00 5.817277390101934301e-03
9.016756756756757696e+00 5.806869232639609926e-03
9.056786786786787502e+00 5.796507439818182096e-03
9.096816816816817308e+00 5.786191665660050075e-03
9.136846846846847114e+00 5.775921567797154613e-03
9.176876876876878697e+00 5.765696807423643412e-03
9.216906906906908503e+00 5.755517049249245232e-03
9.256936936936938309e+00 5.745381961453369102e-03
9.296966966966968116e+00 5.735291215639880952e-03
9.336996996996997922e+00 5.725244486792574125e-03
9.377027027027027728e+00 5.715241453231305162e-03
9.417057057057057534e+00 5.705281796568813929e-03
9.457087087087087340e+00 5.695365201668151772e-03
9.497117117117118923e+00 5.685491356600801821e-03
9.537147147147148729e+00 5.675659952605396907e-03
9.577177177177178535e+00 5.665870684047071525e-03
9.617207207207208342e+00 5.656123248377409665e-03
9.657237237237238148e+00 5.646417346095023229e-03
9.697267267267267954e+00 5.636752680706684678e-03
9.737297297297297760e+00 5.627128958689075512e-03
9.777327327327327566e+00 5.617545889451074255e-03
9.817357357357359149e+00 5.608003185296643774e-03
9.857387387387388955e+00 5.598500561388227749e-03
9.897417417417418761e+00 5.589037735710743020e-03
9.937447447447448567e+00 5.579614429036049844e-03
9.977477477477478374e+00 5.570230364888017170e-03
1.001750750750750818e+01 5.560885269508032865e-03
1.005753753753753799e+01 5.551578871821080327e-03
1.009756756756756779e+01 5.542310903402293890e-03
1.013759759759759937e+01 5.533081098443999937e-03
1.017762762762762918e+01 5.523889193723273243e-03
1.021765765765765899e+01 5.514734928569928717e-03
1.025768768768768879e+01 5.505618044835019695e-03
1.029771771771771860e+01 5.496538286859773380e-03
1.033774774774774841e+01 5.487495401444999858e-03
1.037777777777777821e+01 5.478489137820937403e-03
1.041780780780780979e+01 5.469519247617529722e-03
1.045783783783783960e+01 5.460585484835154234e-03
1.049786786786786941e+01 5.451687605815765808e-03
1.053789789789789921e+01 5.442825369214455977e-03
1.057792792792792902e+01 5.433998535971426742e-03
1.061795795795795883e+01 5.425206869284378980e-03
1.065798798798798863e+01 5.416450134581281620e-03
1.069801801801801844e+01 5.407728099493545881e-03
1.073804804804805002e+01 5.399040533829581150e-03
1.077807807807807983e+01 5.390387209548728152e-03
1.081810810810810963e+01 5.381767900735571174e-03
1.085813813813813944e+01 5.373182383574613696e-03
1.089816816816816925e+01 5.364630436325305320e-03
1.093819819819819905e+01 5.356111839297451188e-03
1.097822822822822886e+01 5.347626374826941476e-03
1.101825825825825866e+01 5.339173827251840823e-03
1.105828828828829025e+01 5.330753982888811714e-03
1.109831831831832005e+01 5.322366630009879584e-03
1.113834834834834986e+01 5.314011558819508457e-03
1.117837837837837967e+01 5.305688561432011369e-03
1.121840840840840947e+01 5.297397431849278256e-03
1.125843843843843928e+01 5.289137965938814356e-03
1.129846846846846908e+01 5.280909961412078718e-03
1.133849849849849889e+01 5.272713217803135823e-03
1.137852852852853047e+01 5.264547536447599513e-03
1.141855855855856028e+01 5.256412720461870088e-03
1.145858858858859008e+01 5.248308574722652421e-03
1.149861861861861989e+01 5.240234905846779395e-03
1.153864864864864970e+01 5.232191522171284262e-03
1.157867867867867950e+01 5.224178233733773116e-03
1.161870870870870931e+01 5.216194852253053238e-03
1.165873873873874089e+01 5.208241191110033787e-03
1.169876876876877070e+01 5.200317065328876297e-03
1.173879879879880050e+01 5.192422291558430533e-03
1.177882882882883031e+01 5.184556688053895863e-03
1.181885885885886012e+01 5.176720074658735030e-03
1.185888888888888992e+01 5.168912272786855937e-03
1.189891891891891973e+01 5.161133105405012883e-03
1.193894894894894954e+01 5.153382397015449784e-03
1.197897897897898112e+01 5.145659973638790595e-03
1.201900900900901092e+01 5.137965662797148308e-03
1.205903903903904073e+01 5.130299293497456864e-03
1.209906906906907054e+01 5.122660696215041581e-03
1.213909909909910034e+01 5.115049702877401232e-03
1.217912912912913015e+01 5.107466146848207815e-03
1.221915915915915996e+01 5.099909862911512770e-03
1.225918918918918976e+01 5.092380687256185638e-03
1.229921921921922134e+01 5.084878457460525331e-03
1.233924924924925115e+01 5.077403012477109921e-03
1.237927927927928096e+01 5.069954192617819912e-03
1.241930930930931076e+01 5.062531839539078336e-03
1.245933933933934057e+01 5.055135796227267810e-03
1.249936936936937038e+01 5.047765906984361811e-03
1.253939939939940018e+01 5.040422017413717301e-03
1.257942942942942999e+01 5.033103974406076368e-03
1.261945945945946157e+01 5.025811626125734413e-03
1.265948948948949138e+01 5.018544821996906088e-03
1.269951951951952118e+01 5.011303412690242161e-03
1.273954954954955099e+01 5.004087250109554540e-03
1.277957957957958079e+01 4.996896187378679216e-03
1.281960960960961060e+01 4.989730078828543032e-03
1.285963963963964041e+01 4.982588779984359686e-03
1.289966966966967199e+01 4.975472147553025234e-03
1.293969969969970180e+01 4.968380039410656701e-03
1.297972972972973160e+01 4.961312314590293759e-03
1.301975975975976141e+01 4.954268833269755666e-03
1.305978978978979121e+01 4.947249456759656924e-03
1.309981981981982102e+01 4.940254047491579072e-03
1.313984984984985083e+01 4.933282469006377777e-03
1.317987987987988063e+01 4.926334585942656469e-03
1.321990990990991222e+01 4.919410264025370072e-03
1.325993993993994202e+01 4.912509370054591804e-03
1.329996996996997183e+01 4.905631771894396198e-03
1.334000000000000163e+01 4.898777338461899125e-03
1.338003003003003144e+01 4.891945939716436584e-03
1.342006006006006125e+01 4.885137446648866663e-03
1.346009009009009105e+01 4.878351731271016352e-03
1.350012012012012086e+01 4.871588666605257585e-03
1.354015015015015244e+01 4.864848126674201252e-03
1.358018018018018225e+01 4.858129986490536921e-03
1.362021021021021205e+01 4.851434122046991392e-03
1.366024024024024186e+01 4.844760410306400873e-03
1.370027027027027167e+01 4.838108729191926277e-03
1.374030030030030147e+01 4.831478957577369122e-03
1.378033033033033128e+01 4.824870975277619281e-03
1.382036036036036108e+01 4.818284663039208542e-03
1.386039039039039267e+01 4.811719902530996011e-03
1.390042042042042247e+01 4.805176576334949795e-03
1.394045045045045228e+01 4.798654567937050974e-03
1.398048048048048209e+01 4.792153761718306003e-03
1.402051051051051189e+01 4.785674042945870128e-03
1.406054054054054170e+01 4.779215297764267088e-03
1.410057057057057150e+01 4.772777413186736310e-03
1.414060060060060309e+01 4.766360277086658173e-03
1.418063063063063289e+01 4.759963778189108506e-03
1.422066066066066270e+01 4.753587806062493752e-03
1.426069069069069251e+01 4.747232251110293684e-03
1.430072072072072231e+01 4.740897004562908204e-03
1.434075075075075212e+01 4.734581958469593482e-03
1.438078078078078192e+01 4.728287005690499575e-03
1.442081081081081173e+01 4.722012039888794782e-03
1.446084084084084331e+01 4.715756955522895817e-03
1.450087087087087312e+01 4.709521647838774312e-03
1.454090090090090293e+01 4.703306012862370003e-03
1.458093093093093273e+01 4.697109947392084581e-03
1.462096096096096254e+01 4.690933348991359678e-03
1.466099099099099234e+01 4.684776115981350263e-03
1.470102102102102215e+01 4.678638147433686507e-03
1.474105105105105196e+01 4.672519343163297235e-03
1.478108108108108354e+01 4.666419603721358271e-03
1.482111111111111335e+01 4.660338830388278952e-03
1.486114114114114315e+01 4.654276925166793595e-03
1.490117117117117296e+01 4.648233790775141427e-03
1.494120120120120276e+01 4.642209330640295097e-03
1.498123123123123257e+01 4.636203448891296729e-03
1.502126126126126238e+01 4.630216050352656439e-03
1.506129129129129218e+01 4.624247040537830637e-03
1.510132132132132377e+01 4.618296325642769727e-03
1.514135135135135357e+01 4.612363812539547331e-03
1.518138138138138338e+01 4.606449408770060643e-03
1.522141141141141318e+01 4.600553022539794965e-03
1.526144144144144299e+01 4.594674562711669775e-03
1.530147147147147280e+01 4.588813938799948984e-03
1.534150150150150260e+01 4.582971060964216234e-03
1.538153153153153418e+01 4.577145840003430874e-03
1.542156156156156399e+01 4.571338187350037705e-03
1.546159159159159380e+01 4.565548015064149583e-03
1.550162162162162360e+01 4.559775235827794211e-03
1.554165165165165341e+01 4.554019762939224246e-03
1.558168168168168322e+01 4.548281510307301129e-03
1.562171171171171302e+01 4.542560392445917083e-03
1.566174174174174283e+01 4.536856324468506452e-03
1.570177177177177441e+01 4.531169222082602997e-03
1.574180180180180422e+01 4.525499001584468335e-03
1.578183183183183402e+01 4.519845579853757657e-03
1.582186186186186383e+01 4.514208874348274794e-03
1.586189189189189364e+01 4.508588803098762844e-03
1.590192192192192344e+01 4.502985284703754643e-03
1.594195195195195325e+01 4.497398238324501300e-03
1.598198198198198305e+01 4.491827583679917218e-03
1.602201201201201641e+01 4.486273241041623117e-03
1.606204204204204444e+01 4.480735131229012479e-03
1.610207207207207603e+01 4.475213175604376981e-03
1.614210210210210406e+01 4.469707296068103040e-03
1.618213213213213564e+01 4.464217415053903931e-03
1.622216216216216722e+01 4.458743455524099598e-03
1.626219219219219525e+01 4.453285340964965866e-03
1.630222222222222683e+01 4.447842995382116603e-03
1.634225225225225486e+01 4.442416343295944002e-03
1.638228228228228645e+01 4.437005309737108300e-03
1.642231231231231448e+01 4.431609820242070862e-03
1.646234234234234606e+01 4.426229800848682783e-03
1.650237237237237764e+01 4.420865178091810781e-03
1.654240240240240567e+01 4.415515878999016867e-03
1.658243243243243725e+01 4.410181831086287460e-03
1.662246246246246528e+01 4.404862962353791982e-03
1.666249249249249686e+01 4.399559201281707382e-03
1.670252252252252489e+01 4.394270476826075619e-03
1.674255255255255648e+01 4.388996718414694097e-03
1.678258258258258806e+01 4.383737855943080700e-03
1.682261261261261609e+01 4.378493819770446632e-03
1.686264264264264767e+01 4.373264540715729107e-03
1.690267267267267570e+01 4.368049950053676939e-03
1.694270270270270728e+01 4.362849979510943950e-03
1.698273273273273531e+01 4.357664561262253496e-03
1.702276276276276690e+01 4.352493627926594215e-03
1.706279279279279493e+01 4.347337112563449610e-03
1.710282282282282651e+01 4.342194948669074461e-03
1.714285285285285809e+01 4.337067070172797266e-03
1.718288288288288612e+01 4.331953411433382521e-03
1.722291291291291770e+01 4.326853907235408622e-03
1.726294294294294573e+01 4.321768492785695200e-03
1.730297297297297732e+01 4.316697103709770354e-03
1.734300300300300535e+01 4.311639676048353506e-03
1.738303303303303693e+01 4.306596146253904162e-03
1.742306306306306851e+01 4.301566451187187161e-03
1.746309309309309654e+01 4.296550528113869151e-03
1.750312312312312812e+01 4.291548314701169702e-03
1.754315315315315615e+01 4.286559749014521963e-03
1.758318318318318774e+01 4.281584769514285363e-03
1.762321321321321577e+01 4.276623315052494739e-03
1.766324324324324735e+01 4.271675324869609464e-03
1.770327327327327538e+01 4.266740738591351043e-03
1.774330330330330696e+01 4.261819496225507757e-03
1.778333333333333854e+01 4.256911538158834711e-03
1.782336336336336657e+01 4.252016805153934799e-03
1.786339339339339816e+01 4.247135238346196918e-03
1.790342342342342619e+01 4.242266779240762807e-03
1.794345345345345777e+01 4.237411369709519031e-03
1.798348348348348580e+01 4.232568951988111526e-03
1.802351351351351738e+01 4.227739468673012181e-03
1.806354354354354896e+01 4.222922862718594093e-03
1.810357357357357699e+01 4.218119077434241519e-03
1.814360360360360858e+01 4.213328056481493653e-03
1.818363363363363661e+01 4.208549743871208351e-03
1.822366366366366819e+01 4.203784083960762294e-03
1.826369369369369622e+01 4.199031021451273687e-03
1.830372372372372780e+01 4.194290501384850128e-03
1.834375375375375938e+01 4.189562469141871158e-03
1.838378378378378741e+01 4.184846870438288166e-03
1.842381381381381900e+01 4.180143651322958988e-03
1.846384384384384703e+01 4.175452758175004185e-03
1.850387387387387861e+01 4.170774137701186747e-03
1.854390390390390664e+01 4.166107736933324750e-03
1.858393393393393822e+01 4.161453503225720496e-03
1.862396396396396625e+01 4.156811384252621748e-03
1.866399399399399783e+01 4.152181328005704643e-03
1.870402402402402942e+01 4.147563282791574824e-03
1.874405405405405745e+01 4.142957197229308469e-03
1.878408408408408903e+01 4.138363020247997660e-03
1.882411411411411706e+01 4.133780701084335645e-03
1.886414414414414864e+01 4.129210189280214244e-03
1.890417417417417667e+01 4.124651434680349019e-03
1.894420420420420825e+01 4.120104387429927850e-03
1.898423423423423984e+01 4.115568997972278605e-03
1.902426426426426787e+01 4.111045217046561950e-03
1.906429429429429945e+01 4.106532995685485861e-03
1.910432432432432748e+01 4.102032285213040065e-03
1.914435435435435906e+01 4.097543037242252183e-03
1.918438438438438709e+01 4.093065203672967278e-03
1.922441441441441867e+01 4.088598736689644762e-03
1.926444444444445026e+01 4.084143588759180446e-03
1.930447447447447828e+01 4.079699712628745076e-03
1.934450450450450987e+01 4.075267061323645419e-03
1.938453453453453790e+01 4.070845588145206168e-03
1.942456456456456948e+01 4.066435246668666584e-03
1.946459459459459751e+01 4.062035990741104906e-03
1.950462462462462909e+01 4.057647774479374025e-03
1.954465465465465712e+01 4.053270552268060586e-03
1.958468468468468870e+01 4.048904278757466633e-03
1.962471471471472029e+01 4.044548908861599935e-03
1.966474474474474832e+01 4.040204397756192063e-03
1.970477477477477990e+01 4.035870700876731214e-03
1.974480480480480793e+01 4.031547773916512381e-03
1.978483483483483951e+01 4.027235572824710078e-03
1.982486486486486754e+01 4.022934053804455394e-03
1.986489489489489912e+01 4.018643173310958161e-03
1.990492492492493071e+01 4.014362888049607427e-03
1.994495495495495874e+01 4.010093154974130047e-03
1.998498498498499032e+01 4.005833931284732800e-03
2.002501501501501835e+01 4.001585174426282657e-03
2.006504504504504993e+01 3.997346842086492262e-03
2.010507507507507796e+01 3.993118892194131436e-03
2.014510510510510954e+01 3.988901282917243878e-03
2.018513513513513757e+01 3.984693972661383816e-03
2.022516516516516916e+01 3.980496920067879557e-03
2.026519519519520074e+01 3.976310084012090948e-03
2.030522522522522877e+01 3.972133423601711087e-03
2.034525525525526035e+01 3.967966898175048947e-03
2.038528528528528838e+01 3.963810467299357099e-03
2.042531531531531996e+01 3.959664090769161177e-03
2.046534534534534799e+01 3.955527728604604949e-03
2.050537537537537958e+01 3.951401341049814477e-03
2.054540540540541116e+01 3.947284888571266602e-03
2.058543543543543919e+01 3.943178331856186068e-03
2.062546546546547077e+01 3.939081631810946969e-03
2.066549549549549880e+01 3.934994749559491550e-03
2.070552552552553038e+01 3.930917646441764619e-03
2.074555555555555841e+01 3.926850284012154899e-03
2.078558558558559000e+01 3.922792624037963263e-03
2.082561561561562158e+01 3.918744628497868379e-03
2.086564564564564961e+01 3.914706259580420095e-03
2.090567567567568119e+01 3.910677479682534569e-03
2.094570570570570922e+01 3.906658251408014551e-03
2.098573573573574080e+01 3.902648537566068363e-03
2.102576576576576883e+01 3.898648301169855331e-03
2.106579579579580042e+01 3.894657505435035125e-03
2.110582582582582845e+01 3.890676113778335742e-03
2.114585585585586003e+01 3.886704089816124096e-03
2.118588588588589161e+01 3.882741397363005664e-03
2.122591591591591964e+01 3.878788000430418055e-03
2.126594594594595122e+01 3.874843863225250172e-03
2.130597597597597925e+01 3.870908950148464842e-03
2.134600600600601084e+01 3.866983225793738793e-03
2.138603603603603887e+01 3.863066654946112604e-03
2.142606606606607045e+01 3.859159202580649331e-03
2.146609609609610203e+01 3.855260833861110913e-03
2.150612612612613006e+01 3.851371514138642819e-03
2.154615615615616164e+01 3.847491208950463461e-03
2.158618618618618967e+01 3.843619884018575732e-03
2.162621621621622126e+01 3.839757505248484609e-03
2.166624624624624929e+01 3.835904038727923869e-03
2.170627627627628087e+01 3.832059450725597109e-03
2.174630630630630890e+01 3.828223707689928750e-03
2.178633633633634048e+01 3.824396776247817199e-03
2.182636636636637206e+01 3.820578623203420548e-03
2.186639639639640009e+01 3.816769215536920581e-03
2.190642642642643168e+01 3.812968520403331018e-03
2.194645645645645970e+01 3.809176505131287548e-03
2.198648648648649129e+01 3.805393137221867346e-03
2.202651651651651932e+01 3.801618384347405996e-03
2.206654654654655090e+01 3.797852214350333922e-03
2.210657657657658248e+01 3.794094595242013257e-03
2.214660660660661051e+01 3.790345495201599430e-03
2.218663663663664209e+01 3.786604882574884107e-03
2.222666666666667012e+01 3.782872725873184967e-03
2.226669669669670171e+01 3.779148993772215529e-03
2.230672672672672974e+01 3.775433655110974930e-03
2.234675675675676132e+01 3.771726678890648977e-03
2.238678678678679290e+01 3.768028034273512069e-03
2.242681681681682093e+01 3.764337690581855134e-03
2.246684684684685251e+01 3.760655617296899261e-03
2.250687687687688054e+01 3.756981784057737955e-03
2.254690690690691213e+01 3.753316160660275912e-03
2.258693693693694016e+01 3.749658717056184726e-03
2.262696696696697174e+01 3.746009423351857274e-03
2.266699699699699977e+01 3.742368249807382502e-03
2.270702702702703135e+01 3.738735166835524537e-03
2.274705705705706293e+01 3.735110145000700068e-03
2.278708708708709096e+01 3.731493155017981313e-03
2.282711711711712255e+01 3.727884167752091183e-03
2.286714714714715058e+01 3.724283154216419690e-03
2.290717717717718216e+01 3.720690085572037325e-03
2.294720720720721019e+01 3.717104933126727517e-03
2.298723723723724177e+01 3.713527668334011718e-03
2.302726726726727335e+01 3.709958262792200506e-03
2.306729729729730138e+01 3.706396688243440794e-03
2.310732732732733297e+01 3.702842916572770832e-03
2.314735735735736100e+01 3.699296919807184766e-03
2.318738738738739258e+01 3.695758670114712360e-03
2.322741741741742061e+01 3.692228139803488754e-03
2.326744744744745219e+01 3.688705301320850671e-03
2.330747747747748377e+01 3.685190127252424824e-03
2.334750750750751180e+01 3.681682590321235394e-03
2.338753753753754339e+01 3.678182663386808052e-03
2.342756756756757142e+01 3.674690319444288717e-03
2.346759759759760300e+01 3.671205531623565783e-03
2.350762762762763103e+01 3.667728273188404498e-03
2.354765765765766261e+01 3.664258517535574390e-03
2.358768768768769064e+01 3.660796238194005767e-03
2.362771771771772222e+01 3.657341408823926686e-03
2.366774774774775381e+01 3.653894003216035490e-03
2.370777777777778184e+01 3.650453995290649060e-03
2.374780780780781342e+01 3.647021359096886631e-03
2.378783783783784145e+01 3.643596068811838420e-03
2.382786786786787303e+01 3.640178098739755078e-03
2.386789789789790106e+01 3.636767423311230638e-03
2.390792792792793264e+01 3.633364017082407142e-03
2.394795795795796423e+01 3.629967854734168862e-03
2.398798798798799226e+01 3.626578911071360808e-03
2.402801801801802384e+01 3.623197161021992057e-03
2.406804804804805187e+01 3.619822579636467266e-03
2.410807807807808345e+01 3.616455142086809089e-03
2.414810810810811148e+01 3.613094823665888820e-03
2.418813813813814306e+01 3.609741599786669194e-03
2.422816816816817109e+01 3.606395445981453677e-03
2.426819819819820268e+01 3.603056337901122761e-03
2.430822822822823426e+01 3.599724251314407111e-03
2.434825825825826229e+01 3.596399162107139901e-03
2.438828828828829387e+01 3.593081046281527795e-03
2.442831831831832190e+01 3.589769879955422797e-03
2.446834834834835348e+01 3.586465639361604944e-03
2.450837837837838151e+01 3.583168300847062830e-03
2.454840840840841310e+01 3.579877840872284969e-03
2.458843843843844468e+01 3.576594236010558533e-03
2.462846846846847271e+01 3.573317462947265925e-03
2.466849849849850429e+01 3.570047498479192189e-03
2.470852852852853232e+01 3.566784319513840659e-03
2.474855855855856390e+01 3.563527903068740808e-03
2.478858858858859193e+01 3.560278226270779077e-03
2.482861861861862351e+01 3.557035266355521030e-03
2.486864864864865510e+01 3.553799000666546092e-03
2.490867867867868313e+01 3.550569406654781844e-03
2.494870870870871471e+01 3.547346461877849168e-03
2.498873873873874274e+01 3.544130143999406086e-03
2.502876876876877432e+01 3.540920430788503746e-03
2.506879879879880235e+01 3.537717300118940669e-03
2.510882882882883393e+01 3.534520729968624372e-03
2.514885885885886196e+01 3.531330698418937760e-03
2.518888888888889355e+01 3.528147183654112458e-03
2.522891891891892513e+01 3.524970163960603874e-03
2.526894894894895316e+01 3.521799617726471040e-03
2.530897897897898474e+01 3.518635523440759912e-03
2.534900900900901277e+01 3.515477859692897958e-03
2.538903903903904435e+01 3.512326605172082228e-03
2.542906906906907238e+01 3.509181738666688252e-03
2.546909909909910397e+01 3.506043239063656378e-03
2.550912912912913555e+01 3.502911085347919316e-03
2.554915915915916358e+01 3.499785256601798452e-03
2.558918918918919516e+01 3.496665732004429657e-03
2.562921921921922319e+01 3.493552490831177380e-03
2.566924924924925477e+01 3.490445512453063930e-03
2.570927927927928280e+01 3.487344776336199180e-03
2.574930930930931439e+01 3.484250262041206810e-03
2.578933933933934597e+01 3.481161949222672230e-03
2.582936936936937400e+01 3.478079817628574461e-03
2.586939939939940558e+01 3.475003847099740993e-03
2.590942942942943361e+01 3.471934017569285307e-03
2.594945945945946519e+01 3.468870309062074310e-03
2.598948948948949322e+01 3.465812701694175393e-03
2.602951951951952481e+01 3.462761175672324741e-03
2.606954954954955284e+01 3.459715711293388264e-03
2.610957957957958442e+01 3.456676288943832942e-03
2.614960960960961600e+01 3.453642889099199035e-03
2.618963963963964403e+01 3.450615492323580967e-03
2.622966966966967561e+01 3.447594079269102139e-03
2.626969969969970364e+01 3.444578630675403184e-03
2.630972972972973523e+01 3.441569127369128057e-03
2.634975975975976326e+01 3.438565550263420530e-03
2.638978978978979484e+01 3.435567880357412451e-03
2.642981981981982642e+01 3.432576098735730212e-03
2.646984984984985445e+01 3.429590186567991247e-03
2.650987987987988603e+01 3.426610125108313972e-03
2.654990990990991406e+01 3.423635895694829030e-03
2.658993993993994565e+01 3.420667479749186623e-03
2.662996996996997368e+01 3.417704858776080337e-03
2.667000000000000526e+01 3.414748014362760983e-03
2.671003003003003329e+01 3.411796928178565617e-03
2.675006006006006487e+01 3.408851581974440062e-03
2.679009009009009645e+01 3.405911957582473566e-03
2.683012012012012448e+01 3.402978036915428259e-03
2.687015015015015607e+01 3.400049801966278148e-03
2.691018018018018410e+01 3.397127234807750720e-03
2.695021021021021568e+01 3.394210317591865936e-03
2.699024024024024371e+01 3.391299032549489542e-03
2.703027027027027529e+01 3.388393361989874668e-03
2.707030030030030687e+01 3.385493288300223374e-03
2.711033033033033490e+01 3.382598793945235192e-03
2.715036036036036649e+01 3.379709861466672141e-03
2.719039039039039451e+01 3.376826473482917243e-03
2.723042042042042610e+01 3.373948612688541272e-03
2.727045045045045413e+01 3.371076261853873848e-03
2.731048048048048571e+01 3.368209403824567148e-03
2.735051051051051729e+01 3.365348021521180014e-03
2.739054054054054532e+01 3.362492097938746434e-03
2.743057057057057690e+01 3.359641616146362680e-03
2.747060060060060493e+01 3.356796559286768372e-03
2.751063063063063652e+01 3.353956910575926244e-03
2.755066066066066455e+01 3.351122653302624453e-03
2.759069069069069613e+01 3.348293770828053312e-03
2.763072072072072416e+01 3.345470246585411939e-03
2.767075075075075574e+01 3.342652064079494958e-03
2.771078078078078732e+01 3.339839206886305225e-03
2.775081081081081535e+01 3.337031658652643128e-03
2.779084084084084694e+01 3.334229403095723219e-03
2.783087087087087497e+01 3.331432424002773486e-03
2.787090090090090655e+01 3.328640705230655021e-03
2.791093093093093458e+01 3.325854230705467800e-03
2.795096096096096616e+01 3.323072984422171649e-03
2.799099099099099774e+01 3.320296950444203733e-03
2.803102102102102577e+01 3.317526112903100826e-03
2.807105105105105736e+01 3.314760455998119401e-03
2.811108108108108539e+01 3.311999963995867872e-03
2.815111111111111697e+01 3.309244621229932761e-03
2.819114114114114500e+01 3.306494412100508765e-03
2.823117117117117658e+01 3.303749321074035770e-03
2.827120120120120816e+01 3.301009332682833253e-03
2.831123123123123619e+01 3.298274431524742499e-03
2.835126126126126778e+01 3.295544602262761007e-03
2.839129129129129581e+01 3.292819829624696413e-03
2.843132132132132739e+01 3.290100098402802195e-03
2.847135135135135542e+01 3.287385393453434636e-03
2.851138138138138700e+01 3.284675699696698939e-03
2.855141141141141503e+01 3.281971002116104881e-03
2.859144144144144661e+01 3.279271285758220307e-03
2.863147147147147820e+01 3.276576535732329820e-03
2.867150150150150623e+01 3.273886737210098246e-03
2.871153153153153781e+01 3.271201875425224989e-03
2.875156156156156584e+01 3.268521935673118772e-03
2.879159159159159742e+01 3.265846903310556763e-03
2.883162162162162545e+01 3.263176763755356279e-03
2.887165165165165703e+01 3.260511502486046920e-03
2.891168168168168862e+01 3.257851105041545750e-03
2.895171171171171665e+01 3.255195557020825955e-03
2.899174174174174823e+01 3.252544844082602433e-03
2.903177177177177626e+01 3.249898951945005224e-03
2.907180180180180784e+01 3.247257866385268570e-03
2.911183183183183587e+01 3.244621573239408249e-03
2.915186186186186745e+01 3.241990058401912796e-03
2.919189189189189548e+01 3.239363307825426919e-03
2.923192192192192707e+01 3.236741307520444883e-03
2.927195195195195865e+01 3.234124043555002600e-03
2.931198198198198668e+01 3.231511502054374048e-03
2.935201201201201826e+01 3.228903669200759892e-03
2.939204204204204629e+01 3.226300531232995181e-03
2.943207207207207787e+01 3.223702074446241003e-03
2.947210210210210590e+01 3.221108285191696084e-03
2.951213213213213749e+01 3.218519149876291480e-03
2.955216216216216907e+01 3.215934654962403043e-03
2.959219219219219710e+01 3.213354786967555221e-03
2.963222222222222868e+01 3.210779532464134826e-03
2.967225225225225671e+01 3.208208878079097433e-03
2.971228228228228829e+01 3.205642810493689390e-03
2.975231231231231632e+01 3.203081316443152915e-03
2.979234234234234791e+01 3.200524382716448974e-03
2.983237237237237949e+01 3.197971996155979726e-03
2.987240240240240752e+01 3.195424143657299692e-03
2.991243243243243910e+01 3.192880812168849905e-03
2.995246246246246713e+01 3.190341988691670818e-03
2.999249249249249871e+01 3.187807660279137756e-03
3.003252252252252674e+01 3.185277814036684228e-03
3.007255255255255832e+01 3.182752437121531743e-03
3.011258258258258635e+01 3.180231516742422233e-03
3.015261261261261794e+01 3.177715040159352633e-03
3.019264264264264952e+01 3.175202994683306874e-03
3.023267267267267755e+01 3.172695367675991765e-03
3.027270270270270913e+01 3.170192146549579391e-03
3.031273273273273716e+01 3.167693318766443868e-03
3.035276276276276874e+01 3.165198871838901997e-03
3.039279279279279677e+01 3.162708793328958268e-03
3.043282282282282836e+01 3.160223070848049414e-03
3.047285285285285994e+01 3.157741692056790714e-03
3.051288288288288797e+01 3.155264644664720550e-03
3.055291291291291955e+01 3.152791916430057548e-03
3.059294294294294758e+01 3.150323495159442107e-03
3.063297297297297916e+01 3.147859368707698734e-03
3.067300300300300719e+01 3.145399524977580616e-03
3.071303303303303878e+01 3.142943951919533688e-03
3.075306306306307036e+01 3.140492637531448576e-03
3.079309309309309839e+01 3.138045569858422066e-03
3.083312312312312997e+01 3.135602736992515981e-03
3.087315315315315800e+01 3.133164127072518654e-03
3.091318318318318958e+01 3.130729728283710746e-03
3.095321321321321761e+01 3.128299528857628447e-03
3.099324324324324920e+01 3.125873517071824960e-03
3.103327327327327723e+01 3.123451681249649753e-03
3.107330330330330881e+01 3.121034009760003964e-03
3.111333333333334039e+01 3.118620491017120092e-03
3.115336336336336842e+01 3.116211113480335179e-03
3.119339339339340000e+01 3.113805865653852725e-03
3.123342342342342803e+01 3.111404736086530610e-03
3.127345345345345962e+01 3.109007713371649950e-03
3.131348348348348765e+01 3.106614786146693914e-03
3.135351351351351923e+01 3.104225943093127851e-03
3.139354354354355081e+01 3.101841172936176810e-03
3.143357357357357884e+01 3.099460464444611738e-03
3.147360360360361042e+01 3.097083806430526130e-03
3.151363363363363845e+01 3.094711187749127432e-03
3.155366366366367004e+01 3.092342597298516297e-03
3.159369369369369807e+01 3.089978024019477982e-03
3.163372372372372965e+01 3.087617456895266378e-03
3.167375375375375768e+01 3.085260884951397577e-03
3.171378378378378926e+01 3.082908297255436934e-03
3.175381381381382084e+01 3.080559682916795671e-03
3.179384384384384887e+01 3.078215031086520108e-03
3.183387387387388046e+01 3.075874330957085664e-03
3.187390390390390849e+01 3.073537571762197367e-03
3.191393393393394007e+01 3.071204742776581249e-03
3.195396396396396810e+01 3.068875833315787890e-03
3.199399399399399968e+01 3.066550832735988590e-03
3.203402402402402771e+01 3.064229730433774574e-03
3.207405405405405929e+01 3.061912515845963134e-03
3.211408408408408377e+01 3.059599178449399440e-03
3.215411411411411535e+01 3.057289707760757480e-03
3.219414414414414694e+01 3.054984093336349672e-03
3.223417417417417852e+01 3.052682324771929107e-03
3.227420420420420299e+01 3.050384391702506102e-03
3.231423423423423458e+01 3.048090283802143072e-03
3.235426426426426616e+01 3.045799990783777146e-03
3.239429429429429774e+01 3.043513502399024153e-03
3.243432432432432933e+01 3.041230808437996036e-03
3.247435435435435380e+01 3.038951898729111336e-03
3.251438438438438538e+01 3.036676763138905673e-03
3.255441441441441697e+01 3.034405391571856105e-03
3.259444444444444855e+01 3.032137773970192476e-03
3.263447447447448013e+01 3.029873900313713106e-03
3.267450450450450461e+01 3.027613760619613480e-03
3.271453453453453619e+01 3.025357344942291096e-03
3.275456456456456777e+01 3.023104643373180234e-03
3.279459459459459936e+01 3.020855646040566771e-03
3.283462462462462383e+01 3.018610343109415142e-03
3.287465465465465542e+01 3.016368724781186630e-03
3.291468468468468700e+01 3.014130781293671534e-03
3.295471471471471858e+01 3.011896502920812218e-03
3.299474474474475016e+01 3.009665879972530083e-03
3.303477477477477464e+01 3.007438902794551654e-03
3.307480480480480622e+01 3.005215561768244652e-03
3.311483483483483781e+01 3.002995847310441484e-03
3.315486486486486939e+01 3.000779749873272277e-03
3.319489489489489387e+01 2.998567259944001379e-03
3.323492492492492545e+01 2.996358368044853889e-03
3.327495495495495703e+01 2.994153064732851723e-03
3.331498498498498861e+01 2.991951340599655756e-03
3.335501501501502020e+01 2.989753186271391482e-03
3.339504504504504467e+01 2.987558592408492454e-03
3.343507507507507626e+01 2.985367549705535053e-03
3.347510510510510784e+01 2.983180048891081928e-03
3.351513513513513942e+01 2.980996080727516765e-03
3.355516516516517100e+01 2.978815636010890330e-03
3.359519519519519548e+01 2.976638705570754800e-03
3.363522522522522706e+01 2.974465280270015451e-03
3.367525525525525865e+01 2.972295351004765416e-03
3.371528528528529023e+01 2.970128908704137809e-03
3.375531531531531471e+01 2.967965944330146124e-03
3.379534534534534629e+01 2.965806448877531584e-03
3.383537537537537787e+01 2.963650413373610914e-03
3.387540540540540945e+01 2.961497828878125425e-03
3.391543543543544104e+01 2.959348686483086188e-03
3.395546546546546551e+01 2.957202977312627448e-03
3.399549549549549710e+01 2.955060692522855706e-03
3.403552552552552868e+01 2.952921823301701831e-03
3.407555555555556026e+01 2.950786360868770143e-03
3.411558558558558474e+01 2.948654296475198763e-03
3.415561561561561632e+01 2.946525621403504359e-03
3.419564564564564790e+01 2.944400326967444234e-03
3.423567567567567949e+01 2.942278404511869307e-03
3.427570570570571107e+01 2.940159845412580134e-03
3.431573573573573555e+01 2.938044641076182923e-03
3.435576576576576713e+01 2.935932782939951191e-03
3.439579579579579871e+01 2.933824262471681783e-03
3.443582582582583029e+01 2.931719071169557392e-03
3.447585585585585477e+01 2.929617200562001714e-03
3.451588588588588635e+01 2.927518642207546304e-03
3.455591591591591794e+01 2.925423387694689199e-03
3.459594594594594952e+01 2.923331428641759606e-03
3.463597597597598110e+01 2.921242756696779564e-03
3.467600600600600558e+01 2.919157363537331230e-03
3.471603603603603716e+01 2.917075240870418106e-03
3.475606606606606874e+01 2.914996380432332765e-03
3.479609609609610033e+01 2.912920773988525881e-03
3.483612612612613191e+01 2.910848413333468315e-03
3.487615615615615638e+01 2.908779290290525784e-03
3.491618618618618797e+01 2.906713396711818782e-03
3.495621621621621955e+01 2.904650724478102450e-03
3.499624624624625113e+01 2.902591265498628229e-03
3.503627627627627561e+01 2.900535011711020700e-03
3.507630630630630719e+01 2.898481955081145742e-03
3.511633633633633877e+01 2.896432087602983461e-03
3.515636636636637036e+01 2.894385401298504162e-03
3.519639639639640194e+01 2.892341888217538678e-03
3.523642642642642642e+01 2.890301540437654765e-03
3.527645645645645800e+01 2.888264350064030043e-03
3.531648648648648958e+01 2.886230309229333157e-03
3.535651651651652116e+01 2.884199410093593249e-03
3.539654654654654564e+01 2.882171644844083291e-03
3.543657657657657722e+01 2.880147005695194752e-03
3.547660660660660881e+01 2.878125484888317473e-03
3.551663663663664039e+01 2.876107074691716930e-03
3.555666666666667197e+01 2.874091767400419745e-03
3.559669669669669645e+01 2.872079555336087050e-03
3.563672672672672803e+01 2.870070430846898262e-03
3.567675675675675961e+01 2.868064386307436590e-03
3.571678678678679120e+01 2.866061414118568039e-03
3.575681681681682278e+01 2.864061506707324314e-03
3.579684684684684726e+01 2.862064656526790499e-03
3.583687687687687884e+01 2.860070856055981024e-03
3.587690690690691042e+01 2.858080097799736447e-03
3.591693693693694200e+01 2.856092374288599859e-03
3.595696696696696648e+01 2.854107678078708459e-03
3.599699699699699806e+01 2.852126001751676895e-03
3.603702702702702965e+01 2.850147337914486680e-03
3.607705705705706123e+01 2.848171679199376898e-03
3.611708708708709281e+01 2.846199018263725813e-03
3.615711711711711729e+01 2.844229347789949385e-03
3.619714714714714887e+01 2.842262660485382446e-03
3.623717717717718045e+01 2.840298949082176779e-03
3.627720720720721204e+01 2.838338206337187065e-03
3.631723723723723651e+01 2.836380425031865930e-03
3.635726726726726810e+01 2.834425597972152489e-03
3.639729729729729968e+01 2.832473717988369995e-03
3.643732732732733126e+01 2.830524777935116126e-03
3.647735735735736284e+01 2.828578770691156721e-03
3.651738738738738732e+01 2.826635689159323443e-03
3.655741741741741890e+01 2.824695526266404917e-03
3.659744744744745049e+01 2.822758274963048722e-03
3.663747747747748207e+01 2.820823928223646897e-03
3.667750750750751365e+01 2.818892479046246173e-03
3.671753753753753813e+01 2.816963920452433909e-03
3.675756756756756971e+01 2.815038245487243556e-03
3.679759759759760129e+01 2.813115447219048833e-03
3.683762762762763288e+01 2.811195518739464851e-03
3.687765765765765735e+01 2.809278453163247501e-03
3.691768768768768894e+01 2.807364243628192400e-03
3.695771771771772052e+01 2.805452883295036885e-03
3.699774774774775210e+01 2.803544365347361567e-03
3.703777777777778368e+01 2.801638682991488410e-03
3.707780780780780816e+01 2.799735829456387066e-03
3.711783783783783974e+01 2.797835797993576418e-03
3.715786786786787133e+01 2.795938581877027446e-03
3.719789789789790291e+01 2.794044174403065642e-03
3.723792792792792739e+01 2.792152568890277770e-03
3.727795795795795897e+01 2.790263758679413855e-03
3.731798798798799055e+01 2.788377737133296980e-03
3.735801801801802213e+01 2.786494497636722231e-03
3.739804804804805372e+01 2.784614033596370403e-03
3.743807807807807819e+01 2.782736338440708248e-03
3.747810810810810978e+01 2.780861405619897836e-03
3.751813813813814136e+01 2.778989228605708087e-03
3.755816816816817294e+01 2.777119800891418057e-03
3.759819819819820452e+01 2.775253115991726301e-03
3.763822822822822900e+01 2.773389167442662836e-03
3.767825825825826058e+01 2.771527948801495462e-03
3.771828828828829216e+01 2.769669453646640429e-03
3.775831831831832375e+01 2.767813675577574829e-03
3.779834834834834822e+01 2.765960608214748564e-03
3.783837837837837981e+01 2.764110245199491098e-03
3.787840840840841139e+01 2.762262580193926027e-03
3.791843843843844297e+01 2.760417606880885642e-03
3.795846846846847455e+01 2.758575318963818555e-03
3.799849849849849903e+01 2.756735710166709468e-03
3.803852852852853061e+01 2.754898774233986367e-03
3.807855855855856220e+01 2.753064504930440286e-03
3.811858858858859378e+01 2.751232896041135544e-03
3.815861861861861826e+01 2.749403941371329069e-03
3.819864864864864984e+01 2.747577634746380202e-03
3.823867867867868142e+01 2.745753970011673064e-03
3.827870870870871300e+01 2.743932941032525916e-03
3.831873873873874459e+01 2.742114541694117870e-03
3.835876876876876906e+01 2.740298765901393908e-03
3.839879879879880065e+01 2.738485607578992464e-03
3.843882882882883223e+01 2.736675060671157813e-03
3.847885885885886381e+01 2.734867119141660280e-03
3.851888888888889539e+01 2.733061776973716873e-03
3.855891891891891987e+01 2.731259028169908017e-03
3.859894894894895145e+01 2.729458866752097757e-03
3.863897897897898304e+01 2.727661286761354394e-03
3.867900900900901462e+01 2.725866282257872423e-03
3.871903903903903910e+01 2.724073847320889700e-03
3.875906906906907068e+01 2.722283976048611980e-03
3.879909909909910226e+01 2.720496662558134424e-03
3.883912912912913384e+01 2.718711900985361796e-03
3.887915915915916543e+01 2.716929685484932577e-03
3.891918918918918990e+01 2.715150010230143063e-03
3.895921921921922149e+01 2.713372869412865838e-03
3.899924924924925307e+01 2.711598257243479516e-03
3.903927927927928465e+01 2.709826167950788942e-03
3.907930930930930913e+01 2.708056595781950602e-03
3.911933933933934071e+01 2.706289535002398029e-03
3.915936936936937229e+01 2.704524979895765475e-03
3.919939939939940388e+01 2.702762924763815050e-03
3.923942942942943546e+01 2.701003363926363868e-03
3.927945945945945994e+01 2.699246291721205983e-03
3.931948948948949152e+01 2.697491702504042129e-03
3.935951951951952310e+01 2.695739590648408603e-03
3.939954954954955468e+01 2.693989950545601364e-03
3.943957957957957916e+01 2.692242776604603614e-03
3.947960960960961074e+01 2.690498063252017274e-03
3.951963963963964233e+01 2.688755804931987955e-03
3.955966966966967391e+01 2.687015996106136440e-03
3.959969969969970549e+01 2.685278631253487126e-03
3.963972972972972997e+01 2.683543704870396465e-03
3.967975975975976155e+01 2.681811211470483576e-03
3.971978978978979313e+01 2.680081145584561290e-03
3.975981981981982472e+01 2.678353501760566326e-03
3.979984984984985630e+01 2.676628274563488605e-03
3.983987987987988078e+01 2.674905458575305758e-03
3.987990990990991236e+01 2.673185048394912441e-03
3.991993993993994394e+01 2.671467038638051378e-03
3.995996996996997552e+01 2.669751423937250043e-03
4.000000000000000000e+01 2.668038198941748672e-03
