5.000000000000000000e-01 1.154821805025791122e+02
8.203125000000000000e-01 1.176715620222747845e+02
1.140625000000000000e+00 1.179520976193605861e+02
1.460937500000000000e+00 1.170712004018535026e+02
1.781250000000000000e+00 1.204553452763669696e+02
2.101562500000000000e+00 1.209178232852774073e+02
2.421875000000000000e+00 1.205350530610810722e+02
2.742187500000000000e+00 1.204625457356293197e+02
3.062500000000000000e+00 1.222443297975386685e+02
3.382812500000000000e+00 1.263766604780157081e+02
3.703125000000000000e+00 1.301593442563344070e+02
4.023437500000000000e+00 1.270316266640597860e+02
4.343750000000000000e+00 1.288872472302034851e+02
4.664062500000000000e+00 1.291366366479857106e+02
4.984375000000000000e+00 1.301554649200997744e+02
5.304687500000000000e+00 1.302794202890127622e+02
5.625000000000000000e+00 1.317042219810222150e+02
5.945312500000000000e+00 1.322723341589370705e+02
6.265625000000000000e+00 1.330630540337698449e+02
6.585937500000000000e+00 1.349498689942765566e+02
6.906250000000000000e+00 1.341197865646599325e+02
7.226562500000000000e+00 1.360483260165821946e+02
7.546875000000000000e+00 1.340186266198141141e+02
7.867187500000000000e+00 1.334003885203735535e+02
8.187500000000000000e+00 1.372626041252857192e+02
8.507812500000000000e+00 1.353355890656573024e+02
8.828125000000000000e+00 1.378637704024985169e+02
9.148437500000000000e+00 1.365344490999429752e+02
9.468750000000000000e+00 1.374035968786287754e+02
9.789062500000000000e+00 1.372157906033017980e+02
1.010937500000000000e+01 1.376076660470247930e+02
1.042968750000000000e+01 1.389008013563422423e+02
1.075000000000000000e+01 1.370289547619896666e+02
