5.000000000000000000e-01 8.278185890592412721e-02
8.203125000000000000e-01 8.709953150137431099e-02
1.140625000000000000e+00 8.737346889002213512e-02
1.460937500000000000e+00 9.209308619840318733e-02
1.781250000000000000e+00 9.460468302675108243e-02
2.101562500000000000e+00 9.550342730363362009e-02
2.421875000000000000e+00 9.694507975660546228e-02
2.742187500000000000e+00 1.071060106627335085e-01
3.062500000000000000e+00 1.055934703313765599e-01
3.382812500000000000e+00 1.050096541076126488e-01
3.703125000000000000e+00 1.109870347140572144e-01
4.023437500000000000e+00 1.136518932969778628e-01
4.343750000000000000e+00 1.298428649566596149e-01
4.664062500000000000e+00 1.322514298991455117e-01
4.984375000000000000e+00 1.394486421746236327e-01
5.304687500000000000e+00 1.362887565097816167e-01
5.625000000000000000e+00 1.446452261096854708e-01
5.945312500000000000e+00 1.472047023240115604e-01
6.265625000000000000e+00 1.467127630406478977e-01
6.585937500000000000e+00 1.600347668876504759e-01
6.906250000000000000e+00 1.654705796932690876e-01
7.226562500000000000e+00 1.768624836504840148e-01
7.546875000000000000e+00 1.826145915117811103e-01
7.867187500000000000e+00 1.887944566474339392e-01
8.187500000000000000e+00 1.896374793245972079e-01
8.507812500000000000e+00 1.888181409526671073e-01
8.828125000000000000e+00 1.981969357945958521e-01
9.148437500000000000e+00 2.045753169545811156e-01
9.468750000000000000e+00 2.120856988832053869e-01
9.789062500000000000e+00 2.078966930987577177e-01
1.010937500000000000e+01 2.033578496377422273e-01
1.042968750000000000e+01 2.133389673236958939e-01
1.075000000000000000e+01 2.057980505606840926e-01
