7.629622379651479605e+03 6.200235768410493620e+01
5.843526250923830048e+03 7.459357893522442851e+01
4.474525456735130319e+03 8.524768901520718600e+01
3.342521927189250164e+03 9.649485542195455423e+01
2.425542437866709861e+03 1.094760142624979267e+02
1.701613764348029918e+03 1.204649826747818366e+02
1.148762682213739936e+03 1.276708213390394206e+02
7.450159670443659934e+02 1.324167226441201137e+02
4.684003944204320078e+02 1.283650231096080745e+02
3.408829242719870081e+02 1.294719158054702461e+02
2.884361775485659791e+02 1.282554051600876051e+02
2.746712224468880095e+02 1.286257452981654978e+02
2.707458897980159804e+02 1.330132768710387836e+02
2.695503493105520079e+02 1.283825420118770921e+02
