5.000000000000000000e-01 2.374506534795853274e-01
5.102602602602602788e-01 2.376684177646864460e-01
5.205205205205205576e-01 2.378862697047160746e-01
5.307807807807807254e-01 2.381042097151619685e-01
5.410410410410410043e-01 2.383222382107917092e-01
5.513013013013012831e-01 2.385403556056484575e-01
5.615615615615615619e-01 2.387585623130492329e-01
5.718218218218218407e-01 2.389768587455793625e-01
5.820820820820821195e-01 2.391952453150905655e-01
5.923423423423423984e-01 2.394137224326971791e-01
6.026026026026025662e-01 2.396322905087711619e-01
6.128628628628628450e-01 2.398509499529403732e-01
6.231231231231231238e-01 2.400697011740828557e-01
6.333833833833834026e-01 2.402885445803242814e-01
6.436436436436436814e-01 2.405074805790334558e-01
6.539039039039038492e-01 2.407265095768183483e-01
6.641641641641641280e-01 2.409456319795226231e-01
6.744244244244244069e-01 2.411648481922206988e-01
6.846846846846846857e-01 2.413841586192139732e-01
6.949449449449449645e-01 2.416035636640267437e-01
7.052052052052051323e-01 2.418230637294016827e-01
7.154654654654655221e-01 2.420426592172957025e-01
7.257257257257256899e-01 2.422623505288750978e-01
7.359859859859859688e-01 2.424821380645113267e-01
7.462462462462462476e-01 2.427020222237765423e-01
7.565065065065064154e-01 2.429220034054389854e-01
7.667667667667668052e-01 2.431420820074584044e-01
7.770270270270269730e-01 2.433622584269808098e-01
7.872872872872872518e-01 2.435825330603337280e-01
7.975475475475475307e-01 2.438029063030223709e-01
8.078078078078078095e-01 2.440233785497233354e-01
8.180680680680680883e-01 2.442439501942803293e-01
8.283283283283282561e-01 2.444646216296993135e-01
8.385885885885886459e-01 2.446853932481423965e-01
8.488488488488488137e-01 2.449062654409237538e-01
8.591091091091090926e-01 2.451272385985040492e-01
8.693693693693693714e-01 2.453483131104847725e-01
8.796296296296295392e-01 2.455694893656030775e-01
8.898898898898899290e-01 2.457907677517262302e-01
9.001501501501500968e-01 2.460121486558462522e-01
9.104104104104103756e-01 2.462336324640748420e-01
9.206706706706706544e-01 2.464552195616366292e-01
9.309309309309309333e-01 2.466769103328637913e-01
9.411911911911912121e-01 2.468987051611915839e-01
9.514514514514513799e-01 2.471206044291503479e-01
9.617117117117117697e-01 2.473426085183613454e-01
9.719719719719719375e-01 2.475647178095301826e-01
9.822322322322322163e-01 2.477869326824407026e-01
9.924924924924924952e-01 2.480092535159490186e-01
1.002752752752752663e+00 2.482316806879770743e-01
1.013013013013012831e+00 2.484542145755072873e-01
1.023273273273273221e+00 2.486768555545750270e-01
1.033533533533533610e+00 2.488996040002632304e-01
1.043793793793793778e+00 2.491224602866952686e-01
1.054054054054053946e+00 2.493454247870299512e-01
1.064314314314314336e+00 2.495684978734520887e-01
1.074574574574574504e+00 2.497916799171693569e-01
1.084834834834834894e+00 2.500149712884030540e-01
1.095095095095095061e+00 2.502383723563824103e-01
1.105355355355355229e+00 2.504618834893376778e-01
1.115615615615615619e+00 2.506855050544925523e-01
1.125875875875876009e+00 2.509092374180588170e-01
1.136136136136136177e+00 2.511330809452286261e-01
1.146396396396396344e+00 2.513570360001656234e-01
1.156656656656656512e+00 2.515811029460003345e-01
1.166916916916916902e+00 2.518052821448221179e-01
1.177177177177177292e+00 2.520295739576710048e-01
1.187437437437437460e+00 2.522539787445333137e-01
1.197697697697697627e+00 2.524784968643283278e-01
1.207957957957957795e+00 2.527031286749075178e-01
1.218218218218218185e+00 2.529278745330430511e-01
1.228478478478478575e+00 2.531527347944211859e-01
1.238738738738738743e+00 2.533777098136343886e-01
1.248998998998998911e+00 2.536027999441736736e-01
1.259259259259259078e+00 2.538280055384223854e-01
1.269519519519519468e+00 2.540533269476434874e-01
1.279779779779779858e+00 2.542787645219783399e-01
1.290040040040040026e+00 2.545043186104338773e-01
1.300300300300300194e+00 2.547299895608760023e-01
1.310560560560560361e+00 2.549557777200210373e-01
1.320820820820820751e+00 2.551816834334283968e-01
1.331081081081081141e+00 2.554077070454919274e-01
1.341341341341341309e+00 2.556338488994306934e-01
1.351601601601601477e+00 2.558601093372819824e-01
1.361861861861861867e+00 2.560864886998915901e-01
1.372122122122122034e+00 2.563129873269059944e-01
1.382382382382382424e+00 2.565396055567630285e-01
1.392642642642642592e+00 2.567663437266843318e-01
1.402902902902902760e+00 2.569932021726663574e-01
1.413163163163163150e+00 2.572201812294693801e-01
1.423423423423423539e+00 2.574472812306120018e-01
1.433683683683683707e+00 2.576745025083596596e-01
1.443943943943943875e+00 2.579018453937171329e-01
1.454204204204204043e+00 2.581293102164169961e-01
1.464464464464464433e+00 2.583568973049147899e-01
1.474724724724724823e+00 2.585846069863756980e-01
1.484984984984984990e+00 2.588124395866667760e-01
1.495245245245245158e+00 2.590403954303472367e-01
1.505505505505505548e+00 2.592684748406605677e-01
1.515765765765765716e+00 2.594966781395220967e-01
1.526026026026025884e+00 2.597250056475121638e-01
1.536286286286286273e+00 2.599534576838648525e-01
1.546546546546546441e+00 2.601820345664591083e-01
1.556806806806806831e+00 2.604107366118081357e-01
1.567067067067066999e+00 2.606395641350501835e-01
1.577327327327327167e+00 2.608685174499388859e-01
1.587587587587587556e+00 2.610975968688314386e-01
1.597847847847847724e+00 2.613268027026817708e-01
1.608108108108108114e+00 2.615561352610263346e-01
1.618368368368368282e+00 2.617855948519781095e-01
1.628628628628628672e+00 2.620151817822121698e-01
1.638888888888888840e+00 2.622448963569596891e-01
1.649149149149149007e+00 2.624747388799931747e-01
1.659409409409409397e+00 2.627047096536195836e-01
1.669669669669669565e+00 2.629348089786665010e-01
1.679929929929929955e+00 2.631650371544749234e-01
1.690190190190190123e+00 2.633953944788863244e-01
1.700450450450450290e+00 2.636258812482319414e-01
1.710710710710710680e+00 2.638564977573222281e-01
1.720970970970970848e+00 2.640872442994364189e-01
1.731231231231231238e+00 2.643181211663117036e-01
1.741491491491491406e+00 2.645491286481309601e-01
1.751751751751751796e+00 2.647802670335123731e-01
1.762012012012011963e+00 2.650115366094985547e-01
1.772272272272272131e+00 2.652429376615443868e-01
1.782532532532532521e+00 2.654744704735069738e-01
1.792792792792792689e+00 2.657061353276322646e-01
1.803053053053053079e+00 2.659379325045464482e-01
1.813313313313313246e+00 2.661698622832411876e-01
1.823573573573573414e+00 2.664019249410637391e-01
1.833833833833833804e+00 2.666341207537058500e-01
1.844094094094093972e+00 2.668664499951902691e-01
1.854354354354354362e+00 2.670989129378611437e-01
1.864614614614614529e+00 2.673315098523681987e-01
1.874874874874874697e+00 2.675642410076609079e-01
1.885135135135135087e+00 2.677971066709700088e-01
1.895395395395395255e+00 2.680301071077992869e-01
1.905655655655655645e+00 2.682632425819122535e-01
1.915915915915915813e+00 2.684965133553203209e-01
1.926176176176176202e+00 2.687299196882699803e-01
1.936436436436436370e+00 2.689634618392296450e-01
1.946696696696696538e+00 2.691971400648800472e-01
1.956956956956956928e+00 2.694309546200971961e-01
1.967217217217217096e+00 2.696649057579446618e-01
1.977477477477477485e+00 2.698989937296573105e-01
1.987737737737737653e+00 2.701332187846294253e-01
1.997997997997997821e+00 2.703675811704034926e-01
2.008258258258257989e+00 2.706020811326548814e-01
2.018518518518518157e+00 2.708367189151810739e-01
2.028778778778778769e+00 2.710714947598856228e-01
2.039039039039038936e+00 2.713064089067693252e-01
2.049299299299299548e+00 2.715414615939134579e-01
2.059559559559559716e+00 2.717766530574679540e-01
2.069819819819819884e+00 2.720119835316378576e-01
2.080080080080080052e+00 2.722474532486703902e-01
2.090340340340340219e+00 2.724830624388399625e-01
2.100600600600600387e+00 2.727188113304373496e-01
2.110860860860860555e+00 2.729547001497536485e-01
2.121121121121120723e+00 2.731907291210669553e-01
2.131381381381381335e+00 2.734268984666304303e-01
2.141641641641641503e+00 2.736632084066557558e-01
2.151901901901902114e+00 2.738996591593016450e-01
2.162162162162162282e+00 2.741362509406588543e-01
2.172422422422422450e+00 2.743729839647355284e-01
2.182682682682682618e+00 2.746098584434450984e-01
2.192942942942942786e+00 2.748468745865887963e-01
2.203203203203202953e+00 2.750840326018456072e-01
2.213463463463463121e+00 2.753213326947545059e-01
2.223723723723723733e+00 2.755587750687020221e-01
2.233983983983983901e+00 2.757963599249066422e-01
2.244244244244244069e+00 2.760340874624056529e-01
2.254504504504504681e+00 2.762719578780391538e-01
2.264764764764764848e+00 2.765099713664357917e-01
2.275025025025025016e+00 2.767481281199992149e-01
2.285285285285285184e+00 2.769864283288910878e-01
2.295545545545545352e+00 2.772248721810193217e-01
2.305805805805805520e+00 2.774634598620185355e-01
2.316066066066065687e+00 2.777021915552406739e-01
2.326326326326326299e+00 2.779410674417356897e-01
2.336586586586586467e+00 2.781800877002384431e-01
2.346846846846847079e+00 2.784192525071523816e-01
2.357107107107107247e+00 2.786585620365352733e-01
2.367367367367367414e+00 2.788980164600830536e-01
2.377627627627627582e+00 2.791376159471156693e-01
2.387887887887887750e+00 2.793773606645597596e-01
2.398148148148147918e+00 2.796172507769347226e-01
2.408408408408408086e+00 2.798572864463362286e-01
2.418668668668668253e+00 2.800974678324220646e-01
2.428928928928928865e+00 2.803377950923928719e-01
2.439189189189189033e+00 2.805782683809804334e-01
2.449449449449449645e+00 2.808188878504302433e-01
2.459709709709709813e+00 2.810596536504841869e-01
2.469969969969969981e+00 2.813005659283672744e-01
2.480230230230230148e+00 2.815416248287678225e-01
2.490490490490490316e+00 2.817828304938269635e-01
2.500750750750750484e+00 2.820241830631155522e-01
2.511011011011011096e+00 2.822656826736240632e-01
2.521271271271271264e+00 2.825073294597418294e-01
2.531531531531531432e+00 2.827491235532440528e-01
2.541791791791791599e+00 2.829910650832730967e-01
2.552052052052051767e+00 2.832331541763217220e-01
2.562312312312312379e+00 2.834753909562192642e-01
2.572572572572572547e+00 2.837177755441117610e-01
2.582832832832832715e+00 2.839603080584477968e-01
2.593093093093092882e+00 2.842029886149599061e-01
2.603353353353353050e+00 2.844458173266483647e-01
2.613613613613613662e+00 2.846887943037646473e-01
2.623873873873873830e+00 2.849319196537948851e-01
2.634134134134133998e+00 2.851751934814407696e-01
2.644394394394394165e+00 2.854186158886057312e-01
2.654654654654654333e+00 2.856621869743746767e-01
2.664914914914914945e+00 2.859059068349977251e-01
2.675175175175175113e+00 2.861497755638746643e-01
2.685435435435435281e+00 2.863937932515359663e-01
2.695695695695695449e+00 2.866379599856245797e-01
2.705955955955956060e+00 2.868822758508815518e-01
2.716216216216216228e+00 2.871267409291247130e-01
2.726476476476476396e+00 2.873713552992340770e-01
2.736736736736736564e+00 2.876161190371338550e-01
2.746996996996996732e+00 2.878610322157718060e-01
2.757257257257257343e+00 2.881060949051063025e-01
2.767517517517517511e+00 2.883513071720850696e-01
2.777777777777777679e+00 2.885966690806279766e-01
2.788038038038037847e+00 2.888421806916094958e-01
2.798298298298298015e+00 2.890878420628412160e-01
2.808558558558558627e+00 2.893336532490530244e-01
2.818818818818818794e+00 2.895796143018757318e-01
2.829079079079078962e+00 2.898257252698218100e-01
2.839339339339339130e+00 2.900719861982679615e-01
2.849599599599599298e+00 2.903183971294380772e-01
2.859859859859859910e+00 2.905649581023821426e-01
2.870120120120120077e+00 2.908116691529600839e-01
2.880380380380380245e+00 2.910585303138231716e-01
2.890640640640640413e+00 2.913055416143945364e-01
2.900900900900900581e+00 2.915527030808516828e-01
2.911161161161161193e+00 2.918000147361064500e-01
2.921421421421421361e+00 2.920474765997890243e-01
2.931681681681681528e+00 2.922950886882270671e-01
2.941941941941941696e+00 2.925428510144268412e-01
2.952202202202201864e+00 2.927907635880567239e-01
2.962462462462462476e+00 2.930388264154250577e-01
2.972722722722722644e+00 2.932870394994648300e-01
2.982982982982982811e+00 2.935354028397120230e-01
2.993243243243242979e+00 2.937839164322876839e-01
3.003503503503503591e+00 2.940325802698791624e-01
3.013763763763763759e+00 2.942813943417211808e-01
3.024024024024023927e+00 2.945303586335750734e-01
3.034284284284284094e+00 2.947794731277127989e-01
3.044544544544544262e+00 2.950287378028936813e-01
3.054804804804804874e+00 2.952781526343492002e-01
3.065065065065065042e+00 2.955277175937595646e-01
3.075325325325325210e+00 2.957774326492389472e-01
3.085585585585585378e+00 2.960272977653121140e-01
3.095845845845845545e+00 2.962773129028970498e-01
3.106106106106106157e+00 2.965274780192859172e-01
3.116366366366366325e+00 2.967777930681235188e-01
3.126626626626626493e+00 2.970282579993884231e-01
3.136886886886886661e+00 2.972788727593758673e-01
3.147147147147146828e+00 2.975296372906744979e-01
3.157407407407407440e+00 2.977805515321481078e-01
3.167667667667667608e+00 2.980316154189172062e-01
3.177927927927927776e+00 2.982828288823382579e-01
3.188188188188187944e+00 2.985341918499819780e-01
3.198448448448448111e+00 2.987857042456169010e-01
3.208708708708708723e+00 2.990373659891875646e-01
3.218968968968968891e+00 2.992891769967939708e-01
3.229229229229229059e+00 2.995411371806742662e-01
3.239489489489489227e+00 2.997932464491814830e-01
3.249749749749749395e+00 3.000455047067662750e-01
3.260010010010010006e+00 3.002979118539541581e-01
3.270270270270270174e+00 3.005504677873288011e-01
3.280530530530530342e+00 3.008031723995092110e-01
3.290790790790790510e+00 3.010560255791300266e-01
3.301051051051051122e+00 3.013090272108220891e-01
3.311311311311311290e+00 3.015621771751920144e-01
3.321571571571571457e+00 3.018154753488012099e-01
3.331831831831831625e+00 3.020689216041477221e-01
3.342092092092091793e+00 3.023225158096420895e-01
3.352352352352352405e+00 3.025762578295908556e-01
3.362612612612612573e+00 3.028301475241746976e-01
3.372872872872872740e+00 3.030841847494266661e-01
3.383133133133132908e+00 3.033383693572140882e-01
3.393393393393393076e+00 3.035927011952176957e-01
3.403653653653653688e+00 3.038471801069085876e-01
3.413913913913913856e+00 3.041018059315325206e-01
3.424174174174174023e+00 3.043565785040838190e-01
3.434434434434434191e+00 3.046114976552889431e-01
3.444694694694694359e+00 3.048665632115852842e-01
3.454954954954954971e+00 3.051217749950985159e-01
3.465215215215215139e+00 3.053771328236233318e-01
3.475475475475475307e+00 3.056326365106039056e-01
3.485735735735735474e+00 3.058882858651120196e-01
3.495995995995995642e+00 3.061440806918260815e-01
3.506256256256256254e+00 3.064000207910106965e-01
3.516516516516516422e+00 3.066561059584975713e-01
3.526776776776776590e+00 3.069123359856613109e-01
3.537037037037036757e+00 3.071687106594025995e-01
3.547297297297296925e+00 3.074252297621257735e-01
3.557557557557557537e+00 3.076818930717156175e-01
3.567817817817817705e+00 3.079387003615223772e-01
3.578078078078077873e+00 3.081956514003352798e-01
3.588338338338338041e+00 3.084527459523639381e-01
3.598598598598598652e+00 3.087099837772192545e-01
3.608858858858858820e+00 3.089673646298893295e-01
3.619119119119118988e+00 3.092248882607220861e-01
3.629379379379379156e+00 3.094825544154002905e-01
3.639639639639639324e+00 3.097403628349252314e-01
3.649899899899899935e+00 3.099983132555923504e-01
3.660160160160160103e+00 3.102564054089738677e-01
3.670420420420420271e+00 3.105146390218936348e-01
3.680680680680680439e+00 3.107730138164089273e-01
3.690940940940940607e+00 3.110315295097901833e-01
3.701201201201201219e+00 3.112901858144984657e-01
3.711461461461461386e+00 3.115489824381660333e-01
3.721721721721721554e+00 3.118079190835731929e-01
3.731981981981981722e+00 3.120669954486314235e-01
3.742242242242241890e+00 3.123262112263575641e-01
3.752502502502502502e+00 3.125855661048582146e-01
3.762762762762762669e+00 3.128450597673035349e-01
3.773023023023022837e+00 3.131046918919118682e-01
3.783283283283283005e+00 3.133644621519231510e-01
3.793543543543543173e+00 3.136243702155840918e-01
3.803803803803803785e+00 3.138844157461223028e-01
3.814064064064063952e+00 3.141445984017287585e-01
3.824324324324324120e+00 3.144049178355351470e-01
3.834584584584584288e+00 3.146653736955939418e-01
3.844844844844844456e+00 3.149259656248578620e-01
3.855105105105105068e+00 3.151866932611582794e-01
3.865365365365365236e+00 3.154475562371856223e-01
3.875625625625625403e+00 3.157085541804664497e-01
3.885885885885885571e+00 3.159696867133463538e-01
3.896146146146146183e+00 3.162309534529661459e-01
3.906406406406406351e+00 3.164923540112419831e-01
3.916666666666666519e+00 3.167538879948445518e-01
3.926926926926926686e+00 3.170155550051804161e-01
3.937187187187186854e+00 3.172773546383694798e-01
3.947447447447447466e+00 3.175392864852236152e-01
3.957707707707707634e+00 3.178013501312287326e-01
3.967967967967967802e+00 3.180635451565210214e-01
3.978228228228227970e+00 3.183258711358705195e-01
3.988488488488488137e+00 3.185883276386573537e-01
3.998748748748748749e+00 3.188509142288512566e-01
4.009009009009009361e+00 3.191136304649932476e-01
4.019269269269269529e+00 3.193764759001745945e-01
4.029529529529529697e+00 3.196394500820157192e-01
4.039789789789789864e+00 3.199025525526451030e-01
4.050050050050050032e+00 3.201657828486816904e-01
4.060310310310310200e+00 3.204291405012117400e-01
4.070570570570570368e+00 3.206926250357708397e-01
4.080830830830830536e+00 3.209562359723235891e-01
4.091091091091090703e+00 3.212199728252392861e-01
4.101351351351350871e+00 3.214838351032796582e-01
4.111611611611611039e+00 3.217478223095716072e-01
4.121871871871871207e+00 3.220119339415911663e-01
4.132132132132131375e+00 3.222761694911404629e-01
4.142392392392391542e+00 3.225405284443329523e-01
4.152652652652652598e+00 3.228050102815667177e-01
4.162912912912912766e+00 3.230696144775108136e-01
4.173173173173172934e+00 3.233343405010818961e-01
4.183433433433433102e+00 3.235991878154242940e-01
4.193693693693694158e+00 3.238641558778937446e-01
4.203953953953954326e+00 3.241292441400343005e-01
4.214214214214214493e+00 3.243944520475590676e-01
4.224474474474474661e+00 3.246597790403336070e-01
4.234734734734734829e+00 3.249252245523521765e-01
4.244994994994994997e+00 3.251907880117227978e-01
4.255255255255255165e+00 3.254564688406441086e-01
4.265515515515515332e+00 3.257222664553879321e-01
4.275775775775775500e+00 3.259881802662809025e-01
4.286036036036035668e+00 3.262542096776822609e-01
4.296296296296295836e+00 3.265203540879685895e-01
4.306556556556556004e+00 3.267866128895117184e-01
4.316816816816816171e+00 3.270529854686602400e-01
4.327077077077076339e+00 3.273194712057230227e-01
4.337337337337336507e+00 3.275860694749480606e-01
4.347597597597597563e+00 3.278527796445036557e-01
4.357857857857857731e+00 3.281196010764602100e-01
4.368118118118117899e+00 3.283865331267732945e-01
4.378378378378378066e+00 3.286535751452616116e-01
4.388638638638638234e+00 3.289207264755915072e-01
4.398898898898899290e+00 3.291879864552573198e-01
4.409159159159159458e+00 3.294553544155632840e-01
4.419419419419419626e+00 3.297228296816056003e-01
4.429679679679679793e+00 3.299904115722532838e-01
4.439939939939939961e+00 3.302580994001321768e-01
4.450200200200200129e+00 3.305258924716030777e-01
4.460460460460460297e+00 3.307937900867503611e-01
4.470720720720720465e+00 3.310617915393549437e-01
4.480980980980980632e+00 3.313298961168871237e-01
4.491241241241240800e+00 3.315981031004792690e-01
4.501501501501500968e+00 3.318664117649144929e-01
4.511761761761761136e+00 3.321348213786086134e-01
4.522022022022022192e+00 3.324033312035888921e-01
4.532282282282282360e+00 3.326719404954807668e-01
4.542542542542542527e+00 3.329406485034883678e-01
4.552802802802802695e+00 3.332094544703804173e-01
4.563063063063062863e+00 3.334783576324683030e-01
4.573323323323323031e+00 3.337473572195950866e-01
4.583583583583583199e+00 3.340164524551140213e-01
4.593843843843843366e+00 3.342856425558725642e-01
4.604104104104103534e+00 3.345549267321989428e-01
4.614364364364364590e+00 3.348243041878823933e-01
4.624624624624624758e+00 3.350937741201596709e-01
4.634884884884884926e+00 3.353633357196951770e-01
4.645145145145145094e+00 3.356329881705679141e-01
4.655405405405405261e+00 3.359027306502536114e-01
4.665665665665665429e+00 3.361725623296109022e-01
4.675925925925925597e+00 3.364424823728622838e-01
4.686186186186185765e+00 3.367124899375832370e-01
4.696446446446445933e+00 3.369825841746803552e-01
4.706706706706706100e+00 3.372527642283827398e-01
4.716966966966967156e+00 3.375230292362216833e-01
4.727227227227227324e+00 3.377933783290161807e-01
4.737487487487487492e+00 3.380638106308607171e-01
4.747747747747747660e+00 3.383343252591072270e-01
4.758008008008007828e+00 3.386049213243523259e-01
4.768268268268267995e+00 3.388755979304206578e-01
4.778528528528528163e+00 3.391463541743530707e-01
4.788788788788788331e+00 3.394171891463889090e-01
4.799049049049048499e+00 3.396881019299545224e-01
4.809309309309308667e+00 3.399590916016470010e-01
4.819569569569569722e+00 3.402301572312220745e-01
4.829829829829829890e+00 3.405012978815800118e-01
4.840090090090090058e+00 3.407725126087472467e-01
4.850350350350350226e+00 3.410438004618713825e-01
4.860610610610610394e+00 3.413151604832013741e-01
4.870870870870870561e+00 3.415865917080745939e-01
4.881131131131130729e+00 3.418580931649054522e-01
4.891391391391390897e+00 3.421296638751728514e-01
4.901651651651651065e+00 3.424013028534046432e-01
4.911911911911912121e+00 3.426730091071684137e-01
4.922172172172172289e+00 3.429447816370546076e-01
4.932432432432432456e+00 3.432166194366698675e-01
4.942692692692692624e+00 3.434885214926176045e-01
4.952952952952952792e+00 3.437604867844912260e-01
4.963213213213212960e+00 3.440325142848611462e-01
4.973473473473473128e+00 3.443046029592619073e-01
4.983733733733733295e+00 3.445767517661813550e-01
4.993993993993993463e+00 3.448489596570474824e-01
5.004254254254253631e+00 3.451212255762197145e-01
5.014514514514514687e+00 3.453935484609772510e-01
5.024774774774774855e+00 3.456659272415031903e-01
5.035035035035035023e+00 3.459383608408837518e-01
5.045295295295295190e+00 3.462108481750877376e-01
5.055555555555555358e+00 3.464833881529599813e-01
5.065815815815815526e+00 3.467559796762126334e-01
5.076076076076075694e+00 3.470286216394127266e-01
5.086336336336335862e+00 3.473013129299720725e-01
5.096596596596596029e+00 3.475740524281392130e-01
5.106856856856856197e+00 3.478468390069890948e-01
5.117117117117117253e+00 3.481196715324115232e-01
5.127377377377377421e+00 3.483925488631071099e-01
5.137637637637637589e+00 3.486654698505702310e-01
5.147897897897897757e+00 3.489384333390894155e-01
5.158158158158157924e+00 3.492114381657317468e-01
5.168418418418418092e+00 3.494844831603365343e-01
5.178678678678678260e+00 3.497575671455058766e-01
5.188938938938938428e+00 3.500306889366015528e-01
5.199199199199198596e+00 3.503038473417272591e-01
5.209459459459459651e+00 3.505770411617342153e-01
5.219719719719719819e+00 3.508502691901995152e-01
5.229979979979979987e+00 3.511235302134290137e-01
5.240240240240240155e+00 3.513968230104445034e-01
5.250500500500500323e+00 3.516701463529812721e-01
5.260760760760760490e+00 3.519434990054777224e-01
5.271021021021020658e+00 3.522168797250689320e-01
5.281281281281280826e+00 3.524902872615828242e-01
5.291541541541540994e+00 3.527637203575315628e-01
5.301801801801801162e+00 3.530371777481061124e-01
5.312062062062062218e+00 3.533106581611725749e-01
5.322322322322322385e+00 3.535841603172633074e-01
5.332582582582582553e+00 3.538576829295752568e-01
5.342842842842842721e+00 3.541312247039611338e-01
5.353103103103102889e+00 3.544047843389272479e-01
5.363363363363363057e+00 3.546783605256262906e-01
5.373623623623623224e+00 3.549519519478550600e-01
5.383883883883883392e+00 3.552255572820514629e-01
5.394144144144143560e+00 3.554991751972863545e-01
5.404404404404403728e+00 3.557728043552644270e-01
5.414664664664664784e+00 3.560464434103146059e-01
5.424924924924924952e+00 3.563200910093921037e-01
5.435185185185185119e+00 3.565937457920750897e-01
5.445445445445445287e+00 3.568674063905567517e-01
5.455705705705705455e+00 3.571410714296494593e-01
5.465965965965965623e+00 3.574147395267773253e-01
5.476226226226225791e+00 3.576884092919728753e-01
5.486486486486485958e+00 3.579620793278822100e-01
5.496746746746746126e+00 3.582357482297546802e-01
5.507007007007007182e+00 3.585094145854522130e-01
5.517267267267267350e+00 3.587830769754298266e-01
5.527527527527527518e+00 3.590567339727580576e-01
5.537787787787787686e+00 3.593303841431007561e-01
5.548048048048047853e+00 3.596040260447301851e-01
5.558308308308308021e+00 3.598776582285166947e-01
5.568568568568568189e+00 3.601512792379347183e-01
5.578828828828828357e+00 3.604248876090573317e-01
5.589089089089088525e+00 3.606984818705638030e-01
5.599349349349348692e+00 3.609720605437339858e-01
5.609609609609609748e+00 3.612456221424515390e-01
5.619869869869869916e+00 3.615191651732069800e-01
5.630130130130130084e+00 3.617926881350930768e-01
5.640390390390390252e+00 3.620661895198173386e-01
5.650650650650650419e+00 3.623396678116910796e-01
5.660910910910910587e+00 3.626131214876410214e-01
5.671171171171170755e+00 3.628865490172063502e-01
5.681431431431430923e+00 3.631599488625459893e-01
5.691691691691691091e+00 3.634333194784381549e-01
5.701951951951951258e+00 3.637066593122834091e-01
5.712212212212212314e+00 3.639799668041118763e-01
5.722472472472472482e+00 3.642532403865826329e-01
5.732732732732732650e+00 3.645264784849866491e-01
5.742992992992992818e+00 3.647996795172597784e-01
5.753253253253252986e+00 3.650728418939779840e-01
5.763513513513513153e+00 3.653459640183636115e-01
5.773773773773773321e+00 3.656190442862976009e-01
5.784034034034033489e+00 3.658920810863164341e-01
5.794294294294293657e+00 3.661650727996184629e-01
5.804554554554554713e+00 3.664380178000775090e-01
5.814814814814814881e+00 3.667109144542393673e-01
5.825075075075075048e+00 3.669837611213370709e-01
5.835335335335335216e+00 3.672565561532893375e-01
5.845595595595595384e+00 3.675292978947126143e-01
5.855855855855855552e+00 3.678019846829251871e-01
5.866116116116115720e+00 3.680746148479638880e-01
5.876376376376375887e+00 3.683471867125748811e-01
5.886636636636636055e+00 3.686196985922398639e-01
5.896896896896896223e+00 3.688921487951706268e-01
5.907157157157157279e+00 3.691645356223279273e-01
5.917417417417417447e+00 3.694368573674215450e-01
5.927677677677677615e+00 3.697091123169284343e-01
5.937937937937937782e+00 3.699812987500922801e-01
5.948198198198197950e+00 3.702534149389461460e-01
5.958458458458458118e+00 3.705254591483057580e-01
5.968718718718718286e+00 3.707974296358014787e-01
5.978978978978978454e+00 3.710693246518657618e-01
5.989239239239238621e+00 3.713411424397607963e-01
5.999499499499498789e+00 3.716128812355814492e-01
6.009759759759759845e+00 3.718845392682769702e-01
6.020020020020020013e+00 3.721561147596473274e-01
6.030280280280280181e+00 3.724276059243673553e-01
6.040540540540540349e+00 3.726990109699968579e-01
6.050800800800800516e+00 3.729703280969904333e-01
6.061061061061060684e+00 3.732415554987116302e-01
6.071321321321320852e+00 3.735126913614491007e-01
6.081581581581581020e+00 3.737837338644277585e-01
6.091841841841841187e+00 3.740546811798234339e-01
6.102102102102102243e+00 3.743255314727740313e-01
6.112362362362362411e+00 3.745962829014024553e-01
6.122622622622622579e+00 3.748669336168234945e-01
6.132882882882882747e+00 3.751374817631579206e-01
6.143143143143142915e+00 3.754079254775603558e-01
6.153403403403403082e+00 3.756782628902188281e-01
6.163663663663663250e+00 3.759484921243826383e-01
6.173923923923923418e+00 3.762186112963733509e-01
6.184184184184183586e+00 3.764886185156030018e-01
6.194444444444443754e+00 3.767585118845930281e-01
6.204704704704704810e+00 3.770282894989878675e-01
6.214964964964964977e+00 3.772979494475748319e-01
6.225225225225225145e+00 3.775674898123021483e-01
6.235485485485485313e+00 3.778369086682993316e-01
6.245745745745745481e+00 3.781062040838886751e-01
6.256006006006005649e+00 3.783753741206145049e-01
6.266266266266265816e+00 3.786444168332525062e-01
6.276526526526525984e+00 3.789133302698358685e-01
6.286786786786786152e+00 3.791821124716750480e-01
6.297047047047046320e+00 3.794507614733712009e-01
6.307307307307307376e+00 3.797192753028483247e-01
6.317567567567567544e+00 3.799876519813591980e-01
6.327827827827827711e+00 3.802558895235240155e-01
6.338088088088087879e+00 3.805239859373335531e-01
6.348348348348348047e+00 3.807919392241895240e-01
6.358608608608608215e+00 3.810597473789092970e-01
6.368868868868868383e+00 3.813274083897609801e-01
6.379129129129128550e+00 3.815949202384797956e-01
6.389389389389388718e+00 3.818622809002942819e-01
6.399649649649649774e+00 3.821294883439468881e-01
6.409909909909909942e+00 3.823965405317206190e-01
6.420170170170170110e+00 3.826634354194633492e-01
6.430430430430430278e+00 3.829301709566088063e-01
6.440690690690690445e+00 3.831967450862007740e-01
6.450950950950950613e+00 3.834631557449288408e-01
6.461211211211210781e+00 3.837294008631355613e-01
6.471471471471470949e+00 3.839954783648587000e-01
6.481731731731731116e+00 3.842613861678507159e-01
6.491991991991991284e+00 3.845271221836053521e-01
6.502252252252252340e+00 3.847926843173771760e-01
6.512512512512512508e+00 3.850580704682274313e-01
6.522772772772772676e+00 3.853232785290318652e-01
6.533033033033032844e+00 3.855883063865159222e-01
6.543293293293293011e+00 3.858531519212898275e-01
6.553553553553553179e+00 3.861178130078616877e-01
6.563813813813813347e+00 3.863822875146806779e-01
6.574074074074073515e+00 3.866465733041589137e-01
6.584334334334333683e+00 3.869106682326989288e-01
6.594594594594593850e+00 3.871745701507320336e-01
6.604854854854854906e+00 3.874382769027369111e-01
6.615115115115115074e+00 3.877017863272789189e-01
6.625375375375375242e+00 3.879650962570386774e-01
6.635635635635635410e+00 3.882282045188364950e-01
6.645895895895895578e+00 3.884911089336765544e-01
6.656156156156155745e+00 3.887538073167642882e-01
6.666416416416415913e+00 3.890162974775504545e-01
6.676676676676676081e+00 3.892785772197545624e-01
6.686936936936936249e+00 3.895406443414041742e-01
6.697197197197197305e+00 3.898024966348643816e-01
6.707457457457457473e+00 3.900641318868689478e-01
6.717717717717717640e+00 3.903255478785578880e-01
6.727977977977977808e+00 3.905867423855114984e-01
6.738238238238237976e+00 3.908477131777831071e-01
6.748498498498498144e+00 3.911084580199342686e-01
6.758758758758758312e+00 3.913689746710649620e-01
6.769019019019018479e+00 3.916292608848606638e-01
6.779279279279278647e+00 3.918893144096140535e-01
6.789539539539538815e+00 3.921491329882721422e-01
6.799799799799799871e+00 3.924087143584650827e-01
6.810060060060060039e+00 3.926680562525486362e-01
6.820320320320320207e+00 3.929271563976357018e-01
6.830580580580580374e+00 3.931860125156335095e-01
6.840840840840840542e+00 3.934446223232895834e-01
6.851101101101100710e+00 3.937029835322178317e-01
6.861361361361360878e+00 3.939610938489498393e-01
6.871621621621621046e+00 3.942189509749581267e-01
6.881881881881881213e+00 3.944765526067110506e-01
6.892142142142141381e+00 3.947338964357003377e-01
6.902402402402402437e+00 3.949909801484788874e-01
6.912662662662662605e+00 3.952478014267178374e-01
6.922922922922922773e+00 3.955043579472298787e-01
6.933183183183182940e+00 3.957606473820129422e-01
6.943443443443443108e+00 3.960166673982937757e-01
6.953703703703703276e+00 3.962724156585735735e-01
6.963963963963963444e+00 3.965278898206607838e-01
6.974224224224223612e+00 3.967830875377146294e-01
6.984484484484483779e+00 3.970380064582937907e-01
6.994744744744744835e+00 3.972926442263888247e-01
7.005005005005005003e+00 3.975469984814801738e-01
7.015265265265265171e+00 3.978010668585605925e-01
7.025525525525525339e+00 3.980548469881918794e-01
7.035785785785785507e+00 3.983083364965564477e-01
7.046046046046045674e+00 3.985615330054798067e-01
7.056306306306305842e+00 3.988144341324878495e-01
7.066566566566566010e+00 3.990670374908584783e-01
7.076826826826826178e+00 3.993193406896455855e-01
7.087087087087086346e+00 3.995713413337477760e-01
7.097347347347347402e+00 3.998230370239417297e-01
7.107607607607607569e+00 4.000744253569241127e-01
7.117867867867867737e+00 4.003255039253656999e-01
7.128128128128127905e+00 4.005762703179605588e-01
7.138388388388388073e+00 4.008267221194619090e-01
7.148648648648648241e+00 4.010768569107367454e-01
7.158908908908908408e+00 4.013266722688174637e-01
7.169169169169168576e+00 4.015761657669376095e-01
7.179429429429428744e+00 4.018253349745879999e-01
7.189689689689688912e+00 4.020741774575698479e-01
7.199949949949949968e+00 4.023226907780272366e-01
7.210210210210210136e+00 4.025708724945171735e-01
7.220470470470470303e+00 4.028187201620382907e-01
7.230730730730730471e+00 4.030662313321020096e-01
7.240990990990990639e+00 4.033134035527582983e-01
7.251251251251250807e+00 4.035602343686673921e-01
7.261511511511510975e+00 4.038067213211380402e-01
7.271771771771771142e+00 4.040528619481822958e-01
7.282032032032031310e+00 4.042986537845652539e-01
7.292292292292292366e+00 4.045440943618588969e-01
7.302552552552552534e+00 4.047891812084900010e-01
7.312812812812812702e+00 4.050339118497964797e-01
7.323073073073072869e+00 4.052782838080820627e-01
7.333333333333333037e+00 4.055222946026498798e-01
7.343593593593593205e+00 4.057659417498878374e-01
7.353853853853853373e+00 4.060092227632912665e-01
7.364114114114113541e+00 4.062521351535339775e-01
7.374374374374373708e+00 4.064946764285163883e-01
7.384634634634633876e+00 4.067368440934217011e-01
7.394894894894894932e+00 4.069786356507658631e-01
7.405155155155155100e+00 4.072200486004527442e-01
7.415415415415415268e+00 4.074610804398381414e-01
7.425675675675675436e+00 4.077017286637710791e-01
7.435935935935935603e+00 4.079419907646646970e-01
7.446196196196195771e+00 4.081818642325321655e-01
7.456456456456455939e+00 4.084213465550606270e-01
7.466716716716716107e+00 4.086604352176646526e-01
7.476976976976976275e+00 4.088991277035273209e-01
7.487237237237236442e+00 4.091374214936765452e-01
7.497497497497497498e+00 4.093753140670323143e-01
7.507757757757757666e+00 4.096128029004662552e-01
7.518018018018017834e+00 4.098498854688590320e-01
7.528278278278278002e+00 4.100865592451505282e-01
7.538538538538538170e+00 4.103228217004189493e-01
7.548798798798798337e+00 4.105586703039084684e-01
7.559059059059058505e+00 4.107941025231197085e-01
7.569319319319318673e+00 4.110291158238420506e-01
7.579579579579578841e+00 4.112637076702346794e-01
7.589839839839839897e+00 4.114978755248626663e-01
7.600100100100100065e+00 4.117316168487809569e-01
7.610360360360360232e+00 4.119649291015777814e-01
7.620620620620620400e+00 4.121978097414396580e-01
7.630880880880880568e+00 4.124302562252099569e-01
7.641141141141140736e+00 4.126622660084536820e-01
7.651401401401400904e+00 4.128938365455147030e-01
7.661661661661661071e+00 4.131249652895762070e-01
7.671921921921921239e+00 4.133556496927258683e-01
7.682182182182181407e+00 4.135858872060143021e-01
7.692442442442442463e+00 4.138156752795191240e-01
7.702702702702702631e+00 4.140450113623990736e-01
7.712962962962962798e+00 4.142738929029688988e-01
7.723223223223222966e+00 4.145023173487494272e-01
7.733483483483483134e+00 4.147302821465483347e-01
7.743743743743743302e+00 4.149577847424942845e-01
7.754004004004003470e+00 4.151848225821238025e-01
7.764264264264263637e+00 4.154113931104426727e-01
7.774524524524523805e+00 4.156374937719714002e-01
7.784784784784783973e+00 4.158631220108338078e-01
7.795045045045045029e+00 4.160882752707992793e-01
7.805305305305305197e+00 4.163129509953653051e-01
7.815565565565565365e+00 4.165371466278038337e-01
7.825825825825825532e+00 4.167608596112394315e-01
7.836086086086085700e+00 4.169840873887070143e-01
7.846346346346345868e+00 4.172068274032212920e-01
7.856606606606606036e+00 4.174290770978375531e-01
7.866866866866866204e+00 4.176508339157182226e-01
7.877127127127126371e+00 4.178720953002055261e-01
7.887387387387387427e+00 4.180928586948727821e-01
7.897647647647647595e+00 4.183131215435975103e-01
7.907907907907907763e+00 4.185328812906391471e-01
7.918168168168167931e+00 4.187521353806836211e-01
7.928428428428428099e+00 4.189708812589206244e-01
7.938688688688688266e+00 4.191891163711230495e-01
7.948948948948948434e+00 4.194068381636832377e-01
7.959209209209208602e+00 4.196240440837115115e-01
7.969469469469468770e+00 4.198407315790788075e-01
7.979729729729728938e+00 4.200568980985007750e-01
7.989989989989989994e+00 4.202725410915961191e-01
8.000250250250250161e+00 4.204876580089556559e-01
8.010510510510510329e+00 4.207022463022181413e-01
8.020770770770770497e+00 4.209163034241223955e-01
8.031031031031030665e+00 4.211298268285924573e-01
8.041291291291290833e+00 4.213428139707887099e-01
8.051551551551551000e+00 4.215552623071922578e-01
8.061811811811811168e+00 4.217671692956620477e-01
8.072072072072071336e+00 4.219785323955110301e-01
8.082332332332331504e+00 4.221893490675653893e-01
8.092592592592591672e+00 4.223996167742502528e-01
8.102852852852851839e+00 4.226093329796348219e-01
8.113113113113112007e+00 4.228184951495274624e-01
8.123373373373372175e+00 4.230271007515221671e-01
8.133633633633632343e+00 4.232351472550845428e-01
8.143893893893892511e+00 4.234426321316110964e-01
8.154154154154152678e+00 4.236495528545035083e-01
8.164414414414412846e+00 4.238559068992435175e-01
8.174674674674673014e+00 4.240616917434459898e-01
8.184934934934934958e+00 4.242669048669469034e-01
8.195195195195195126e+00 4.244715437518647994e-01
8.205455455455455294e+00 4.246756058826752223e-01
8.215715715715715461e+00 4.248790887462682853e-01
8.225975975975975629e+00 4.250819898320480350e-01
8.236236236236235797e+00 4.252843066319615950e-01
8.246496496496495965e+00 4.254860366406094108e-01
8.256756756756756133e+00 4.256871773552841076e-01
8.267017017017016300e+00 4.258877262760717985e-01
8.277277277277276468e+00 4.260876809058945502e-01
8.287537537537538412e+00 4.262870387505969805e-01
8.297797797797798580e+00 4.264857973190177010e-01
8.308058058058058748e+00 4.266839541230533217e-01
8.318318318318318916e+00 4.268815066777310596e-01
8.328578578578579084e+00 4.270784525012865096e-01
8.338838838838839251e+00 4.272747891152218758e-01
8.349099099099099419e+00 4.274705140443966767e-01
8.359359359359359587e+00 4.276656248170813690e-01
8.369619619619619755e+00 4.278601189650345638e-01
8.379879879879879923e+00 4.280539940235779106e-01
8.390140140140140090e+00 4.282472475316633775e-01
8.400400400400400258e+00 4.284398770319530758e-01
8.410660660660660426e+00 4.286318800708756038e-01
8.420920920920920594e+00 4.288232541987057611e-01
8.431181181181180762e+00 4.290139969696509792e-01
8.441441441441440929e+00 4.292041059418906235e-01
8.451701701701701097e+00 4.293935786776786889e-01
8.461961961961961265e+00 4.295824127434013096e-01
8.472222222222221433e+00 4.297706057096439269e-01
8.482482482482481601e+00 4.299581551512771105e-01
8.492742742742741768e+00 4.301450586475210613e-01
8.503003003003001936e+00 4.303313137820071188e-01
8.513263263263262104e+00 4.305169181428731284e-01
8.523523523523522272e+00 4.307018693228099604e-01
8.533783783783784216e+00 4.308861649191588761e-01
8.544044044044044384e+00 4.310698025339547712e-01
8.554304304304304551e+00 4.312527797740215996e-01
8.564564564564564719e+00 4.314350942510434272e-01
8.574824824824824887e+00 4.316167435816092857e-01
8.585085085085085055e+00 4.317977253873261922e-01
8.595345345345345223e+00 4.319780372948467395e-01
8.605605605605605390e+00 4.321576769359842252e-01
8.615865865865865558e+00 4.323366419477527312e-01
8.626126126126125726e+00 4.325149299724523888e-01
8.636386386386385894e+00 4.326925386577367694e-01
8.646646646646646062e+00 4.328694656566879906e-01
8.656906906906906229e+00 4.330457086278852175e-01
8.667167167167166397e+00 4.332212652354794358e-01
8.677427427427426565e+00 4.333961331492634517e-01
8.687687687687686733e+00 4.335703100447408920e-01
8.697947947947946901e+00 4.337437936031998675e-01
8.708208208208207068e+00 4.339165815117944636e-01
8.718468468468467236e+00 4.340886714635855403e-01
8.728728728728729180e+00 4.342600611576531433e-01
8.738988988988989348e+00 4.344307482991394687e-01
8.749249249249249516e+00 4.346007305993249692e-01
8.759509509509509684e+00 4.347700057757080128e-01
8.769769769769769852e+00 4.349385715520586726e-01
8.780030030030030019e+00 4.351064256585234769e-01
8.790290290290290187e+00 4.352735658316468914e-01
8.800550550550550355e+00 4.354399898144924452e-01
8.810810810810810523e+00 4.356056953566744827e-01
8.821071071071070691e+00 4.357706802144534208e-01
8.831331331331330858e+00 4.359349421507903721e-01
8.841591591591591026e+00 4.360984789354280244e-01
8.851851851851851194e+00 4.362612883449594747e-01
8.862112112112111362e+00 4.364233681628972850e-01
8.872372372372371530e+00 4.365847161797287712e-01
8.882632632632631697e+00 4.367453301930187548e-01
8.892892892892891865e+00 4.369052080074430355e-01
8.903153153153152033e+00 4.370643474348933077e-01
8.913413413413412201e+00 4.372227462945126875e-01
8.923673673673672369e+00 4.373804024127905254e-01
8.933933933933934313e+00 4.375373136236179739e-01
8.944194194194194480e+00 4.376934777683657019e-01
8.954454454454454648e+00 4.378488926959423488e-01
8.964714714714714816e+00 4.380035562628837864e-01
8.974974974974974984e+00 4.381574663333868691e-01
8.985235235235235152e+00 4.383106207794217890e-01
8.995495495495495319e+00 4.384630174807606640e-01
9.005755755755755487e+00 4.386146543250740160e-01
9.016016016016015655e+00 4.387655292079854497e-01
9.026276276276275823e+00 4.389156400331417629e-01
9.036536536536535991e+00 4.390649847122785054e-01
9.046796796796796158e+00 4.392135611652988048e-01
9.057057057057056326e+00 4.393613673203203285e-01
9.067317317317316494e+00 4.395084011137651570e-01
9.077577577577576662e+00 4.396546604904141287e-01
9.087837837837836830e+00 4.398001434034822243e-01
9.098098098098096997e+00 4.399448478146627539e-01
9.108358358358357165e+00 4.400887716942240013e-01
9.118618618618617333e+00 4.402319130210611831e-01
9.128878878878879277e+00 4.403742697827595087e-01
9.139139139139139445e+00 4.405158399756696763e-01
9.149399399399399613e+00 4.406566216049614959e-01
9.159659659659659781e+00 4.407966126847054911e-01
9.169919919919919948e+00 4.409358112379175854e-01
9.180180180180180116e+00 4.410742152966461438e-01
9.190440440440440284e+00 4.412118229020203231e-01
9.200700700700700452e+00 4.413486321043255667e-01
9.210960960960960620e+00 4.414846409630552304e-01
9.221221221221220787e+00 4.416198475469911844e-01
9.231481481481480955e+00 4.417542499342599349e-01
9.241741741741741123e+00 4.418878462123911888e-01
9.252002002002001291e+00 4.420206344783887409e-01
9.262262262262261459e+00 4.421526128387894272e-01
9.272522522522521626e+00 4.422837794097369546e-01
9.282782782782781794e+00 4.424141323170271978e-01
9.293043043043041962e+00 4.425436696961775884e-01
9.303303303303302130e+00 4.426723896924998902e-01
9.313563563563562298e+00 4.428002904611482715e-01
9.323823823823824242e+00 4.429273701671896935e-01
9.334084084084084409e+00 4.430536269856611420e-01
9.344344344344344577e+00 4.431790591016291359e-01
9.354604604604604745e+00 4.433036647102639449e-01
9.364864864864864913e+00 4.434274420168736741e-01
9.375125125125125081e+00 4.435503892369984102e-01
9.385385385385385248e+00 4.436725045964394765e-01
9.395645645645645416e+00 4.437937863313414222e-01
9.405905905905905584e+00 4.439142326882437595e-01
9.416166166166165752e+00 4.440338419241302570e-01
9.426426426426425920e+00 4.441526123065090981e-01
9.436686686686686087e+00 4.442705421134537924e-01
9.446946946946946255e+00 4.443876296336659038e-01
9.457207207207206423e+00 4.445038731665391096e-01
9.467467467467466591e+00 4.446192710222089950e-01
9.477727727727726759e+00 4.447338215216204982e-01
9.487987987987986926e+00 4.448475229965738187e-01
9.498248248248247094e+00 4.449603737897909195e-01
9.508508508508507262e+00 4.450723722549567163e-01
9.518768768768767430e+00 4.451835167568034546e-01
9.529029029029029374e+00 4.452938056711344128e-01
9.539289289289289542e+00 4.454032373849052817e-01
9.549549549549549710e+00 4.455118102962617455e-01
9.559809809809809877e+00 4.456195228145962695e-01
9.570070070070070045e+00 4.457263733606248168e-01
9.580330330330330213e+00 4.458323603664067769e-01
9.590590590590590381e+00 4.459374822754257894e-01
9.600850850850850549e+00 4.460417375426358189e-01
9.611111111111110716e+00 4.461451246345023436e-01
9.621371371371370884e+00 4.462476420290653611e-01
9.631631631631631052e+00 4.463492882160025044e-01
9.641891891891891220e+00 4.464500616966636803e-01
9.652152152152151388e+00 4.465499609841185324e-01
9.662412412412411555e+00 4.466489846032408173e-01
9.672672672672671723e+00 4.467471310907293880e-01
9.682932932932931891e+00 4.468443989951465523e-01
9.693193193193192059e+00 4.469407868770198800e-01
9.703453453453452227e+00 4.470362933088375956e-01
9.713713713713712394e+00 4.471309168751347873e-01
9.723973973973974338e+00 4.472246561725214953e-01
9.734234234234234506e+00 4.473175098097464941e-01
9.744494494494494674e+00 4.474094764077257147e-01
9.754754754754754842e+00 4.475005545996176282e-01
9.765015015015015010e+00 4.475907430308514456e-01
9.775275275275275177e+00 4.476800403591729705e-01
9.785535535535535345e+00 4.477684452547030514e-01
9.795795795795795513e+00 4.478559563999843784e-01
9.806056056056055681e+00 4.479425724900070738e-01
9.816316316316315849e+00 4.480282922322819106e-01
9.826576576576576016e+00 4.481131143468609079e-01
9.836836836836836184e+00 4.481970375664143802e-01
9.847097097097096352e+00 4.482800606362273843e-01
9.857357357357356520e+00 4.483621823142967533e-01
9.867617617617616688e+00 4.484434013713282652e-01
9.877877877877876855e+00 4.485237165908201873e-01
9.888138138138137023e+00 4.486031267690687718e-01
9.898398398398397191e+00 4.486816307152421968e-01
9.908658658658657359e+00 4.487592272513967750e-01
9.918918918918919303e+00 4.488359152125412366e-01
9.929179179179179471e+00 4.489116934466573228e-01
9.939439439439439639e+00 4.489865608147620701e-01
9.949699699699699806e+00 4.490605161909214105e-01
9.959959959959959974e+00 4.491335584623098454e-01
9.970220220220220142e+00 4.492056865292523016e-01
9.980480480480480310e+00 4.492768993052454474e-01
9.990740740740740478e+00 4.493471957170020459e-01
1.000100100100100065e+01 4.494165747045094639e-01
1.001126126126126081e+01 4.494850352210299493e-01
1.002152152152152098e+01 4.495525762331750719e-01
1.003178178178178115e+01 4.496191967209042240e-01
1.004204204204204132e+01 4.496848956776122730e-01
1.005230230230230148e+01 4.497496721101083006e-01
1.006256256256256165e+01 4.498135250386826600e-01
1.007282282282282182e+01 4.498764534971469442e-01
1.008308308308308199e+01 4.499384565328483077e-01
1.009334334334334216e+01 4.499995332067145415e-01
1.010360360360360232e+01 4.500596825932895451e-01
1.011386386386386249e+01 4.501189037807565296e-01
1.012412412412412444e+01 4.501771958709760435e-01
1.013438438438438460e+01 4.502345579795315467e-01
1.014464464464464477e+01 4.502909892357239152e-01
1.015490490490490494e+01 4.503464887826499341e-01
1.016516516516516511e+01 4.504010557771935264e-01
1.017542542542542527e+01 4.504546893900782667e-01
1.018568568568568544e+01 4.505073888058909182e-01
1.019594594594594561e+01 4.505591532231041918e-01
1.020620620620620578e+01 4.506099818541144941e-01
1.021646646646646595e+01 4.506598739252664632e-01
1.022672672672672611e+01 4.507088286768816121e-01
1.023698698698698628e+01 4.507568453632801453e-01
1.024724724724724645e+01 4.508039232528174289e-01
1.025750750750750662e+01 4.508500616279038087e-01
1.026776776776776678e+01 4.508952597850279242e-01
1.027802802802802695e+01 4.509395170347825221e-01
1.028828828828828712e+01 4.509828327019026473e-01
1.029854854854854729e+01 4.510252061252738032e-01
1.030880880880880746e+01 4.510666366579517694e-01
1.031906906906906940e+01 4.511071236672204998e-01
1.032932932932932957e+01 4.511466665345459370e-01
1.033958958958958974e+01 4.511852646556909208e-01
1.034984984984984990e+01 4.512229174406557908e-01
1.036011011011011007e+01 4.512596243137375063e-01
1.037037037037037024e+01 4.512953847135456886e-01
1.038063063063063041e+01 4.513301980930287671e-01
1.039089089089089057e+01 4.513640639194692050e-01
1.040115115115115074e+01 4.513969816745383445e-01
1.041141141141141091e+01 4.514289508542812523e-01
1.042167167167167108e+01 4.514599709691551888e-01
1.043193193193193125e+01 4.514900415440482595e-01
1.044219219219219141e+01 4.515191621182823578e-01
1.045245245245245158e+01 4.515473322456364236e-01
1.046271271271271175e+01 4.515745514943710903e-01
1.047297297297297192e+01 4.516008194472203030e-01
1.048323323323323208e+01 4.516261357014464961e-01
1.049349349349349225e+01 4.516504998688178896e-01
1.050375375375375242e+01 4.516739115756371326e-01
1.051401401401401436e+01 4.516963704627541265e-01
1.052427427427427453e+01 4.517178761855645819e-01
1.053453453453453470e+01 4.517384284140710249e-01
1.054479479479479487e+01 4.517580268328255100e-01
1.055505505505505504e+01 4.517766711409882396e-01
1.056531531531531520e+01 4.517943610523308950e-01
1.057557557557557537e+01 4.518110962952381349e-01
1.058583583583583554e+01 4.518268766127142566e-01
1.059609609609609571e+01 4.518417017624038468e-01
1.060635635635635587e+01 4.518555715166039932e-01
1.061661661661661604e+01 4.518684856622477430e-01
1.062687687687687621e+01 4.518804440009402401e-01
1.063713713713713638e+01 4.518914463489516753e-01
1.064739739739739655e+01 4.519014925372268898e-01
1.065765765765765671e+01 4.519105824113814340e-01
1.066791791791791688e+01 4.519187158317385378e-01
1.067817817817817705e+01 4.519258926732895310e-01
1.068843843843843722e+01 4.519321128257294817e-01
1.069869869869869738e+01 4.519373761934545874e-01
1.070895895895895755e+01 4.519416826955631739e-01
1.071921921921921950e+01 4.519450322658525865e-01
1.072947947947947966e+01 4.519474248528446703e-01
1.073973973973973983e+01 4.519488604197523518e-01
1.075000000000000000e+01 4.519493389445033982e-01
