5.000000000000000000e-01 2.967590734578915956e+01
5.102602602602602788e-01 2.969844926788280048e+01
5.205205205205205576e-01 2.972103348953765334e+01
5.307807807807807254e-01 2.974366009268868538e+01
5.410410410410410043e-01 2.976632915918677114e+01
5.513013013013012831e-01 2.978904076620234065e+01
5.615615615615615619e-01 2.981179499616873230e+01
5.718218218218218407e-01 2.983459194078414001e+01
5.820820820820821195e-01 2.985743165668817056e+01
5.923423423423423984e-01 2.988031423704282830e+01
6.026026026026025662e-01 2.990323976072466294e+01
6.128628628628628450e-01 2.992620831119618074e+01
6.231231231231231238e-01 2.994921995504637735e+01
6.333833833833834026e-01 2.997227476892400233e+01
6.436436436436436814e-01 2.999537284056932052e+01
6.539039039039038492e-01 3.001851424399226786e+01
6.641641641641641280e-01 3.004169904374051114e+01
6.744244244244244069e-01 3.006492732982835037e+01
6.846846846846846857e-01 3.008819918802920057e+01
6.949449449449449645e-01 3.011151466824794554e+01
7.052052052052051323e-01 3.013487385797443352e+01
7.154654654654655221e-01 3.015827683803802017e+01
7.257257257257256899e-01 3.018172366457549316e+01
7.359859859859859688e-01 3.020521443203100986e+01
7.462462462462462476e-01 3.022874919596439725e+01
7.565065065065064154e-01 3.025232804125140262e+01
7.667667667667668052e-01 3.027595103877409599e+01
7.770270270270269730e-01 3.029961827064613544e+01
7.872872872872872518e-01 3.032332979269666140e+01
7.975475475475475307e-01 3.034708567548991809e+01
8.078078078078078095e-01 3.037088599887932006e+01
8.180680680680680883e-01 3.039473083899527950e+01
8.283283283283282561e-01 3.041862025713349382e+01
8.385885885885886459e-01 3.044255431794593036e+01
8.488488488488488137e-01 3.046653310628636291e+01
8.591091091091090926e-01 3.049055667761411570e+01
8.693693693693693714e-01 3.051462510994036492e+01
8.796296296296295392e-01 3.053873846684235005e+01
8.898898898898899290e-01 3.056289681932616276e+01
9.001501501501500968e-01 3.058710023255448363e+01
9.104104104104103756e-01 3.061134877644706265e+01
9.206706706706706544e-01 3.063564250962092217e+01
9.309309309309309333e-01 3.065998151137465300e+01
9.411911911911912121e-01 3.068436583559947550e+01
9.514514514514513799e-01 3.070879556071642469e+01
9.617117117117117697e-01 3.073327073761874928e+01
9.719719719719719375e-01 3.075779143224873735e+01
9.822322322322322163e-01 3.078235771333008230e+01
9.924924924924924952e-01 3.080696965344820271e+01
1.002752752752752663e+00 3.083162730150224462e+01
1.013013013013012831e+00 3.085633073374372870e+01
1.023273273273273221e+00 3.088107999384206437e+01
1.033533533533533610e+00 3.090587516646460742e+01
1.043793793793793778e+00 3.093071629580740378e+01
1.054054054054053946e+00 3.095560345008795267e+01
1.064314314314314336e+00 3.098053667627457486e+01
1.074574574574574504e+00 3.100551606880445377e+01
1.084834834834834894e+00 3.103054163926389464e+01
1.095095095095095061e+00 3.105561349004368310e+01
1.105355355355355229e+00 3.108073166676530974e+01
1.115615615615615619e+00 3.110589622135054810e+01
1.125875875875876009e+00 3.113110720279654942e+01
1.136136136136136177e+00 3.115636468395440417e+01
1.146396396396396344e+00 3.118166872640097154e+01
1.156656656656656512e+00 3.120701936662262099e+01
1.166916916916916902e+00 3.123241667423685541e+01
1.177177177177177292e+00 3.125786071380969844e+01
1.187437437437437460e+00 3.128335151961081095e+01
1.197697697697697627e+00 3.130888915713381948e+01
1.207957957957957795e+00 3.133447368061091964e+01
1.218218218218218185e+00 3.136010513105031094e+01
1.228478478478478575e+00 3.138578358610017460e+01
1.238738738738738743e+00 3.141150907325515362e+01
1.248998998998998911e+00 3.143728167119725114e+01
1.259259259259259078e+00 3.146310140804884625e+01
1.269519519519519468e+00 3.148896833185204258e+01
1.279779779779779858e+00 3.151488251933349360e+01
1.290040040040040026e+00 3.154084399895250712e+01
1.300300300300300194e+00 3.156685283453560942e+01
1.310560560560560361e+00 3.159290905760119372e+01
1.320820820820820751e+00 3.161901272994137457e+01
1.331081081081081141e+00 3.164516390314635430e+01
1.341341341341341309e+00 3.167136261182990964e+01
1.351601601601601477e+00 3.169760892015250775e+01
1.361861861861861867e+00 3.172390285384343400e+01
1.372122122122122034e+00 3.175024447229881375e+01
1.382382382382382424e+00 3.177663381515892738e+01
1.392642642642642592e+00 3.180307092718504336e+01
1.402902902902902760e+00 3.182955586037512319e+01
1.413163163163163150e+00 3.185608865553686897e+01
1.423423423423423539e+00 3.188266935732891127e+01
1.433683683683683707e+00 3.190929799837190828e+01
1.443943943943943875e+00 3.193597463207781217e+01
1.454204204204204043e+00 3.196269930134606696e+01
1.464464464464464433e+00 3.198947204587759430e+01
1.474724724724724823e+00 3.201629289795240396e+01
1.484984984984984990e+00 3.204316189982527163e+01
1.495245245245245158e+00 3.207007909365520248e+01
1.505505505505505548e+00 3.209704452684047027e+01
1.515765765765765716e+00 3.212405821957615615e+01
1.526026026026025884e+00 3.215112022311587481e+01
1.536286286286286273e+00 3.217823058071459030e+01
1.546546546546546441e+00 3.220538932174390823e+01
1.556806806806806831e+00 3.223259647903545044e+01
1.567067067067066999e+00 3.225985208619123057e+01
1.577327327327327167e+00 3.228715618475261806e+01
1.587587587587587556e+00 3.231450881083740967e+01
1.597847847847847724e+00 3.234190998972096764e+01
1.608108108108108114e+00 3.236935976547859184e+01
1.618368368368368282e+00 3.239685815760292087e+01
1.628628628628628672e+00 3.242440521795623454e+01
1.638888888888888840e+00 3.245200095054689626e+01
1.649149149149149007e+00 3.247964541565083607e+01
1.659409409409409397e+00 3.250733862355878756e+01
1.669669669669669565e+00 3.253508063031548403e+01
1.679929929929929955e+00 3.256287142656127997e+01
1.690190190190190123e+00 3.259071106433676590e+01
1.700450450450450290e+00 3.261859956943228411e+01
1.710710710710710680e+00 3.264653696107374259e+01
1.720970970970970848e+00 3.267452329414145140e+01
1.731231231231231238e+00 3.270255855452514027e+01
1.741491491491491406e+00 3.273064278574481989e+01
1.751751751751751796e+00 3.275877602554388091e+01
1.762012012012011963e+00 3.278695828545917834e+01
1.772272272272272131e+00 3.281518959541046598e+01
1.782532532532532521e+00 3.284346996053569256e+01
1.792792792792792689e+00 3.287179942943936339e+01
1.803053053053053079e+00 3.290017801181626567e+01
1.813313313313313246e+00 3.292860572450000944e+01
1.823573573573573414e+00 3.295708259715927113e+01
1.833833833833833804e+00 3.298560865139265985e+01
1.844094094094093972e+00 3.301418388803185167e+01
1.854354354354354362e+00 3.304280835442805397e+01
1.864614614614614529e+00 3.307148203534562469e+01
1.874874874874874697e+00 3.310020498686611035e+01
1.885135135135135087e+00 3.312897717668916187e+01
1.895395395395395255e+00 3.315779867940818804e+01
1.905655655655655645e+00 3.318666947042405013e+01
1.915915915915915813e+00 3.321558956874726931e+01
1.926176176176176202e+00 3.324455900862310642e+01
1.936436436436436370e+00 3.327357778151923640e+01
1.946696696696696538e+00 3.330264591631487292e+01
1.956956956956956928e+00 3.333176342129573300e+01
1.967217217217217096e+00 3.336093028855697185e+01
1.977477477477477485e+00 3.339014656587296059e+01
1.987737737737737653e+00 3.341941224161362811e+01
1.997997997997997821e+00 3.344872730911591674e+01
2.008258258258257989e+00 3.347809181723710026e+01
2.018518518518518157e+00 3.350750574608692034e+01
2.028778778778778769e+00 3.353696910867949299e+01
2.039039039039038936e+00 3.356648191406992510e+01
2.049299299299299548e+00 3.359604417690608358e+01
2.059559559559559716e+00 3.362565588394053151e+01
2.069819819819819884e+00 3.365531704985021122e+01
2.080080080080080052e+00 3.368502768622380472e+01
2.090340340340340219e+00 3.371478779722442454e+01
2.100600600600600387e+00 3.374459736789870590e+01
2.110860860860860555e+00 3.377445641523638642e+01
2.121121121121120723e+00 3.380436493264074471e+01
2.131381381381381335e+00 3.383432293167340532e+01
2.141641641641641503e+00 3.386433040302794240e+01
2.151901901901902114e+00 3.389438734030780864e+01
2.162162162162162282e+00 3.392449375235001696e+01
2.172422422422422450e+00 3.395464963756784726e+01
2.182682682682682618e+00 3.398485500808143200e+01
2.192942942942942786e+00 3.401510982441273256e+01
2.203203203203202953e+00 3.404541410525740019e+01
2.213463463463463121e+00 3.407576784856635754e+01
2.223723723723723733e+00 3.410617102012601976e+01
2.233983983983983901e+00 3.413662366492314959e+01
2.244244244244244069e+00 3.416712572728545894e+01
2.254504504504504681e+00 3.419767723191257858e+01
2.264764764764764848e+00 3.422827815026184339e+01
2.275025025025025016e+00 3.425892847330775481e+01
2.285285285285285184e+00 3.428962819990739774e+01
2.295545545545545352e+00 3.432037732694930554e+01
2.305805805805805520e+00 3.435117582962860183e+01
2.316066066066065687e+00 3.438202370150216325e+01
2.326326326326326299e+00 3.441292091460202585e+01
2.336586586586586467e+00 3.444386746775307984e+01
2.346846846846847079e+00 3.447486335068606422e+01
2.357107107107107247e+00 3.450590855673640789e+01
2.367367367367367414e+00 3.453700305026681150e+01
2.377627627627627582e+00 3.456814681085842977e+01
2.387887887887887750e+00 3.459933983982415384e+01
2.398148148148147918e+00 3.463058211042434209e+01
2.408408408408408086e+00 3.466187360686955543e+01
2.418668668668668253e+00 3.469321429934357326e+01
2.428928928928928865e+00 3.472460416718021037e+01
2.439189189189189033e+00 3.475604319570044964e+01
2.449449449449449645e+00 3.478753138466955619e+01
2.459709709709709813e+00 3.481906867973573583e+01
2.469969969969969981e+00 3.485065505616290693e+01
2.480230230230230148e+00 3.488229050930808484e+01
2.490490490490490316e+00 3.491397499966862483e+01
2.500750750750750484e+00 3.494570851607285533e+01
2.511011011011011096e+00 3.497749101729770160e+01
2.521271271271271264e+00 3.500932247678009190e+01
2.531531531531531432e+00 3.504120286754371705e+01
2.541791791791791599e+00 3.507313218024923884e+01
2.552052052052051767e+00 3.510511034939938213e+01
2.562312312312312379e+00 3.513713736934761300e+01
2.572572572572572547e+00 3.516921320190998301e+01
2.582832832832832715e+00 3.520133781792452510e+01
2.593093093093092882e+00 3.523351116121700954e+01
2.603353353353353050e+00 3.526573323359713896e+01
2.613613613613613662e+00 3.529800398515624948e+01
2.623873873873873830e+00 3.533032337541538936e+01
2.634134134134133998e+00 3.536269135411497189e+01
2.644394394394394165e+00 3.539510791433319525e+01
2.654654654654654333e+00 3.542757300858836089e+01
2.664914914914914945e+00 3.546008659281785924e+01
2.675175175175175113e+00 3.549264863412945914e+01
2.685435435435435281e+00 3.552525906375385745e+01
2.695695695695695449e+00 3.555791787666166215e+01
2.705955955955956060e+00 3.559062501927388666e+01
2.716216216216216228e+00 3.562338045858680147e+01
2.726476476476476396e+00 3.565618410817653228e+01
2.736736736736736564e+00 3.568903597347631518e+01
2.746996996996996732e+00 3.572193598515711699e+01
2.757257257257257343e+00 3.575488409463314809e+01
2.767517517517517511e+00 3.578788027906859526e+01
2.777777777777777679e+00 3.582092445140505532e+01
2.788038038038037847e+00 3.585401657285811439e+01
2.798298298298298015e+00 3.588715663237531572e+01
2.808558558558558627e+00 3.592034453786581594e+01
2.818818818818818794e+00 3.595358025062975571e+01
2.829079079079078962e+00 3.598686372389506261e+01
2.839339339339339130e+00 3.602019488533674263e+01
2.849599599599599298e+00 3.605357371572372216e+01
2.859859859859859910e+00 3.608700013154863484e+01
2.870120120120120077e+00 3.612047407103518282e+01
2.880380380380380245e+00 3.615399550991720901e+01
2.890640640640640413e+00 3.618756434868389249e+01
2.900900900900900581e+00 3.622118054287781774e+01
2.911161161161161193e+00 3.625484408533391445e+01
2.921421421421421361e+00 3.628855485578289830e+01
2.931681681681681528e+00 3.632231280922304961e+01
2.941941941941941696e+00 3.635611786324024308e+01
2.952202202202201864e+00 3.638997000559763251e+01
2.962462462462462476e+00 3.642386914145227195e+01
2.972722722722722644e+00 3.645781519324366826e+01
2.982982982982982811e+00 3.649180812015298159e+01
2.993243243243242979e+00 3.652584784741084434e+01
3.003503503503503591e+00 3.655993430822752543e+01
3.013763763763763759e+00 3.659406740394597790e+01
3.024024024024023927e+00 3.662824714098830015e+01
3.034284284284284094e+00 3.666247338015503487e+01
3.044544544544544262e+00 3.669674607047485182e+01
3.054804804804804874e+00 3.673106515230223579e+01
3.065065065065065042e+00 3.676543054128384114e+01
3.075325325325325210e+00 3.679984216504206529e+01
3.085585585585585378e+00 3.683429995700320347e+01
3.095845845845845545e+00 3.686880383038602815e+01
3.106106106106106157e+00 3.690335372758144672e+01
3.116366366366366325e+00 3.693794953165289030e+01
3.126626626626626493e+00 3.697259121712484387e+01
3.136886886886886661e+00 3.700727868314593394e+01
3.147147147147146828e+00 3.704201184037351169e+01
3.157407407407407440e+00 3.707679060682465888e+01
3.167667667667667608e+00 3.711161491645720645e+01
3.177927927927927776e+00 3.714648467589416470e+01
3.188188188188187944e+00 3.718139979782813498e+01
3.198448448448448111e+00 3.721636022727557247e+01
3.208708708708708723e+00 3.725136583266881019e+01
3.218968968968968891e+00 3.728641654606557410e+01
3.229229229229229059e+00 3.732151231150452020e+01
3.239489489489489227e+00 3.735665298770243936e+01
3.249749749749749395e+00 3.739183853889201004e+01
3.260010010010010006e+00 3.742706883967131404e+01
3.270270270270270174e+00 3.746234383256374656e+01
3.280530530530530342e+00 3.749766335221868729e+01
3.290790790790790510e+00 3.753302736309880316e+01
3.301051051051051122e+00 3.756843578521624494e+01
3.311311311311311290e+00 3.760388851146062450e+01
3.321571571571571457e+00 3.763938542798910447e+01
3.331831831831831625e+00 3.767492644257306722e+01
3.342092092092091793e+00 3.771051148242194273e+01
3.352352352352352405e+00 3.774614039982179037e+01
3.362612612612612573e+00 3.778181314283241932e+01
3.372872872872872740e+00 3.781752960014171094e+01
3.383133133133132908e+00 3.785328966504302883e+01
3.393393393393393076e+00 3.788909320888027565e+01
3.403653653653653688e+00 3.792494016566897130e+01
3.413913913913913856e+00 3.796083043435109516e+01
3.424174174174174023e+00 3.799676390746828503e+01
3.434434434434434191e+00 3.803274042794426180e+01
3.444694694694694359e+00 3.806875994377789851e+01
3.454954954954954971e+00 3.810482234536006985e+01
3.465215215215215139e+00 3.814092749050741560e+01
3.475475475475475307e+00 3.817707529687955059e+01
3.485735735735735474e+00 3.821326565521828655e+01
3.495995995995995642e+00 3.824949843058814025e+01
3.506256256256256254e+00 3.828577352360895247e+01
3.516516516516516422e+00 3.832209084411150002e+01
3.526776776776776590e+00 3.835845023307860657e+01
3.537037037037036757e+00 3.839485161125691803e+01
3.547297297297296925e+00 3.843129481793218361e+01
3.557557557557557537e+00 3.846777979781918333e+01
3.567817817817817705e+00 3.850430638011563644e+01
3.578078078078077873e+00 3.854087447595341587e+01
3.588338338338338041e+00 3.857748394014123505e+01
3.598598598598598652e+00 3.861413469958375799e+01
3.608858858858858820e+00 3.865082657187250703e+01
3.619119119119118988e+00 3.868755944856336271e+01
3.629379379379379156e+00 3.872433322528113564e+01
3.639639639639639324e+00 3.876114777822598967e+01
3.649899899899899935e+00 3.879800296793679593e+01
3.660160160160160103e+00 3.883489864735566499e+01
3.670420420420420271e+00 3.887183473876849860e+01
3.680680680680680439e+00 3.890881107907269865e+01
3.690940940940940607e+00 3.894582752664637582e+01
3.701201201201201219e+00 3.898288397570560448e+01
3.711461461461461386e+00 3.901998030027856856e+01
3.721721721721721554e+00 3.905711632313935411e+01
3.731981981981981722e+00 3.909429197984752591e+01
3.742242242242241890e+00 3.913150705955245456e+01
3.752502502502502502e+00 3.916876147049678281e+01
3.762762762762762669e+00 3.920605508126646299e+01
3.773023023023022837e+00 3.924338775264982360e+01
3.783283283283283005e+00 3.928075930957508888e+01
3.793543543543543173e+00 3.931816963340611437e+01
3.803803803803803785e+00 3.935561861523403593e+01
3.814064064064063952e+00 3.939310602063491018e+01
3.824324324324324120e+00 3.943063180943448032e+01
3.834584584584584288e+00 3.946819583041263257e+01
3.844844844844844456e+00 3.950579784988143217e+01
3.855105105105105068e+00 3.954343777923740788e+01
3.865365365365365236e+00 3.958111550780272125e+01
3.875625625625625403e+00 3.961883082684591528e+01
3.885885885885885571e+00 3.965658360712419039e+01
3.896146146146146183e+00 3.969437372021545229e+01
3.906406406406406351e+00 3.973220097005442852e+01
3.916666666666666519e+00 3.977006525840652529e+01
3.926926926926926686e+00 3.980796640292332711e+01
3.937187187187186854e+00 3.984590420650747689e+01
3.947447447447447466e+00 3.988387861105620402e+01
3.957707707707707634e+00 3.992188940672312469e+01
3.967967967967967802e+00 3.995993642655411549e+01
3.978228228228227970e+00 3.999801952233305258e+01
3.988488488488488137e+00 4.003613852107044124e+01
3.998748748748748749e+00 4.007429331016072638e+01
4.009009009009009361e+00 4.011248369680563997e+01
4.019269269269269529e+00 4.015070951882682948e+01
4.029529529529529697e+00 4.018897061418190475e+01
4.039789789789789864e+00 4.022726679196379962e+01
4.050050050050050032e+00 4.026559795153578136e+01
4.060310310310310200e+00 4.030396388725367274e+01
4.070570570570570368e+00 4.034236441624995706e+01
4.080830830830830536e+00 4.038079942238029219e+01
4.091091091091090703e+00 4.041926869959516466e+01
4.101351351351350871e+00 4.045777206230840051e+01
4.111611611611611039e+00 4.049630935372736928e+01
4.121871871871871207e+00 4.053488045665488215e+01
4.132132132132131375e+00 4.057348509931126301e+01
4.142392392392391542e+00 4.061212317937106775e+01
4.152652652652652598e+00 4.065079450459963795e+01
4.162912912912912766e+00 4.068949889419452148e+01
4.173173173173172934e+00 4.072823617221121140e+01
4.183433433433433102e+00 4.076700615367046510e+01
4.193693693693694158e+00 4.080580868639269454e+01
4.203953953953954326e+00 4.084464357441044058e+01
4.214214214214214493e+00 4.088351062271528491e+01
4.224474474474474661e+00 4.092240966768015653e+01
4.234734734734734829e+00 4.096134052562504024e+01
4.244994994994994997e+00 4.100030301404289901e+01
4.255255255255255165e+00 4.103929690597949076e+01
4.265515515515515332e+00 4.107832206827710309e+01
4.275775775775775500e+00 4.111737830153455064e+01
4.286036036036035668e+00 4.115646542795558815e+01
4.296296296296295836e+00 4.119558321054906003e+01
4.306556556556556004e+00 4.123473151151971905e+01
4.316816816816816171e+00 4.127391011938382803e+01
4.327077077077076339e+00 4.131311886056711558e+01
4.337337337337336507e+00 4.135235751324609765e+01
4.347597597597597563e+00 4.139162588762404482e+01
4.357857857857857731e+00 4.143092379085320687e+01
4.368118118118117899e+00 4.147025105609018425e+01
4.378378378378378066e+00 4.150960746471611174e+01
4.388638638638638234e+00 4.154899279693838565e+01
4.398898898898899290e+00 4.158840690531512507e+01
4.409159159159159458e+00 4.162784957569724753e+01
4.419419419419419626e+00 4.166732055996965300e+01
4.429679679679679793e+00 4.170681970097894009e+01
4.439939939939939961e+00 4.174634673802971463e+01
4.450200200200200129e+00 4.178590155325781552e+01
4.460460460460460297e+00 4.182548389886861884e+01
4.470720720720720465e+00 4.186509354742685929e+01
4.480980980980980632e+00 4.190473036760900527e+01
4.491241241241240800e+00 4.194439409058065138e+01
4.501501501501500968e+00 4.198408449858120406e+01
4.511761761761761136e+00 4.202380139470962206e+01
4.522022022022022192e+00 4.206354460590944200e+01
4.532282282282282360e+00 4.210331384601512639e+01
4.542542542542542527e+00 4.214310898674745687e+01
4.552802802802802695e+00 4.218292972995019596e+01
4.563063063063062863e+00 4.222277595163372155e+01
4.573323323323323031e+00 4.226264736749916295e+01
4.583583583583583199e+00 4.230254380480698018e+01
4.593843843843843366e+00 4.234246498805708114e+01
4.604104104104103534e+00 4.238241077257886502e+01
4.614364364364364590e+00 4.242238088719611966e+01
4.624624624624624758e+00 4.246237511893937011e+01
4.634884884884884926e+00 4.250239326198476419e+01
4.645145145145145094e+00 4.254243507912040911e+01
4.655405405405405261e+00 4.258250034229845227e+01
4.665665665665665429e+00 4.262258885363291938e+01
4.675925925925925597e+00 4.266270037855555586e+01
4.686186186186185765e+00 4.270283470558360506e+01
4.696446446446445933e+00 4.274299152343974129e+01
4.706706706706706100e+00 4.278317069815778240e+01
4.716966966966967156e+00 4.282337198602473904e+01
4.727227227227227324e+00 4.286359513853821568e+01
4.737487487487487492e+00 4.290383991985943624e+01
4.747747747747747660e+00 4.294410610158560360e+01
4.758008008008007828e+00 4.298439343610889551e+01
4.768268268268267995e+00 4.302470173852876201e+01
4.778528528528528163e+00 4.306503072969075419e+01
4.788788788788788331e+00 4.310538018263153504e+01
4.799049049049048499e+00 4.314574987831977637e+01
4.809309309309308667e+00 4.318613956025830447e+01
4.819569569569569722e+00 4.322654900825471458e+01
4.829829829829829890e+00 4.326697796015572806e+01
4.840090090090090058e+00 4.330742614014835112e+01
4.850350350350350226e+00 4.334789341390087714e+01
4.860610610610610394e+00 4.338837944574425620e+01
4.870870870870870561e+00 4.342888404703497685e+01
4.881131131131130729e+00 4.346940692788253813e+01
4.891391391391390897e+00 4.350994789782431127e+01
4.901651651651651065e+00 4.355050661936083145e+01
4.911911911911912121e+00 4.359108295058149452e+01
4.922172172172172289e+00 4.363167658233994217e+01
4.932432432432432456e+00 4.367228729102189533e+01
4.942692692692692624e+00 4.371291478044488343e+01
4.952952952952952792e+00 4.375355885072057305e+01
4.963213213213212960e+00 4.379421927000537806e+01
4.973473473473473128e+00 4.383489574093455587e+01
4.983733733733733295e+00 4.387558796439873277e+01
4.993993993993993463e+00 4.391629575388280671e+01
5.004254254254253631e+00 4.395701887994096069e+01
5.014514514514514687e+00 4.399775700961363611e+01
5.024774774774774855e+00 4.403850996578920274e+01
5.035035035035035023e+00 4.407927743130986897e+01
5.045295295295295190e+00 4.412005913207698171e+01
5.055555555555555358e+00 4.416085486203046884e+01
5.065815815815815526e+00 4.420166433237228176e+01
5.076076076076075694e+00 4.424248729798488000e+01
5.086336336336335862e+00 4.428332345017724236e+01
5.096596596596596029e+00 4.432417259220294170e+01
5.106856856856856197e+00 4.436503438750987272e+01
5.117117117117117253e+00 4.440590860617022173e+01
5.127377377377377421e+00 4.444679501228726082e+01
5.137637637637637589e+00 4.448769337591601669e+01
5.147897897897897757e+00 4.452860327827961129e+01
5.158158158158157924e+00 4.456952457433957449e+01
5.168418418418418092e+00 4.461045691134663116e+01
5.178678678678678260e+00 4.465140009876285632e+01
5.188938938938938428e+00 4.469235382465415540e+01
5.199199199199198596e+00 4.473331783726090549e+01
5.209459459459459651e+00 4.477429183616565211e+01
5.219719719719719819e+00 4.481527553811122999e+01
5.229979979979979987e+00 4.485626874788277263e+01
5.240240240240240155e+00 4.489727106006350255e+01
5.250500500500500323e+00 4.493828229812497455e+01
5.260760760760760490e+00 4.497930214352639666e+01
5.271021021021020658e+00 4.502033031526988793e+01
5.281281281281280826e+00 4.506136662177866015e+01
5.291541541541540994e+00 4.510241061933920292e+01
5.301801801801801162e+00 4.514346214791633827e+01
5.312062062062062218e+00 4.518452090833849866e+01
5.322322322322322385e+00 4.522558660694419075e+01
5.332582582582582553e+00 4.526665891312850221e+01
5.342842842842842721e+00 4.530773765146434329e+01
5.353103103103102889e+00 4.534882240461645608e+01
5.363363363363363057e+00 4.538991299768727572e+01
5.373623623623623224e+00 4.543100908620384359e+01
5.383883883883883392e+00 4.547211038402972605e+01
5.394144144144143560e+00 4.551321660175551642e+01
5.404404404404403728e+00 4.555432750657201524e+01
5.414664664664664784e+00 4.559544274154492172e+01
5.424924924924924952e+00 4.563656202300645504e+01
5.435185185185185119e+00 4.567768510980839380e+01
5.445445445445445287e+00 4.571881162267314380e+01
5.455705705705705455e+00 4.575994132069560294e+01
5.465965965965965623e+00 4.580107394604812754e+01
5.476226226226225791e+00 4.584220916451191385e+01
5.486486486486485958e+00 4.588334662218901627e+01
5.496746746746746126e+00 4.592448613235670507e+01
5.507007007007007182e+00 4.596562733084892471e+01
5.517267267267267350e+00 4.600676996704616073e+01
5.527527527527527518e+00 4.604791366226412919e+01
5.537787787787787686e+00 4.608905813560702569e+01
5.548048048048047853e+00 4.613020322569343534e+01
5.558308308308308021e+00 4.617134844452478859e+01
5.568568568568568189e+00 4.621249358444153899e+01
5.578828828828828357e+00 4.625363828624892903e+01
5.589089089089088525e+00 4.629478231694454848e+01
5.599349349349348692e+00 4.633592536104497839e+01
5.609609609609609748e+00 4.637706707631234337e+01
5.619869869869869916e+00 4.641820711582532510e+01
5.630130130130130084e+00 4.645934527321968943e+01
5.640390390390390252e+00 4.650048122395659789e+01
5.650650650650650419e+00 4.654161461202895822e+01
5.660910910910910587e+00 4.658274512287912472e+01
5.671171171171170755e+00 4.662387251361884211e+01
5.681431431431430923e+00 4.666499640688485329e+01
5.691691691691691091e+00 4.670611654703620985e+01
5.701951951951951258e+00 4.674723258882522003e+01
5.712212212212212314e+00 4.678834415682542414e+01
5.722472472472472482e+00 4.682945108948177193e+01
5.732732732732732650e+00 4.687055292271443108e+01
5.742992992992992818e+00 4.691164945899049599e+01
5.753253253253252986e+00 4.695274033291017446e+01
5.763513513513513153e+00 4.699382518921630236e+01
5.773773773773773321e+00 4.703490379258315102e+01
5.784034034034033489e+00 4.707597575933947098e+01
5.794294294294293657e+00 4.711704074946990772e+01
5.804554554554554713e+00 4.715809858065432536e+01
5.814814814814814881e+00 4.719914876869491138e+01
5.825075075075075048e+00 4.724019111484689404e+01
5.835335335335335216e+00 4.728122524812570759e+01
5.845595595595595384e+00 4.732225084423505734e+01
5.855855855855855552e+00 4.736326755857115955e+01
5.866116116116115720e+00 4.740427508767056253e+01
5.876376376376375887e+00 4.744527315122399358e+01
5.886636636636636055e+00 4.748626138049396417e+01
5.896896896896896223e+00 4.752723945289075402e+01
5.907157157157157279e+00 4.756820706605208215e+01
5.917417417417417447e+00 4.760916384266563028e+01
5.927677677677677615e+00 4.765010950526508537e+01
5.937937937937937782e+00 4.769104371473109438e+01
5.948198198198197950e+00 4.773196618851211781e+01
5.958458458458458118e+00 4.777287647324271092e+01
5.968718718718718286e+00 4.781377432832322683e+01
5.978978978978978454e+00 4.785465947371811524e+01
5.989239239239238621e+00 4.789553149124820663e+01
5.999499499499498789e+00 4.793639004430014694e+01
6.009759759759759845e+00 4.797723484717050013e+01
6.020020020020020013e+00 4.801806554471450994e+01
6.030280280280280181e+00 4.805888186084082037e+01
6.040540540540540349e+00 4.809968337681823414e+01
6.050800800800800516e+00 4.814046981528458957e+01
6.061061061061060684e+00 4.818124083264167723e+01
6.071321321321320852e+00 4.822199603275369384e+01
6.081581581581581020e+00 4.826273515556961513e+01
6.091841841841841187e+00 4.830345783129071435e+01
6.102102102102102243e+00 4.834416375072837724e+01
6.112362362362362411e+00 4.838485255750514824e+01
6.122622622622622579e+00 4.842552388045700695e+01
6.132882882882882747e+00 4.846617745704828906e+01
6.143143143143142915e+00 4.850681290485977115e+01
6.153403403403403082e+00 4.854742984006232120e+01
6.163663663663663250e+00 4.858802798677645285e+01
6.173923923923923418e+00 4.862860703103197579e+01
6.184184184184183586e+00 4.866916655703631989e+01
6.194444444444443754e+00 4.870970622882231282e+01
6.204704704704704810e+00 4.875022576937662677e+01
6.214964964964964977e+00 4.879072474649445468e+01
6.225225225225225145e+00 4.883120292444713328e+01
6.235485485485485313e+00 4.887165983642720590e+01
6.245745745745745481e+00 4.891209519524820593e+01
6.256006006006005649e+00 4.895250874302039534e+01
6.266266266266265816e+00 4.899289996941816838e+01
6.276526526526525984e+00 4.903326867821299828e+01
6.286786786786786152e+00 4.907361441156465531e+01
6.297047047047046320e+00 4.911393691543586471e+01
6.307307307307307376e+00 4.915423574999812217e+01
6.317567567567567544e+00 4.919451061773933986e+01
6.327827827827827711e+00 4.923476115731787672e+01
6.338088088088087879e+00 4.927498713951989373e+01
6.348348348348348047e+00 4.931518799712101497e+01
6.358608608608608215e+00 4.935536348414266428e+01
6.368868868868868383e+00 4.939551330795504924e+01
6.379129129129128550e+00 4.943563703455756553e+01
6.389389389389388718e+00 4.947573437813796460e+01
6.399649649649649774e+00 4.951580494551522804e+01
6.409909909909909942e+00 4.955584833990985061e+01
6.420170170170170110e+00 4.959586434660573673e+01
6.430430430430430278e+00 4.963585251625450923e+01
6.440690690690690445e+00 4.967581247744552542e+01
6.450950950950950613e+00 4.971574395528579515e+01
6.461211211211210781e+00 4.975564649914061022e+01
6.471471471471470949e+00 4.979551985513934653e+01
6.481731731731731116e+00 4.983536365569349869e+01
6.491991991991991284e+00 4.987517741474610489e+01
6.502252252252252340e+00 4.991496091261239343e+01
6.512512512512512508e+00 4.995471377361434406e+01
6.522772772772772676e+00 4.999443560681008591e+01
6.533033033033032844e+00 5.003412611705864776e+01
6.543293293293293011e+00 5.007378490314616215e+01
6.553553553553553179e+00 5.011341157521516720e+01
6.563813813813813347e+00 5.015300584349942170e+01
6.574074074074073515e+00 5.019256730566780789e+01
6.584334334334333683e+00 5.023209563033114478e+01
6.594594594594593850e+00 5.027159045365347367e+01
6.604854854854854906e+00 5.031105138335574622e+01
6.615115115115115074e+00 5.035047809833319121e+01
6.625375375375375242e+00 5.038987023824854816e+01
6.635635635635635410e+00 5.042922745151395247e+01
6.645895895895895578e+00 5.046854939965149356e+01
6.656156156156155745e+00 5.050783558997015632e+01
6.666416416416415913e+00 5.054708584235001467e+01
6.676676676676676081e+00 5.058629968416809675e+01
6.686936936936936249e+00 5.062547676099660521e+01
6.697197197197197305e+00 5.066461676044856688e+01
6.707457457457457473e+00 5.070371928208032131e+01
6.717717717717717640e+00 5.074278393939332688e+01
6.727977977977977808e+00 5.078181052505082249e+01
6.738238238238237976e+00 5.082079849978588726e+01
6.748498498498498144e+00 5.085974760914493942e+01
6.758758758758758312e+00 5.089865736317683087e+01
6.769019019019018479e+00 5.093752753580478299e+01
6.779279279279278647e+00 5.097635767312299748e+01
6.789539539539538815e+00 5.101514752794496843e+01
6.799799799799799871e+00 5.105389661859150863e+01
6.810060060060060039e+00 5.109260463804549346e+01
6.820320320320320207e+00 5.113127117707040981e+01
6.830580580580580374e+00 5.116989597993067918e+01
6.840840840840840542e+00 5.120847853649631531e+01
6.851101101101100710e+00 5.124701855121371352e+01
6.861361361361360878e+00 5.128551569656033848e+01
6.871621621621621046e+00 5.132396954105362852e+01
6.881881881881881213e+00 5.136237980728151342e+01
6.892142142142141381e+00 5.140074601343932414e+01
6.902402402402402437e+00 5.143906785379424207e+01
6.912662662662662605e+00 5.147734502898002518e+01
6.922922922922922773e+00 5.151557712711647241e+01
6.933183183183182940e+00 5.155376366970282476e+01
6.943443443443443108e+00 5.159190448603325763e+01
6.953703703703703276e+00 5.162999907415868250e+01
6.963963963963963444e+00 5.166804711774790348e+01
6.974224224224223612e+00 5.170604828675671172e+01
6.984484484484483779e+00 5.174400209316777932e+01
6.994744744744744835e+00 5.178190828135968360e+01
7.005005005005005003e+00 5.181976652041220888e+01
7.015265265265265171e+00 5.185757629589799933e+01
7.025525525525525339e+00 5.189533736817639209e+01
7.035785785785785507e+00 5.193304935465586425e+01
7.046046046046045674e+00 5.197071179195052792e+01
7.056306306306305842e+00 5.200832442466482775e+01
7.066566566566566010e+00 5.204588684972399903e+01
7.076826826826826178e+00 5.208339872067446663e+01
7.087087087087086346e+00 5.212085965050209069e+01
7.097347347347347402e+00 5.215826925008681769e+01
7.107607607607607569e+00 5.219562716538297309e+01
7.117867867867867737e+00 5.223293305467642966e+01
7.128128128128127905e+00 5.227018653010998150e+01
7.138388388388388073e+00 5.230738724775108750e+01
7.148648648648648241e+00 5.234453485305412812e+01
7.158908908908908408e+00 5.238162890921555004e+01
7.169169169169168576e+00 5.241866910060834783e+01
7.179429429429428744e+00 5.245565508257811160e+01
7.189689689689688912e+00 5.249258646032534159e+01
7.199949949949949968e+00 5.252946283201131195e+01
7.210210210210210136e+00 5.256628389837638338e+01
7.220470470470470303e+00 5.260304932648794818e+01
7.230730730730730471e+00 5.263975863390889032e+01
7.240990990990990639e+00 5.267641145874006980e+01
7.251251251251250807e+00 5.271300748237572265e+01
7.261511511511510975e+00 5.274954645454371160e+01
7.271771771771771142e+00 5.278602779502587339e+01
7.282032032032031310e+00 5.282245128414884050e+01
7.292292292292292366e+00 5.285881652815547227e+01
7.302552552552552534e+00 5.289512315654491204e+01
7.312812812812812702e+00 5.293137075656748181e+01
7.323073073073072869e+00 5.296755904543536531e+01
7.333333333333333037e+00 5.300368756869831088e+01
7.343593593593593205e+00 5.303975607498965417e+01
7.353853853853853373e+00 5.307576405600183733e+01
7.364114114114113541e+00 5.311171125900412449e+01
7.374374374374373708e+00 5.314759731533741416e+01
7.384634634634633876e+00 5.318342174516662624e+01
7.394894894894894932e+00 5.321918434402683573e+01
7.405155155155155100e+00 5.325488464928206156e+01
7.415415415415415268e+00 5.329052234211532380e+01
7.425675675675675436e+00 5.332609703210488306e+01
7.435935935935935603e+00 5.336160838185890753e+01
7.446196196196195771e+00 5.339705601623531805e+01
7.456456456456455939e+00 5.343243952995436530e+01
7.466716716716716107e+00 5.346775856991641973e+01
7.476976976976976275e+00 5.350301286385337818e+01
7.487237237237236442e+00 5.353820202310813414e+01
7.497497497497497498e+00 5.357332555100069271e+01
7.507757757757757666e+00 5.360838320969795490e+01
7.518018018018017834e+00 5.364337462924930122e+01
7.528278278278278002e+00 5.367829943654573555e+01
7.538538538538538170e+00 5.371315724541239689e+01
7.548798798798798337e+00 5.374794771588343423e+01
7.559059059059058505e+00 5.378267051243326335e+01
7.569319319319318673e+00 5.381732520529628516e+01
7.579579579579578841e+00 5.385191151217127015e+01
7.589839839839839897e+00 5.388642910595233815e+01
7.600100100100100065e+00 5.392087744142394001e+01
7.610360360360360232e+00 5.395525634866439901e+01
7.620620620620620400e+00 5.398956534692293729e+01
7.630880880880880568e+00 5.402380413399820469e+01
7.641141141141140736e+00 5.405797244949851432e+01
7.651401401401400904e+00 5.409206979817181349e+01
7.661661661661661071e+00 5.412609578029980639e+01
7.671921921921921239e+00 5.416005023831136356e+01
7.682182182182181407e+00 5.419393256626489119e+01
7.692442442442442463e+00 5.422774264953859813e+01
7.702702702702702631e+00 5.426147996456667499e+01
7.712962962962962798e+00 5.429514422030339915e+01
7.723223223223222966e+00 5.432873508210618496e+01
7.733483483483483134e+00 5.436225212335946111e+01
7.743743743743743302e+00 5.439569505630111479e+01
7.754004004004003470e+00 5.442906339224952461e+01
7.764264264264263637e+00 5.446235704754686680e+01
7.774524524524523805e+00 5.449557541576663766e+01
7.784784784784783973e+00 5.452871830781276685e+01
7.795045045045045029e+00 5.456178524034761779e+01
7.805305305305305197e+00 5.459477597379965630e+01
7.815565565565565365e+00 5.462769013317908673e+01
7.825825825825825532e+00 5.466052725173332760e+01
7.836086086086085700e+00 5.469328709061438332e+01
7.846346346346345868e+00 5.472596930042678309e+01
7.856606606606606036e+00 5.475857353895069934e+01
7.866866866866866204e+00 5.479109937393261021e+01
7.877127127127126371e+00 5.482354643839512676e+01
7.887387387387387427e+00 5.485591467063793658e+01
7.897647647647647595e+00 5.488820331526115126e+01
7.907907907907907763e+00 5.492041228342055348e+01
7.918168168168167931e+00 5.495254121267369385e+01
7.928428428428428099e+00 5.498458957598653996e+01
7.938688688688688266e+00 5.501655722914893687e+01
7.948948948948948434e+00 5.504844375489057740e+01
7.959209209209208602e+00 5.508024886132117359e+01
7.969469469469468770e+00 5.511197211413469432e+01
7.979729729729728938e+00 5.514361315002530262e+01
7.989989989989989994e+00 5.517517174956639536e+01
8.000250250250250161e+00 5.520664751949964000e+01
8.010510510510510329e+00 5.523804005517875737e+01
8.020770770770770497e+00 5.526934908662673251e+01
8.031031031031030665e+00 5.530057425349362887e+01
8.041291291291290833e+00 5.533171521512812063e+01
8.051551551551551000e+00 5.536277161345206821e+01
8.061811811811811168e+00 5.539374312838907599e+01
8.072072072072071336e+00 5.542462942565779827e+01
8.082332332332331504e+00 5.545543012796085947e+01
8.092592592592591672e+00 5.548614503947960230e+01
8.102852852852851839e+00 5.551677359766582498e+01
8.113113113113112007e+00 5.554731562647123866e+01
8.123373373373372175e+00 5.557777073728598793e+01
8.133633633633632343e+00 5.560813857048840703e+01
8.143893893893892511e+00 5.563841892383829446e+01
8.154154154154152678e+00 5.566861131927330320e+01
8.164414414414412846e+00 5.569871539497173529e+01
8.174674674674673014e+00 5.572873108634293260e+01
8.184934934934934958e+00 5.575865771292972539e+01
8.195195195195195126e+00 5.578849514819781774e+01
8.205455455455455294e+00 5.581824307890358483e+01
8.215715715715715461e+00 5.584790111116640077e+01
8.225975975975975629e+00 5.587746880373450864e+01
8.236236236236235797e+00 5.590694602435627303e+01
8.246496496496495965e+00 5.593633234004144583e+01
8.256756756756756133e+00 5.596562752190660461e+01
8.267017017017016300e+00 5.599483116215098732e+01
8.277277277277276468e+00 5.602394289170352693e+01
8.287537537537538412e+00 5.605296252465392826e+01
8.297797797797798580e+00 5.608188957020111332e+01
8.308058058058058748e+00 5.611072381450500757e+01
8.318318318318318916e+00 5.613946494036510870e+01
8.328578578578579084e+00 5.616811256834322563e+01
8.338838838838839251e+00 5.619666641637802940e+01
8.349099099099099419e+00 5.622512619340609064e+01
8.359359359359359587e+00 5.625349153953762027e+01
8.369619619619619755e+00 5.628176210682883607e+01
8.379879879879879923e+00 5.630993760652165037e+01
8.390140140140140090e+00 5.633801781421585275e+01
8.400400400400400258e+00 5.636600234001542020e+01
8.410660660660660426e+00 5.639389078148765577e+01
8.420920920920920594e+00 5.642168284515788912e+01
8.431181181181180762e+00 5.644937838649146755e+01
8.441441441441440929e+00 5.647697699084650225e+01
8.451701701701701097e+00 5.650447832753800270e+01
8.461961961961961265e+00 5.653188201138070923e+01
8.472222222222221433e+00 5.655918791595355799e+01
8.482482482482481601e+00 5.658639561750575808e+01
8.492742742742741768e+00 5.661350483843543202e+01
8.503003003003001936e+00 5.664051521853113513e+01
8.513263263263262104e+00 5.666742647098365637e+01
8.523523523523522272e+00 5.669423833497911858e+01
8.533783783783784216e+00 5.672095054184831753e+01
8.544044044044044384e+00 5.674756269016709354e+01
8.554304304304304551e+00 5.677407450951476875e+01
8.564564564564564719e+00 5.680048568562978772e+01
8.574824824824824887e+00 5.682679603935013546e+01
8.585085085085085055e+00 5.685300505026624052e+01
8.595345345345345223e+00 5.687911261623019499e+01
8.605605605605605390e+00 5.690511834379024236e+01
8.615865865865865558e+00 5.693102191875713913e+01
8.626126126126125726e+00 5.695682306768077297e+01
8.636386386386385894e+00 5.698252162169139012e+01
8.646646646646646062e+00 5.700811714860464008e+01
8.656906906906906229e+00 5.703360929299734750e+01
8.667167167167166397e+00 5.705899788745506385e+01
8.677427427427426565e+00 5.708428261942759718e+01
8.687687687687686733e+00 5.710946321161333117e+01
8.697947947947946901e+00 5.713453932580600991e+01
8.708208208208207068e+00 5.715951062631823021e+01
8.718468468468467236e+00 5.718437694908796942e+01
8.728728728728729180e+00 5.720913798134093753e+01
8.738988988988989348e+00 5.723379341347567362e+01
8.749249249249249516e+00 5.725834295839038646e+01
8.759509509509509684e+00 5.728278625768084709e+01
8.769769769769769852e+00 5.730712313144962877e+01
8.780030030030030019e+00 5.733135330323861467e+01
8.790290290290290187e+00 5.735547649154257499e+01
8.800550550550550355e+00 5.737949234579689772e+01
8.810810810810810523e+00 5.740340065540836889e+01
8.821071071071070691e+00 5.742720112639496222e+01
8.831331331331330858e+00 5.745089340113255361e+01
8.841591591591591026e+00 5.747447730584094927e+01
8.851851851851851194e+00 5.749795261787952683e+01
8.862112112112111362e+00 5.752131893680373054e+01
8.872372372372371530e+00 5.754457599935148693e+01
8.882632632632631697e+00 5.756772360596237803e+01
8.892892892892891865e+00 5.759076142806375032e+01
8.903153153153152033e+00 5.761368932209887816e+01
8.913413413413412201e+00 5.763650682906582290e+01
8.923673673673672369e+00 5.765921381533210877e+01
8.933933933933934313e+00 5.768181003621741354e+01
8.944194194194194480e+00 5.770429505936779435e+01
8.954454454454454648e+00 5.772666887886392573e+01
8.964714714714714816e+00 5.774893097450230783e+01
8.974974974974974984e+00 5.777108122661536527e+01
8.985235235235235152e+00 5.779311940898136868e+01
8.995495495495495319e+00 5.781504519471243242e+01
9.005755755755755487e+00 5.783685833863321335e+01
9.016016016016015655e+00 5.785855858546861441e+01
9.026276276276275823e+00 5.788014562038595301e+01
9.036536536536535991e+00 5.790161933600949595e+01
9.046796796796796158e+00 5.792297929343263974e+01
9.057057057057056326e+00 5.794422543829642791e+01
9.067317317317316494e+00 5.796535744399856327e+01
9.077577577577576662e+00 5.798637504188027236e+01
9.087837837837836830e+00 5.800727796164706973e+01
9.098098098098096997e+00 5.802806590094390771e+01
9.108358358358357165e+00 5.804873880287169641e+01
9.118618618618617333e+00 5.806929627004801375e+01
9.128878878878879277e+00 5.808973813915788043e+01
9.139139139139139445e+00 5.811006411511158376e+01
9.149399399399399613e+00 5.813027406920335949e+01
9.159659659659659781e+00 5.815036760245426706e+01
9.169919919919919948e+00 5.817034449429334586e+01
9.180180180180180116e+00 5.819020465424377164e+01
9.190440440440440284e+00 5.820994771220724573e+01
9.200700700700700452e+00 5.822957351597381859e+01
9.210960960960960620e+00 5.824908180340195685e+01
9.221221221221220787e+00 5.826847233447693952e+01
9.231481481481480955e+00 5.828774486323465709e+01
9.241741741741741123e+00 5.830689917336586348e+01
9.252002002002001291e+00 5.832593511553621823e+01
9.262262262262261459e+00 5.834485229596923972e+01
9.272522522522521626e+00 5.836365070533623367e+01
9.282782782782781794e+00 5.838232990988217352e+01
9.293043043043041962e+00 5.840088982779142412e+01
9.303303303303302130e+00 5.841933016682195756e+01
9.313563563563562298e+00 5.843765075604417802e+01
9.323823823823824242e+00 5.845585136655925851e+01
9.334084084084084409e+00 5.847393175676198496e+01
9.344344344344344577e+00 5.849189170873840737e+01
9.354604604604604745e+00 5.850973108717057158e+01
9.364864864864864913e+00 5.852744951324596201e+01
9.375125125125125081e+00 5.854504688468113471e+01
9.385385385385385248e+00 5.856252309605754647e+01
9.395645645645645416e+00 5.857987775880661729e+01
9.405905905905905584e+00 5.859711069779627479e+01
9.416166166166165752e+00 5.861422184298275795e+01
9.426426426426425920e+00 5.863121082973957954e+01
9.436686686686686087e+00 5.864807751729127006e+01
9.446946946946946255e+00 5.866482173795390054e+01
9.457207207207206423e+00 5.868144326866359251e+01
9.467467467467466591e+00 5.869794183419816136e+01
9.477727727727726759e+00 5.871431726036894361e+01
9.487987987987986926e+00 5.873056951325965969e+01
9.498248248248247094e+00 5.874669829377420882e+01
9.508508508508507262e+00 5.876270320493574673e+01
9.518768768768767430e+00 5.877858438798509155e+01
9.529029029029029374e+00 5.879434153494914028e+01
9.539289289289289542e+00 5.880997437398518457e+01
9.549549549549549710e+00 5.882548281160160286e+01
9.559809809809809877e+00 5.884086653234649589e+01
9.570070070070070045e+00 5.885612547132190997e+01
9.580330330330330213e+00 5.887125947768249290e+01
9.590590590590590381e+00 5.888626819940394341e+01
9.600850850850850549e+00 5.890115167050635847e+01
9.611111111111110716e+00 5.891590952602424380e+01
9.621371371371370884e+00 5.893054158640665463e+01
9.631631631631631052e+00 5.894504797101770066e+01
9.641891891891891220e+00 5.895942820785455041e+01
9.652152152152151388e+00 5.897368208598317096e+01
9.662412412412411555e+00 5.898780965720816738e+01
9.672672672672671723e+00 5.900181066937116015e+01
9.682932932932931891e+00 5.901568480190426413e+01
9.693193193193192059e+00 5.902943215847157887e+01
9.703453453453452227e+00 5.904305233014605392e+01
9.713713713713712394e+00 5.905654528709153084e+01
9.723973973973974338e+00 5.906991085335814518e+01
9.734234234234234506e+00 5.908314879312612788e+01
9.744494494494494674e+00 5.909625904262391316e+01
9.754754754754754842e+00 5.910924144840441130e+01
9.765015015015015010e+00 5.912209569241237261e+01
9.775275275275275177e+00 5.913482182101795814e+01
9.785535535535535345e+00 5.914741949092100270e+01
9.795795795795795513e+00 5.915988866180233430e+01
9.806056056056055681e+00 5.917222921317909368e+01
9.816316316316315849e+00 5.918444099166293171e+01
9.826576576576576016e+00 5.919652368086336480e+01
9.836836836836836184e+00 5.920847737310499070e+01
9.847097097097096352e+00 5.922030181951041072e+01
9.857357357357356520e+00 5.923199680991433524e+01
9.867617617617616688e+00 5.924356224291818762e+01
9.877877877877876855e+00 5.925499799222091468e+01
9.888138138138137023e+00 5.926630401907388546e+01
9.898398398398397191e+00 5.927748000800222883e+01
9.908658658658657359e+00 5.928852595896387356e+01
9.918918918918919303e+00 5.929944158440625301e+01
9.929179179179179471e+00 5.931022691109490808e+01
9.939439439439439639e+00 5.932088172945171323e+01
9.949699699699699806e+00 5.933140594014721358e+01
9.959959959959959974e+00 5.934179944978136945e+01
9.970220220220220142e+00 5.935206204841495747e+01
9.980480480480480310e+00 5.936219361350099888e+01
9.990740740740740478e+00 5.937219408691731104e+01
1.000100100100100065e+01 5.938206335640847300e+01
1.001126126126126081e+01 5.939180121658004197e+01
1.002152152152152098e+01 5.940140759662661907e+01
1.003178178178178115e+01 5.941088235525616312e+01
1.004204204204204132e+01 5.942022548044173647e+01
1.005230230230230148e+01 5.942943668850023897e+01
1.006256256256256165e+01 5.943851598997983388e+01
1.007282282282282182e+01 5.944746314578836888e+01
1.008308308308308199e+01 5.945627829160977029e+01
1.009334334334334216e+01 5.946496107628534133e+01
1.010360360360360232e+01 5.947351155560811975e+01
1.011386386386386249e+01 5.948192946574576467e+01
1.012412412412412444e+01 5.949021484451303365e+01
1.013438438438438460e+01 5.949836749493946542e+01
1.014464464464464477e+01 5.950638741476310400e+01
1.015490490490490494e+01 5.951427442603785778e+01
1.016516516516516511e+01 5.952202845759480709e+01
1.017542542542542527e+01 5.952964942275303173e+01
1.018568568568568544e+01 5.953713723160621640e+01
1.019594594594594561e+01 5.954449172438825855e+01
1.020620620620620578e+01 5.955171299659436812e+01
1.021646646646646595e+01 5.955880067999626704e+01
1.022672672672672611e+01 5.956575490593212407e+01
1.023698698698698628e+01 5.957257556826327516e+01
1.024724724724724645e+01 5.957926248395225599e+01
1.025750750750750662e+01 5.958581560907786923e+01
1.026776776776776678e+01 5.959223486174180096e+01
1.027802802802802695e+01 5.959852026997209862e+01
1.028828828828828712e+01 5.960467156299206692e+01
1.029854854854854729e+01 5.961068887429922114e+01
1.030880880880880746e+01 5.961657201318138277e+01
1.031906906906906940e+01 5.962232085179645225e+01
1.032932932932932957e+01 5.962793544536520329e+01
1.033958958958958974e+01 5.963341563481158403e+01
1.034984984984984990e+01 5.963876139152375799e+01
1.036011011011011007e+01 5.964397263183297326e+01
1.037037037037037024e+01 5.964904933614776184e+01
1.038063063063063041e+01 5.965399143688313188e+01
1.039089089089089057e+01 5.965879885269848870e+01
1.040115115115115074e+01 5.966347139402599709e+01
1.041141141141141091e+01 5.966800928453950092e+01
1.042167167167167108e+01 5.967241228441681500e+01
1.043193193193193125e+01 5.967668025565712497e+01
1.044219219219219141e+01 5.968081331451196547e+01
1.045245245245245158e+01 5.968481139092229171e+01
1.046271271271271175e+01 5.968867443177114751e+01
1.047297297297297192e+01 5.969240222669635898e+01
1.048323323323323208e+01 5.969599499602719561e+01
1.049349349349349225e+01 5.969945249393673947e+01
1.050375375375375242e+01 5.970277472368943705e+01
1.051401401401401436e+01 5.970596171194056012e+01
1.052427427427427453e+01 5.970901328978992240e+01
1.053453453453453470e+01 5.971192954723895241e+01
1.054479479479479487e+01 5.971471049765811756e+01
1.055505505505505504e+01 5.971735591559024670e+01
1.056531531531531520e+01 5.971986590191703925e+01
1.057557557557557537e+01 5.972224032455622478e+01
1.058583583583583554e+01 5.972447929139313771e+01
1.059609609609609571e+01 5.972658267220725037e+01
1.060635635635635587e+01 5.972855049960474361e+01
1.061661661661661604e+01 5.973038267831474002e+01
1.062687687687687621e+01 5.973207926057408912e+01
1.063713713713713638e+01 5.973364015098708535e+01
1.064739739739739655e+01 5.973506539409552119e+01
1.065765765765765671e+01 5.973635502420660259e+01
1.066791791791791688e+01 5.973750887431449286e+01
1.067817817817817705e+01 5.973852705720874212e+01
1.068843843843843722e+01 5.973940942230698425e+01
1.069869869869869738e+01 5.974015613083702192e+01
1.070895895895895755e+01 5.974076703736164262e+01
1.071921921921921950e+01 5.974124221128623446e+01
1.072947947947947966e+01 5.974158174817414135e+01
1.073973973973973983e+01 5.974178528345817085e+01
1.075000000000000000e+01 5.974185316933007073e+01
