1.000000000000000021e-02 1.668170053724455093e-01
5.003003003003003712e-02 3.262495851009016290e-01
9.006006006006006537e-02 3.482261670773728057e-01
1.300900900900901214e-01 3.454167038513543120e-01
1.701201201201201496e-01 3.353274786456932333e-01
2.101501501501501779e-01 3.230026602852401618e-01
2.501801801801802339e-01 3.102595069926215587e-01
2.902102102102102621e-01 2.978174705951984746e-01
3.302402402402402903e-01 2.859621277185816490e-01
3.702702702702703186e-01 2.747919061932539431e-01
4.103003003003003468e-01 2.643208310064457667e-01
4.503303303303303751e-01 2.545247301541480045e-01
4.903603603603604588e-01 2.453630942393274506e-01
5.303903903903904871e-01 2.367897193331645611e-01
5.704204204204205153e-01 2.287579192900658365e-01
6.104504504504505435e-01 2.212230152240812764e-01
6.504804804804805718e-01 2.141434299110062667e-01
6.905105105105106000e-01 2.074810621010359235e-01
7.305405405405406283e-01 2.012012931609442057e-01
7.705705705705706565e-01 1.952728133439856351e-01
8.106006006006006848e-01 1.896673680467080292e-01
8.506306306306307130e-01 1.843594776347298458e-01
8.906606606606607413e-01 1.793261588633965065e-01
9.306906906906907695e-01 1.745466618378938017e-01
9.707207207207209088e-01 1.700022286954933071e-01
1.010750750750750937e+00 1.656758759585514329e-01
1.050780780780780965e+00 1.615522002591665562e-01
1.090810810810810993e+00 1.576172060101102279e-01
1.130840840840841022e+00 1.538581531005081271e-01
1.170870870870871050e+00 1.502634225473294116e-01
1.210900900900901078e+00 1.468223980731851730e-01
1.250930930930931106e+00 1.435253617142486227e-01
1.290960960960961135e+00 1.403634017363304398e-01
1.330990990990991163e+00 1.373283313226660307e-01
1.371021021021021191e+00 1.344126166778417952e-01
1.411051051051051219e+00 1.316093133605031329e-01
1.451081081081081248e+00 1.289120098095936917e-01
1.491111111111111276e+00 1.263147771640184269e-01
1.531141141141141304e+00 1.238121245943103882e-01
1.571171171171171332e+00 1.213989594683425460e-01
1.611201201201201361e+00 1.190705517628585369e-01
1.651231231231231389e+00 1.168225022101926081e-01
1.691261261261261417e+00 1.146507137365145174e-01
1.731291291291291445e+00 1.125513658056848110e-01
1.771321321321321474e+00 1.105208913325891051e-01
1.811351351351351502e+00 1.085559558727535595e-01
1.851381381381381530e+00 1.066534388320899973e-01
1.891411411411411558e+00 1.048104164726196830e-01
1.931441441441441809e+00 1.030241465176969518e-01
1.971471471471471837e+00 1.012920541842139838e-01
2.011501501501501643e+00 9.961171949004697657e-02
2.051531531531531449e+00 9.798086570304702370e-02
2.091561561561561700e+00 9.639734881357715779e-02
2.131591591591591506e+00 9.485914792627023195e-02
2.171621621621621756e+00 9.336435647861843212e-02
2.211651651651651562e+00 9.191117420443707664e-02
2.251681681681681813e+00 9.049789976938035774e-02
2.291711711711711619e+00 8.912292401369938111e-02
2.331741741741741869e+00 8.778472374447103543e-02
2.371771771771771675e+00 8.648185602572071307e-02
2.411801801801801926e+00 8.521295292032148028e-02
2.451831831831831732e+00 8.397671664237216227e-02
2.491861861861861982e+00 8.277191508301827427e-02
2.531891891891891788e+00 8.159737767645483530e-02
2.571921921921922038e+00 8.045199157619645214e-02
2.611951951951952289e+00 7.933469811467533384e-02
2.651981981981982095e+00 7.824448952187221251e-02
2.692012012012012345e+00 7.718040588104213562e-02
2.732042042042042151e+00 7.614153230170073172e-02
2.772072072072072402e+00 7.512699629191363360e-02
2.812102102102102208e+00 7.413596531361400788e-02
2.852132132132132458e+00 7.316764450617732618e-02
2.892162162162162264e+00 7.222127456483440344e-02
2.932192192192192515e+00 7.129612976171560701e-02
2.972222222222222321e+00 7.039151609841100277e-02
3.012252252252252571e+00 6.950676957991258620e-02
3.052282282282282377e+00 6.864125460069125939e-02
3.092312312312312628e+00 6.779436243445946531e-02
3.132342342342342434e+00 6.696550981989320139e-02
3.172372372372372684e+00 6.615413763524061186e-02
3.212402402402402490e+00 6.535970965533551003e-02
3.252432432432432741e+00 6.458171138507096121e-02
3.292462462462462547e+00 6.381964896387543051e-02
3.332492492492492797e+00 6.307304813617527206e-02
3.372522522522522603e+00 6.234145328323114493e-02
3.412552552552552854e+00 6.162442651210071204e-02
3.452582582582582660e+00 6.092154679781525833e-02
3.492612612612612910e+00 6.023240917516130971e-02
3.532642642642642716e+00 5.955662397673679859e-02
3.572672672672672967e+00 5.889381611420552165e-02
3.612702702702702773e+00 5.824362439990588003e-02
3.652732732732733023e+00 5.760570090618260392e-02
3.692762762762762829e+00 5.697971036000563233e-02
3.732792792792793080e+00 5.636532957061841237e-02
3.772822822822822886e+00 5.576224688812296548e-02
3.812852852852853136e+00 5.517016169105899009e-02
3.852882882882883386e+00 5.458878390117363061e-02
3.892912912912913193e+00 5.401783352370568420e-02
3.932942942942943443e+00 5.345704021162573510e-02
3.972972972972973249e+00 5.290614285238195991e-02
4.013003003003003499e+00 5.236488917580112840e-02
4.053033033033033306e+00 5.183303538188661214e-02
4.093063063063063112e+00 5.131034578734013779e-02
4.133093093093093806e+00 5.079659248971299390e-02
4.173123123123123612e+00 5.029155504816516797e-02
4.213153153153153418e+00 4.979502017987755963e-02
4.253183183183183225e+00 4.930678147122614929e-02
4.293213213213213919e+00 4.882663910288333187e-02
4.333243243243243725e+00 4.835439958806651145e-02
4.373273273273273531e+00 4.788987552320287527e-02
4.413303303303303338e+00 4.743288535032613024e-02
4.453333333333334032e+00 4.698325313056349317e-02
4.493363363363363838e+00 4.654080832811165191e-02
4.533393393393393644e+00 4.610538560413659365e-02
4.573423423423423451e+00 4.567682462006833477e-02
4.613453453453454145e+00 4.525496984979199278e-02
4.653483483483483951e+00 4.483967040026810846e-02
4.693513513513513757e+00 4.443077984014220938e-02
4.733543543543543564e+00 4.402815603593024374e-02
4.773573573573574258e+00 4.363166099539057818e-02
4.813603603603604064e+00 4.324116071771610947e-02
4.853633633633633870e+00 4.285652505020134950e-02
4.893663663663663677e+00 4.247762755105916055e-02
4.933693693693694371e+00 4.210434535808060125e-02
4.973723723723724177e+00 4.173655906284839956e-02
5.013753753753753983e+00 4.137415259023122238e-02
5.053783783783783790e+00 4.101701308290110759e-02
5.093813813813814484e+00 4.066503079063048948e-02
5.133843843843844290e+00 4.031809896413920957e-02
5.173873873873874096e+00 3.997611375327367322e-02
5.213903903903904791e+00 3.963897410931321169e-02
5.253933933933934597e+00 3.930658169120868073e-02
5.293963963963964403e+00 3.897884077556975496e-02
5.333993993993994209e+00 3.865565817022635631e-02
5.374024024024024904e+00 3.833694313119951486e-02
5.414054054054054710e+00 3.802260728292527342e-02
5.454084084084084516e+00 3.771256454158335158e-02
5.494114114114114322e+00 3.740673104139038974e-02
5.534144144144145017e+00 3.710502506372435894e-02
5.574174174174174823e+00 3.680736696895368226e-02
5.614204204204204629e+00 3.651367913085132311e-02
5.654234234234234435e+00 3.622388587347966787e-02
5.694264264264265130e+00 3.593791341043817145e-02
5.734294294294294936e+00 3.565568978637099345e-02
5.774324324324324742e+00 3.537714482063660654e-02
5.814354354354354548e+00 3.510221005304694358e-02
5.854384384384385243e+00 3.483081869158738408e-02
5.894414414414415049e+00 3.456290556203363284e-02
5.934444444444444855e+00 3.429840705938554113e-02
5.974474474474474661e+00 3.403726110104162567e-02
6.014504504504505356e+00 3.377940708164191286e-02
6.054534534534535162e+00 3.352478582950980251e-02
6.094564564564564968e+00 3.327333956462742021e-02
6.134594594594594774e+00 3.302501185808147388e-02
6.174624624624625469e+00 3.277974759291994028e-02
6.214654654654655275e+00 3.253749292636255730e-02
6.254684684684685081e+00 3.229819525331054098e-02
6.294714714714714887e+00 3.206180317110392253e-02
6.334744744744745581e+00 3.182826644547651074e-02
6.374774774774775388e+00 3.159753597766164906e-02
6.414804804804805194e+00 3.136956377260314427e-02
6.454834834834835888e+00 3.114430290822850153e-02
6.494864864864865694e+00 3.092170750574309290e-02
6.534894894894895501e+00 3.070173270090582190e-02
6.574924924924925307e+00 3.048433461624863727e-02
6.614954954954956001e+00 3.026947033420391772e-02
6.654984984984985807e+00 3.005709787110513384e-02
6.695015015015015614e+00 2.984717615202781005e-02
6.735045045045045420e+00 2.963966498643938116e-02
6.775075075075076114e+00 2.943452504462754429e-02
6.815105105105105920e+00 2.923171783487830272e-02
6.855135135135135727e+00 2.903120568137590798e-02
6.895165165165165533e+00 2.883295170279827346e-02
6.935195195195196227e+00 2.863691979158231038e-02
6.975225225225226033e+00 2.844307459383491749e-02
7.015255255255255840e+00 2.825138148986620912e-02
7.055285285285285646e+00 2.806180657532261757e-02
7.095315315315316340e+00 2.787431664289835576e-02
7.135345345345346146e+00 2.768887916460474954e-02
7.175375375375375953e+00 2.750546227457741424e-02
7.215405405405405759e+00 2.732403475240270663e-02
7.255435435435436453e+00 2.714456600694479041e-02
7.295465465465466259e+00 2.696702606065631141e-02
7.335495495495496066e+00 2.679138553435541498e-02
7.375525525525525872e+00 2.661761563245341675e-02
7.415555555555556566e+00 2.644568812861729928e-02
7.455585585585586372e+00 2.627557535185245235e-02
7.495615615615616179e+00 2.610725017299107137e-02
7.535645645645645985e+00 2.594068599157269006e-02
7.575675675675676679e+00 2.577585672310353515e-02
7.615705705705706485e+00 2.561273678668198744e-02
7.655735735735736291e+00 2.545130109297797857e-02
7.695765765765766986e+00 2.529152503255447867e-02
7.735795795795796792e+00 2.513338446451992420e-02
7.775825825825826598e+00 2.497685570550046627e-02
7.815855855855856404e+00 2.482191551892178744e-02
7.855885885885887099e+00 2.466854110459025182e-02
7.895915915915916905e+00 2.451671008856374720e-02
7.935945945945946711e+00 2.436640051330280637e-02
7.975975975975976517e+00 2.421759082809307392e-02
8.016006006006007212e+00 2.407025987973037892e-02
8.056036036036037018e+00 2.392438690346005911e-02
8.096066066066066824e+00 2.377995151416248398e-02
8.136096096096096630e+00 2.363693369777701211e-02
8.176126126126126437e+00 2.349531380295690614e-02
8.216156156156156243e+00 2.335507253294788477e-02
8.256186186186187825e+00 2.321619093768354652e-02
8.296216216216217632e+00 2.307865040609072271e-02
8.336246246246247438e+00 2.294243265859840716e-02
8.376276276276277244e+00 2.280751973984402117e-02
8.416306306306307050e+00 2.267389401157089007e-02
8.456336336336336856e+00 2.254153814571117215e-02
8.496366366366366663e+00 2.241043511764863327e-02
8.536396396396396469e+00 2.228056819965574739e-02
8.576426426426428051e+00 2.215192095450001578e-02
8.616456456456457857e+00 2.202447722921430442e-02
8.656486486486487664e+00 2.189822114902641517e-02
8.696516516516517470e+00 2.177313711144308189e-02
8.736546546546547276e+00 2.164920978048395089e-02
8.776576576576577082e+00 2.152642408106095889e-02
8.816606606606606888e+00 2.140476519349901116e-02
8.856636636636636695e+00 2.128421854819374445e-02
8.896666666666668277e+00 2.116476982040241608e-02
8.936696696696698083e+00 2.104640492516410277e-02
8.976726726726727890e+00 2.092911001234534427e-02
9.016756756756757696e+00 2.081287146180791151e-02
9.056786786786787502e+00 2.069767587869482395e-02
9.096816816816817308e+00 2.058351008883168784e-02
9.136846846846847114e+00 2.047036113423962925e-02
9.176876876876878697e+00 2.035821626875707058e-02
9.216906906906908503e+00 2.024706295376709972e-02
9.256936936936938309e+00 2.013688885402736134e-02
9.296966966966968116e+00 2.002768183359992377e-02
9.336996996996997922e+00 1.991942995187805793e-02
9.377027027027027728e+00 1.981212145970737484e-02
9.417057057057057534e+00 1.970574479559872652e-02
9.457087087087087340e+00 1.960028858203027510e-02
9.497117117117118923e+00 1.949574162183638840e-02
9.537147147147148729e+00 1.939209289468092970e-02
9.577177177177178535e+00 1.928933155361267637e-02
9.617207207207208342e+00 1.918744692170061203e-02
9.657237237237238148e+00 1.908642848874702799e-02
9.697267267267267954e+00 1.898626590807624137e-02
9.737297297297297760e+00 1.888694899339697988e-02
9.777327327327327566e+00 1.878846771573645935e-02
9.817357357357359149e+00 1.869081220044420052e-02
9.857387387387388955e+00 1.859397272426389219e-02
9.897417417417418761e+00 1.849793971247122581e-02
9.937447447447448567e+00 1.840270373607635554e-02
9.977477477477478374e+00 1.830825550908891583e-02
1.001750750750750818e+01 1.821458588584428523e-02
1.005753753753753799e+01 1.812168585838922277e-02
1.009756756756756779e+01 1.802954655392564540e-02
1.013759759759759937e+01 1.793815923231073528e-02
1.017762762762762918e+01 1.784751528361219752e-02
1.021765765765765899e+01 1.775760622571712424e-02
1.025768768768768879e+01 1.766842370199307038e-02
1.029771771771771860e+01 1.757995947900016509e-02
1.033774774774774841e+01 1.749220544425278412e-02
1.037777777777777821e+01 1.740515360402970432e-02
1.041780780780780979e+01 1.731879608123138362e-02
1.045783783783783960e+01 1.723312511328330479e-02
1.049786786786786941e+01 1.714813305008411684e-02
1.053789789789789921e+01 1.706381235199760926e-02
1.057792792792792902e+01 1.698015558788727383e-02
1.061795795795795883e+01 1.689715543319251015e-02
1.065798798798798863e+01 1.681480466804544799e-02
1.069801801801801844e+01 1.673309617542733177e-02
1.073804804804805002e+01 1.665202293936355118e-02
1.077807807807807983e+01 1.657157804315637084e-02
1.081810810810810963e+01 1.649175466765441522e-02
1.085813813813813944e+01 1.641254608955809713e-02
1.089816816816816925e+01 1.633394567975999731e-02
1.093819819819819905e+01 1.625594690171950837e-02
1.097822822822822886e+01 1.617854330987079231e-02
1.101825825825825866e+01 1.610172854806335777e-02
1.105828828828829025e+01 1.602549634803438969e-02
1.109831831831832005e+01 1.594984052791220339e-02
1.113834834834834986e+01 1.587475499074991747e-02
1.117837837837837967e+01 1.580023372308881485e-02
1.121840840840840947e+01 1.572627079355061117e-02
1.125843843843843928e+01 1.565286035145786736e-02
1.129846846846846908e+01 1.557999662548213357e-02
1.133849849849849889e+01 1.550767392231887538e-02
1.137852852852853047e+01 1.543588662538885464e-02
1.141855855855856028e+01 1.536462919356511997e-02
1.145858858858859008e+01 1.529389615992517854e-02
1.149861861861861989e+01 1.522368213052768121e-02
1.153864864864864970e+01 1.515398178321311282e-02
1.157867867867867950e+01 1.508478986642791501e-02
1.161870870870870931e+01 1.501610119807151797e-02
1.165873873873874089e+01 1.494791066436575687e-02
1.169876876876877070e+01 1.488021321874620495e-02
1.173879879879880050e+01 1.481300388077484709e-02
1.177882882882883031e+01 1.474627773507371578e-02
1.181885885885886012e+01 1.468002993027897954e-02
1.185888888888888992e+01 1.461425567801498578e-02
1.189891891891891973e+01 1.454895025188789395e-02
1.193894894894894954e+01 1.448410898649840801e-02
1.197897897897898112e+01 1.441972727647320568e-02
1.201900900900901092e+01 1.435580057551469335e-02
1.205903903903904073e+01 1.429232439546856796e-02
1.209906906906907054e+01 1.422929430540898280e-02
1.213909909909910034e+01 1.416670593074071879e-02
1.217912912912913015e+01 1.410455495231818270e-02
1.221915915915915996e+01 1.404283710558076013e-02
1.225918918918918976e+01 1.398154817970417158e-02
1.229921921921922134e+01 1.392068401676757258e-02
1.233924924924925115e+01 1.386024051093593876e-02
1.237927927927928096e+01 1.380021360765751326e-02
1.241930930930931076e+01 1.374059930287592837e-02
1.245933933933934057e+01 1.368139364225675475e-02
1.249936936936937038e+01 1.362259272042807244e-02
1.253939939939940018e+01 1.356419268023489541e-02
1.257942942942942999e+01 1.350618971200704538e-02
1.261945945945946157e+01 1.344858005284024771e-02
1.265948948948949138e+01 1.339135998589019612e-02
1.269951951951952118e+01 1.333452583967921663e-02
1.273954954954955099e+01 1.327807398741541293e-02
1.277957957957958079e+01 1.322200084632389576e-02
1.281960960960961060e+01 1.316630287698994373e-02
1.285963963963964041e+01 1.311097658271379550e-02
1.289966966966967199e+01 1.305601850887685295e-02
1.293969969969970180e+01 1.300142524231908021e-02
1.297972972972973160e+01 1.294719341072730727e-02
1.301975975975976141e+01 1.289331968203430781e-02
1.305978978978979121e+01 1.283980076382833756e-02
1.309981981981982102e+01 1.278663340277302017e-02
1.313984984984985083e+01 1.273381438403725120e-02
1.317987987987988063e+01 1.268134053073504373e-02
1.321990990990991222e+01 1.262920870337502083e-02
1.325993993993994202e+01 1.257741579931941599e-02
1.329996996996997183e+01 1.252595875225235786e-02
1.334000000000000163e+01 1.247483453165728999e-02
1.338003003003003144e+01 1.242404014230330880e-02
1.342006006006006125e+01 1.237357262374025324e-02
1.346009009009009105e+01 1.232342904980239864e-02
1.350012012012012086e+01 1.227360652812054670e-02
1.354015015015015244e+01 1.222410219964235704e-02
1.358018018018018225e+01 1.217491323816081994e-02
1.362021021021021205e+01 1.212603684985055948e-02
1.366024024024024186e+01 1.207747027281201764e-02
1.370027027027027167e+01 1.202921077662318615e-02
1.374030030030030147e+01 1.198125566189885832e-02
1.378033033033033128e+01 1.193360225985717372e-02
1.382036036036036108e+01 1.188624793189340008e-02
1.386039039039039267e+01 1.183919006916071999e-02
1.390042042042042247e+01 1.179242609215797218e-02
1.394045045045045228e+01 1.174595345032414945e-02
1.398048048048048209e+01 1.169976962163955456e-02
1.402051051051051189e+01 1.165387211223352197e-02
1.406054054054054170e+01 1.160825845599848180e-02
1.410057057057057150e+01 1.156292621421035546e-02
1.414060060060060309e+01 1.151787297515509054e-02
1.418063063063063289e+01 1.147309635376127755e-02
1.422066066066066270e+01 1.142859399123865097e-02
1.426069069069069251e+01 1.138436355472244657e-02
1.430072072072072231e+01 1.134040273692348867e-02
1.434075075075075212e+01 1.129670925578383882e-02
1.438078078078078192e+01 1.125328085413801298e-02
1.442081081081081173e+01 1.121011529937952084e-02
1.446084084084084331e+01 1.116721038313279492e-02
1.450087087087087312e+01 1.112456392093025617e-02
1.454090090090090293e+01 1.108217375189453693e-02
1.458093093093093273e+01 1.104003773842567732e-02
1.462096096096096254e+01 1.099815376589328118e-02
1.466099099099099234e+01 1.095651974233348772e-02
1.470102102102102215e+01 1.091513359815069958e-02
1.474105105105105196e+01 1.087399328582396713e-02
1.478108108108108354e+01 1.083309677961792269e-02
1.482111111111111335e+01 1.079244207529828081e-02
1.486114114114114315e+01 1.075202718985165777e-02
1.490117117117117296e+01 1.071185016120978530e-02
1.494120120120120276e+01 1.067190904797797255e-02
1.498123123123123257e+01 1.063220192916772278e-02
1.502126126126126238e+01 1.059272690393348905e-02
1.506129129129129218e+01 1.055348209131342155e-02
1.510132132132132377e+01 1.051446562997411689e-02
1.514135135135135357e+01 1.047567567795922375e-02
1.518138138138138338e+01 1.043711041244189085e-02
1.522141141141141318e+01 1.039876802948095508e-02
1.526144144144144299e+01 1.036064674378084013e-02
1.530147147147147280e+01 1.032274478845504433e-02
1.534150150150150260e+01 1.028506041479322446e-02
1.538153153153153418e+01 1.024759189203174915e-02
1.542156156156156399e+01 1.021033750712770950e-02
1.546159159159159380e+01 1.017329556453630199e-02
1.550162162162162360e+01 1.013646438599151434e-02
1.554165165165165341e+01 1.009984231029010734e-02
1.558168168168168322e+01 1.006342769307875737e-02
1.562171171171171302e+01 1.002721890664440806e-02
1.566174174174174283e+01 9.991214339707649161e-03
1.570177177177177441e+01 9.955412397219200529e-03
1.574180180180180422e+01 9.919811500159348566e-03
1.578183183183183402e+01 9.884410085340345625e-03
1.582186186186186383e+01 9.849206605211687296e-03
1.586189189189189364e+01 9.814199527668229436e-03
1.590192192192192344e+01 9.779387335861117192e-03
1.594195195195195325e+01 9.744768528011441000e-03
1.598198198198198305e+01 9.710341617226605701e-03
1.602201201201201641e+01 9.676105131319339900e-03
1.606204204204204444e+01 9.642057612629347310e-03
1.610207207207207603e+01 9.608197617847475183e-03
1.614210210210210406e+01 9.574523717842458800e-03
1.618213213213213564e+01 9.541034497490113661e-03
1.622216216216216722e+01 9.507728555504987508e-03
1.626219219219219525e+01 9.474604504274395864e-03
1.630222222222222683e+01 9.441660969694837605e-03
1.634225225225225486e+01 9.408896591010722926e-03
1.638228228228228645e+01 9.376310020655384200e-03
1.642231231231231448e+01 9.343899924094335036e-03
1.646234234234234606e+01 9.311664979670730702e-03
1.650237237237237764e+01 9.279603878453033389e-03
1.654240240240240567e+01 9.247715324084774743e-03
1.658243243243243725e+01 9.215998032636443446e-03
1.662246246246246528e+01 9.184450732459447514e-03
1.666249249249249686e+01 9.153072164042090619e-03
1.670252252252252489e+01 9.121861079867579769e-03
1.674255255255255648e+01 9.090816244273977609e-03
1.678258258258258806e+01 9.059936433316123638e-03
1.682261261261261609e+01 9.029220434629418521e-03
1.686264264264264767e+01 8.998667047295533933e-03
1.690267267267267570e+01 8.968275081709943877e-03
1.694270270270270728e+01 8.938043359451268779e-03
1.698273273273273531e+01 8.907970713152449718e-03
1.702276276276276690e+01 8.878055986373610542e-03
1.706279279279279493e+01 8.848298033476727567e-03
1.710282282282282651e+01 8.818695719501955937e-03
1.714285285285285809e+01 8.789247920045669890e-03
1.718288288288288612e+01 8.759953521140123253e-03
1.722291291291291770e+01 8.730811419134745788e-03
1.726294294294294573e+01 8.701820520579063231e-03
1.730297297297297732e+01 8.672979742107152570e-03
1.734300300300300535e+01 8.644288010323710608e-03
1.738303303303303693e+01 8.615744261691557146e-03
1.742306306306306851e+01 8.587347442420744520e-03
1.746309309309309654e+01 8.559096508359068795e-03
1.750312312312312812e+01 8.530990424884081491e-03
1.754315315315315615e+01 8.503028166796525525e-03
1.758318318318318774e+01 8.475208718215169329e-03
1.762321321321321577e+01 8.447531072473056513e-03
1.766324324324324735e+01 8.419994232015110339e-03
1.770327327327327538e+01 8.392597208297094755e-03
1.774330330330330696e+01 8.365339021685881671e-03
1.778333333333333854e+01 8.338218701361081731e-03
1.782336336336336657e+01 8.311235285217889387e-03
1.786339339339339816e+01 8.284387819771249842e-03
1.790342342342342619e+01 8.257675360061266304e-03
1.794345345345345777e+01 8.231096969559814625e-03
1.798348348348348580e+01 8.204651720078410398e-03
1.802351351351351738e+01 8.178338691677214042e-03
1.806354354354354896e+01 8.152156972575286611e-03
1.810357357357357699e+01 8.126105659061929817e-03
1.814360360360360858e+01 8.100183855409207392e-03
1.818363363363363661e+01 8.074390673785597494e-03
1.822366366366366819e+01 8.048725234170713699e-03
1.826369369369369622e+01 8.023186664271172649e-03
1.830372372372372780e+01 7.997774099437474776e-03
1.834375375375375938e+01 7.972486682581996983e-03
1.838378378378378741e+01 7.947323564098000143e-03
1.842381381381381900e+01 7.922283901779665280e-03
1.846384384384384703e+01 7.897366860743163658e-03
1.850387387387387861e+01 7.872571613348684424e-03
1.854390390390390664e+01 7.847897339123508301e-03
1.858393393393393822e+01 7.823343224685978120e-03
1.862396396396396625e+01 7.798908463670480712e-03
1.866399399399399783e+01 7.774592256653338647e-03
1.870402402402402942e+01 7.750393811079651744e-03
1.874405405405405745e+01 7.726312341191028492e-03
1.878408408408408903e+01 7.702347067954233399e-03
1.882411411411411706e+01 7.678497218990726000e-03
1.886414414414414864e+01 7.654762028507059411e-03
1.890417417417417667e+01 7.631140737226154054e-03
1.894420420420420825e+01 7.607632592319416194e-03
1.898423423423423984e+01 7.584236847339706489e-03
1.902426426426426787e+01 7.560952762155101307e-03
1.906429429429429945e+01 7.537779602883509268e-03
1.910432432432432748e+01 7.514716641828067534e-03
1.914435435435435906e+01 7.491763157413330008e-03
1.918438438438438709e+01 7.468918434122242232e-03
1.922441441441441867e+01 7.446181762433876083e-03
1.926444444444445026e+01 7.423552438761943373e-03
1.930447447447447828e+01 7.401029765394025010e-03
1.934450450450450987e+01 7.378613050431561717e-03
1.938453453453453790e+01 7.356301607730574184e-03
1.942456456456456948e+01 7.334094756843056312e-03
1.946459459459459751e+01 7.311991822959150802e-03
1.950462462462462909e+01 7.289992136849951856e-03
1.954465465465465712e+01 7.268095034811026048e-03
1.958468468468468870e+01 7.246299858606598462e-03
1.962471471471472029e+01 7.224605955414433595e-03
1.966474474474474832e+01 7.203012677771334672e-03
1.970477477477477990e+01 7.181519383519329065e-03
1.974480480480480793e+01 7.160125435752459980e-03
1.978483483483483951e+01 7.138830202764245153e-03
1.982486486486486754e+01 7.117633057995734897e-03
1.986489489489489912e+01 7.096533379984185964e-03
1.990492492492493071e+01 7.075530552312357321e-03
1.994495495495495874e+01 7.054623963558385308e-03
1.998498498498499032e+01 7.033813007246257284e-03
2.002501501501501835e+01 7.013097081796871614e-03
2.006504504504504993e+01 6.992475590479661426e-03
2.010507507507507796e+01 6.971947941364787377e-03
2.014510510510510954e+01 6.951513547275894184e-03
2.018513513513513757e+01 6.931171825743412743e-03
2.022516516516516916e+01 6.910922198958403470e-03
2.026519519519520074e+01 6.890764093726947821e-03
2.030522522522522877e+01 6.870696941425048082e-03
2.034525525525526035e+01 6.850720177954068395e-03
2.038528528528528838e+01 6.830833243696680587e-03
2.042531531531531996e+01 6.811035583473323482e-03
2.046534534534534799e+01 6.791326646499154865e-03
2.050537537537537958e+01 6.771705886341502188e-03
2.054540540540541116e+01 6.752172760877809404e-03
2.058543543543543919e+01 6.732726732254049572e-03
2.062546546546547077e+01 6.713367266843626655e-03
2.066549549549549880e+01 6.694093835206737890e-03
2.070552552552553038e+01 6.674905912050199328e-03
2.074555555555555841e+01 6.655802976187730202e-03
2.078558558558559000e+01 6.636784510500689203e-03
2.082561561561562158e+01 6.617850001899248762e-03
2.086564564564564961e+01 6.598998941284020363e-03
2.090567567567568119e+01 6.580230823508090125e-03
2.094570570570570922e+01 6.561545147339519282e-03
2.098573573573574080e+01 6.542941415424219365e-03
2.102576576576576883e+01 6.524419134249286219e-03
2.106579579579580042e+01 6.505977814106711325e-03
2.110582582582582845e+01 6.487616969057534606e-03
2.114585585585586003e+01 6.469336116896353718e-03
2.118588588588589161e+01 6.451134779116273962e-03
2.122591591591591964e+01 6.433012480874207746e-03
2.126594594594595122e+01 6.414968750956586904e-03
2.130597597597597925e+01 6.397003121745447989e-03
2.134600600600601084e+01 6.379115129184881848e-03
2.138603603603603887e+01 6.361304312747878727e-03
2.142606606606607045e+01 6.343570215403496020e-03
2.146609609609610203e+01 6.325912383584439760e-03
2.150612612612613006e+01 6.308330367154970503e-03
2.154615615615616164e+01 6.290823719379152676e-03
2.158618618618618967e+01 6.273391996889489050e-03
2.162621621621622126e+01 6.256034759655850104e-03
2.166624624624624929e+01 6.238751570954793706e-03
2.170627627627628087e+01 6.221541997339169287e-03
2.174630630630630890e+01 6.204405608608094119e-03
2.178633633633634048e+01 6.187341977777224486e-03
2.182636636636637206e+01 6.170350681049365134e-03
2.186639639639640009e+01 6.153431297785404847e-03
2.190642642642643168e+01 6.136583410475535648e-03
2.194645645645645970e+01 6.119806604710813745e-03
2.198648648648649129e+01 6.103100469155003233e-03
2.202651651651651932e+01 6.086464595516751126e-03
2.206654654654655090e+01 6.069898578522023476e-03
2.210657657657658248e+01 6.053402015886869339e-03
2.214660660660661051e+01 6.036974508290451902e-03
2.218663663663664209e+01 6.020615659348378841e-03
2.222666666666667012e+01 6.004325075586331925e-03
2.226669669669670171e+01 5.988102366413936006e-03
2.230672672672672974e+01 5.971947144098948938e-03
2.234675675675676132e+01 5.955859023741696089e-03
2.238678678678679290e+01 5.939837623249796285e-03
2.242681681681682093e+01 5.923882563313134959e-03
2.246684684684685251e+01 5.907993467379110512e-03
2.250687687687688054e+01 5.892169961628153027e-03
2.254690690690691213e+01 5.876411674949467631e-03
2.258693693693694016e+01 5.860718238917081435e-03
2.262696696696697174e+01 5.845089287766084760e-03
2.266699699699699977e+01 5.829524458369173337e-03
2.270702702702703135e+01 5.814023390213393476e-03
2.274705705705706293e+01 5.798585725377157843e-03
2.278708708708709096e+01 5.783211108507498900e-03
2.282711711711712255e+01 5.767899186797520970e-03
2.286714714714715058e+01 5.752649609964153275e-03
2.290717717717718216e+01 5.737462030226063436e-03
2.294720720720721019e+01 5.722336102281853736e-03
2.298723723723724177e+01 5.707271483288449063e-03
2.302726726726727335e+01 5.692267832839720786e-03
2.306729729729730138e+01 5.677324812945335267e-03
2.310732732732733297e+01 5.662442088009795801e-03
2.314735735735736100e+01 5.647619324811743897e-03
2.318738738738739258e+01 5.632856192483414945e-03
2.322741741741742061e+01 5.618152362490363635e-03
2.326744744744745219e+01 5.603507508611339435e-03
2.330747747747748377e+01 5.588921306918419665e-03
2.334750750750751180e+01 5.574393435757304775e-03
2.338753753753754339e+01 5.559923575727828728e-03
2.342756756756757142e+01 5.545511409664675810e-03
2.346759759759760300e+01 5.531156622618273525e-03
2.350762762762763103e+01 5.516858901835906652e-03
2.354765765765766261e+01 5.502617936742977903e-03
2.358768768768769064e+01 5.488433418924510560e-03
2.362771771771772222e+01 5.474305042106790767e-03
2.366774774774775381e+01 5.460232502139224925e-03
2.370777777777778184e+01 5.446215496976367955e-03
2.374780780780781342e+01 5.432253726660125903e-03
2.378783783783784145e+01 5.418346893302149365e-03
2.382786786786787303e+01 5.404494701066382169e-03
2.386789789789790106e+01 5.390696856151822557e-03
2.390792792792793264e+01 5.376953066775400601e-03
2.394795795795796423e+01 5.363263043155082864e-03
2.398798798798799226e+01 5.349626497493093283e-03
2.402801801801802384e+01 5.336043143959348298e-03
2.406804804804805187e+01 5.322512698675018611e-03
2.410807807807808345e+01 5.309034879696261817e-03
2.414810810810811148e+01 5.295609406998137182e-03
2.418813813813814306e+01 5.282236002458643581e-03
2.422816816816817109e+01 5.268914389842951733e-03
2.426819819819820268e+01 5.255644294787753523e-03
2.430822822822823426e+01 5.242425444785795211e-03
2.434825825825826229e+01 5.229257569170548542e-03
2.438828828828829387e+01 5.216140399101027586e-03
2.442831831831832190e+01 5.203073667546765160e-03
2.446834834834835348e+01 5.190057109272921965e-03
2.450837837837838151e+01 5.177090460825561381e-03
2.454840840840841310e+01 5.164173460517036164e-03
2.458843843843844468e+01 5.151305848411550335e-03
2.462846846846847271e+01 5.138487366310837308e-03
2.466849849849850429e+01 5.125717757739979390e-03
2.470852852852853232e+01 5.112996767933380808e-03
2.474855855855856390e+01 5.100324143820855229e-03
2.478858858858859193e+01 5.087699634013855519e-03
2.482861861861862351e+01 5.075122988791839693e-03
2.486864864864865510e+01 5.062593960088762612e-03
2.490867867867868313e+01 5.050112301479699542e-03
2.494870870870871471e+01 5.037677768167591122e-03
2.498873873873874274e+01 5.025290116970127126e-03
2.502876876876877432e+01 5.012949106306739504e-03
2.506879879879880235e+01 5.000654496185741142e-03
2.510882882882883393e+01 4.988406048191557432e-03
2.514885885885886196e+01 4.976203525472111359e-03
2.518888888888889355e+01 4.964046692726301405e-03
2.522891891891892513e+01 4.951935316191609544e-03
2.526894894894895316e+01 4.939869163631829818e-03
2.530897897897898474e+01 4.927848004324905315e-03
2.534900900900901277e+01 4.915871609050883988e-03
2.538903903903904435e+01 4.903939750079982889e-03
2.542906906906907238e+01 4.892052201160772967e-03
2.546909909909910397e+01 4.880208737508467086e-03
2.550912912912913555e+01 4.868409135793320790e-03
2.554915915915916358e+01 4.856653174129141499e-03
2.558918918918919516e+01 4.844940632061902654e-03
2.562921921921922319e+01 4.833271290558468006e-03
2.566924924924925477e+01 4.821644931995423475e-03
2.570927927927928280e+01 4.810061340147993997e-03
2.574930930930931439e+01 4.798520300179090481e-03
2.578933933933934597e+01 4.787021598628445236e-03
2.582936936936937400e+01 4.775565023401841074e-03
2.586939939939940558e+01 4.764150363760448828e-03
2.590942942942943361e+01 4.752777410310265495e-03
2.594945945945946519e+01 4.741445954991638234e-03
2.598948948948949322e+01 4.730155791068902001e-03
2.602951951951952481e+01 4.718906713120091766e-03
2.606954954954955284e+01 4.707698517026770967e-03
2.610957957957958442e+01 4.696530999963926742e-03
2.614960960960961600e+01 4.685403960389993537e-03
2.618963963963964403e+01 4.674317198036930486e-03
2.622966966966967561e+01 4.663270513900409815e-03
2.626969969969970364e+01 4.652263710230098055e-03
2.630972972972973523e+01 4.641296590520008376e-03
2.634975975975976326e+01 4.630368959498960477e-03
2.638978978978979484e+01 4.619480623121102920e-03
2.642981981981982642e+01 4.608631388556558642e-03
2.646984984984985445e+01 4.597821064182112949e-03
2.650987987987988603e+01 4.587049459572004745e-03
2.654990990990991406e+01 4.576316385488814024e-03
2.658993993993994565e+01 4.565621653874406619e-03
2.662996996996997368e+01 4.554965077840983020e-03
2.667000000000000526e+01 4.544346471662180989e-03
2.671003003003003329e+01 4.533765650764288307e-03
2.675006006006006487e+01 4.523222431717511920e-03
2.679009009009009645e+01 4.512716632227335538e-03
2.683012012012012448e+01 4.502248071125952711e-03
2.687015015015015607e+01 4.491816568363769281e-03
2.691018018018018410e+01 4.481421945000996047e-03
2.695021021021021568e+01 4.471064023199303010e-03
2.699024024024024371e+01 4.460742626213549077e-03
2.703027027027027529e+01 4.450457578383595035e-03
2.707030030030030687e+01 4.440208705126183313e-03
2.711033033033033490e+01 4.429995832926881053e-03
2.715036036036036649e+01 4.419818789332104723e-03
2.719039039039039451e+01 4.409677402941221055e-03
2.723042042042042610e+01 4.399571503398697417e-03
2.727045045045045413e+01 4.389500921386333722e-03
2.731048048048048571e+01 4.379465488615573270e-03
2.735051051051051729e+01 4.369465037819856949e-03
2.739054054054054532e+01 4.359499402747060715e-03
2.743057057057057690e+01 4.349568418151995505e-03
2.747060060060060493e+01 4.339671919788974826e-03
2.751063063063063652e+01 4.329809744404442169e-03
2.755066066066066455e+01 4.319981729729669567e-03
2.759069069069069613e+01 4.310187714473502976e-03
2.763072072072072416e+01 4.300427538315202206e-03
2.767075075075075574e+01 4.290701041897307735e-03
2.771078078078078732e+01 4.281008066818596872e-03
2.775081081081081535e+01 4.271348455627083270e-03
2.779084084084084694e+01 4.261722051813080642e-03
2.783087087087087497e+01 4.252128699802338457e-03
2.787090090090090655e+01 4.242568244949218408e-03
2.791093093093093458e+01 4.233040533529946331e-03
2.795096096096096616e+01 4.223545412735904905e-03
2.799099099099099774e+01 4.214082730667002667e-03
2.803102102102102577e+01 4.204652336325082063e-03
2.807105105105105736e+01 4.195254079607403826e-03
2.811108108108108539e+01 4.185887811300160848e-03
2.815111111111111697e+01 4.176553383072071843e-03
2.819114114114114500e+01 4.167250647468025322e-03
2.823117117117117658e+01 4.157979457902753924e-03
2.827120120120120816e+01 4.148739668654598950e-03
2.831123123123123619e+01 4.139531134859304393e-03
2.835126126126126778e+01 4.130353712503863003e-03
2.839129129129129581e+01 4.121207258420431750e-03
2.843132132132132739e+01 4.112091630280275030e-03
2.847135135135135542e+01 4.103006686587785945e-03
2.851138138138138700e+01 4.093952286674525792e-03
2.855141141141141503e+01 4.084928290693352025e-03
2.859144144144144661e+01 4.075934559612556622e-03
2.863147147147147820e+01 4.066970955210088591e-03
2.867150150150150623e+01 4.058037340067796421e-03
2.871153153153153781e+01 4.049133577565736455e-03
2.875156156156156584e+01 4.040259531876521162e-03
2.879159159159159742e+01 4.031415067959722917e-03
2.883162162162162545e+01 4.022600051556314213e-03
2.887165165165165703e+01 4.013814349183153843e-03
2.891168168168168862e+01 4.005057828127533796e-03
2.895171171171171665e+01 3.996330356441759116e-03
2.899174174174174823e+01 3.987631802937767651e-03
2.903177177177177626e+01 3.978962037181810532e-03
2.907180180180180784e+01 3.970320929489161259e-03
2.911183183183183587e+01 3.961708350918887248e-03
2.915186186186186745e+01 3.953124173268636118e-03
2.919189189189189548e+01 3.944568269069494842e-03
2.923192192192192707e+01 3.936040511580875777e-03
2.927195195195195865e+01 3.927540774785439129e-03
2.931198198198198668e+01 3.919068933384077004e-03
2.935201201201201826e+01 3.910624862790917401e-03
2.939204204204204629e+01 3.902208439128386757e-03
2.943207207207207787e+01 3.893819539222295040e-03
2.947210210210210590e+01 3.885458040596978524e-03
2.951213213213213749e+01 3.877123821470472055e-03
2.955216216216216907e+01 3.868816760749723381e-03
2.959219219219219710e+01 3.860536738025846081e-03
2.963222222222222868e+01 3.852283633569409359e-03
2.967225225225225671e+01 3.844057328325772502e-03
2.971228228228228829e+01 3.835857703910446666e-03
2.975231231231231632e+01 3.827684642604506967e-03
2.979234234234234791e+01 3.819538027350027985e-03
2.983237237237237949e+01 3.811417741745571318e-03
2.987240240240240752e+01 3.803323670041697420e-03
2.991243243243243910e+01 3.795255697136512129e-03
2.995246246246246713e+01 3.787213708571264374e-03
2.999249249249249871e+01 3.779197590525966433e-03
3.003252252252252674e+01 3.771207229815048446e-03
3.007255255255255832e+01 3.763242513883057177e-03
3.011258258258258635e+01 3.755303330800381211e-03
3.015261261261261794e+01 3.747389569259014334e-03
3.019264264264264952e+01 3.739501118568349693e-03
3.023267267267267755e+01 3.731637868651013854e-03
3.027270270270270913e+01 3.723799710038722989e-03
3.031273273273273716e+01 3.715986533868185018e-03
3.035276276276276874e+01 3.708198231877025616e-03
3.039279279279279677e+01 3.700434696399748473e-03
3.043282282282282836e+01 3.692695820363728516e-03
3.047285285285285994e+01 3.684981497285238529e-03
3.051288288288288797e+01 3.677291621265502651e-03
3.055291291291291955e+01 3.669626086986785014e-03
3.059294294294294758e+01 3.661984789708506993e-03
3.063297297297297916e+01 3.654367625263399161e-03
3.067300300300300719e+01 3.646774490053677088e-03
3.071303303303303878e+01 3.639205281047250100e-03
3.075306306306307036e+01 3.631659895773965609e-03
3.079309309309309839e+01 3.624138232321874251e-03
3.083312312312312997e+01 3.616640189333520175e-03
3.087315315315315800e+01 3.609165666002285555e-03
3.091318318318318958e+01 3.601714562068728583e-03
3.095321321321321761e+01 3.594286777816979150e-03
3.099324324324324920e+01 3.586882214071143195e-03
3.103327327327327723e+01 3.579500772191749995e-03
3.107330330330330881e+01 3.572142354072215930e-03
3.111333333333334039e+01 3.564806862135334268e-03
3.115336336336336842e+01 3.557494199329814828e-03
3.119339339339340000e+01 3.550204269126813663e-03
3.123342342342342803e+01 3.542936975516522164e-03
3.127345345345345962e+01 3.535692223004762227e-03
3.131348348348348765e+01 3.528469916609624796e-03
3.135351351351351923e+01 3.521269961858112738e-03
3.139354354354355081e+01 3.514092264782830554e-03
3.143357357357357884e+01 3.506936731918690146e-03
3.147360360360361042e+01 3.499803270299635220e-03
3.151363363363363845e+01 3.492691787455408196e-03
3.155366366366367004e+01 3.485602191408320588e-03
3.159369369369369807e+01 3.478534390670073254e-03
3.163372372372372965e+01 3.471488294238571012e-03
3.167375375375375768e+01 3.464463811594794499e-03
3.171378378378378926e+01 3.457460852699662055e-03
3.175381381381382084e+01 3.450479327990948857e-03
3.179384384384384887e+01 3.443519148380200842e-03
3.183387387387388046e+01 3.436580225249686801e-03
3.187390390390390849e+01 3.429662470449381263e-03
3.191393393393394007e+01 3.422765796293946935e-03
3.195396396396396810e+01 3.415890115559760097e-03
3.199399399399399968e+01 3.409035341481951153e-03
3.203402402402402771e+01 3.402201387751471219e-03
3.207405405405405929e+01 3.395388168512168247e-03
3.211408408408408377e+01 3.388595598357909116e-03
3.215411411411411535e+01 3.381823592329694355e-03
3.219414414414414694e+01 3.375072065912821436e-03
3.223417417417417852e+01 3.368340935034052838e-03
3.227420420420420299e+01 3.361630116058805795e-03
3.231423423423423458e+01 3.354939525788372401e-03
3.235426426426426616e+01 3.348269081457155329e-03
3.239429429429429774e+01 3.341618700729921763e-03
3.243432432432432933e+01 3.334988301699084220e-03
3.247435435435435380e+01 3.328377802881991344e-03
3.251438438438438538e+01 3.321787123218252098e-03
3.255441441441441697e+01 3.315216182067067755e-03
3.259444444444444855e+01 3.308664899204595989e-03
3.263447447447448013e+01 3.302133194821321900e-03
3.267450450450450461e+01 3.295620989519454196e-03
3.271453453453453619e+01 3.289128204310342619e-03
3.275456456456456777e+01 3.282654760611916633e-03
3.279459459459459936e+01 3.276200580246132772e-03
3.283462462462462383e+01 3.269765585436454087e-03
3.287465465465465542e+01 3.263349698805330466e-03
3.291468468468468700e+01 3.256952843371720141e-03
3.295471471471471858e+01 3.250574942548612942e-03
3.299474474474475016e+01 3.244215920140576959e-03
3.303477477477477464e+01 3.237875700341322563e-03
3.307480480480480622e+01 3.231554207731281159e-03
3.311483483483483781e+01 3.225251367275212572e-03
3.315486486486486939e+01 3.218967104319819372e-03
3.319489489489489387e+01 3.212701344591379835e-03
3.323492492492492545e+01 3.206454014193396533e-03
3.327495495495495703e+01 3.200225039604279176e-03
3.331498498498498861e+01 3.194014347675017476e-03
3.335501501501502020e+01 3.187821865626890017e-03
3.339504504504504467e+01 3.181647521049183955e-03
3.343507507507507626e+01 3.175491241896929474e-03
3.347510510510510784e+01 3.169352956488655920e-03
3.351513513513513942e+01 3.163232593504158342e-03
3.355516516516517100e+01 3.157130081982282687e-03
3.359519519519519548e+01 3.151045351318731806e-03
3.363522522522522706e+01 3.144978331263872766e-03
3.367525525525525865e+01 3.138928951920582754e-03
3.371528528528529023e+01 3.132897143742085014e-03
3.375531531531531471e+01 3.126882837529824238e-03
3.379534534534534629e+01 3.120885964431336333e-03
3.383537537537537787e+01 3.114906455938148966e-03
3.387540540540540945e+01 3.108944243883690790e-03
3.391543543543544104e+01 3.102999260441216284e-03
3.395546546546546551e+01 3.097071438121741863e-03
3.399549549549549710e+01 3.091160709772002805e-03
3.403552552552552868e+01 3.085267008572424932e-03
3.407555555555556026e+01 3.079390268035101484e-03
3.411558558558558474e+01 3.073530422001799923e-03
3.415561561561561632e+01 3.067687404641964832e-03
3.419564564564564790e+01 3.061861150450750305e-03
3.423567567567567949e+01 3.056051594247056677e-03
3.427570570570571107e+01 3.050258671171590229e-03
3.431573573573573555e+01 3.044482316684923775e-03
3.435576576576576713e+01 3.038722466565582821e-03
3.439579579579579871e+01 3.032979056908138675e-03
3.443582582582583029e+01 3.027252024121320634e-03
3.447585585585585477e+01 3.021541304926135540e-03
3.451588588588588635e+01 3.015846836354002525e-03
3.455591591591591794e+01 3.010168555744901185e-03
3.459594594594594952e+01 3.004506400745534950e-03
3.463597597597598110e+01 2.998860309307505717e-03
3.467600600600600558e+01 2.993230219685498895e-03
3.471603603603603716e+01 2.987616070435484064e-03
3.475606606606606874e+01 2.982017800412927779e-03
3.479609609609610033e+01 2.976435348771018508e-03
3.483612612612613191e+01 2.970868654958906327e-03
3.487615615615615638e+01 2.965317658719948245e-03
3.491618618618618797e+01 2.959782300089972180e-03
3.495621621621621955e+01 2.954262519395550908e-03
3.499624624624625113e+01 2.948758257252291626e-03
3.503627627627627561e+01 2.943269454563127684e-03
3.507630630630630719e+01 2.937796052516632433e-03
3.511633633633633877e+01 2.932337992585339580e-03
3.515636636636637036e+01 2.926895216524075683e-03
3.519639639639640194e+01 2.921467666368309565e-03
3.523642642642642642e+01 2.916055284432501719e-03
3.527645645645645800e+01 2.910658013308472809e-03
3.531648648648648958e+01 2.905275795863788198e-03
3.535651651651652116e+01 2.899908575240142932e-03
3.539654654654654564e+01 2.894556294851764917e-03
3.543657657657657722e+01 2.889218898383821149e-03
3.547660660660660881e+01 2.883896329790852121e-03
3.551663663663664039e+01 2.878588533295195397e-03
3.555666666666667197e+01 2.873295453385433032e-03
3.559669669669669645e+01 2.868017034814852439e-03
3.563672672672672803e+01 2.862753222599899883e-03
3.567675675675675961e+01 2.857503962018669540e-03
3.571678678678679120e+01 2.852269198609382137e-03
3.575681681681682278e+01 2.847048878168884859e-03
3.579684684684684726e+01 2.841842946751159046e-03
3.583687687687687884e+01 2.836651350665833973e-03
3.587690690690691042e+01 2.831474036476719271e-03
3.591693693693694200e+01 2.826310951000338221e-03
3.595696696696696648e+01 2.821162041304480124e-03
3.599699699699699806e+01 2.816027254706748775e-03
3.603702702702702965e+01 2.810906538773139118e-03
3.607705705705706123e+01 2.805799841316608707e-03
3.611708708708709281e+01 2.800707110395663033e-03
3.615711711711711729e+01 2.795628294312958641e-03
3.619714714714714887e+01 2.790563341613896270e-03
3.623717717717718045e+01 2.785512201085244780e-03
3.627720720720721204e+01 2.780474821753766389e-03
3.631723723723723651e+01 2.775451152884841899e-03
3.635726726726726810e+01 2.770441143981120218e-03
3.639729729729729968e+01 2.765444744781163540e-03
3.643732732732733126e+01 2.760461905258115075e-03
3.647735735735736284e+01 2.755492575618366351e-03
3.651738738738738732e+01 2.750536706300230148e-03
3.655741741741741890e+01 2.745594247972635120e-03
3.659744744744745049e+01 2.740665151533816079e-03
3.663747747747748207e+01 2.735749368110024660e-03
3.667750750750751365e+01 2.730846849054238256e-03
3.671753753753753813e+01 2.725957545944884125e-03
3.675756756756756971e+01 2.721081410584564805e-03
3.679759759759760129e+01 2.716218394998805210e-03
3.683762762762763288e+01 2.711368451434793651e-03
3.687765765765765735e+01 2.706531532360141514e-03
3.691768768768768894e+01 2.701707590461641193e-03
3.695771771771772052e+01 2.696896578644043113e-03
3.699774774774775210e+01 2.692098450028833183e-03
3.703777777777778368e+01 2.687313157953026728e-03
3.707780780780780816e+01 2.682540655967955486e-03
3.711783783783783974e+01 2.677780897838074551e-03
3.715786786786787133e+01 2.673033837539778423e-03
3.719789789789790291e+01 2.668299429260216626e-03
3.723792792792792739e+01 2.663577627396123641e-03
3.727795795795795897e+01 2.658868386552650561e-03
3.731798798798799055e+01 2.654171661542211076e-03
3.735801801801802213e+01 2.649487407383330044e-03
3.739804804804805372e+01 2.644815579299503346e-03
3.743807807807807819e+01 2.640156132718062508e-03
3.747810810810810978e+01 2.635509023269041930e-03
3.751813813813814136e+01 2.630874206784068661e-03
3.755816816816817294e+01 2.626251639295243499e-03
3.759819819819820452e+01 2.621641277034034677e-03
3.763822822822822900e+01 2.617043076430186285e-03
3.767825825825826058e+01 2.612456994110615854e-03
3.771828828828829216e+01 2.607882986898343598e-03
3.775831831831832375e+01 2.603321011811407775e-03
3.779834834834834822e+01 2.598771026061794370e-03
3.783837837837837981e+01 2.594232987054374568e-03
3.787840840840841139e+01 2.589706852385851351e-03
3.791843843843844297e+01 2.585192579843707816e-03
3.795846846846847455e+01 2.580690127405165912e-03
3.799849849849849903e+01 2.576199453236146901e-03
3.803852852852853061e+01 2.571720515690246144e-03
3.807855855855856220e+01 2.567253273307710474e-03
3.811858858858859378e+01 2.562797684814418185e-03
3.815861861861861826e+01 2.558353709120873756e-03
3.819864864864864984e+01 2.553921305321202144e-03
3.823867867867868142e+01 2.549500432692150455e-03
3.827870870870871300e+01 2.545091050692105655e-03
3.831873873873874459e+01 2.540693118960101003e-03
3.835876876876876906e+01 2.536306597314842443e-03
3.839879879879880065e+01 2.531931445753738460e-03
3.843882882882883223e+01 2.527567624451933399e-03
3.847885885885886381e+01 2.523215093761348605e-03
3.851888888888889539e+01 2.518873814209728317e-03
3.855891891891891987e+01 2.514543746499695118e-03
3.859894894894895145e+01 2.510224851507805374e-03
3.863897897897898304e+01 2.505917090283618122e-03
3.867900900900901462e+01 2.501620424048762656e-03
3.871903903903903910e+01 2.497334814196020859e-03
3.875906906906907068e+01 2.493060222288401729e-03
3.879909909909910226e+01 2.488796610058234982e-03
3.883912912912913384e+01 2.484543939406266399e-03
3.887915915915916543e+01 2.480302172400755765e-03
3.891918918918918990e+01 2.476071271276578719e-03
3.895921921921922149e+01 2.471851198434346381e-03
3.899924924924925307e+01 2.467641916439513704e-03
3.903927927927928465e+01 2.463443388021508643e-03
3.907930930930930913e+01 2.459255576072855685e-03
3.911933933933934071e+01 2.455078443648308489e-03
3.915936936936937229e+01 2.450911953963993799e-03
3.919939939939940388e+01 2.446756070396551453e-03
3.923942942942943546e+01 2.442610756482283940e-03
3.927945945945945994e+01 2.438475975916313317e-03
3.931948948948949152e+01 2.434351692551738142e-03
3.935951951951952310e+01 2.430237870398802534e-03
3.939954954954955468e+01 2.426134473624063075e-03
3.943957957957957916e+01 2.422041466549569588e-03
3.947960960960961074e+01 2.417958813652037672e-03
3.951963963963964233e+01 2.413886479562042491e-03
3.955966966966967391e+01 2.409824429063206486e-03
3.959969969969970549e+01 2.405772627091394902e-03
3.963972972972972997e+01 2.401731038733917814e-03
3.967975975975976155e+01 2.397699629228735186e-03
3.971978978978979313e+01 2.393678363963666275e-03
3.975981981981982472e+01 2.389667208475609438e-03
3.979984984984985630e+01 2.385666128449757603e-03
3.983987987987988078e+01 2.381675089718829786e-03
3.987990990990991236e+01 2.377694058262290466e-03
3.991993993993994394e+01 2.373723000205599752e-03
3.995996996996997552e+01 2.369761881819436224e-03
4.000000000000000000e+01 2.365810669518956209e-03
