1.000000000000000021e-02 6.318365891034692789e-41
5.003003003003003712e-02 7.036217651131937738e-21
9.006006006006006537e-02 2.717401675967096171e-15
1.300900900900901214e-01 2.870190447238006542e-12
1.701201201201201496e-01 2.722428422636274315e-10
2.101501501501501779e-01 7.183499895158301179e-09
2.501801801801802339e-01 8.688550060088889248e-08
2.902102102102102621e-01 6.255774986091734933e-07
3.302402402402402903e-01 3.122839049571294998e-06
3.702702702702703186e-01 1.189734391256927692e-05
4.103003003003003468e-01 3.687884469857447570e-05
4.503303303303303751e-01 9.725082575921940419e-05
4.903603603603604588e-01 2.253035030217121414e-04
5.303903903903904871e-01 4.696505319674665010e-04
5.704204204204205153e-01 8.970232897209427054e-04
6.104504504504505435e-01 1.592129220155854121e-03
6.504804804804805718e-01 2.655430239187077553e-03
6.905105105105106000e-01 4.199050661281871454e-03
7.305405405405406283e-01 6.341286128821418608e-03
7.705705705705706565e-01 9.200325193295390627e-03
8.106006006006006848e-01 1.288781887127077308e-02
8.506306306306307130e-01 1.750286699252780187e-02
8.906606606606607413e-01 2.312686726036629337e-02
9.306906906906907695e-01 2.981952560829113225e-02
9.707207207207209088e-01 3.761617985263678021e-02
1.010750750750750937e+00 4.652645968361653755e-02
1.050780780780780965e+00 5.653420383338625399e-02
1.090810810810810993e+00 6.759848277625879476e-02
1.130840840840841022e+00 7.965553123599726504e-02
1.170870870870871050e+00 9.262137521793298300e-02
1.210900900900901078e+00 1.063949381780188164e-01
1.250930930930931106e+00 1.208614250007708085e-01
1.290960960960961135e+00 1.358958058014436976e-01
1.330990990990991163e+00 1.513662500504762143e-01
1.371021021021021191e+00 1.671373918608528575e-01
1.411051051051051219e+00 1.830733370588876474e-01
1.451081081081081248e+00 1.990403502225068788e-01
1.491111111111111276e+00 2.149091842084766002e-01
1.531141141141141304e+00 2.305570352988418614e-01
1.571171171171171332e+00 2.458691238530087420e-01
1.611201201201201361e+00 2.607399133960389692e-01
1.651231231231231389e+00 2.750739907173682108e-01
1.691261261261261417e+00 2.887866362059984815e-01
1.731291291291291445e+00 3.018041177588406954e-01
1.771321321321321474e+00 3.140637436214480660e-01
1.811351351351351502e+00 3.255137098842772470e-01
1.851381381381381530e+00 3.361127774523676726e-01
1.891411411411411558e+00 3.458298114731973572e-01
1.931441441441441809e+00 3.546432137365078674e-01
1.971471471471471837e+00 3.625402756908563395e-01
2.011501501501501643e+00 3.695164766473832407e-01
2.051531531531531449e+00 3.755747486123521273e-01
2.091561561561561700e+00 3.807247261201955890e-01
2.131591591591591506e+00 3.849819965105746311e-01
2.171621621621621756e+00 3.883673633628322297e-01
2.211651651651651562e+00 3.909061333046877640e-01
2.251681681681681813e+00 3.926274341679092394e-01
2.291711711711711619e+00 3.935635704779851252e-01
2.331741741741741869e+00 3.937494205338840092e-01
2.371771771771771675e+00 3.932218778472845178e-01
2.411801801801801926e+00 3.920193384528914970e-01
2.451831831831831732e+00 3.901812345543704263e-01
2.491861861861861982e+00 3.877476141141468213e-01
2.531891891891891788e+00 3.847587653093830773e-01
2.571921921921922038e+00 3.812548842406170979e-01
2.611951951951952289e+00 3.772757838743662773e-01
2.651981981981982095e+00 3.728606419081119117e-01
2.692012012012012345e+00 3.680477850485665559e-01
2.732042042042042151e+00 3.628745070765398428e-01
2.772072072072072402e+00 3.573769180202086559e-01
2.812102102102102208e+00 3.515898217608628418e-01
2.852132132132132458e+00 3.455466194404215319e-01
2.892162162162162264e+00 3.392792361188313177e-01
2.932192192192192515e+00 3.328180682337763541e-01
2.972222222222222321e+00 3.261919495381025436e-01
3.012252252252252571e+00 3.194281333261836386e-01
3.052282282282282377e+00 3.125522889043348962e-01
3.092312312312312628e+00 3.055885104083410631e-01
3.132342342342342434e+00 2.985593362200101852e-01
3.172372372372372684e+00 2.914857773818153586e-01
3.212402402402402490e+00 2.843873535521659335e-01
3.252432432432432741e+00 2.772821351821009861e-01
3.292462462462462547e+00 2.701867907261273349e-01
3.332492492492492797e+00 2.631166378247165594e-01
3.372522522522522603e+00 2.560856975131441948e-01
3.412552552552552854e+00 2.491067506205965898e-01
3.452582582582582660e+00 2.421913956247165323e-01
3.492612612612612910e+00 2.353501073200212346e-01
3.532642642642642716e+00 2.285922957441200998e-01
3.572672672672672967e+00 2.219263648835826386e-01
3.612702702702702773e+00 2.153597707520332472e-01
3.652732732732733023e+00 2.088990784968928205e-01
3.692762762762762829e+00 2.025500182485881762e-01
3.732792792792793080e+00 1.963175394773872817e-01
3.772822822822822886e+00 1.902058636687335991e-01
3.812852852852853136e+00 1.842185351684567929e-01
3.852882882882883386e+00 1.783584700849495663e-01
3.892912912912913193e+00 1.726280031667098147e-01
3.932942942942943443e+00 1.670289326009607167e-01
3.972972972972973249e+00 1.615625627027192368e-01
4.013003003003003499e+00 1.562297444840542726e-01
4.053033033033033306e+00 1.510309141106768172e-01
4.093063063063063112e+00 1.459661292677317534e-01
4.133093093093093806e+00 1.410351034690175975e-01
4.173123123123123612e+00 1.362372383540810250e-01
4.213153153153153418e+00 1.315716540259782297e-01
4.253183183183183225e+00 1.270372174891756800e-01
4.293213213213213919e+00 1.226325692522783339e-01
4.333243243243243725e+00 1.183561481642084745e-01
4.373273273273273531e+00 1.142062145552768665e-01
4.413303303303303338e+00 1.101808717564423945e-01
4.453333333333334032e+00 1.062780860710737102e-01
4.493363363363363838e+00 1.024957052738311308e-01
4.533393393393393644e+00 9.883147571099067108e-02
4.573423423423423451e+00 9.528305807572007291e-02
4.613453453453454145e+00 9.184804193058289379e-02
4.653483483483483951e+00 8.852395904796292458e-02
4.693513513513513757e+00 8.530829563723167641e-02
4.733543543543543564e+00 8.219850352539022353e-02
4.773573573573574258e+00 7.919201035564601976e-02
4.813603603603604064e+00 7.628622886598858399e-02
4.853633633633633870e+00 7.347856530733432034e-02
4.893663663663663677e+00 7.076642705826544089e-02
4.933693693693694371e+00 6.814722949080177783e-02
4.973723723723724177e+00 6.561840213906279529e-02
5.013753753753753983e+00 6.317739422009796546e-02
5.053783783783783790e+00 6.082167955362842438e-02
5.093813813813814484e+00 5.854876092493887380e-02
5.133843843843844290e+00 5.635617393272293607e-02
5.173873873873874096e+00 5.424149036130838930e-02
5.213903903903904791e+00 5.220232111438909833e-02
5.253933933933934597e+00 5.023631874516682611e-02
5.293963963963964403e+00 4.834117961566925664e-02
5.333993993993994209e+00 4.651464571595535086e-02
5.374024024024024904e+00 4.475450617195716324e-02
5.414054054054054710e+00 4.305859846882803543e-02
5.454084084084084516e+00 4.142480941488093510e-02
5.494114114114114322e+00 3.985107586950136643e-02
5.534144144144145017e+00 3.833538525680597192e-02
5.574174174174174823e+00 3.687577588528988259e-02
5.614204204204204629e+00 3.547033709226297266e-02
5.654234234234234435e+00 3.411720923051043269e-02
5.694264264264265130e+00 3.281458351332820766e-02
5.734294294294294936e+00 3.156070173287475050e-02
5.774324324324324742e+00 3.035385586564215074e-02
5.814354354354354548e+00 2.919238757778441079e-02
5.854384384384385243e+00 2.807468764203807296e-02
5.894414414414415049e+00 2.699919527703571048e-02
5.934444444444444855e+00 2.596439741893414449e-02
5.974474474474474661e+00 2.496882793446406068e-02
6.014504504504505356e+00 2.401106678374067757e-02
6.054534534534535162e+00 2.308973914046658429e-02
6.094564564564564968e+00 2.220351447649265494e-02
6.134594594594594774e+00 2.135110561708852828e-02
6.174624624624625469e+00 2.053126777270058989e-02
6.214654654654655275e+00 1.974279755244485665e-02
6.254684684684685081e+00 1.898453196408828383e-02
6.294714714714714887e+00 1.825534740481764631e-02
6.334744744744745581e+00 1.755415864667162276e-02
6.374774774774775388e+00 1.687991782012223177e-02
6.414804804804805194e+00 1.623161339893184826e-02
6.454834834834835888e+00 1.560826918907989164e-02
6.494864864864865694e+00 1.500894332424756138e-02
6.534894894894895501e+00 1.443272727006733938e-02
6.574924924924925307e+00 1.387874483908605773e-02
6.614954954954956001e+00 1.334615121815254865e-02
6.654984984984985807e+00 1.283413200972361237e-02
6.695015015015015614e+00 1.234190228838278822e-02
6.735045045045045420e+00 1.186870567368491884e-02
6.775075075075076114e+00 1.141381342027260153e-02
6.815105105105105920e+00 1.097652352606007416e-02
6.855135135135135727e+00 1.055615985914156070e-02
6.895165165165165533e+00 1.015207130395660677e-02
6.935195195195196227e+00 9.763630927131238674e-03
6.975225225225226033e+00 9.390235163311106206e-03
7.015255255255255840e+00 9.031303021210249776e-03
7.055285285285285646e+00 8.686275310015728612e-03
7.095315315315316340e+00 8.354613886213229854e-03
7.135345345345346146e+00 8.035800920831805833e-03
7.175375375375375953e+00 7.729338187045731862e-03
7.215405405405405759e+00 7.434746368018447203e-03
7.255435435435436453e+00 7.151564384825838741e-03
7.295465465465466259e+00 6.879348744254747648e-03
7.335495495495496066e+00 6.617672906235681773e-03
7.375525525525525872e+00 6.366126670636978839e-03
7.415555555555556566e+00 6.124315583119666236e-03
7.455585585585586372e+00 5.891860359728790658e-03
7.495615615615616179e+00 5.668396329876138583e-03
7.535645645645645985e+00 5.453572897352845956e-03
7.575675675675676679e+00 5.247053018995782164e-03
7.615705705705706485e+00 5.048512700620242169e-03
7.655735735735736291e+00 4.857640509822310979e-03
7.695765765765766986e+00 4.674137105247544270e-03
7.735795795795796792e+00 4.497714781917493305e-03
7.775825825825826598e+00 4.328097032202180526e-03
7.815855855855856404e+00 4.165018122025664245e-03
7.855885885885887099e+00 4.008222681890680726e-03
7.895915915915916905e+00 3.857465312310407596e-03
7.935945945945946711e+00 3.712510203236634582e-03
7.975975975975976517e+00 3.573130767077611382e-03
8.016006006006007212e+00 3.439109284902202180e-03
8.056036036036037018e+00 3.310236565432221265e-03
8.096066066066066824e+00 3.186311616430175398e-03
8.136096096096096630e+00 3.067141328095595622e-03
8.176126126126126437e+00 2.952540168089884051e-03
8.216156156156156243e+00 2.842329887816387457e-03
8.256186186186187825e+00 2.736339239589963713e-03
8.296216216216217632e+00 2.634403704337692342e-03
8.336246246246247438e+00 2.536365229480491527e-03
8.376276276276277244e+00 2.442071976653334680e-03
8.416306306306307050e+00 2.351378078929960546e-03
8.456336336336336856e+00 2.264143407226390341e-03
8.496366366366366663e+00 2.180233345565839569e-03
8.536396396396396469e+00 2.099518574896092841e-03
8.576426426426428051e+00 2.021874865158796060e-03
8.616456456456457857e+00 1.947182875318539865e-03
8.656486486486487664e+00 1.875327961067981474e-03
8.696516516516517470e+00 1.806199989933514587e-03
8.736546546546547276e+00 1.739693163514201149e-03
8.776576576576577082e+00 1.675705846594867984e-03
8.816606606606606888e+00 1.614140402882115058e-03
8.856636636636636695e+00 1.554903037120072698e-03
8.896666666666668277e+00 1.497903643350274828e-03
8.936696696696698083e+00 1.443055659087755455e-03
8.976726726726727890e+00 1.390275925192860753e-03
9.016756756756757696e+00 1.339484551225568823e-03
9.056786786786787502e+00 1.290604786076279690e-03
9.096816816816817308e+00 1.243562893673924932e-03
9.136846846846847114e+00 1.198288033579086170e-03
9.176876876876878697e+00 1.154712146276494619e-03
9.216906906906908503e+00 1.112769842987603765e-03
9.256936936936938309e+00 1.072398299830329199e-03
9.296966966966968116e+00 1.033537156159118793e-03
9.336996996996997922e+00 9.961284169244305139e-04
9.377027027027027728e+00 9.601163588964979232e-04
9.417057057057057534e+00 9.254474406038229895e-04
9.457087087087087340e+00 8.920702158423203781e-04
9.497117117117118923e+00 8.599352506162359199e-04
9.537147147147148729e+00 8.289950433771053071e-04
9.577177177177178535e+00 7.992039484319569519e-04
9.617207207207208342e+00 7.705181023967026463e-04
9.657237237237238148e+00 7.428953535753438434e-04
9.697267267267267954e+00 7.162951941500546879e-04
9.737297297297297760e+00 6.906786950715294296e-04
9.777327327327327566e+00 6.660084435432009169e-04
9.817357357357359149e+00 6.422484829968912829e-04
9.857387387387388955e+00 6.193642554614831996e-04
9.897417417417418761e+00 5.973225462297957269e-04
9.937447447447448567e+00 5.760914307326699471e-04
9.977477477477478374e+00 5.556402235325848434e-04
1.001750750750750818e+01 5.359394293526790944e-04
1.005753753753753799e+01 5.169606960601536450e-04
1.009756756756756779e+01 4.986767695263092997e-04
1.013759759759759937e+01 4.810614502883946999e-04
1.017762762762762918e+01 4.640895519414225739e-04
1.021765765765765899e+01 4.477368611908950826e-04
1.025768768768768879e+01 4.319800995000832428e-04
1.029771771771771860e+01 4.167968862681195336e-04
1.033774774774774841e+01 4.021657034776792762e-04
1.037777777777777821e+01 3.880658617534105386e-04
1.041780780780780979e+01 3.744774677746257963e-04
1.045783783783783960e+01 3.613813929880009481e-04
1.049786786786786941e+01 3.487592435681389916e-04
1.053789789789789921e+01 3.365933315759977724e-04
1.057792792792792902e+01 3.248666472670875736e-04
1.061795795795795883e+01 3.135628325033188086e-04
1.065798798798798863e+01 3.026661552241921615e-04
1.069801801801801844e+01 2.921614849347992223e-04
1.073804804804805002e+01 2.820342691697787143e-04
1.077807807807807983e+01 2.722705108940649756e-04
1.081810810810810963e+01 2.628567468027504504e-04
1.085813813813813944e+01 2.537800264839761987e-04
1.089816816816816925e+01 2.450278924101498301e-04
1.093819819819819905e+01 2.365883607242189198e-04
1.097822822822822886e+01 2.284499027890499862e-04
1.101825825825825866e+01 2.206014274692604936e-04
1.105828828828829025e+01 2.130322641160533985e-04
1.109831831831832005e+01 2.057321462268400455e-04
1.113834834834834986e+01 1.986911957525222907e-04
1.117837837837837967e+01 1.918999080264375016e-04
1.121840840840840947e+01 1.853491372899863628e-04
1.125843843843843928e+01 1.790300827910052783e-04
1.129846846846846908e+01 1.729342754318742429e-04
1.133849849849849889e+01 1.670535649453130662e-04
1.137852852852853047e+01 1.613801075766864402e-04
1.141855855855856028e+01 1.559063542525074904e-04
1.145858858858859008e+01 1.506250392156364504e-04
1.149861861861861989e+01 1.455291691084785043e-04
1.153864864864864970e+01 1.406120124862244040e-04
1.157867867867867950e+01 1.358670897429033674e-04
1.161870870870870931e+01 1.312881634337319009e-04
1.165873873873874089e+01 1.268692289778834421e-04
1.169876876876877070e+01 1.226045057264756510e-04
1.173879879879880050e+01 1.184884283811523634e-04
1.177882882882883031e+01 1.145156387492651611e-04
1.181885885885886012e+01 1.106809778221985816e-04
1.185888888888888992e+01 1.069794781639316338e-04
1.189891891891891973e+01 1.034063565974661068e-04
1.193894894894894954e+01 9.995700717722844856e-05
1.197897897897898112e+01 9.662699443605085895e-05
1.201900900900901092e+01 9.341204689579138778e-05
1.205903903903904073e+01 9.030805083108719977e-05
1.209906906906907054e+01 8.731104427617929892e-05
1.213909909909910034e+01 8.441721126512510603e-05
1.217912912912913015e+01 8.162287629613728236e-05
1.221915915915915996e+01 7.892449901113286260e-05
1.225918918918918976e+01 7.631866908195452390e-05
1.229921921921922134e+01 7.380210129506778840e-05
1.233924924924925115e+01 7.137163082685482835e-05
1.237927927927928096e+01 6.902420870196423423e-05
1.241930930930931076e+01 6.675689742746195607e-05
1.245933933933934057e+01 6.456686679583102575e-05
1.249936936936937038e+01 6.245138985014076502e-05
1.253939939939940018e+01 6.040783900498291990e-05
1.257942942942942999e+01 5.843368231702013928e-05
1.261945945945946157e+01 5.652647989924837886e-05
1.265948948948949138e+01 5.468388047330366620e-05
1.269951951951952118e+01 5.290361805437898874e-05
1.273954954954955099e+01 5.118350876352999038e-05
1.277957957957958079e+01 4.952144776235790799e-05
1.281960960960961060e+01 4.791540630526260546e-05
1.285963963963964041e+01 4.636342890464748516e-05
1.289966966966967199e+01 4.486363060464325868e-05
1.293969969969970180e+01 4.341419435909843087e-05
1.297972972972973160e+01 4.201336850974999004e-05
1.301975975975976141e+01 4.065946436065327372e-05
1.305978978978979121e+01 3.935085384510751368e-05
1.309981981981982102e+01 3.808596728146179504e-05
1.313984984984985083e+01 3.686329121433112171e-05
1.317987987987988063e+01 3.568136633789081483e-05
1.321990990990991222e+01 3.453878549805111176e-05
1.325993993993994202e+01 3.343419177043903200e-05
1.329996996996997183e+01 3.236627661123734836e-05
1.334000000000000163e+01 3.133377807805155302e-05
1.338003003003003144e+01 3.033547911808074361e-05
1.342006006006006125e+01 2.937020592098355762e-05
1.346009009009009105e+01 2.843682633393046730e-05
1.350012012012012086e+01 2.753424833643247359e-05
1.354015015015015244e+01 2.666141857263451773e-05
1.358018018018018225e+01 2.581732093884989471e-05
1.362021021021021205e+01 2.500097522420346316e-05
1.366024024024024186e+01 2.421143580233341169e-05
1.370027027027027167e+01 2.344779037218191854e-05
1.374030030030030147e+01 2.270915874598585481e-05
1.378033033033033128e+01 2.199469168264839248e-05
1.382036036036036108e+01 2.130356976474955688e-05
1.386039039039039267e+01 2.063500231751637547e-05
1.390042042042042247e+01 1.998822636814552391e-05
1.394045045045045228e+01 1.936250564392853101e-05
1.398048048048048209e+01 1.875712960769556809e-05
1.402051051051051189e+01 1.817141252914814629e-05
1.406054054054054170e+01 1.760469259071035803e-05
1.410057057057057150e+01 1.705633102657859568e-05
1.414060060060060309e+01 1.652571129370460881e-05
1.418063063063063289e+01 1.601223827349411753e-05
1.422066066066066270e+01 1.551533750305082252e-05
1.426069069069069251e+01 1.503445443484316655e-05
1.430072072072072231e+01 1.456905372371288573e-05
1.434075075075075212e+01 1.411861854018640372e-05
1.438078078078078192e+01 1.368264990909395265e-05
1.442081081081081173e+01 1.326066607253474853e-05
1.446084084084084331e+01 1.285220187626856194e-05
1.450087087087087312e+01 1.245680817864713033e-05
1.454090090090090293e+01 1.207405128123376577e-05
1.458093093093093273e+01 1.170351238029333287e-05
1.462096096096096254e+01 1.134478703836520841e-05
1.466099099099099234e+01 1.099748467516335935e-05
1.470102102102102215e+01 1.066122807707578889e-05
1.474105105105105196e+01 1.033565292456527835e-05
1.478108108108108354e+01 1.002040733679795772e-05
1.482111111111111335e+01 9.715151432855182004e-06
1.486114114114114315e+01 9.419556908905986814e-06
1.490117117117117296e+01 9.133306630743017289e-06
1.494120120120120276e+01 8.856094241108623054e-06
1.498123123123123257e+01 8.587623781256754668e-06
1.502126126126126238e+01 8.327609326221133891e-06
1.506129129129129218e+01 8.075774633277844200e-06
1.510132132132132377e+01 7.831852803111496143e-06
1.514135135135135357e+01 7.595585953212240979e-06
1.518138138138138338e+01 7.366724903049065591e-06
1.522141141141141318e+01 7.145028870582646966e-06
1.526144144144144299e+01 6.930265179696903510e-06
1.530147147147147280e+01 6.722208978144669784e-06
1.534150150150150260e+01 6.520642965619249467e-06
1.538153153153153418e+01 6.325357131576430549e-06
1.542156156156156399e+01 6.136148502447934286e-06
1.546159159159159380e+01 5.952820897899245635e-06
1.550162162162162360e+01 5.775184695798926829e-06
1.554165165165165341e+01 5.603056605578517369e-06
1.558168168168168322e+01 5.436259449674722426e-06
1.562171171171171302e+01 5.274621952757012276e-06
1.566174174174174283e+01 5.117978538454682023e-06
1.570177177177177441e+01 4.966169133309043926e-06
1.574180180180180422e+01 4.819038977685625082e-06
1.578183183183183402e+01 4.676438443392429976e-06
1.582186186186186383e+01 4.538222857758658853e-06
1.586189189189189364e+01 4.404252333938588851e-06
1.590192192192192344e+01 4.274391607213504654e-06
1.594195195195195325e+01 4.148509877073062844e-06
1.598198198198198305e+01 4.026480654866189263e-06
1.602201201201201641e+01 3.908181616818830488e-06
1.606204204204204444e+01 3.793494462223980290e-06
1.610207207207207603e+01 3.682304776616068502e-06
1.614210210210210406e+01 3.574501899749716530e-06
1.618213213213213564e+01 3.469978798208335570e-06
1.622216216216216722e+01 3.368631942475967996e-06
1.626219219219219525e+01 3.270361188310585262e-06
1.630222222222222683e+01 3.175069662264027958e-06
1.634225225225225486e+01 3.082663651199255719e-06
1.638228228228228645e+01 2.993052495660680539e-06
1.642231231231231448e+01 2.906148486959577289e-06
1.646234234234234606e+01 2.821866767840670751e-06
1.650237237237237764e+01 2.740125236601781218e-06
1.654240240240240567e+01 2.660844454542643299e-06
1.658243243243243725e+01 2.583947556623634441e-06
1.662246246246246528e+01 2.509360165219935792e-06
1.666249249249249686e+01 2.437010306860171733e-06
1.670252252252252489e+01 2.366828331843458368e-06
1.674255255255255648e+01 2.298746836631866009e-06
1.678258258258258806e+01 2.232700588919827214e-06
1.682261261261261609e+01 2.168626455285059001e-06
1.686264264264264767e+01 2.106463331329394745e-06
1.690267267267267570e+01 2.046152074221162415e-06
1.694270270270270728e+01 1.987635437553925607e-06
1.698273273273273531e+01 1.930858008439665309e-06
1.702276276276276690e+01 1.875766146757192943e-06
1.706279279279279493e+01 1.822307926479874510e-06
1.710282282282282651e+01 1.770433079009049122e-06
1.714285285285285809e+01 1.720092938442612258e-06
1.718288288288288612e+01 1.671240388710463873e-06
1.722291291291291770e+01 1.623829812511246808e-06
1.726294294294294573e+01 1.577817041987040124e-06
1.730297297297297732e+01 1.533159311074929687e-06
1.734300300300300535e+01 1.489815209476850453e-06
1.738303303303303693e+01 1.447744638190701694e-06
1.742306306306306851e+01 1.406908766548463852e-06
1.746309309309309654e+01 1.367269990708331094e-06
1.750312312312312812e+01 1.328791893550276874e-06
1.754315315315315615e+01 1.291439205926105647e-06
1.758318318318318774e+01 1.255177769216647735e-06
1.762321321321321577e+01 1.219974499150780229e-06
1.766324324324324735e+01 1.185797350842343627e-06
1.770327327327327538e+01 1.152615285002592612e-06
1.774330330330330696e+01 1.120398235287541590e-06
1.778333333333333854e+01 1.089117076740749776e-06
1.782336336336336657e+01 1.058743595293715220e-06
1.786339339339339816e+01 1.029250458287229192e-06
1.790342342342342619e+01 1.000611185978573586e-06
1.794345345345345777e+01 9.728001240003113397e-07
1.798348348348348580e+01 9.457924167381595971e-07
1.802351351351351738e+01 9.195639815960396664e-07
1.806354354354354896e+01 8.940914841179768310e-07
1.810357357357357699e+01 8.693523139373411767e-07
1.814360360360360858e+01 8.453245615250282138e-07
1.818363363363363661e+01 8.219869957092366436e-07
1.822366366366366819e+01 7.993190419403581395e-07
1.826369369369369622e+01 7.773007612756011877e-07
1.830372372372372780e+01 7.559128300586118139e-07
1.834375375375375938e+01 7.351365202704861871e-07
1.838378378378378741e+01 7.149536805292675194e-07
1.842381381381381900e+01 6.953467177157482322e-07
1.846384384384384703e+01 6.762985792044205174e-07
1.850387387387387861e+01 6.577927356788673514e-07
1.854390390390390664e+01 6.398131645118557624e-07
1.858393393393393822e+01 6.223443336909129639e-07
1.862396396396396625e+01 6.053711862709632338e-07
1.866399399399399783e+01 5.888791253361344028e-07
1.870402402402402942e+01 5.728539994535837596e-07
1.874405405405405745e+01 5.572820886026680466e-07
1.878408408408408903e+01 5.421500905634649278e-07
1.882411411411411706e+01 5.274451077491742384e-07
1.886414414414414864e+01 5.131546344674125671e-07
1.890417417417417667e+01 4.992665445960385628e-07
1.894420420420420825e+01 4.857690796595341930e-07
1.898423423423423984e+01 4.726508372925558685e-07
1.902426426426426787e+01 4.599007600776182210e-07
1.906429429429429945e+01 4.475081247444546493e-07
1.910432432432432748e+01 4.354625317188985468e-07
1.914435435435435906e+01 4.237538950096412601e-07
1.918438438438438709e+01 4.123724324215920284e-07
1.922441441441441867e+01 4.013086560849319208e-07
1.926444444444445026e+01 3.905533632893752901e-07
1.930447447447447828e+01 3.800976276134589966e-07
1.934450450450450987e+01 3.699327903390777581e-07
1.938453453453453790e+01 3.600504521417980235e-07
1.942456456456456948e+01 3.504424650477654601e-07
1.946459459459459751e+01 3.411009246484535046e-07
1.950462462462462909e+01 3.320181625646319849e-07
1.954465465465465712e+01 3.231867391513889813e-07
1.958468468468468870e+01 3.145994364362038528e-07
1.962471471471472029e+01 3.062492512824130820e-07
1.966474474474474832e+01 2.981293887706150511e-07
1.970477477477477990e+01 2.902332557908678080e-07
1.974480480480480793e+01 2.825544548387297042e-07
1.978483483483483951e+01 2.750867780084556343e-07
1.982486486486486754e+01 2.678242011768875492e-07
1.986489489489489912e+01 2.607608783717595004e-07
1.990492492492493071e+01 2.538911363184356810e-07
1.994495495495495874e+01 2.472094691591752066e-07
1.998498498498499032e+01 2.407105333393509032e-07
2.002501501501501835e+01 2.343891426551310231e-07
2.006504504504504993e+01 2.282402634573771042e-07
2.010507507507507796e+01 2.222590100066689171e-07
2.014510510510510954e+01 2.164406399745405355e-07
2.018513513513513757e+01 2.107805500861699542e-07
2.022516516516516916e+01 2.052742718999333769e-07
2.026519519519520074e+01 1.999174677193870700e-07
2.030522522522522877e+01 1.947059266333839934e-07
2.034525525525526035e+01 1.896355606801892514e-07
2.038528528528528838e+01 1.847024011315463944e-07
2.042531531531531996e+01 1.799025948928889843e-07
2.046534534534534799e+01 1.752324010158813276e-07
2.050537537537537958e+01 1.706881873197081022e-07
2.054540540540541116e+01 1.662664271176034062e-07
2.058543543543543919e+01 1.619636960452268107e-07
2.062546546546547077e+01 1.577766689876298127e-07
2.066549549549549880e+01 1.537021171016202729e-07
2.070552552552553038e+01 1.497369049305049028e-07
2.074555555555555841e+01 1.458779876082230029e-07
2.078558558558559000e+01 1.421224081500064427e-07
2.082561561561562158e+01 1.384672948268390989e-07
2.086564564564564961e+01 1.349098586209872195e-07
2.090567567567568119e+01 1.314473907600595357e-07
2.094570570570570922e+01 1.280772603270701585e-07
2.098573573573574080e+01 1.247969119440918558e-07
2.102576576576576883e+01 1.216038635271647331e-07
2.106579579579580042e+01 1.184957041101836764e-07
2.110582582582582845e+01 1.154700917355943945e-07
2.114585585585586003e+01 1.125247514097605991e-07
2.118588588588589161e+01 1.096574731209703164e-07
2.122591591591591964e+01 1.068661099180949853e-07
2.126594594594595122e+01 1.041485760479749392e-07
2.130597597597597925e+01 1.015028451496930880e-07
2.134600600600601084e+01 9.892694850393390704e-08
2.138603603603603887e+01 9.641897333569373457e-08
2.142606606606607045e+01 9.397706116865884924e-08
2.146609609609610203e+01 9.159940622963955454e-08
2.150612612612613006e+01 8.928425390147024456e-08
2.154615615615616164e+01 8.702989922287772470e-08
2.158618618618618967e+01 8.483468543381918730e-08
2.162621621621622126e+01 8.269700256488592503e-08
2.166624624624624929e+01 8.061528606938911382e-08
2.170627627627628087e+01 7.858801549678947248e-08
2.174630630630630890e+01 7.661371320618656477e-08
2.178633633633634048e+01 7.469094311861549817e-08
2.182636636636637206e+01 7.281830950693634787e-08
2.186639639639640009e+01 7.099445582216243510e-08
2.190642642642643168e+01 6.921806355507304681e-08
2.194645645645645970e+01 6.748785113203879531e-08
2.198648648648649129e+01 6.580257284397077052e-08
2.202651651651651932e+01 6.416101780739718867e-08
2.206654654654655090e+01 6.256200895664092030e-08
2.210657657657658248e+01 6.100440206616880825e-08
2.214660660660661051e+01 5.948708480214629791e-08
2.218663663663664209e+01 5.800897580232950180e-08
2.222666666666667012e+01 5.656902378339225097e-08
2.226669669669670171e+01 5.516620667486050269e-08
2.230672672672672974e+01 5.379953077883033847e-08
2.234675675675676132e+01 5.246802995467363912e-08
2.238678678678679290e+01 5.117076482797037115e-08
2.242681681681682093e+01 4.990682202291479653e-08
2.246684684684685251e+01 4.867531341748712895e-08
2.250687687687688054e+01 4.747537542068569981e-08
2.254690690690691213e+01 4.630616827114493947e-08
2.258693693693694016e+01 4.516687535649301959e-08
2.262696696696697174e+01 4.405670255280291046e-08
2.266699699699699977e+01 4.297487758354088594e-08
2.270702702702703135e+01 4.192064939740119642e-08
2.274705705705706293e+01 4.089328756446389736e-08
2.278708708708709096e+01 3.989208169011427719e-08
2.282711711711712255e+01 3.891634084618317970e-08
2.286714714714715058e+01 3.796539301879053823e-08
2.290717717717718216e+01 3.703858457237858143e-08
2.294720720720721019e+01 3.613527972944823577e-08
2.298723723723724177e+01 3.525486006552814508e-08
2.302726726726727335e+01 3.439672401890388769e-08
2.306729729729730138e+01 3.356028641467433235e-08
2.310732732732733297e+01 3.274497800269486774e-08
2.314735735735736100e+01 3.195024500899222773e-08
2.318738738738739258e+01 3.117554870024274850e-08
2.322741741741742061e+01 3.042036496092698984e-08
2.326744744744745219e+01 2.968418388277023849e-08
2.330747747747748377e+01 2.896650936610873579e-08
2.334750750750751180e+01 2.826685873282119053e-08
2.338753753753754339e+01 2.758476235047482287e-08
2.342756756756757142e+01 2.691976326735856083e-08
2.346759759759760300e+01 2.627141685806925159e-08
2.350762762762763103e+01 2.563929047934297121e-08
2.354765765765766261e+01 2.502296313581807687e-08
2.358768768768769064e+01 2.442202515544265900e-08
2.362771771771772222e+01 2.383607787423046106e-08
2.366774774774775381e+01 2.326473333009420006e-08
2.370777777777778184e+01 2.270761396548057178e-08
2.374780780780781342e+01 2.216435233855049498e-08
2.378783783783784145e+01 2.163459084264768216e-08
2.382786786786787303e+01 2.111798143381060546e-08
2.386789789789790106e+01 2.061418536609186958e-08
2.390792792792793264e+01 2.012287293444887144e-08
2.394795795795796423e+01 1.964372322498904179e-08
2.398798798798799226e+01 1.917642387234557559e-08
2.402801801801802384e+01 1.872067082397805050e-08
2.406804804804805187e+01 1.827616811119269004e-08
2.410807807807808345e+01 1.784262762668150154e-08
2.414810810810811148e+01 1.741976890839353131e-08
2.418813813813814306e+01 1.700731892954889203e-08
2.422816816816817109e+01 1.660501189461492942e-08
2.426819819819820268e+01 1.621258904107249096e-08
2.430822822822823426e+01 1.582979844679873451e-08
2.434825825825826229e+01 1.545639484290559336e-08
2.438828828828829387e+01 1.509213943187255462e-08
2.442831831831832190e+01 1.473679971081975457e-08
2.446834834834835348e+01 1.439014929976945294e-08
2.450837837837838151e+01 1.405196777475429751e-08
2.454840840840841310e+01 1.372204050562666953e-08
2.458843843843844468e+01 1.340015849843619697e-08
2.462846846846847271e+01 1.308611824223928494e-08
2.466849849849850429e+01 1.277972156021463570e-08
2.470852852852853232e+01 1.248077546495785055e-08
2.474855855855856390e+01 1.218909201783557278e-08
2.478858858858859193e+01 1.190448819227951508e-08
2.482861861861862351e+01 1.162678574090888721e-08
2.486864864864865510e+01 1.135581106636757604e-08
2.490867867867868313e+01 1.109139509577231801e-08
2.494870870870871471e+01 1.083337315866348024e-08
2.498873873873874274e+01 1.058158486836226072e-08
2.502876876876877432e+01 1.033587400663079584e-08
2.506879879879880235e+01 1.009608841154573729e-08
2.510882882882883393e+01 9.862079868487948961e-09
2.514885885885886196e+01 9.633704004161941436e-09
2.518888888888889355e+01 9.410820183557687221e-09
2.522891891891892513e+01 9.193291409768412670e-09
2.526894894894895316e+01 8.980984226585736504e-09
2.530897897897898474e+01 8.773768623789946397e-09
2.534900900900901277e+01 8.571517945059878814e-09
2.538903903903904435e+01 8.374108798427055862e-09
2.542906906906907238e+01 8.181420969201446083e-09
2.546909909909910397e+01 7.993337335299068230e-09
2.550912912912913555e+01 7.809743784901511499e-09
2.554915915915916358e+01 7.630529136382713135e-09
2.558918918918919516e+01 7.455585060437915842e-09
2.562921921921922319e+01 7.284806004351294856e-09
2.566924924924925477e+01 7.118089118343495946e-09
2.570927927927928280e+01 6.955334183937939116e-09
2.574930930930931439e+01 6.796443544290840821e-09
2.578933933933934597e+01 6.641322036427677386e-09
2.582936936936937400e+01 6.489876925333276633e-09
2.586939939939940558e+01 6.342017839841956266e-09
2.590942942942943361e+01 6.197656710279188248e-09
2.594945945945946519e+01 6.056707707802616415e-09
2.598948948948949322e+01 5.919087185396391413e-09
2.602951951951952481e+01 5.784713620472010319e-09
2.606954954954955284e+01 5.653507559030008040e-09
2.610957957957958442e+01 5.525391561338821191e-09
2.614960960960961600e+01 5.400290149088917028e-09
2.618963963963964403e+01 5.278129753979660406e-09
2.622966966966967561e+01 5.158838667699530907e-09
2.626969969969970364e+01 5.042346993261012840e-09
2.630972972972973523e+01 4.928586597651225188e-09
2.634975975975976326e+01 4.817491065762317417e-09
2.638978978978979484e+01 4.708995655566030960e-09
2.642981981981982642e+01 4.603037254497111548e-09
2.646984984984985445e+01 4.499554337012294905e-09
2.650987987987988603e+01 4.398486923291982907e-09
2.654990990990991406e+01 4.299776539053274942e-09
2.658993993993994565e+01 4.203366176442579986e-09
2.662996996996997368e+01 4.109200255978922589e-09
2.667000000000000526e+01 4.017224589517773849e-09
2.671003003003003329e+01 3.927386344208138525e-09
2.675006006006006487e+01 3.839634007414266267e-09
2.679009009009009645e+01 3.753917352576655388e-09
2.683012012012012448e+01 3.670187405985050555e-09
2.687015015015015607e+01 3.588396414439059865e-09
2.691018018018018410e+01 3.508497813772065186e-09
2.695021021021021568e+01 3.430446198213599559e-09
2.699024024024024371e+01 3.354197290568619238e-09
2.703027027027027529e+01 3.279707913189577046e-09
2.707030030030030687e+01 3.206935959720994757e-09
2.711033033033033490e+01 3.135840367594139391e-09
2.715036036036036649e+01 3.066381091251995769e-09
2.719039039039039451e+01 2.998519076084161864e-09
2.723042042042042610e+01 2.932216233052290661e-09
2.727045045045045413e+01 2.867435413987300686e-09
2.731048048048048571e+01 2.804140387539644405e-09
2.735051051051051729e+01 2.742295815765443162e-09
2.739054054054054532e+01 2.681867231330403207e-09
2.743057057057057690e+01 2.622821015315025035e-09
2.747060060060060493e+01 2.565124375605050025e-09
2.751063063063063652e+01 2.508745325850431631e-09
2.755066066066066455e+01 2.453652664978149075e-09
2.759069069069069613e+01 2.399815957243260431e-09
2.763072072072072416e+01 2.347205512804056932e-09
2.767075075075075574e+01 2.295792368806530164e-09
2.771078078078078732e+01 2.245548270965075252e-09
2.775081081081081535e+01 2.196445655625266218e-09
2.779084084084084694e+01 2.148457632296169661e-09
2.783087087087087497e+01 2.101557966639384564e-09
2.787090090090090655e+01 2.055721063902232581e-09
2.791093093093093458e+01 2.010921952783596890e-09
2.795096096096096616e+01 1.967136269720245472e-09
2.799099099099099774e+01 1.924340243582636516e-09
2.803102102102102577e+01 1.882510680769088210e-09
2.807105105105105736e+01 1.841624950687681174e-09
2.811108108108108539e+01 1.801660971615162521e-09
2.815111111111111697e+01 1.762597196923367917e-09
2.819114114114114500e+01 1.724412601662601025e-09
2.823117117117117658e+01 1.687086669492867422e-09
2.827120120120120816e+01 1.650599379953477291e-09
2.831123123123123619e+01 1.614931196062083129e-09
2.835126126126126778e+01 1.580063052234180880e-09
2.839129129129129581e+01 1.545976342514716229e-09
2.843132132132132739e+01 1.512652909113184505e-09
2.847135135135135542e+01 1.480075031234647620e-09
2.851138138138138700e+01 1.448225414198101148e-09
2.855141141141141503e+01 1.417087178835165879e-09
2.859144144144144661e+01 1.386643851161326495e-09
2.863147147147147820e+01 1.356879352312524408e-09
2.867150150150150623e+01 1.327777988740146727e-09
2.871153153153153781e+01 1.299324442657409065e-09
2.875156156156156584e+01 1.271503762730750886e-09
2.879159159159159742e+01 1.244301355009378648e-09
2.883162162162162545e+01 1.217702974087024173e-09
2.887165165165165703e+01 1.191694714489508856e-09
2.891168168168168862e+01 1.166263002282339363e-09
2.895171171171171665e+01 1.141394586892481479e-09
2.899174174174174823e+01 1.117076533138500967e-09
2.903177177177177626e+01 1.093296213463923257e-09
2.907180180180180784e+01 1.070041300368148270e-09
2.911183183183183587e+01 1.047299759029866921e-09
2.915186186186186745e+01 1.025059840117999677e-09
2.919189189189189548e+01 1.003310072785024503e-09
2.923192192192192707e+01 9.820392578381242443e-10
2.927195195195195865e+01 9.612364610833700601e-10
2.931198198198198668e+01 9.408910068384914997e-10
2.935201201201201826e+01 9.209924716097363640e-10
2.939204204204204629e+01 9.015306779285990404e-10
2.943207207207207787e+01 8.824956883442431495e-10
2.947210210210210590e+01 8.638777995675481566e-10
2.951213213213213749e+01 8.456675367627409278e-10
2.955216216216216907e+01 8.278556479829923843e-10
2.959219219219219710e+01 8.104330987459690844e-10
2.963222222222222868e+01 7.933910667458896652e-10
2.967225225225225671e+01 7.767209366984157377e-10
2.971228228228228829e+01 7.604142953150703734e-10
2.975231231231231632e+01 7.444629264037338059e-10
2.979234234234234791e+01 7.288588060918611984e-10
2.983237237237237949e+01 7.135940981694631367e-10
2.987240240240240752e+01 6.986611495485997841e-10
2.991243243243243910e+01 6.840524858363960628e-10
2.995246246246246713e+01 6.697608070186773535e-10
2.999249249249249871e+01 6.557789832513599453e-10
3.003252252252252674e+01 6.421000507567911623e-10
3.007255255255255832e+01 6.287172078224454411e-10
3.011258258258258635e+01 6.156238108991315787e-10
3.015261261261261794e+01 6.028133707964008381e-10
3.019264264264264952e+01 5.902795489724586798e-10
3.023267267267267755e+01 5.780161539162844890e-10
3.027270270270270913e+01 5.660171376195068085e-10
3.031273273273273716e+01 5.542765921358077229e-10
3.035276276276276874e+01 5.427887462255300512e-10
3.039279279279279677e+01 5.315479620834150534e-10
3.043282282282282836e+01 5.205487321472605280e-10
3.047285285285285994e+01 5.097856759854252486e-10
3.051288288288288797e+01 4.992535372612628521e-10
3.055291291291291955e+01 4.889471807724224995e-10
3.059294294294294758e+01 4.788615895631560843e-10
3.063297297297297916e+01 4.689918621077701078e-10
3.067300300300300719e+01 4.593332095634224320e-10
3.071303303303303878e+01 4.498809530904332548e-10
3.075306306306307036e+01 4.406305212385422334e-10
3.079309309309309839e+01 4.315774473972367941e-10
3.083312312312312997e+01 4.227173673087328081e-10
3.087315315315315800e+01 4.140460166418769124e-10
3.091318318318318958e+01 4.055592286254730726e-10
3.095321321321321761e+01 3.972529317395517515e-10
3.099324324324324920e+01 3.891231474630836601e-10
3.103327327327327723e+01 3.811659880767619711e-10
3.107330330330330881e+01 3.733776545193784966e-10
3.111333333333334039e+01 3.657544342965302563e-10
3.115336336336336842e+01 3.582926994403044128e-10
3.119339339339340000e+01 3.509889045186420196e-10
3.123342342342342803e+01 3.438395846931466354e-10
3.127345345345345962e+01 3.368413538241315691e-10
3.131348348348348765e+01 3.299909026217037072e-10
3.135351351351351923e+01 3.232849968417338820e-10
3.139354354354355081e+01 3.167204755255922307e-10
3.143357357357357884e+01 3.102942492825331921e-10
3.147360360360361042e+01 3.040032986137066620e-10
3.151363363363363845e+01 2.978446722767118558e-10
3.155366366366367004e+01 2.918154856896803226e-10
3.159369369369369807e+01 2.859129193739528805e-10
3.163372372372372965e+01 2.801342174343108100e-10
3.167375375375375768e+01 2.744766860759166510e-10
3.171378378378378926e+01 2.689376921569411743e-10
3.175381381381382084e+01 2.635146617760959789e-10
3.179384384384384887e+01 2.582050788941284705e-10
3.183387387387388046e+01 2.530064839884758748e-10
3.187390390390390849e+01 2.479164727402390584e-10
3.191393393393394007e+01 2.429326947526657265e-10
3.195396396396396810e+01 2.380528523003943486e-10
3.199399399399399968e+01 2.332746991086588760e-10
3.203402402402402771e+01 2.285960391617371377e-10
3.207405405405405929e+01 2.240147255399178635e-10
3.211408408408408377e+01 2.195286592842686033e-10
3.215411411411411535e+01 2.151357882885222178e-10
3.219414414414414694e+01 2.108341062174430508e-10
3.223417417417417852e+01 2.066216514509647396e-10
3.227420420420420299e+01 2.024965060535055684e-10
3.231423423423423458e+01 1.984567947678489664e-10
3.235426426426426616e+01 1.945006840329337642e-10
3.239429429429429774e+01 1.906263810250307341e-10
3.243432432432432933e+01 1.868321327216855441e-10
3.247435435435435380e+01 1.831162249878813600e-10
3.251438438438438538e+01 1.794769816839074688e-10
3.255441441441441697e+01 1.759127637943365681e-10
3.259444444444444855e+01 1.724219685776622103e-10
3.263447447447448013e+01 1.690030287360480318e-10
3.267450450450450461e+01 1.656544116047211770e-10
3.271453453453453619e+01 1.623746183605096036e-10
3.275456456456456777e+01 1.591621832490735914e-10
3.279459459459459936e+01 1.560156728303720600e-10
3.283462462462462383e+01 1.529336852419089022e-10
3.287465465465465542e+01 1.499148494793405701e-10
3.291468468468468700e+01 1.469578246940200305e-10
3.295471471471471858e+01 1.440612995070459715e-10
3.299474474474475016e+01 1.412239913394584716e-10
3.303477477477477464e+01 1.384446457581487216e-10
3.307480480480480622e+01 1.357220358371026338e-10
3.311483483483483781e+01 1.330549615336600535e-10
3.315486486486486939e+01 1.304422490793518919e-10
3.319489489489489387e+01 1.278827503850095098e-10
3.323492492492492545e+01 1.253753424597960954e-10
3.327495495495495703e+01 1.229189268438199848e-10
3.331498498498498861e+01 1.205124290539779608e-10
3.335501501501502020e+01 1.181547980427597748e-10
3.339504504504504467e+01 1.158450056696601413e-10
3.343507507507507626e+01 1.135820461849019462e-10
3.347510510510510784e+01 1.113649357251951781e-10
3.351513513513513942e+01 1.091927118212206285e-10
3.355516516516517100e+01 1.070644329165570019e-10
3.359519519519519548e+01 1.049791778978010593e-10
3.363522522522522706e+01 1.029360456355769094e-10
3.367525525525525865e+01 1.009341545362070119e-10
3.371528528528529023e+01 9.897264210375978653e-11
3.375531531531531471e+01 9.705066451225498708e-11
3.379534534534534629e+01 9.516739618775705042e-11
3.383537537537537787e+01 9.332202940014336962e-11
3.387540540540540945e+01 9.151377386429290058e-11
3.391543543543544104e+01 8.974185635049454957e-11
3.395546546546546551e+01 8.800552030383902659e-11
3.399549549549549710e+01 8.630402547238349198e-11
3.403552552552552868e+01 8.463664754388945187e-11
3.407555555555556026e+01 8.300267779091104185e-11
3.411558558558558474e+01 8.140142272406137403e-11
3.415561561561561632e+01 7.983220375323588330e-11
3.419564564564564790e+01 7.829435685662114926e-11
3.423567567567567949e+01 7.678723225730272914e-11
3.427570570570571107e+01 7.531019410728597664e-11
3.431573573573573555e+01 7.386262017875767661e-11
3.435576576576576713e+01 7.244390156241597696e-11
3.439579579579579871e+01 7.105344237270623176e-11
3.443582582582583029e+01 6.969065945979474733e-11
3.447585585585585477e+01 6.835498212812193597e-11
3.451588588588588635e+01 6.704585186137697608e-11
3.455591591591591794e+01 6.576272205375727435e-11
3.459594594594594952e+01 6.450505774734083133e-11
3.463597597597598110e+01 6.327233537545243541e-11
3.467600600600600558e+01 6.206404251185968345e-11
3.471603603603603716e+01 6.087967762568257061e-11
3.475606606606606874e+01 5.971874984186555966e-11
3.479609609609610033e+01 5.858077870710013708e-11
3.483612612612613191e+01 5.746529396104443360e-11
3.487615615615615638e+01 5.637183531274348429e-11
3.491618618618618797e+01 5.529995222210661888e-11
3.495621621621621955e+01 5.424920368634021323e-11
3.499624624624625113e+01 5.321915803120751154e-11
3.503627627627627561e+01 5.220939270700682875e-11
3.507630630630630719e+01 5.121949408916514308e-11
3.511633633633633877e+01 5.024905728332446174e-11
3.515636636636637036e+01 4.929768593483365379e-11
3.519639639639640194e+01 4.836499204252953747e-11
3.523642642642642642e+01 4.745059577671282020e-11
3.527645645645645800e+01 4.655412530122425657e-11
3.531648648648648958e+01 4.567521659951820827e-11
3.535651651651652116e+01 4.481351330464724330e-11
3.539654654654654564e+01 4.396866653306857446e-11
3.543657657657657722e+01 4.314033472217129849e-11
3.547660660660660881e+01 4.232818347145763444e-11
3.551663663663664039e+01 4.153188538727508686e-11
3.555666666666667197e+01 4.075111993102997309e-11
3.559669669669669645e+01 3.998557327079518922e-11
3.563672672672672803e+01 3.923493813623546800e-11
3.567675675675675961e+01 3.849891367677757568e-11
3.571678678678679120e+01 3.777720532294229701e-11
3.575681681681682278e+01 3.706952465077536834e-11
3.579684684684684726e+01 3.637558924929440168e-11
3.583687687687687884e+01 3.569512259089606205e-11
3.587690690690691042e+01 3.502785390464200781e-11
3.591693693693694200e+01 3.437351805236834089e-11
3.595696696696696648e+01 3.373185540754594967e-11
3.599699699699699806e+01 3.310261173683171545e-11
3.603702702702702965e+01 3.248553808425236354e-11
3.607705705705706123e+01 3.188039065795300070e-11
3.611708708708709281e+01 3.128693071945919596e-11
3.615711711711711729e+01 3.070492447538885380e-11
3.619714714714714887e+01 3.013414297156308553e-11
3.623717717717718045e+01 2.957436198945741381e-11
3.627720720720721204e+01 2.902536194494371486e-11
3.631723723723723651e+01 2.848692778926490535e-11
3.635726726726726810e+01 2.795884891219866265e-11
3.639729729729729968e+01 2.744091904735457949e-11
3.643732732732733126e+01 2.693293617955740364e-11
3.647735735735736284e+01 2.643470245427379165e-11
3.651738738738738732e+01 2.594602408902644477e-11
3.655741741741741890e+01 2.546671128676206823e-11
3.659744744744745049e+01 2.499657815111697640e-11
3.663747747747748207e+01 2.453544260354947340e-11
3.667750750750751365e+01 2.408312630228617623e-11
3.671753753753753813e+01 2.363945456304679871e-11
3.675756756756756971e+01 2.320425628150536858e-11
3.679759759759760129e+01 2.277736385745099052e-11
3.683762762762763288e+01 2.235861312060675730e-11
3.687765765765765735e+01 2.194784325806932759e-11
3.691768768768768894e+01 2.154489674333585671e-11
3.695771771771772052e+01 2.114961926687905103e-11
3.699774774774775210e+01 2.076185966823844105e-11
3.703777777777778368e+01 2.038146986959022377e-11
3.707780780780780816e+01 2.000830481076570500e-11
3.711783783783783974e+01 1.964222238568365844e-11
3.715786786786787133e+01 1.928308338016672580e-11
3.719789789789790291e+01 1.893075141110769821e-11
3.723792792792792739e+01 1.858509286696060494e-11
3.727795795795795897e+01 1.824597684951965764e-11
3.731798798798799055e+01 1.791327511696412674e-11
3.735801801801802213e+01 1.758686202813709985e-11
3.739804804804805372e+01 1.726661448803099648e-11
3.743807807807807819e+01 1.695241189445453588e-11
3.747810810810810978e+01 1.664413608584982836e-11
3.751813813813814136e+01 1.634167129024309824e-11
3.755816816816817294e+01 1.604490407529326294e-11
3.759819819819820452e+01 1.575372329942078084e-11
3.763822822822822900e+01 1.546802006399154215e-11
3.767825825825826058e+01 1.518768766652946550e-11
3.771828828828829216e+01 1.491262155493923398e-11
3.775831831831832375e+01 1.464271928271245514e-11
3.779834834834834822e+01 1.437788046509813915e-11
3.783837837837837981e+01 1.411800673621639711e-11
3.787840840840841139e+01 1.386300170709183659e-11
3.791843843843844297e+01 1.361277092458784564e-11
3.795846846846847455e+01 1.336722183122362565e-11
3.799849849849849903e+01 1.312626372585040627e-11
3.803852852852853061e+01 1.288980772517149769e-11
3.807855855855856220e+01 1.265776672608480438e-11
3.811858858858859378e+01 1.243005536883253146e-11
3.815861861861861826e+01 1.220659000093698883e-11
3.819864864864864984e+01 1.198728864190788991e-11
3.823867867867868142e+01 1.177207094870224095e-11
3.827870870870871300e+01 1.156085818192252130e-11
3.831873873873874459e+01 1.135357317273265944e-11
3.835876876876876906e+01 1.115014029048231463e-11
3.839879879879880065e+01 1.095048541101706257e-11
3.843882882882883223e+01 1.075453588566547333e-11
3.847885885885886381e+01 1.056222051088334869e-11
3.851888888888889539e+01 1.037346949854385994e-11
3.855891891891891987e+01 1.018821444685896985e-11
3.859894894894895145e+01 1.000638831191600238e-11
3.863897897897898304e+01 9.827925379819291840e-12
3.867900900900901462e+01 9.652761239421585866e-12
3.871903903903903910e+01 9.480832755632045069e-12
3.875906906906907068e+01 9.312078043289757920e-12
3.879909909909910226e+01 9.146436441589180600e-12
3.883912912912913384e+01 8.983848489046680595e-12
3.887915915915916543e+01 8.824255898993839253e-12
3.891918918918918990e+01 8.667601535590188218e-12
3.895921921921922149e+01 8.513829390339393513e-12
3.899924924924925307e+01 8.362884559102285976e-12
3.903927927927928465e+01 8.214713219592071764e-12
3.907930930930930913e+01 8.069262609344510925e-12
3.911933933933934071e+01 7.926481004150341301e-12
3.915936936936937229e+01 7.786317696941325375e-12
3.919939939939940388e+01 7.648722977119628759e-12
3.923942942942943546e+01 7.513648110321042001e-12
3.927945945945945994e+01 7.381045318601951494e-12
3.931948948948949152e+01 7.250867761042493727e-12
3.935951951951952310e+01 7.123069514754876156e-12
3.939954954954955468e+01 6.997605556289827219e-12
3.943957957957957916e+01 6.874431743431864053e-12
3.947960960960961074e+01 6.753504797374392819e-12
3.951963963963964233e+01 6.634782285267791559e-12
3.955966966966967391e+01 6.518222603131392733e-12
3.959969969969970549e+01 6.403784959121822287e-12
3.963972972972972997e+01 6.291429357150194058e-12
3.967975975975976155e+01 6.181116580840440246e-12
3.971978978978979313e+01 6.072808177821517519e-12
3.975981981981982472e+01 5.966466444346422958e-12
3.979984984984985630e+01 5.862054410231035674e-12
3.983987987987988078e+01 5.759535824105336239e-12
3.987990990990991236e+01 5.658875138971329982e-12
3.991993993993994394e+01 5.560037498060254573e-12
3.995996996996997552e+01 5.462988720983116838e-12
4.000000000000000000e+01 5.367695290168090801e-12
