5.000000000000000000e-01 3.903017268919481353e+01
5.102602602602602788e-01 3.906575717647667290e+01
5.205205205205205576e-01 3.910134671968169329e+01
5.307807807807807254e-01 3.913694137339962253e+01
5.410410410410410043e-01 3.917254119208561747e+01
5.513013013013012831e-01 3.920814623005989574e+01
5.615615615615615619e-01 3.924375654150735215e+01
5.718218218218218407e-01 3.927937218047708257e+01
5.820820820820821195e-01 3.931499320088208549e+01
5.923423423423423984e-01 3.935061965649889970e+01
6.026026026026025662e-01 3.938625160096705002e+01
6.128628628628628450e-01 3.942188908778890521e+01
6.231231231231231238e-01 3.945753217032874716e+01
6.333833833833834026e-01 3.949318090181309060e+01
6.436436436436436814e-01 3.952883533532960314e+01
6.539039039039038492e-01 3.956449552382678547e+01
6.641641641641641280e-01 3.960016152011390744e+01
6.744244244244244069e-01 3.963583337686006303e+01
6.846846846846846857e-01 3.967151114659400690e+01
6.949449449449449645e-01 3.970719488170364997e+01
7.052052052052051323e-01 3.974288463443537722e+01
7.154654654654655221e-01 3.977858045689387012e+01
7.257257257257256899e-01 3.981428240104143157e+01
7.359859859859859688e-01 3.984999051869741038e+01
7.462462462462462476e-01 3.988570486153783889e+01
7.565065065065064154e-01 3.992142548109499955e+01
7.667667667667668052e-01 3.995715242875660067e+01
7.770270270270269730e-01 3.999288575576555615e+01
7.872872872872872518e-01 4.002862551321930340e+01
7.975475475475475307e-01 4.006437175206914958e+01
8.078078078078078095e-01 4.010012452312010822e+01
8.180680680680680883e-01 4.013588387702982629e+01
8.283283283283282561e-01 4.017164986430830709e+01
8.385885885885886459e-01 4.020742253531752652e+01
8.488488488488488137e-01 4.024320194027032471e+01
8.591091091091090926e-01 4.027898812923032068e+01
8.693693693693693714e-01 4.031478115211113789e+01
8.796296296296295392e-01 4.035058105867565104e+01
8.898898898898899290e-01 4.038638789853554556e+01
9.001501501501500968e-01 4.042220172115070653e+01
9.104104104104103756e-01 4.045802257582859340e+01
9.206706706706706544e-01 4.049385051172342997e+01
9.309309309309309333e-01 4.052968557783585624e+01
9.411911911911912121e-01 4.056552782301199755e+01
9.514514514514513799e-01 4.060137729594296729e+01
9.617117117117117697e-01 4.063723404516431259e+01
9.719719719719719375e-01 4.067309811905499828e+01
9.822322322322322163e-01 4.070896956583704451e+01
9.924924924924924952e-01 4.074484843357480202e+01
1.002752752752752663e+00 4.078073477017409942e+01
1.013013013013012831e+00 4.081662862338163933e+01
1.023273273273273221e+00 4.085253004078431616e+01
1.033533533533533610e+00 4.088843906980859089e+01
1.043793793793793778e+00 4.092435575771951051e+01
1.054054054054053946e+00 4.096028015162018221e+01
1.064314314314314336e+00 4.099621229845094206e+01
1.074574574574574504e+00 4.103215224498872260e+01
1.084834834834834894e+00 4.106810003784616470e+01
1.095095095095095061e+00 4.110405572347094960e+01
1.105355355355355229e+00 4.114001934814510264e+01
1.115615615615615619e+00 4.117599095798382081e+01
1.125875875875876009e+00 4.121197059893539461e+01
1.136136136136136177e+00 4.124795831677965907e+01
1.146396396396396344e+00 4.128395415712778060e+01
1.156656656656656512e+00 4.131995816542107747e+01
1.166916916916916902e+00 4.135597038693045846e+01
1.177177177177177292e+00 4.139199086675543526e+01
1.187437437437437460e+00 4.142801964982328400e+01
1.197697697697697627e+00 4.146405678088846969e+01
1.207957957957957795e+00 4.150010230453143123e+01
1.218218218218218185e+00 4.153615626515802006e+01
1.228478478478478575e+00 4.157221870699845567e+01
1.238738738738738743e+00 4.160828967410655110e+01
1.248998998998998911e+00 4.164436921035887451e+01
1.259259259259259078e+00 4.168045735945377572e+01
1.269519519519519468e+00 4.171655416491053359e+01
1.279779779779779858e+00 4.175265967006835410e+01
1.290040040040040026e+00 4.178877391808580199e+01
1.300300300300300194e+00 4.182489695193953594e+01
1.310560560560560361e+00 4.186102881442339907e+01
1.320820820820820751e+00 4.189716954814770844e+01
1.331081081081081141e+00 4.193331919553824605e+01
1.341341341341341309e+00 4.196947779883517171e+01
1.351601601601601477e+00 4.200564540009225567e+01
1.361861861861861867e+00 4.204182204117576305e+01
1.372122122122122034e+00 4.207800776376362961e+01
1.382382382382382424e+00 4.211420260934436044e+01
1.392642642642642592e+00 4.215040661921612042e+01
1.402902902902902760e+00 4.218661983448565422e+01
1.413163163163163150e+00 4.222284229606749761e+01
1.423423423423423539e+00 4.225907404468271267e+01
1.433683683683683707e+00 4.229531512085796408e+01
1.443943943943943875e+00 4.233156556492458833e+01
1.454204204204204043e+00 4.236782541701747817e+01
1.464464464464464433e+00 4.240409471707400257e+01
1.474724724724724823e+00 4.244037350483306170e+01
1.484984984984984990e+00 4.247666181983396427e+01
1.495245245245245158e+00 4.251295970141535463e+01
1.505505505505505548e+00 4.254926718871416824e+01
1.515765765765765716e+00 4.258558432066449484e+01
1.526026026026025884e+00 4.262191113599677550e+01
1.536286286286286273e+00 4.265824767323615418e+01
1.546546546546546441e+00 4.269459397070186668e+01
1.556806806806806831e+00 4.273095006650595451e+01
1.567067067067066999e+00 4.276731599855219201e+01
1.577327327327327167e+00 4.280369180453473632e+01
1.587587587587587556e+00 4.284007752193733154e+01
1.597847847847847724e+00 4.287647318803190188e+01
1.608108108108108114e+00 4.291287883987752849e+01
1.618368368368368282e+00 4.294929451431934808e+01
1.628628628628628672e+00 4.298572024798712476e+01
1.638888888888888840e+00 4.302215607729434765e+01
1.649149149149149007e+00 4.305860203843691636e+01
1.659409409409409397e+00 4.309505816739196860e+01
1.669669669669669565e+00 4.313152449991667226e+01
1.679929929929929955e+00 4.316800107154710986e+01
1.690190190190190123e+00 4.320448791759668694e+01
1.700450450450450290e+00 4.324098507315569151e+01
1.710710710710710680e+00 4.327749257308912689e+01
1.720970970970970848e+00 4.331401045203600120e+01
1.731231231231231238e+00 4.335053874440807675e+01
1.741491491491491406e+00 4.338707748438859113e+01
1.751751751751751796e+00 4.342362670593055185e+01
1.762012012012011963e+00 4.346018644275637399e+01
1.772272272272272131e+00 4.349675672835547857e+01
1.782532532532532521e+00 4.353333759598395147e+01
1.792792792792792689e+00 4.356992907866265341e+01
1.803053053053053079e+00 4.360653120917630332e+01
1.813313313313313246e+00 4.364314402007178018e+01
1.823573573573573414e+00 4.367976754365712111e+01
1.833833833833833804e+00 4.371640181200010744e+01
1.844094094094093972e+00 4.375304685692668016e+01
1.854354354354354362e+00 4.378970271002000203e+01
1.864614614614614529e+00 4.382636940261873804e+01
1.874874874874874697e+00 4.386304696581589013e+01
1.885135135135135087e+00 4.389973543045744009e+01
1.895395395395395255e+00 4.393643482714075787e+01
1.905655655655655645e+00 4.397314518621341506e+01
1.915915915915915813e+00 4.400986653777176372e+01
1.926176176176176202e+00 4.404659891165943009e+01
1.936436436436436370e+00 4.408334233746598585e+01
1.946696696696696538e+00 4.412009684452543468e+01
1.956956956956956928e+00 4.415686246191497588e+01
1.967217217217217096e+00 4.419363921845321386e+01
1.977477477477477485e+00 4.423042714269908515e+01
1.987737737737737653e+00 4.426722626295012475e+01
1.997997997997997821e+00 4.430403660724129367e+01
2.008258258258257989e+00 4.434085820334304628e+01
2.018518518518518157e+00 4.437769107876037822e+01
2.028778778778778769e+00 4.441453526073090075e+01
2.039039039039038936e+00 4.445139077622361157e+01
2.049299299299299548e+00 4.448825765193733162e+01
2.059559559559559716e+00 4.452513591429913475e+01
2.069819819819819884e+00 4.456202558946269932e+01
2.080080080080080052e+00 4.459892670330706466e+01
2.090340340340340219e+00 4.463583928143497559e+01
2.100600600600600387e+00 4.467276334917119840e+01
2.110860860860860555e+00 4.470969893156123476e+01
2.121121121121120723e+00 4.474664605336931089e+01
2.131381381381381335e+00 4.478360473907732597e+01
2.141641641641641503e+00 4.482057501288297630e+01
2.151901901901902114e+00 4.485755689869816365e+01
2.162162162162162282e+00 4.489455042014751029e+01
2.172422422422422450e+00 4.493155560056656839e+01
2.182682682682682618e+00 4.496857246300056943e+01
2.192942942942942786e+00 4.500560103020230684e+01
2.203203203203202953e+00 4.504264132463084991e+01
2.213463463463463121e+00 4.507969336844995212e+01
2.223723723723723733e+00 4.511675718352599063e+01
2.233983983983983901e+00 4.515383279142673700e+01
2.244244244244244069e+00 4.519092021341956666e+01
2.254504504504504681e+00 4.522801947046976778e+01
2.264764764764764848e+00 4.526513058323863703e+01
2.275025025025025016e+00 4.530225357208225745e+01
2.285285285285285184e+00 4.533938845704945209e+01
2.295545545545545352e+00 4.537653525788008579e+01
2.305805805805805520e+00 4.541369399400353046e+01
2.316066066066065687e+00 4.545086468453689577e+01
2.326326326326326299e+00 4.548804734828315333e+01
2.336586586586586467e+00 4.552524200372941010e+01
2.346846846846847079e+00 4.556244866904545177e+01
2.357107107107107247e+00 4.559966736208176030e+01
2.367367367367367414e+00 4.563689810036762395e+01
2.377627627627627582e+00 4.567414090110959535e+01
2.387887887887887750e+00 4.571139578118965829e+01
2.398148148148147918e+00 4.574866275716347275e+01
2.408408408408408086e+00 4.578594184525836397e+01
2.418668668668668253e+00 4.582323306137175933e+01
2.428928928928928865e+00 4.586053642106934802e+01
2.439189189189189033e+00 4.589785193958314835e+01
2.449449449449449645e+00 4.593517963180983799e+01
2.459709709709709813e+00 4.597251951230860811e+01
2.469969969969969981e+00 4.600987159529984183e+01
2.480230230230230148e+00 4.604723589466259170e+01
2.490490490490490316e+00 4.608461242393342161e+01
2.500750750750750484e+00 4.612200119630411876e+01
2.511011011011011096e+00 4.615940222461968290e+01
2.521271271271271264e+00 4.619681552137694069e+01
2.531531531531531432e+00 4.623424109872231469e+01
2.541791791791791599e+00 4.627167896844978401e+01
2.552052052052051767e+00 4.630912914199952013e+01
2.562312312312312379e+00 4.634659163045535735e+01
2.572572572572572547e+00 4.638406644454331484e+01
2.582832832832832715e+00 4.642155359462949349e+01
2.593093093093092882e+00 4.645905309071791578e+01
2.603353353353353050e+00 4.649656494244921845e+01
2.613613613613613662e+00 4.653408915909787424e+01
2.623873873873873830e+00 4.657162574957098400e+01
2.634134134134133998e+00 4.660917472240574710e+01
2.644394394394394165e+00 4.664673608576791253e+01
2.654654654654654333e+00 4.668430984744944112e+01
2.664914914914914945e+00 4.672189601486675770e+01
2.675175175175175113e+00 4.675949459505856964e+01
2.685435435435435281e+00 4.679710559468404085e+01
2.695695695695695449e+00 4.683472902002070981e+01
2.705955955955956060e+00 4.687236487696242193e+01
2.716216216216216228e+00 4.691001317101738266e+01
2.726476476476476396e+00 4.694767390730602585e+01
2.736736736736736564e+00 4.698534709055896741e+01
2.746996996996996732e+00 4.702303272511517207e+01
2.757257257257257343e+00 4.706073081491956600e+01
2.767517517517517511e+00 4.709844136352126043e+01
2.777777777777777679e+00 4.713616437407126369e+01
2.788038038038037847e+00 4.717389984932054148e+01
2.798298298298298015e+00 4.721164779161795622e+01
2.808558558558558627e+00 4.724940820290810706e+01
2.818818818818818794e+00 4.728718108472907744e+01
2.829079079079078962e+00 4.732496643821050242e+01
2.839339339339339130e+00 4.736276426407162177e+01
2.849599599599599298e+00 4.740057456261884283e+01
2.859859859859859910e+00 4.743839733374363021e+01
2.870120120120120077e+00 4.747623257692079335e+01
2.880380380380380245e+00 4.751408029120567988e+01
2.890640640640640413e+00 4.755194047523255563e+01
2.900900900900900581e+00 4.758981312721228107e+01
2.911161161161161193e+00 4.762769824493015847e+01
2.921421421421421361e+00 4.766559582574365805e+01
2.931681681681681528e+00 4.770350586658042857e+01
2.941941941941941696e+00 4.774142836393585299e+01
2.952202202202201864e+00 4.777936331387132185e+01
2.962462462462462476e+00 4.781731071201139827e+01
2.972722722722722644e+00 4.785527055354221915e+01
2.982982982982982811e+00 4.789324283320898701e+01
2.993243243243242979e+00 4.793122754531368912e+01
3.003503503503503591e+00 4.796922468371302983e+01
3.013763763763763759e+00 4.800723424181631316e+01
3.024024024024023927e+00 4.804525621258275692e+01
3.034284284284284094e+00 4.808329058851993665e+01
3.044544544544544262e+00 4.812133736168080844e+01
3.054804804804804874e+00 4.815939652366217416e+01
3.065065065065065042e+00 4.819746806560160479e+01
3.075325325325325210e+00 4.823555197817612594e+01
3.085585585585585378e+00 4.827364825159909856e+01
3.095845845845845545e+00 4.831175687561839283e+01
3.106106106106106157e+00 4.834987783951419260e+01
3.116366366366366325e+00 4.838801113209633797e+01
3.126626626626626493e+00 4.842615674170227180e+01
3.136886886886886661e+00 4.846431465619477308e+01
3.147147147147146828e+00 4.850248486295956241e+01
3.157407407407407440e+00 4.854066734890297852e+01
3.167667667667667608e+00 4.857886210044974717e+01
3.177927927927927776e+00 4.861706910354060085e+01
3.188188188188187944e+00 4.865528834363011867e+01
3.198448448448448111e+00 4.869351980568384164e+01
3.208708708708708723e+00 4.873176347417676624e+01
3.218968968968968891e+00 4.877001933309053072e+01
3.229229229229229059e+00 4.880828736591089267e+01
3.239489489489489227e+00 4.884656755562585317e+01
3.249749749749749395e+00 4.888485988472291410e+01
3.260010010010010006e+00 4.892316433518698915e+01
3.270270270270270174e+00 4.896148088849788138e+01
3.280530530530530342e+00 4.899980952562785319e+01
3.290790790790790510e+00 4.903815022703945914e+01
3.301051051051051122e+00 4.907650297268301642e+01
3.311311311311311290e+00 4.911486774199436667e+01
3.321571571571571457e+00 4.915324451389223981e+01
3.331831831831831625e+00 4.919163326677619352e+01
3.342092092092091793e+00 4.923003397852374263e+01
3.352352352352352405e+00 4.926844662648863959e+01
3.362612612612612573e+00 4.930687118749772679e+01
3.372872872872872740e+00 4.934530763784921703e+01
3.383133133133132908e+00 4.938375595330973766e+01
3.393393393393393076e+00 4.942221610911212082e+01
3.403653653653653688e+00 4.946068807995317940e+01
3.413913913913913856e+00 4.949917183999090753e+01
3.424174174174174023e+00 4.953766736284237737e+01
3.434434434434434191e+00 4.957617462158101773e+01
3.444694694694694359e+00 4.961469358873462454e+01
3.454954954954954971e+00 4.965322423628242632e+01
3.465215215215215139e+00 4.969176653565281043e+01
3.475475475475475307e+00 4.973032045772112042e+01
3.485735735735735474e+00 4.976888597280677828e+01
3.495995995995995642e+00 4.980746305067145840e+01
3.506256256256256254e+00 4.984605166051570535e+01
3.516516516516516422e+00 4.988465177097754122e+01
3.526776776776776590e+00 4.992326335012923977e+01
3.537037037037036757e+00 4.996188636547508821e+01
3.547297297297296925e+00 5.000052078394900690e+01
3.557557557557557537e+00 5.003916657191214767e+01
3.567817817817817705e+00 5.007782369515008014e+01
3.578078078078077873e+00 5.011649211887070265e+01
3.588338338338338041e+00 5.015517180770155647e+01
3.598598598598598652e+00 5.019386272568747387e+01
3.608858858858858820e+00 5.023256483628786384e+01
3.619119119119118988e+00 5.027127810237464445e+01
3.629379379379379156e+00 5.031000248622937931e+01
3.639639639639639324e+00 5.034873794954089021e+01
3.649899899899899935e+00 5.038748445340298332e+01
3.660160160160160103e+00 5.042624195831157863e+01
3.670420420420420271e+00 5.046501042416271332e+01
3.680680680680680439e+00 5.050378981024954328e+01
3.690940940940940607e+00 5.054258007526026830e+01
3.701201201201201219e+00 5.058138117727530414e+01
3.711461461461461386e+00 5.062019307376520771e+01
3.721721721721721554e+00 5.065901572158760757e+01
3.731981981981981722e+00 5.069784907698527832e+01
3.742242242242241890e+00 5.073669309558329843e+01
3.752502502502502502e+00 5.077554773238664865e+01
3.762762762762762669e+00 5.081441294177788137e+01
3.773023023023022837e+00 5.085328867751416482e+01
3.783283283283283005e+00 5.089217489272544981e+01
3.793543543543543173e+00 5.093107153991131497e+01
3.803803803803803785e+00 5.096997857093904116e+01
3.814064064064063952e+00 5.100889593704056324e+01
3.824324324324324120e+00 5.104782358881052318e+01
3.834584584584584288e+00 5.108676147620325736e+01
3.844844844844844456e+00 5.112570954853084970e+01
3.855105105105105068e+00 5.116466775446004078e+01
3.865365365365365236e+00 5.120363604201031649e+01
3.875625625625625403e+00 5.124261435855085267e+01
3.885885885885885571e+00 5.128160265079849012e+01
3.896146146146146183e+00 5.132060086481512684e+01
3.906406406406406351e+00 5.135960894600485460e+01
3.916666666666666519e+00 5.139862683911206176e+01
3.926926926926926686e+00 5.143765448821854847e+01
3.937187187187186854e+00 5.147669183674116766e+01
3.947447447447447466e+00 5.151573882742931687e+01
3.957707707707707634e+00 5.155479540236239444e+01
3.967967967967967802e+00 5.159386150294755424e+01
3.978228228228227970e+00 5.163293706991695586e+01
3.988488488488488137e+00 5.167202204332544824e+01
3.998748748748748749e+00 5.171111636254789090e+01
4.009009009009009361e+00 5.175021996627698684e+01
4.019269269269269529e+00 5.178933279252072452e+01
4.029529529529529697e+00 5.182845477859960681e+01
4.039789789789789864e+00 5.186758586114457614e+01
4.050050050050050032e+00 5.190672597609450634e+01
4.060310310310310200e+00 5.194587505869343858e+01
4.070570570570570368e+00 5.198503304348844978e+01
4.080830830830830536e+00 5.202419986432713728e+01
4.091091091091090703e+00 5.206337545435496139e+01
4.101351351351350871e+00 5.210255974601319195e+01
4.111611611611611039e+00 5.214175267103599509e+01
4.121871871871871207e+00 5.218095416044835844e+01
4.132132132132131375e+00 5.222016414456351185e+01
4.142392392392391542e+00 5.225938255298073187e+01
4.152652652652652598e+00 5.229860931458236450e+01
4.162912912912912766e+00 5.233784435753199915e+01
4.173173173173172934e+00 5.237708760927178986e+01
4.183433433433433102e+00 5.241633899651999684e+01
4.193693693693694158e+00 5.245559844526876248e+01
4.203953953953954326e+00 5.249486588078146809e+01
4.214214214214214493e+00 5.253414122759060234e+01
4.224474474474474661e+00 5.257342440949522455e+01
4.234734734734734829e+00 5.261271534955864126e+01
4.244994994994994997e+00 5.265201397010578432e+01
4.255255255255255165e+00 5.269132019272135636e+01
4.265515515515515332e+00 5.273063393824703127e+01
4.275775775775775500e+00 5.276995512677917333e+01
4.286036036036035668e+00 5.280928367766650666e+01
4.296296296296295836e+00 5.284861950950794096e+01
4.306556556556556004e+00 5.288796254015003484e+01
4.316816816816816171e+00 5.292731268668464395e+01
4.327077077077076339e+00 5.296666986544673250e+01
4.337337337337336507e+00 5.300603399201193611e+01
4.347597597597597563e+00 5.304540498119452963e+01
4.357857857857857731e+00 5.308478274704449262e+01
4.368118118118117899e+00 5.312416720284590355e+01
4.378378378378378066e+00 5.316355826111432492e+01
4.388638638638638234e+00 5.320295583359451541e+01
4.398898898898899290e+00 5.324235983125824845e+01
4.409159159159159458e+00 5.328177016430195323e+01
4.419419419419419626e+00 5.332118674214447651e+01
4.429679679679679793e+00 5.336060947342498650e+01
4.439939939939939961e+00 5.340003826600047887e+01
4.450200200200200129e+00 5.343947302694385115e+01
4.460460460460460297e+00 5.347891366254125245e+01
4.470720720720720465e+00 5.351836007829046338e+01
4.480980980980980632e+00 5.355781217889799706e+01
4.491241241241240800e+00 5.359726986827757855e+01
4.501501501501500968e+00 5.363673304954743770e+01
4.511761761761761136e+00 5.367620162502851144e+01
4.522022022022022192e+00 5.371567549624195692e+01
4.532282282282282360e+00 5.375515456390736091e+01
4.542542542542542527e+00 5.379463872794010371e+01
4.552802802802802695e+00 5.383412788744990962e+01
4.563063063063062863e+00 5.387362194073789823e+01
4.573323323323323031e+00 5.391312078529539065e+01
4.583583583583583199e+00 5.395262431780090395e+01
4.593843843843843366e+00 5.399213243411868035e+01
4.604104104104103534e+00 5.403164502929646318e+01
4.614364364364364590e+00 5.407116199756329422e+01
4.624624624624624758e+00 5.411068323232767341e+01
4.634884884884884926e+00 5.415020862617522823e+01
4.645145145145145094e+00 5.418973807086702976e+01
4.655405405405405261e+00 5.422927145733723364e+01
4.665665665665665429e+00 5.426880867569152400e+01
4.675925925925925597e+00 5.430834961520454840e+01
4.686186186186185765e+00 5.434789416431829778e+01
4.696446446446445933e+00 5.438744221064030171e+01
4.706706706706706100e+00 5.442699364094113434e+01
4.716966966966967156e+00 5.446654834115307864e+01
4.727227227227227324e+00 5.450610619636769627e+01
4.737487487487487492e+00 5.454566709083434972e+01
4.747747747747747660e+00 5.458523090795787169e+01
4.758008008008007828e+00 5.462479753029714402e+01
4.768268268268267995e+00 5.466436683956277420e+01
4.778528528528528163e+00 5.470393871661564589e+01
4.788788788788788331e+00 5.474351304146470198e+01
4.799049049049048499e+00 5.478308969326550226e+01
4.809309309309308667e+00 5.482266855031810593e+01
4.819569569569569722e+00 5.486224949006548712e+01
4.829829829829829890e+00 5.490183238909153829e+01
4.840090090090090058e+00 5.494141712311957093e+01
4.850350350350350226e+00 5.498100356701027636e+01
4.860610610610610394e+00 5.502059159476044670e+01
4.870870870870870561e+00 5.506018107950062301e+01
4.881131131131130729e+00 5.509977189349390159e+01
4.891391391391390897e+00 5.513936390813419308e+01
4.901651651651651065e+00 5.517895699394419040e+01
4.911911911911912121e+00 5.521855102057433839e+01
4.922172172172172289e+00 5.525814585680058855e+01
4.932432432432432456e+00 5.529774137052310579e+01
4.942692692692692624e+00 5.533733742876462003e+01
4.952952952952952792e+00 5.537693389766915431e+01
4.963213213213212960e+00 5.541653064249960181e+01
4.973473473473473128e+00 5.545612752763720721e+01
4.983733733733733295e+00 5.549572441657947053e+01
4.993993993993993463e+00 5.553532117193856976e+01
5.004254254254253631e+00 5.557491765544024531e+01
5.014514514514514687e+00 5.561451372792220837e+01
5.024774774774774855e+00 5.565410924933255643e+01
5.035035035035035023e+00 5.569370407872826689e+01
5.045295295295295190e+00 5.573329807427417393e+01
5.055555555555555358e+00 5.577289109324132710e+01
5.065815815815815526e+00 5.581248299200558449e+01
5.076076076076075694e+00 5.585207362604639059e+01
5.086336336336335862e+00 5.589166284994540490e+01
5.096596596596596029e+00 5.593125051738511644e+01
5.106856856856856197e+00 5.597083648114751497e+01
5.117117117117117253e+00 5.601042059311330945e+01
5.127377377377377421e+00 5.605000270425997400e+01
5.137637637637637589e+00 5.608958266466096632e+01
5.147897897897897757e+00 5.612916032348440609e+01
5.158158158158157924e+00 5.616873552899190969e+01
5.168418418418418092e+00 5.620830812853746039e+01
5.178678678678678260e+00 5.624787796856627153e+01
5.188938938938938428e+00 5.628744489461354306e+01
5.199199199199198596e+00 5.632700875130371543e+01
5.209459459459459651e+00 5.636656938234884962e+01
5.219719719719719819e+00 5.640612663054804443e+01
5.229979979979979987e+00 5.644568033778633520e+01
5.240240240240240155e+00 5.648523034503353557e+01
5.250500500500500323e+00 5.652477649234333512e+01
5.260760760760760490e+00 5.656431861885253909e+01
5.271021021021020658e+00 5.660385656277968991e+01
5.281281281281280826e+00 5.664339016142473326e+01
5.291541541541540994e+00 5.668291925116765384e+01
5.301801801801801162e+00 5.672244366746788558e+01
5.312062062062062218e+00 5.676196324486353717e+01
5.322322322322322385e+00 5.680147781697021969e+01
5.332582582582582553e+00 5.684098721648061314e+01
5.342842842842842721e+00 5.688049127516381276e+01
5.353103103103102889e+00 5.691998982386414951e+01
5.363363363363363057e+00 5.695948269250080642e+01
5.373623623623623224e+00 5.699896971006711510e+01
5.383883883883883392e+00 5.703845070462981681e+01
5.394144144144143560e+00 5.707792550332850823e+01
5.404404404404403728e+00 5.711739393237509432e+01
5.414664664664664784e+00 5.715685581705303520e+01
5.424924924924924952e+00 5.719631098171697658e+01
5.435185185185185119e+00 5.723575924979212459e+01
5.445445445445445287e+00 5.727520044377396857e+01
5.455705705705705455e+00 5.731463438522725795e+01
5.465965965965965623e+00 5.735406089478640013e+01
5.476226226226225791e+00 5.739347979215426676e+01
5.486486486486485958e+00 5.743289089610241405e+01
5.496746746746746126e+00 5.747229402447030111e+01
5.507007007007007182e+00 5.751168899416541080e+01
5.517267267267267350e+00 5.755107562116221231e+01
5.527527527527527518e+00 5.759045372050277933e+01
5.537787787787787686e+00 5.762982310629607952e+01
5.548048048048047853e+00 5.766918359171774711e+01
5.558308308308308021e+00 5.770853498900994083e+01
5.568568568568568189e+00 5.774787710948150732e+01
5.578828828828828357e+00 5.778720976350733451e+01
5.589089089089088525e+00 5.782653276052862878e+01
5.599349349349348692e+00 5.786584590905291492e+01
5.609609609609609748e+00 5.790514901665355296e+01
5.619869869869869916e+00 5.794444188997042744e+01
5.630130130130130084e+00 5.798372433470920839e+01
5.640390390390390252e+00 5.802299615564201929e+01
5.650650650650650419e+00 5.806225715660740150e+01
5.660910910910910587e+00 5.810150714051020771e+01
5.671171171171170755e+00 5.814074590932192876e+01
5.681431431431430923e+00 5.817997326408090686e+01
5.691691691691691091e+00 5.821918900489254156e+01
5.701951951951951258e+00 5.825839293092959537e+01
5.712212212212212314e+00 5.829758484043217237e+01
5.722472472472472482e+00 5.833676453070843593e+01
5.732732732732732650e+00 5.837593179813480759e+01
5.742992992992992818e+00 5.841508643815625845e+01
5.753253253253252986e+00 5.845422824528690597e+01
5.763513513513513153e+00 5.849335701311019875e+01
5.773773773773773321e+00 5.853247253427981178e+01
5.784034034034033489e+00 5.857157460051968201e+01
5.794294294294293657e+00 5.861066300262495332e+01
5.804554554554554713e+00 5.864973753046209737e+01
5.814814814814814881e+00 5.868879797297024226e+01
5.825075075075075048e+00 5.872784411816130756e+01
5.835335335335335216e+00 5.876687575312050171e+01
5.845595595595595384e+00 5.880589266400767912e+01
5.855855855855855552e+00 5.884489463605761728e+01
5.866116116116115720e+00 5.888388145358090497e+01
5.876376376376375887e+00 5.892285289996471676e+01
5.886636636636636055e+00 5.896180875767416296e+01
5.896896896896896223e+00 5.900074880825230395e+01
5.907157157157157279e+00 5.903967283232184116e+01
5.917417417417417447e+00 5.907858060958552926e+01
5.927677677677677615e+00 5.911747191882779617e+01
5.937937937937937782e+00 5.915634653791529018e+01
5.948198198198197950e+00 5.919520424379787471e+01
5.958458458458458118e+00 5.923404481251042597e+01
5.968718718718718286e+00 5.927286801917301062e+01
5.978978978978978454e+00 5.931167363799283976e+01
5.989239239239238621e+00 5.935046144226518550e+01
5.999499499499498789e+00 5.938923120437467418e+01
6.009759759759759845e+00 5.942798269579658665e+01
6.020020020020020013e+00 5.946671568709808042e+01
6.030280280280280181e+00 5.950542994793987361e+01
6.040540540540540349e+00 5.954412524707698395e+01
6.050800800800800516e+00 5.958280135236118724e+01
6.061061061061060684e+00 5.962145803074163553e+01
6.071321321321320852e+00 5.966009504826655530e+01
6.081581581581581020e+00 5.969871217008515885e+01
6.091841841841841187e+00 5.973730916044881667e+01
6.102102102102102243e+00 5.977588578271308251e+01
6.112362362362362411e+00 5.981444179933887284e+01
6.122622622622622579e+00 5.985297697189469091e+01
6.132882882882882747e+00 5.989149106105794118e+01
6.143143143143142915e+00 5.992998382661721024e+01
6.153403403403403082e+00 5.996845502747341072e+01
6.163663663663663250e+00 6.000690442164233929e+01
6.173923923923923418e+00 6.004533176625621138e+01
6.184184184184183586e+00 6.008373681756550866e+01
6.194444444444443754e+00 6.012211933094141614e+01
6.204704704704704810e+00 6.016047906087723618e+01
6.214964964964964977e+00 6.019881576099100329e+01
6.225225225225225145e+00 6.023712918402719652e+01
6.235485485485485313e+00 6.027541908185917663e+01
6.245745745745745481e+00 6.031368520549117562e+01
6.256006006006005649e+00 6.035192730506039283e+01
6.266266266266265816e+00 6.039014512983971628e+01
6.276526526526525984e+00 6.042833842823959145e+01
6.286786786786786152e+00 6.046650694781054369e+01
6.297047047047046320e+00 6.050465043524555853e+01
6.307307307307307376e+00 6.054276863638247619e+01
6.317567567567567544e+00 6.058086129620627958e+01
6.327827827827827711e+00 6.061892815885214247e+01
6.338088088088087879e+00 6.065696896760749723e+01
6.348348348348348047e+00 6.069498346491449325e+01
6.358608608608608215e+00 6.073297139237322995e+01
6.368868868868868383e+00 6.077093249074387415e+01
6.379129129129128550e+00 6.080886649994955917e+01
6.389389389389388718e+00 6.084677315907939033e+01
6.399649649649649774e+00 6.088465220639074005e+01
6.409909909909909942e+00 6.092250337931261583e+01
6.420170170170170110e+00 6.096032641444790556e+01
6.430430430430430278e+00 6.099812104757708653e+01
6.440690690690690445e+00 6.103588701366041391e+01
6.450950950950950613e+00 6.107362404684166535e+01
6.461211211211210781e+00 6.111133188045025832e+01
6.471471471471470949e+00 6.114901024700556320e+01
6.481731731731731116e+00 6.118665887821874350e+01
6.491991991991991284e+00 6.122427750499683441e+01
6.502252252252252340e+00 6.126186585744584789e+01
6.512512512512512508e+00 6.129942366487349403e+01
6.522772772772772676e+00 6.133695065579289718e+01
6.533033033033032844e+00 6.137444655792618420e+01
6.543293293293293011e+00 6.141191109820714189e+01
6.553553553553553179e+00 6.144934400278530973e+01
6.563813813813813347e+00 6.148674499702914886e+01
6.574074074074073515e+00 6.152411380552988618e+01
6.584334334334333683e+00 6.156145015210428539e+01
6.594594594594593850e+00 6.159875375979916612e+01
6.604854854854854906e+00 6.163602435089444498e+01
6.615115115115115074e+00 6.167326164690702939e+01
6.625375375375375242e+00 6.171046536859460474e+01
6.635635635635635410e+00 6.174763523595945713e+01
6.645895895895895578e+00 6.178477096825192660e+01
6.656156156156155745e+00 6.182187228397454248e+01
6.666416416416415913e+00 6.185893890088602376e+01
6.676676676676676081e+00 6.189597053600484600e+01
6.686936936936936249e+00 6.193296690561381013e+01
6.697197197197197305e+00 6.196992772526339621e+01
6.707457457457457473e+00 6.200685270977635355e+01
6.717717717717717640e+00 6.204374157325157313e+01
6.727977977977977808e+00 6.208059402906821589e+01
6.738238238238237976e+00 6.211740978989029571e+01
6.748498498498498144e+00 6.215418856767026767e+01
6.758758758758758312e+00 6.219093007365395209e+01
6.769019019019018479e+00 6.222763401838437147e+01
6.779279279279278647e+00 6.226430011170648982e+01
6.789539539539538815e+00 6.230092806277161088e+01
6.799799799799799871e+00 6.233751758004142829e+01
6.810060060060060039e+00 6.237406837129312720e+01
6.820320320320320207e+00 6.241058014362320705e+01
6.830580580580580374e+00 6.244705260345314457e+01
6.840840840840840542e+00 6.248348545653283992e+01
6.851101101101100710e+00 6.251987840794589602e+01
6.861361361361360878e+00 6.255623116211458523e+01
6.871621621621621046e+00 6.259254342280408423e+01
6.881881881881881213e+00 6.262881489312744776e+01
6.892142142142141381e+00 6.266504527555077431e+01
6.902402402402402437e+00 6.270123427189770382e+01
6.912662662662662605e+00 6.273738158335434889e+01
6.922922922922922773e+00 6.277348691047437512e+01
6.933183183183182940e+00 6.280954995318464285e+01
6.943443443443443108e+00 6.284557041078927853e+01
6.953703703703703276e+00 6.288154798197507489e+01
6.963963963963963444e+00 6.291748236481695500e+01
6.974224224224223612e+00 6.295337325678318052e+01
6.984484484484483779e+00 6.298922035473994896e+01
6.994744744744744835e+00 6.302502335495763219e+01
7.005005005005005003e+00 6.306078195311512502e+01
7.015265265265265171e+00 6.309649584430608371e+01
7.025525525525525339e+00 6.313216472304358007e+01
7.035785785785785507e+00 6.316778828326601314e+01
7.046046046046045674e+00 6.320336621834274382e+01
7.056306306306305842e+00 6.323889822107894787e+01
7.066566566566566010e+00 6.327438398372207473e+01
7.076826826826826178e+00 6.330982319796657265e+01
7.087087087087086346e+00 6.334521555496022671e+01
7.097347347347347402e+00 6.338056074530964423e+01
7.107607607607607569e+00 6.341585845908591068e+01
7.117867867867867737e+00 6.345110838583030244e+01
7.128128128128127905e+00 6.348631021456087353e+01
7.138388388388388073e+00 6.352146363377695337e+01
7.148648648648648241e+00 6.355656833146620954e+01
7.158908908908908408e+00 6.359162399511017583e+01
7.169169169169168576e+00 6.362663031169026340e+01
7.179429429429428744e+00 6.366158696769418412e+01
7.189689689689688912e+00 6.369649364912066858e+01
7.199949949949949968e+00 6.373135004148782201e+01
7.210210210210210136e+00 6.376615582983721708e+01
7.220470470470470303e+00 6.380091069874129772e+01
7.230730730730730471e+00 6.383561433230904925e+01
7.240990990990990639e+00 6.387026641419267747e+01
7.251251251251250807e+00 6.390486662759347780e+01
7.261511511511510975e+00 6.393941465526884826e+01
7.271771771771771142e+00 6.397391017953788150e+01
7.282032032032031310e+00 6.400835288228863362e+01
7.292292292292292366e+00 6.404274244498371615e+01
7.302552552552552534e+00 6.407707854866779940e+01
7.312812812812812702e+00 6.411136087397328254e+01
7.323073073073072869e+00 6.414558910112759804e+01
7.333333333333333037e+00 6.417976290995963495e+01
7.343593593593593205e+00 6.421388197990562219e+01
7.353853853853853373e+00 6.424794599001742768e+01
7.364114114114113541e+00 6.428195461896804375e+01
7.374374374374373708e+00 6.431590754505880625e+01
7.384634634634633876e+00 6.434980444622611628e+01
7.394894894894894932e+00 6.438364500004892932e+01
7.405155155155155100e+00 6.441742888375438270e+01
7.415415415415415268e+00 6.445115577422618003e+01
7.425675675675675436e+00 6.448482534801055976e+01
7.435935935935935603e+00 6.451843728132362799e+01
7.446196196196195771e+00 6.455199125005876226e+01
7.456456456456455939e+00 6.458548692979341865e+01
7.466716716716716107e+00 6.461892399579581081e+01
7.476976976976976275e+00 6.465230212303318069e+01
7.487237237237236442e+00 6.468562098617780975e+01
7.497497497497497498e+00 6.471888025961541757e+01
7.507757757757757666e+00 6.475207961745113039e+01
7.518018018018017834e+00 6.478521873351833449e+01
7.528278278278278002e+00 6.481829728138473001e+01
7.538538538538538170e+00 6.485131493436021799e+01
7.548798798798798337e+00 6.488427136550473051e+01
7.559059059059058505e+00 6.491716624763478194e+01
7.569319319319318673e+00 6.494999925333192436e+01
7.579579579579578841e+00 6.498277005494968250e+01
7.589839839839839897e+00 6.501547832462132703e+01
7.600100100100100065e+00 6.504812373426726424e+01
7.610360360360360232e+00 6.508070595560292304e+01
7.620620620620620400e+00 6.511322466014658517e+01
7.630880880880880568e+00 6.514567951922661848e+01
7.641141141141140736e+00 6.517807020398939244e+01
7.651401401401400904e+00 6.521039638540746353e+01
7.661661661661661071e+00 6.524265773428616910e+01
7.671921921921921239e+00 6.527485392127348973e+01
7.682182182182181407e+00 6.530698461686580458e+01
7.692442442442442463e+00 6.533904949141717111e+01
7.702702702702702631e+00 6.537104821514667208e+01
7.712962962962962798e+00 6.540298045814672889e+01
7.723223223223222966e+00 6.543484589039060495e+01
7.733483483483483134e+00 6.546664418174073319e+01
7.743743743743743302e+00 6.549837500195702944e+01
7.754004004004003470e+00 6.553003802070456629e+01
7.764264264264263637e+00 6.556163290756161643e+01
7.774524524524523805e+00 6.559315933202844917e+01
7.784784784784783973e+00 6.562461696353483376e+01
7.795045045045045029e+00 6.565600547144859434e+01
7.805305305305305197e+00 6.568732452508348274e+01
7.815565565565565365e+00 6.571857379370815977e+01
7.825825825825825532e+00 6.574975294655384062e+01
7.836086086086085700e+00 6.578086165282252296e+01
7.846346346346345868e+00 6.581189958169596821e+01
7.856606606606606036e+00 6.584286640234438437e+01
7.866866866866866204e+00 6.587376178393272141e+01
7.877127127127126371e+00 6.590458539563159945e+01
7.887387387387387427e+00 6.593533690662492575e+01
7.897647647647647595e+00 6.596601598611721329e+01
7.907907907907907763e+00 6.599662230334431001e+01
7.918168168168167931e+00 6.602715552757969419e+01
7.928428428428428099e+00 6.605761532814459258e+01
7.938688688688688266e+00 6.608800137441630795e+01
7.948948948948948434e+00 6.611831333583592141e+01
7.959209209209208602e+00 6.614855088191789889e+01
7.969469469469468770e+00 6.617871368225847561e+01
7.979729729729728938e+00 6.620880140654418256e+01
7.989989989989989994e+00 6.623881372456095562e+01
8.000250250250250161e+00 6.626875030620226426e+01
8.010510510510510329e+00 6.629861082147841955e+01
8.020770770770770497e+00 6.632839494052510076e+01
8.031031031031030665e+00 6.635810233361216603e+01
8.041291291291290833e+00 6.638773267115237786e+01
8.051551551551551000e+00 6.641728562371083910e+01
8.061811811811811168e+00 6.644676086201241105e+01
8.072072072072071336e+00 6.647615805695301106e+01
8.082332332332331504e+00 6.650547687960600740e+01
8.092592592592591672e+00 6.653471700123265009e+01
8.102852852852851839e+00 6.656387809329054051e+01
8.113113113113112007e+00 6.659295982744258424e+01
8.123373373373372175e+00 6.662196187556624238e+01
8.133633633633632343e+00 6.665088390976229960e+01
8.143893893893892511e+00 6.667972560236394486e+01
8.154154154154152678e+00 6.670848662594575273e+01
8.164414414414412846e+00 6.673716665333286358e+01
8.174674674674673014e+00 6.676576535760996478e+01
8.184934934934934958e+00 6.679428241213034312e+01
8.195195195195195126e+00 6.682271749052542020e+01
8.205455455455455294e+00 6.685107026671323638e+01
8.215715715715715461e+00 6.687934041490784409e+01
8.225975975975975629e+00 6.690752760962840284e+01
8.236236236236235797e+00 6.693563152570924046e+01
8.246496496496495965e+00 6.696365183830712908e+01
8.256756756756756133e+00 6.699158822291229853e+01
8.267017017017016300e+00 6.701944035535696287e+01
8.277277277277276468e+00 6.704720791182406003e+01
8.287537537537538412e+00 6.707489056885761158e+01
8.297797797797798580e+00 6.710248800337093655e+01
8.308058058058058748e+00 6.712999989265613010e+01
8.318318318318318916e+00 6.715742591439433795e+01
8.328578578578579084e+00 6.718476574666320289e+01
8.338838838838839251e+00 6.721201906794794922e+01
8.349099099099099419e+00 6.723918555714951140e+01
8.359359359359359587e+00 6.726626489359449579e+01
8.369619619619619755e+00 6.729325675704396303e+01
8.379879879879879923e+00 6.732016082770365983e+01
8.390140140140140090e+00 6.734697678623257389e+01
8.400400400400400258e+00 6.737370431375180146e+01
8.410660660660660426e+00 6.740034309185574557e+01
8.420920920920920594e+00 6.742689280261927820e+01
8.431181181181180762e+00 6.745335312860922272e+01
8.441441441441440929e+00 6.747972375289191405e+01
8.451701701701701097e+00 6.750600435904365781e+01
8.461961961961961265e+00 6.753219463115949850e+01
8.472222222222221433e+00 6.755829425386379228e+01
8.482482482482481601e+00 6.758430291231778142e+01
8.492742742742741768e+00 6.761022029223074981e+01
8.503003003003001936e+00 6.763604607986826522e+01
8.513263263263262104e+00 6.766177996206238276e+01
8.523523523523522272e+00 6.768742162621992975e+01
8.533783783783784216e+00 6.771297076033349072e+01
8.544044044044044384e+00 6.773842705299009026e+01
8.554304304304304551e+00 6.776379019337962006e+01
8.564564564564564719e+00 6.778905987130603705e+01
8.574824824824824887e+00 6.781423577719588991e+01
8.585085085085085055e+00 6.783931760210749928e+01
8.595345345345345223e+00 6.786430503774087697e+01
8.605605605605605390e+00 6.788919777644686349e+01
8.615865865865865558e+00 6.791399551123669198e+01
8.626126126126125726e+00 6.793869793579192162e+01
8.636386386386385894e+00 6.796330474447192671e+01
8.646646646646646062e+00 6.798781563232634539e+01
8.656906906906906229e+00 6.801223029510201457e+01
8.667167167167166397e+00 6.803654842925325852e+01
8.677427427427426565e+00 6.806076973195153812e+01
8.687687687687686733e+00 6.808489390109424733e+01
8.697947947947946901e+00 6.810892063531480289e+01
8.708208208208207068e+00 6.813284963399165406e+01
8.718468468468467236e+00 6.815668059725730643e+01
8.728728728728729180e+00 6.818041322600858223e+01
8.738988988988989348e+00 6.820404722191581470e+01
8.749249249249249516e+00 6.822758228743074937e+01
8.759509509509509684e+00 6.825101812579852378e+01
8.769769769769769852e+00 6.827435444106454554e+01
8.780030030030030019e+00 6.829759093808539205e+01
8.790290290290290187e+00 6.832072732253784864e+01
8.800550550550550355e+00 6.834376330092747764e+01
8.810810810810810523e+00 6.836669858059853766e+01
8.821071071071070691e+00 6.838953286974387424e+01
8.831331331331330858e+00 6.841226587741289222e+01
8.841591591591591026e+00 6.843489731352185856e+01
8.851851851851851194e+00 6.845742688886294047e+01
8.862112112112111362e+00 6.847985431511345666e+01
8.872372372372371530e+00 6.850217930484453177e+01
8.882632632632631697e+00 6.852440157153148448e+01
8.892892892892891865e+00 6.854652082956191350e+01
8.903153153153152033e+00 6.856853679424591519e+01
8.913413413413412201e+00 6.859044918182468109e+01
8.923673673673672369e+00 6.861225770947915237e+01
8.933933933933934313e+00 6.863396209534093373e+01
8.944194194194194480e+00 6.865556205849914306e+01
8.954454454454454648e+00 6.867705731901151012e+01
8.964714714714714816e+00 6.869844759791247668e+01
8.974974974974974984e+00 6.871973261722236259e+01
8.985235235235235152e+00 6.874091209995695806e+01
8.995495495495495319e+00 6.876198577013562385e+01
9.005755755755755487e+00 6.878295335279176470e+01
9.016016016016015655e+00 6.880381457398013367e+01
9.026276276276275823e+00 6.882456916078746190e+01
9.036536536536535991e+00 6.884521684134045927e+01
9.046796796796796158e+00 6.886575734481445465e+01
9.057057057057056326e+00 6.888619040144372718e+01
9.067317317317316494e+00 6.890651574252935063e+01
9.077577577577576662e+00 6.892673310044816049e+01
9.087837837837836830e+00 6.894684220866174940e+01
9.098098098098096997e+00 6.896684280172571846e+01
9.108358358358357165e+00 6.898673461529755002e+01
9.118618618618617333e+00 6.900651738614681108e+01
9.128878878878879277e+00 6.902619085216235817e+01
9.139139139139139445e+00 6.904575475236262605e+01
9.149399399399399613e+00 6.906520882690257679e+01
9.159659659659659781e+00 6.908455281708479845e+01
9.169919919919919948e+00 6.910378646536548786e+01
9.180180180180180116e+00 6.912290951536536454e+01
9.190440440440440284e+00 6.914192171187640668e+01
9.200700700700700452e+00 6.916082280087229606e+01
9.210960960960960620e+00 6.917961252951566564e+01
9.221221221221220787e+00 6.919829064616689607e+01
9.231481481481480955e+00 6.921685690039289796e+01
9.241741741741741123e+00 6.923531104297521210e+01
9.252002002002001291e+00 6.925365282591937444e+01
9.262262262262261459e+00 6.927188200246172300e+01
9.272522522522521626e+00 6.928999832707935980e+01
9.282782782782781794e+00 6.930800155549771091e+01
9.293043043043041962e+00 6.932589144469875464e+01
9.303303303303302130e+00 6.934366775292977536e+01
9.313563563563562298e+00 6.936133023971136424e+01
9.323823823823824242e+00 6.937887866584537733e+01
9.334084084084084409e+00 6.939631279342350467e+01
9.344344344344344577e+00 6.941363238583606687e+01
9.354604604604604745e+00 6.943083720777796941e+01
9.364864864864864913e+00 6.944792702525955974e+01
9.375125125125125081e+00 6.946490160561249638e+01
9.385385385385385248e+00 6.948176071749882965e+01
9.395645645645645416e+00 6.949850413091853341e+01
9.405905905905905584e+00 6.951513161721845790e+01
9.416166166166165752e+00 6.953164294909797150e+01
9.426426426426425920e+00 6.954803790061961877e+01
9.436686686686686087e+00 6.956431624721496121e+01
9.446946946946946255e+00 6.958047776569289056e+01
9.457207207207206423e+00 6.959652223424743056e+01
9.467467467467466591e+00 6.961244943246613559e+01
9.477727727727726759e+00 6.962825914133649974e+01
9.487987987987986926e+00 6.964395114325418490e+01
9.498248248248247094e+00 6.965952522203086517e+01
9.508508508508507262e+00 6.967498116290155963e+01
9.518768768768767430e+00 6.969031875253128305e+01
9.529029029029029374e+00 6.970553777902448189e+01
9.539289289289289542e+00 6.972063803193067599e+01
9.549549549549549710e+00 6.973561930225240246e+01
9.559809809809809877e+00 6.975048138245233531e+01
9.570070070070070045e+00 6.976522406646138563e+01
9.580330330330330213e+00 6.977984714968489754e+01
9.590590590590590381e+00 6.979435042901064890e+01
9.600850850850850549e+00 6.980873370281544510e+01
9.611111111111110716e+00 6.982299677097230983e+01
9.621371371371370884e+00 6.983713943485753362e+01
9.631631631631631052e+00 6.985116149735861768e+01
9.641891891891891220e+00 6.986506276287917672e+01
9.652152152152151388e+00 6.987884303734875857e+01
9.662412412412411555e+00 6.989250212822689434e+01
9.672672672672671723e+00 6.990603984451051645e+01
9.682932932932931891e+00 6.991945599674335199e+01
9.693193193193192059e+00 6.993275039701876494e+01
9.703453453453452227e+00 6.994592285898880846e+01
9.713713713713712394e+00 6.995897319787094659e+01
9.723973973973974338e+00 6.997190123045345445e+01
9.734234234234234506e+00 6.998470677510194093e+01
9.744494494494494674e+00 6.999738965176764793e+01
9.754754754754754842e+00 7.000994968199130142e+01
9.765015015015015010e+00 7.002238668891183693e+01
9.775275275275275177e+00 7.003470049727089020e+01
9.785535535535535345e+00 7.004689093342074102e+01
9.795795795795795513e+00 7.005895782532846283e+01
9.806056056056055681e+00 7.007090100258406551e+01
9.816316316316315849e+00 7.008272029640563971e+01
9.826576576576576016e+00 7.009441553964541072e+01
9.836836836836836184e+00 7.010598656679570695e+01
9.847097097097096352e+00 7.011743321399569595e+01
9.857357357357356520e+00 7.012875531903603132e+01
9.867617617617616688e+00 7.013995272136547499e+01
9.877877877877876855e+00 7.015102526209692257e+01
9.888138138138137023e+00 7.016197278401232040e+01
9.898398398398397191e+00 7.017279513156884718e+01
9.908658658658657359e+00 7.018349215090445625e+01
9.918918918918919303e+00 7.019406368984328992e+01
9.929179179179179471e+00 7.020450959790130696e+01
9.939439439439439639e+00 7.021482972629171115e+01
9.949699699699699806e+00 7.022502392793052195e+01
9.959959959959959974e+00 7.023509205744173300e+01
9.970220220220220142e+00 7.024503397116188808e+01
9.980480480480480310e+00 7.025484952714656117e+01
9.990740740740740478e+00 7.026453858517498929e+01
1.000100100100100065e+01 7.027410100675460569e+01
1.001126126126126081e+01 7.028353665512679527e+01
1.002152152152152098e+01 7.029284539527154152e+01
1.003178178178178115e+01 7.030202709391228666e+01
1.004204204204204132e+01 7.031108161952090541e+01
1.005230230230230148e+01 7.032000884232304827e+01
1.006256256256256165e+01 7.032880863430096952e+01
1.007282282282282182e+01 7.033748086920097364e+01
1.008308308308308199e+01 7.034602542253566071e+01
1.009334334334334216e+01 7.035444217158962488e+01
1.010360360360360232e+01 7.036273099542360399e+01
1.011386386386386249e+01 7.037089177487905545e+01
1.012412412412412444e+01 7.037892439258273214e+01
1.013438438438438460e+01 7.038682873294993669e+01
1.014464464464464477e+01 7.039460468219002109e+01
1.015490490490490494e+01 7.040225212830944201e+01
1.016516516516516511e+01 7.040977096111765832e+01
1.017542542542542527e+01 7.041716107222801213e+01
1.018568568568568544e+01 7.042442235506548798e+01
1.019594594594594561e+01 7.043155470486782121e+01
1.020620620620620578e+01 7.043855801869024447e+01
1.021646646646646595e+01 7.044543219540975088e+01
1.022672672672672611e+01 7.045217713572753837e+01
1.023698698698698628e+01 7.045879274217472243e+01
1.024724724724724645e+01 7.046527891911344454e+01
1.025750750750750662e+01 7.047163557274191703e+01
1.026776776776776678e+01 7.047786261109843053e+01
1.027802802802802695e+01 7.048395994406250509e+01
1.028828828828828712e+01 7.048992748336053182e+01
1.029854854854854729e+01 7.049576514256790460e+01
1.030880880880880746e+01 7.050147283711179114e+01
1.031906906906906940e+01 7.050705048427548149e+01
1.032932932932932957e+01 7.051249800320071870e+01
1.033958958958958974e+01 7.051781531489051247e+01
1.034984984984984990e+01 7.052300234221192454e+01
1.036011011011011007e+01 7.052805900989987720e+01
1.037037037037037024e+01 7.053298524455928487e+01
1.038063063063063041e+01 7.053778097466739894e+01
1.039089089089089057e+01 7.054244613057717572e+01
1.040115115115115074e+01 7.054698064451895334e+01
1.041141141141141091e+01 7.055138445060413233e+01
1.042167167167167108e+01 7.055565748482717936e+01
1.043193193193193125e+01 7.055979968506711941e+01
1.044219219219219141e+01 7.056381099109076160e+01
1.045245245245245158e+01 7.056769134455520032e+01
1.046271271271271175e+01 7.057144068900856837e+01
1.047297297297297192e+01 7.057505896989377447e+01
1.048323323323323208e+01 7.057854613454954062e+01
1.049349349349349225e+01 7.058190213221229214e+01
1.050375375375375242e+01 7.058512691401875827e+01
1.051401401401401436e+01 7.058822043300725113e+01
1.052427427427427453e+01 7.059118264411915789e+01
1.053453453453453470e+01 7.059401350420120025e+01
1.054479479479479487e+01 7.059671297200715401e+01
1.055505505505505504e+01 7.059928100819830377e+01
1.056531531531531520e+01 7.060171757534618564e+01
1.057557557557557537e+01 7.060402263793326938e+01
1.058583583583583554e+01 7.060619616235422313e+01
1.059609609609609571e+01 7.060823811691741980e+01
1.060635635635635587e+01 7.061014847184615917e+01
1.061661661661661604e+01 7.061192719927944950e+01
1.062687687687687621e+01 7.061357427327315861e+01
1.063713713713713638e+01 7.061508966980217394e+01
1.064739739739739655e+01 7.061647336675841302e+01
1.065765765765765671e+01 7.061772534395420564e+01
1.066791791791791688e+01 7.061884558312287652e+01
1.067817817817817705e+01 7.061983406791777895e+01
1.068843843843843722e+01 7.062069078391472488e+01
1.069869869869869738e+01 7.062141571861103273e+01
1.070895895895895755e+01 7.062200886142714751e+01
1.071921921921921950e+01 7.062247020370634232e+01
1.072947947947947966e+01 7.062279973871578420e+01
1.073973973973973983e+01 7.062299746164522674e+01
1.075000000000000000e+01 7.062306336960904218e+01
