1.000000000000000021e-02 4.989129658498768894e-59
5.003003003003003712e-02 1.606266057095693403e-33
9.006006006006006537e-02 4.677477125498185587e-26
1.300900900900901214e-01 6.863141266391110339e-22
1.701201201201201496e-01 4.283781830949810386e-19
2.101501501501501779e-01 4.881944173550010490e-17
2.501801801801802339e-01 1.947143762975609797e-15
2.902102102102102621e-01 3.832883959180217631e-14
3.302402402402402903e-01 4.558493563201963051e-13
3.702702702702703186e-01 3.724299883731561958e-12
4.103003003003003468e-01 2.278447884338349215e-11
4.503303303303303751e-01 1.108841706629463698e-10
4.903603603603604588e-01 4.485514921369774646e-10
5.303903903903904871e-01 1.558556868338462319e-09
5.704204204204205153e-01 4.769896641109056638e-09
6.104504504504505435e-01 1.311256972267170025e-08
6.504804804804805718e-01 3.288697078025227972e-08
6.905105105105106000e-01 7.620284969178626615e-08
7.305405405405406283e-01 1.648105827570043283e-07
7.705705705705706565e-01 3.355422369356592324e-07
8.106006006006006848e-01 6.476365709775259361e-07
8.506306306306307130e-01 1.192141256024074301e-06
8.906606606606607413e-01 2.103472992792517194e-06
9.306906906906907695e-01 3.573081647203864481e-06
9.707207207207209088e-01 5.865020141877204122e-06
1.010750750750750937e+00 9.333080306771212464e-06
1.050780780780780965e+00 1.443902790034232343e-05
1.090810810810810993e+00 2.177136711950178601e-05
1.130840840840841022e+00 3.206399285883697624e-05
1.170870870870871050e+00 4.621405142916740433e-05
1.210900900900901078e+00 6.529832813026391065e-05
1.250930930930931106e+00 9.058751115796283184e-05
1.290960960960961135e+00 1.235577419554734018e-04
1.330990990990991163e+00 1.658989470195289750e-04
1.371021021021021191e+00 2.195195492530210455e-04
1.411051051051051219e+00 2.865472718461887407e-04
1.451081081081081248e+00 3.693258681665705263e-04
1.491111111111111276e+00 4.704077315550151306e-04
1.531141141141141304e+00 5.925424543241858497e-04
1.571171171171171332e+00 7.386615115935545690e-04
1.611201201201201361e+00 9.118593397786551886e-04
1.651231231231231389e+00 1.115371159432588643e-03
1.691261261261261417e+00 1.352547956446845719e-03
1.731291291291291445e+00 1.626829083877540105e-03
1.771321321321321474e+00 1.941712979065244411e-03
1.811351351351351502e+00 2.300726508003495506e-03
1.851381381381381530e+00 2.707393452246461846e-03
1.891411411411411558e+00 3.165202644497702809e-03
1.931441441441441809e+00 3.677576239052189177e-03
1.971471471471471837e+00 4.247838574236230055e-03
2.011501501501501643e+00 4.879186047688490943e-03
2.051531531531531449e+00 5.574658383490472581e-03
2.091561561561561700e+00 6.337111624433122703e-03
2.131591591591591506e+00 7.169193134613063671e-03
2.171621621621621756e+00 8.073318848448680571e-03
2.211651651651651562e+00 9.051652953282120218e-03
2.251681681681681813e+00 1.010609014500580584e-02
2.291711711711711619e+00 1.123824055045731171e-02
2.331741741741741869e+00 1.244941736734116178e-02
2.371771771771771675e+00 1.374062723266853379e-02
2.411801801801801926e+00 1.511256329452863138e-02
2.451831831831831732e+00 1.656560092965383632e-02
2.491861861861861982e+00 1.809979602083962302e-02
2.531891891891891788e+00 1.971488568385381876e-02
2.571921921921922038e+00 2.141029131296086352e-02
2.611951951951952289e+00 2.318512379746748980e-02
2.651981981981982095e+00 2.503819074858800939e-02
2.692012012012012345e+00 2.696800556620719547e-02
2.732042042042042151e+00 2.897279816853289350e-02
2.772072072072072402e+00 3.105052720391112894e-02
2.812102102102102208e+00 3.319889356293235366e-02
2.852132132132132458e+00 3.541535501010921461e-02
2.892162162162162264e+00 3.769714175755887325e-02
2.932192192192192515e+00 4.004127280800694189e-02
2.972222222222222321e+00 4.244457290076854988e-02
3.012252252252252571e+00 4.490368990190764936e-02
3.052282282282282377e+00 4.741511248828977898e-02
3.092312312312312628e+00 4.997518798450382993e-02
3.132342342342342434e+00 5.258014022143762262e-02
3.172372372372372684e+00 5.522608729546888556e-02
3.212402402402402490e+00 5.790905911761132924e-02
3.252432432432432741e+00 6.062501465239848036e-02
3.292462462462462547e+00 6.336985875666308055e-02
3.332492492492492797e+00 6.613945853857730595e-02
3.372522522522522603e+00 6.892965916725971032e-02
3.412552552552552854e+00 7.173629907286108165e-02
3.452582582582582660e+00 7.455522448624120335e-02
3.492612612612612910e+00 7.738230327610631787e-02
3.532642642642642716e+00 8.021343804973883607e-02
3.572672672672672967e+00 8.304457849120736035e-02
3.612702702702702773e+00 8.587173291816391218e-02
3.652732732732733023e+00 8.869097904501660468e-02
3.692762762762762829e+00 9.149847394640409082e-02
3.732792792792793080e+00 9.429046322049465523e-02
3.772822822822822886e+00 9.706328935670448244e-02
3.812852852852853136e+00 9.981339931697977286e-02
3.852882882882883386e+00 1.025373513438407186e-01
3.892912912912913193e+00 1.052318210119617681e-01
3.932942942942943443e+00 1.078936065431764235e-01
3.972972972972973249e+00 1.105196334074815961e-01
4.013003003003003499e+00 1.131069582348921410e-01
4.053033033033033306e+00 1.156527720648898444e-01
4.093063063063063112e+00 1.181544029617529606e-01
4.133093093093093806e+00 1.206093180252575670e-01
4.173123123123123612e+00 1.230151248271520031e-01
4.213153153153153418e+00 1.253695723044337962e-01
4.253183183183183225e+00 1.276705511408333660e-01
4.293213213213213919e+00 1.299160936680557876e-01
4.333243243243243725e+00 1.321043733182767077e-01
4.373273273273273531e+00 1.342337036591439436e-01
4.413303303303303338e+00 1.363025370421346305e-01
4.453333333333334032e+00 1.383094628945695792e-01
4.493363363363363838e+00 1.402532056849197517e-01
4.533393393393393644e+00 1.421326225902576623e-01
4.573423423423423451e+00 1.439467008938448422e-01
4.613453453453454145e+00 1.456945551399007055e-01
4.653483483483483951e+00 1.473754240715950958e-01
4.693513513513513757e+00 1.489886673772547743e-01
4.733543543543543564e+00 1.505337622686826193e-01
4.773573573573574258e+00 1.520102999143733147e-01
4.813603603603604064e+00 1.534179817492736242e-01
4.853633633633633870e+00 1.547566156815954330e-01
4.893663663663663677e+00 1.560261122160417624e-01
4.933693693693694371e+00 1.572264805116736219e-01
4.973723723723724177e+00 1.583578243915150507e-01
5.013753753753753983e+00 1.594203383198873614e-01
5.053783783783783790e+00 1.604143033623747772e-01
5.093813813813814484e+00 1.613400831422619197e-01
5.133843843843844290e+00 1.621981198062513729e-01
5.173873873873874096e+00 1.629889300112657424e-01
5.213903903903904791e+00 1.637131009431722073e-01
5.253933933933934597e+00 1.643712863773347799e-01
5.293963963963964403e+00 1.649642027900030117e-01
5.333993993993994209e+00 1.654926255286898462e-01
5.374024024024024904e+00 1.659573850488705316e-01
5.414054054054054710e+00 1.663593632235560449e-01
5.454084084084084516e+00 1.666994897315529356e-01
5.494114114114114322e+00 1.669787385295197768e-01
5.534144144144145017e+00 1.671981244122667520e-01
5.574174174174174823e+00 1.673586996651214298e-01
5.614204204204204629e+00 1.674615508115935014e-01
5.654234234234234435e+00 1.675077954590236395e-01
5.694264264264265130e+00 1.674985792443838550e-01
5.734294294294294936e+00 1.674350728819173628e-01
5.774324324324324742e+00 1.673184693138601020e-01
5.814354354354354548e+00 1.671499809650697776e-01
5.854384384384385243e+00 1.669308371020077897e-01
5.894414414414415049e+00 1.666622812961643663e-01
5.934444444444444855e+00 1.663455689916948643e-01
5.974474474474474661e+00 1.659819651767373283e-01
6.014504504504505356e+00 1.655727421576125846e-01
6.054534534534535162e+00 1.651191774348610142e-01
6.094564564564564968e+00 1.646225516798502098e-01
6.134594594594594774e+00 1.640841468104875245e-01
6.174624624624625469e+00 1.635052441643938814e-01
6.214654654654655275e+00 1.628871227677375078e-01
6.254684684684685081e+00 1.622310576977858965e-01
6.294714714714714887e+00 1.615383185371147834e-01
6.334744744744745581e+00 1.608101679173057907e-01
6.374774774774775388e+00 1.600478601498769859e-01
6.414804804804805194e+00 1.592526399421134997e-01
6.454834834834835888e+00 1.584257411954054784e-01
6.494864864864865694e+00 1.575683858836503803e-01
6.534894894894895501e+00 1.566817830092393504e-01
6.574924924924925307e+00 1.557671276341205391e-01
6.614954954954956001e+00 1.548255999834149688e-01
6.654984984984985807e+00 1.538583646190525289e-01
6.695015015015015614e+00 1.528665696808953756e-01
6.735045045045045420e+00 1.518513461928244213e-01
6.775075075075076114e+00 1.508138074312786736e-01
6.815105105105105920e+00 1.497550483537578858e-01
6.855135135135135727e+00 1.486761450848257116e-01
6.895165165165165533e+00 1.475781544571810044e-01
6.935195195195196227e+00 1.464621136054025941e-01
6.975225225225226033e+00 1.453290396100105630e-01
7.015255255255255840e+00 1.441799291895316804e-01
7.055285285285285646e+00 1.430157584383033587e-01
7.095315315315316340e+00 1.418374826077986040e-01
7.135345345345346146e+00 1.406460359293066620e-01
7.175375375375375953e+00 1.394423314758566901e-01
7.215405405405405759e+00 1.382272610613276553e-01
7.255435435435436453e+00 1.370016951747431988e-01
7.295465465465466259e+00 1.357664829478068824e-01
7.335495495495496066e+00 1.345224521537927709e-01
7.375525525525525872e+00 1.332704092359633108e-01
7.415555555555556566e+00 1.320111393637458108e-01
7.455585585585586372e+00 1.307454065149582234e-01
7.495615615615616179e+00 1.294739535824318555e-01
7.535645645645645985e+00 1.281975025034402249e-01
7.575675675675676679e+00 1.269167544103977918e-01
7.615705705705706485e+00 1.256323898013533003e-01
7.655735735735736291e+00 1.243450687288559786e-01
7.695765765765766986e+00 1.230554310058324247e-01
7.735795795795796792e+00 1.217640964271650278e-01
7.775825825825826598e+00 1.204716650057167798e-01
7.815855855855856404e+00 1.191787172216031282e-01
7.855885885885887099e+00 1.178858142835609996e-01
7.895915915915916905e+00 1.165934984013181075e-01
7.935945945945946711e+00 1.153022930679141189e-01
7.975975975975976517e+00 1.140127033509757554e-01
8.016006006006007212e+00 1.127252161919931467e-01
8.056036036036037018e+00 1.114403007126925638e-01
8.096066066066066824e+00 1.101584085276450936e-01
8.136096096096096630e+00 1.088799740622936191e-01
8.176126126126126437e+00 1.076054148756238338e-01
8.216156156156156243e+00 1.063351319867447825e-01
8.256186186186187825e+00 1.050695102046851903e-01
8.296216216216217632e+00 1.038089184607486476e-01
8.336246246246247438e+00 1.025537101428087849e-01
8.376276276276277244e+00 1.013042234309609740e-01
8.416306306306307050e+00 1.000607816339809109e-01
8.456336336336336856e+00 9.882369352607382751e-02
8.496366366366366663e+00 9.759325368343042817e-02
8.536396396396396469e+00 9.636974282013485715e-02
8.576426426426428051e+00 9.515342812300130182e-02
8.616456456456457857e+00 9.394456358494161774e-02
8.656486486486487664e+00 9.274339033649575681e-02
8.696516516516517470e+00 9.155013697518120386e-02
8.736546546546547276e+00 9.036501989234242693e-02
8.776576576576577082e+00 8.918824359720625705e-02
8.816606606606606888e+00 8.802000103786963847e-02
8.856636636636636695e+00 8.686047391897003256e-02
8.896666666666668277e+00 8.570983301580806235e-02
8.936696696696698083e+00 8.456823848471164973e-02
8.976726726726727890e+00 8.343584016944977089e-02
9.016756756756757696e+00 8.231277790352256596e-02
9.056786786786787502e+00 8.119918180816980413e-02
9.096816816816817308e+00 8.009517258595731659e-02
9.136846846846847114e+00 7.900086180981491513e-02
9.176876876876878697e+00 7.791635220741525980e-02
9.216906906906908503e+00 7.684173794079522668e-02
9.256936936936938309e+00 7.577710488113516274e-02
9.296966966966968116e+00 7.472253087862369691e-02
9.336996996996997922e+00 7.367808602734722545e-02
9.377027027027027728e+00 7.264383292515315393e-02
9.417057057057057534e+00 7.161982692844764964e-02
9.457087087087087340e+00 7.060611640189760896e-02
9.497117117117118923e+00 6.960274296301517671e-02
9.537147147147148729e+00 6.860974172161245221e-02
9.577177177177178535e+00 6.762714151412159425e-02
9.617207207207208342e+00 6.665496513278286461e-02
9.657237237237238148e+00 6.569322954971000550e-02
9.697267267267267954e+00 6.474194613584981217e-02
9.737297297297297760e+00 6.380112087485692585e-02
9.777327327327327566e+00 6.287075457191307337e-02
9.817357357357359149e+00 6.195084305752165260e-02
9.857387387387388955e+00 6.104137738631833926e-02
9.897417417417418761e+00 6.014234403093620535e-02
9.937447447447448567e+00 5.925372507097564911e-02
9.977477477477478374e+00 5.837549837712560641e-02
1.001750750750750818e+01 5.750763779049260921e-02
1.005753753753753799e+01 5.665011329719150251e-02
1.009756756756756779e+01 5.580289119825986022e-02
1.013759759759759937e+01 5.496593427495628098e-02
1.017762762762762918e+01 5.413920194950782444e-02
1.021765765765765899e+01 5.332265044137300680e-02
1.025768768768768879e+01 5.251623291908825986e-02
1.029771771771771860e+01 5.171989964776796400e-02
1.033774774774774841e+01 5.093359813232970629e-02
1.037777777777777821e+01 5.015727325651683083e-02
1.041780780780780979e+01 4.939086741779189632e-02
1.045783783783783960e+01 4.863432065817637623e-02
1.049786786786786941e+01 4.788757079110988329e-02
1.053789789789789921e+01 4.715055352440713360e-02
1.057792792792792902e+01 4.642320257938671590e-02
1.061795795795795883e+01 4.570544980624893089e-02
1.065798798798798863e+01 4.499722529577946523e-02
1.069801801801801844e+01 4.429845748745535328e-02
1.073804804804805002e+01 4.360907327402877703e-02
1.077807807807807983e+01 4.292899810266734978e-02
1.081810810810810963e+01 4.225815607272405405e-02
1.085813813813813944e+01 4.159647003021524347e-02
1.089816816816816925e+01 4.094386165908027453e-02
1.093819819819819905e+01 4.030025156929793739e-02
1.097822822822822886e+01 3.966555938193444542e-02
1.101825825825825866e+01 3.903970381119610533e-02
1.105828828828829025e+01 3.842260274355901312e-02
1.109831831831832005e+01 3.781417331404894611e-02
1.113834834834834986e+01 3.721433197974181872e-02
1.117837837837837967e+01 3.662299459055565892e-02
1.121840840840840947e+01 3.604007645740313348e-02
1.125843843843843928e+01 3.546549241777392780e-02
1.129846846846846908e+01 3.489915689881371852e-02
1.133849849849849889e+01 3.434098397796730984e-02
1.137852852852853047e+01 3.379088744125080535e-02
1.141855855855856028e+01 3.324878083921802008e-02
1.145858858858859008e+01 3.271457754068396451e-02
1.149861861861861989e+01 3.218819078426846114e-02
1.153864864864864970e+01 3.166953372782135151e-02
1.157867867867867950e+01 3.115851949578865576e-02
1.161870870870870931e+01 3.065506122458009838e-02
1.165873873873874089e+01 3.015907210599468730e-02
1.169876876876877070e+01 2.967046542876293838e-02
1.173879879879880050e+01 2.918915461825945593e-02
1.177882882882883031e+01 2.871505327444243832e-02
1.181885885885886012e+01 2.824807520807288280e-02
1.185888888888888992e+01 2.778813447526530533e-02
1.189891891891891973e+01 2.733514541042253790e-02
1.193894894894894954e+01 2.688902265760373389e-02
1.197897897897898112e+01 2.644968120037511847e-02
1.201900900900901092e+01 2.601703639019172301e-02
1.205903903903904073e+01 2.559100397335592122e-02
1.209906906906907054e+01 2.517150011660027401e-02
1.213909909909910034e+01 2.475844143133736075e-02
1.217912912912913015e+01 2.435174499662234524e-02
1.221915915915915996e+01 2.395132838086908023e-02
1.225918918918918976e+01 2.355710966236231399e-02
1.229921921921922134e+01 2.316900744860667799e-02
1.233924924924925115e+01 2.278694089455088681e-02
1.237927927927928096e+01 2.241082971972704896e-02
1.241930930930931076e+01 2.204059422434152121e-02
1.245933933933934057e+01 2.167615530435458918e-02
1.249936936936937038e+01 2.131743446558400507e-02
1.253939939939940018e+01 2.096435383686768086e-02
1.257942942942942999e+01 2.061683618231857293e-02
1.261945945945946157e+01 2.027480491270531801e-02
1.265948948948949138e+01 1.993818409598979366e-02
1.269951951951952118e+01 1.960689846705334846e-02
1.273954954954955099e+01 1.928087343664145609e-02
1.277957957957958079e+01 1.896003509955627303e-02
1.281960960960961060e+01 1.864431024212575769e-02
1.285963963963964041e+01 1.833362634897681490e-02
1.289966966966967199e+01 1.802791160913947213e-02
1.293969969969970180e+01 1.772709492150840657e-02
1.297972972972973160e+01 1.743110589968684468e-02
1.301975975975976141e+01 1.713987487623771372e-02
1.305978978978979121e+01 1.685333290636589765e-02
1.309981981981982102e+01 1.657141177105466920e-02
1.313984984984985083e+01 1.629404397967893978e-02
1.317987987987988063e+01 1.602116277211685508e-02
1.321990990990991222e+01 1.575270212038113252e-02
1.325993993993994202e+01 1.548859672979062581e-02
1.329996996996997183e+01 1.522878203970137387e-02
1.334000000000000163e+01 1.497319422381746847e-02
1.338003003003003144e+01 1.472177019009907918e-02
1.342006006006006125e+01 1.447444758028658754e-02
1.346009009009009105e+01 1.423116476905783578e-02
1.350012012012012086e+01 1.399186086283540388e-02
1.354015015015015244e+01 1.375647569826048480e-02
1.358018018018018225e+01 1.352494984034863235e-02
1.362021021021021205e+01 1.329722458034326982e-02
1.366024024024024186e+01 1.307324193328134564e-02
1.370027027027027167e+01 1.285294463528534152e-02
1.374030030030030147e+01 1.263627614059576777e-02
1.378033033033033128e+01 1.242318061835712140e-02
1.382036036036036108e+01 1.221360294917035391e-02
1.386039039039039267e+01 1.200748872142416712e-02
1.390042042042042247e+01 1.180478422741724522e-02
1.394045045045045228e+01 1.160543645928287237e-02
1.398048048048048209e+01 1.140939310472711965e-02
1.402051051051051189e+01 1.121660254259138241e-02
1.406054054054054170e+01 1.102701383824980161e-02
1.410057057057057150e+01 1.084057673885115668e-02
1.414060060060060309e+01 1.065724166841527584e-02
1.418063063063063289e+01 1.047695972279326024e-02
1.422066066066066270e+01 1.029968266449992481e-02
1.426069069069069251e+01 1.012536291742781834e-02
1.430072072072072231e+01 9.953953561450691254e-03
1.434075075075075212e+01 9.785408326924156797e-03
1.438078078078078192e+01 9.619681589091943347e-03
1.442081081081081173e+01 9.456728362404319410e-03
1.446084084084084331e+01 9.296504294756280720e-03
1.450087087087087312e+01 9.138965661652294348e-03
1.454090090090090293e+01 8.984069360303730337e-03
1.458093093093093273e+01 8.831772903665777510e-03
1.462096096096096254e+01 8.682034414419628754e-03
1.466099099099099234e+01 8.534812618905726275e-03
1.470102102102102215e+01 8.390066841013498269e-03
1.474105105105105196e+01 8.247756996033408713e-03
1.478108108108108354e+01 8.107843584475575571e-03
1.482111111111111335e+01 7.970287685860782609e-03
1.486114114114114315e+01 7.835050952487846929e-03
1.490117117117117296e+01 7.702095603182048528e-03
1.494120120120120276e+01 7.571384417029165988e-03
1.498123123123123257e+01 7.442880727098720450e-03
1.502126126126126238e+01 7.316548414160749074e-03
1.506129129129129218e+01 7.192351900399606042e-03
1.510132132132132377e+01 7.070256143128488685e-03
1.514135135135135357e+01 6.950226628508023724e-03
1.518138138138138338e+01 6.832229365272060422e-03
1.522141141141141318e+01 6.716230878464067230e-03
1.526144144144144299e+01 6.602198203186721015e-03
1.530147147147147280e+01 6.490098878367573688e-03
1.534150150150150260e+01 6.379900940543750502e-03
1.538153153153153418e+01 6.271572917667654970e-03
1.542156156156156399e+01 6.165083822936670219e-03
1.546159159159159380e+01 6.060403148648620987e-03
1.550162162162162360e+01 5.957500860085531563e-03
1.554165165165165341e+01 5.856347389427462094e-03
1.558168168168168322e+01 5.756913629698436410e-03
1.562171171171171302e+01 5.659170928746430282e-03
1.566174174174174283e+01 5.563091083258742825e-03
1.570177177177177441e+01 5.468646332814863092e-03
1.574180180180180422e+01 5.375809353977907372e-03
1.578183183183183402e+01 5.284553254426410489e-03
1.582186186186186383e+01 5.194851567127508479e-03
1.586189189189189364e+01 5.106678244552959392e-03
1.590192192192192344e+01 5.020007652939206116e-03
1.594195195195195325e+01 4.934814566592311304e-03
1.598198198198198305e+01 4.851074162239085372e-03
1.602201201201201641e+01 4.768762013425182147e-03
1.606204204204204444e+01 4.687854084961080685e-03
1.610207207207207603e+01 4.608326727416673166e-03
1.614210210210210406e+01 4.530156671665423393e-03
1.618213213213213564e+01 4.453321023478410724e-03
1.622216216216216722e+01 4.377797258169341919e-03
1.626219219219219525e+01 4.303563215290647122e-03
1.630222222222222683e+01 4.230597093381390297e-03
1.634225225225225486e+01 4.158877444767545770e-03
1.638228228228228645e+01 4.088383170414705906e-03
1.642231231231231448e+01 4.019093514833974555e-03
1.646234234234234606e+01 3.950988061041036704e-03
1.650237237237237764e+01 3.884046725568854937e-03
1.654240240240240567e+01 3.818249753534167044e-03
1.658243243243243725e+01 3.753577713757868042e-03
1.662246246246246528e+01 3.690011493939625298e-03
1.666249249249249686e+01 3.627532295886598361e-03
1.670252252252252489e+01 3.566121630796538489e-03
1.674255255255255648e+01 3.505761314595148576e-03
1.678258258258258806e+01 3.446433463327837083e-03
1.682261261261261609e+01 3.388120488605705048e-03
1.686264264264264767e+01 3.330805093105826484e-03
1.690267267267267570e+01 3.274470266125719363e-03
1.694270270270270728e+01 3.219099279191794255e-03
1.698273273273273531e+01 3.164675681721854789e-03
1.702276276276276690e+01 3.111183296741210601e-03
1.706279279279279493e+01 3.058606216652506003e-03
1.710282282282282651e+01 3.006928799058869277e-03
1.714285285285285809e+01 2.956135662640240348e-03
1.718288288288288612e+01 2.906211683082623575e-03
1.722291291291291770e+01 2.857141989059974220e-03
1.726294294294294573e+01 2.808911958268532107e-03
1.730297297297297732e+01 2.761507213513138877e-03
1.734300300300300535e+01 2.714913618845504143e-03
1.738303303303303693e+01 2.669117275753725340e-03
1.742306306306306851e+01 2.624104519403140656e-03
1.746309309309309654e+01 2.579861914927786010e-03
1.750312312312312812e+01 2.536376253772360239e-03
1.754315315315315615e+01 2.493634550084252669e-03
1.758318318318318774e+01 2.451624037155138679e-03
1.762321321321321577e+01 2.410332163911915564e-03
1.766324324324324735e+01 2.369746591456518142e-03
1.770327327327327538e+01 2.329855189654121000e-03
1.774330330330330696e+01 2.290646033769470642e-03
1.778333333333333854e+01 2.252107401150769874e-03
1.782336336336336657e+01 2.214227767960793083e-03
1.786339339339339816e+01 2.176995805954699825e-03
1.790342342342342619e+01 2.140400379304265716e-03
1.794345345345345777e+01 2.104430541467818515e-03
1.798348348348348580e+01 2.069075532105754504e-03
1.802351351351351738e+01 2.034324774040877516e-03
1.806354354354354896e+01 2.000167870263309076e-03
1.810357357357357699e+01 1.966594600979433647e-03
1.814360360360360858e+01 1.933594920704367198e-03
1.818363363363363661e+01 1.901158955397601324e-03
1.822366366366366819e+01 1.869276999641200990e-03
1.826369369369369622e+01 1.837939513860267727e-03
1.830372372372372780e+01 1.807137121585004110e-03
1.834375375375375938e+01 1.776860606754056184e-03
1.838378378378378741e+01 1.747100911058611710e-03
1.842381381381381900e+01 1.717849131326712551e-03
1.846384384384384703e+01 1.689096516947466344e-03
1.850387387387387861e+01 1.660834467334490255e-03
1.854390390390390664e+01 1.633054529428297095e-03
1.858393393393393822e+01 1.605748395237004090e-03
1.862396396396396625e+01 1.578907899415012573e-03
1.866399399399399783e+01 1.552525016879076174e-03
1.870402402402402942e+01 1.526591860461414246e-03
1.874405405405405745e+01 1.501100678599280504e-03
1.878408408408408903e+01 1.476043853060595920e-03
1.882411411411411706e+01 1.451413896705202634e-03
1.886414414414414864e+01 1.427203451281195508e-03
1.890417417417417667e+01 1.403405285255941628e-03
1.894420420420420825e+01 1.380012291681313556e-03
1.898423423423423984e+01 1.357017486092685927e-03
1.902426426426426787e+01 1.334414004441219007e-03
1.906429429429429945e+01 1.312195101059026323e-03
1.910432432432432748e+01 1.290354146656753648e-03
1.914435435435435906e+01 1.268884626353118314e-03
1.918438438438438709e+01 1.247780137736014851e-03
1.922441441441441867e+01 1.227034388954694301e-03
1.926444444444445026e+01 1.206641196842641846e-03
1.930447447447447828e+01 1.186594485070665509e-03
1.934450450450450987e+01 1.166888282329838367e-03
1.938453453453453790e+01 1.147516720543824160e-03
1.942456456456456948e+01 1.128474033110159333e-03
1.946459459459459751e+01 1.109754553170163010e-03
1.950462462462462909e+01 1.091352711906941678e-03
1.954465465465465712e+01 1.073263036871190210e-03
1.958468468468468870e+01 1.055480150334313057e-03
1.962471471471472029e+01 1.037998767668529051e-03
1.966474474474474832e+01 1.020813695753507297e-03
1.970477477477477990e+01 1.003919831409191528e-03
1.974480480480480793e+01 9.873121598543896631e-04
1.978483483483483951e+01 9.709857531907841030e-04
1.982486486486486754e+01 9.549357689119665048e-04
1.986489489489489912e+01 9.391574484370758102e-04
1.990492492492493071e+01 9.236461156688061027e-04
1.994495495495495874e+01 9.083971755752263651e-04
1.998498498498499032e+01 8.934061127952390956e-04
2.002501501501501835e+01 8.786684902671883755e-04
2.006504504504504993e+01 8.641799478803202086e-04
2.010507507507507796e+01 8.499362011487480778e-04
2.014510510510510954e+01 8.359330399075589951e-04
2.018513513513513757e+01 8.221663270307396623e-04
2.022516516516516916e+01 8.086319971705527038e-04
2.026519519519520074e+01 7.953260555180867181e-04
2.030522522522522877e+01 7.822445765845867979e-04
2.034525525525526035e+01 7.693837030033028176e-04
2.038528528528528838e+01 7.567396443514792705e-04
2.042531531531531996e+01 7.443086759922187476e-04
2.046534534534534799e+01 7.320871379358786200e-04
2.050537537537537958e+01 7.200714337206892170e-04
2.054540540540541116e+01 7.082580293123337230e-04
2.058543543543543919e+01 6.966434520221144455e-04
2.062546546546547077e+01 6.852242894434920802e-04
2.066549549549549880e+01 6.739971884066431156e-04
2.070552552552553038e+01 6.629588539507738675e-04
2.074555555555555841e+01 6.521060483139208509e-04
2.078558558558559000e+01 6.414355899399196018e-04
2.082561561561562158e+01 6.309443525022996298e-04
2.086564564564564961e+01 6.206292639448204645e-04
2.090567567567568119e+01 6.104873055383716737e-04
2.094570570570570922e+01 6.005155109540008225e-04
2.098573573573574080e+01 5.907109653517524615e-04
2.102576576576576883e+01 5.810708044851372982e-04
2.106579579579580042e+01 5.715922138209034728e-04
2.110582582582582845e+01 5.622724276739149993e-04
2.114585585585586003e+01 5.531087283568521164e-04
2.118588588588589161e+01 5.440984453445226734e-04
2.122591591591591964e+01 5.352389544525125225e-04
2.126594594594595122e+01 5.265276770299745588e-04
2.130597597597597925e+01 5.179620791662865485e-04
2.134600600600601084e+01 5.095396709113802049e-04
2.138603603603603887e+01 5.012580055095038544e-04
2.142606606606607045e+01 4.931146786461786504e-04
2.146609609609610203e+01 4.851073277081672727e-04
2.150612612612613006e+01 4.772336310562048261e-04
2.154615615615616164e+01 4.694913073102960203e-04
2.158618618618618967e+01 4.618781146473682981e-04
2.162621621621622126e+01 4.543918501110646665e-04
2.166624624624624929e+01 4.470303489334987476e-04
2.170627627627628087e+01 4.397914838687256092e-04
2.174630630630630890e+01 4.326731645377915499e-04
2.178633633633634048e+01 4.256733367851206267e-04
2.182636636636637206e+01 4.187899820460582747e-04
2.186639639639640009e+01 4.120211167254152402e-04
2.190642642642643168e+01 4.053647915867696744e-04
2.194645645645645970e+01 3.988190911524075260e-04
2.198648648648649129e+01 3.923821331136689437e-04
2.202651651651651932e+01 3.860520677515652727e-04
2.206654654654655090e+01 3.798270773674599938e-04
2.210657657657658248e+01 3.737053757236735285e-04
2.214660660660661051e+01 3.676852074938098680e-04
2.218663663663664209e+01 3.617648477226777411e-04
2.222666666666667012e+01 3.559426012956085615e-04
2.226669669669670171e+01 3.502168024170279332e-04
2.230672672672672974e+01 3.445858140981334240e-04
2.234675675675676132e+01 3.390480276534907139e-04
2.238678678678679290e+01 3.336018622064386712e-04
2.242681681681682093e+01 3.282457642031048352e-04
2.246684684684685251e+01 3.229782069349307490e-04
2.250687687687688054e+01 3.177976900695285174e-04
2.254690690690691213e+01 3.127027391897361022e-04
2.258693693693694016e+01 3.076919053407411965e-04
2.262696696696697174e+01 3.027637645851090939e-04
2.266699699699699977e+01 2.979169175656116650e-04
2.270702702702703135e+01 2.931499890756934529e-04
2.274705705705706293e+01 2.884616276374629999e-04
2.278708708708709096e+01 2.838505050870743663e-04
2.282711711711712255e+01 2.793153161673551325e-04
2.286714714714715058e+01 2.748547781275980490e-04
2.290717717717718216e+01 2.704676303303347865e-04
2.294720720720721019e+01 2.661526338650196315e-04
2.298723723723724177e+01 2.619085711684859211e-04
2.302726726726727335e+01 2.577342456520428384e-04
2.306729729729730138e+01 2.536284813351268584e-04
2.310732732732733297e+01 2.495901224853713470e-04
2.314735735735736100e+01 2.456180332649937517e-04
2.318738738738739258e+01 2.417110973833821509e-04
2.322741741741742061e+01 2.378682177557921238e-04
2.326744744744745219e+01 2.340883161680157038e-04
2.330747747747748377e+01 2.303703329469551674e-04
2.334750750750751180e+01 2.267132266369706610e-04
2.338753753753754339e+01 2.231159736819128146e-04
2.342756756756757142e+01 2.195775681127458000e-04
2.346759759759760300e+01 2.160970212406494587e-04
2.350762762762763103e+01 2.126733613555207029e-04
2.354765765765766261e+01 2.093056334297651450e-04
2.358768768768769064e+01 2.059928988272999447e-04
2.362771771771772222e+01 2.027342350176660141e-04
2.366774774774775381e+01 1.995287352951692931e-04
2.370777777777778184e+01 1.963755085029546309e-04
2.374780780780781342e+01 1.932736787619297367e-04
2.378783783783784145e+01 1.902223852044610029e-04
2.382786786786787303e+01 1.872207817127410738e-04
2.386789789789790106e+01 1.842680366617695860e-04
2.390792792792793264e+01 1.813633326668376039e-04
2.394795795795796423e+01 1.785058663354667703e-04
2.398798798798799226e+01 1.756948480236992518e-04
2.402801801801802384e+01 1.729295015966827520e-04
2.406804804804805187e+01 1.702090641934598159e-04
2.410807807807808345e+01 1.675327859958919289e-04
2.414810810810811148e+01 1.648999300016570186e-04
2.418813813813814306e+01 1.623097718012282546e-04
2.422816816816817109e+01 1.597615993587822678e-04
2.426819819819820268e+01 1.572547127969589988e-04
2.430822822822823426e+01 1.547884241854031616e-04
2.434825825825826229e+01 1.523620573330318657e-04
2.438828828828829387e+01 1.499749475839486285e-04
2.442831831831832190e+01 1.476264416169507845e-04
2.446834834834835348e+01 1.453158972485604165e-04
2.450837837837838151e+01 1.430426832395229725e-04
2.454840840840841310e+01 1.408061791047010341e-04
2.458843843843844468e+01 1.386057749263202210e-04
2.462846846846847271e+01 1.364408711704918258e-04
2.466849849849850429e+01 1.343108785069633355e-04
2.470852852852853232e+01 1.322152176320406784e-04
2.474855855855856390e+01 1.301533190946210458e-04
2.478858858858859193e+01 1.281246231252821896e-04
2.482861861861862351e+01 1.261285794683817351e-04
2.486864864864865510e+01 1.241646472171004556e-04
2.490867867867868313e+01 1.222322946513922657e-04
2.494870870870871471e+01 1.203309990787748376e-04
2.498873873873874274e+01 1.184602466779241682e-04
2.502876876876877432e+01 1.166195323450117300e-04
2.506879879879880235e+01 1.148083595427473296e-04
2.510882882882883393e+01 1.130262401520683009e-04
2.514885885885886196e+01 1.112726943264375054e-04
2.518888888888889355e+01 1.095472503486983825e-04
2.522891891891892513e+01 1.078494444904456068e-04
2.526894894894895316e+01 1.061788208738639850e-04
2.530897897897898474e+01 1.045349313359929174e-04
2.534900900900901277e+01 1.029173352953746803e-04
2.538903903903904435e+01 1.013255996210431762e-04
2.542906906906907238e+01 9.975929850381111093e-05
2.546909909909910397e+01 9.821801332981742072e-05
2.550912912912913555e+01 9.670133255629182508e-05
2.554915915915916358e+01 9.520885158950136346e-05
2.558918918918919516e+01 9.374017266483320333e-05
2.562921921921922319e+01 9.229490472898676352e-05
2.566924924924925477e+01 9.087266332422636386e-05
2.570927927927928280e+01 8.947307047466564254e-05
2.574930930930931439e+01 8.809575457454541468e-05
2.578933933933934597e+01 8.674035027846972203e-05
2.582936936936937400e+01 8.540649839356410531e-05
2.586939939939940558e+01 8.409384577352351908e-05
2.590942942942943361e+01 8.280204521451940919e-05
2.594945945945946519e+01 8.153075535292479421e-05
2.598948948948949322e+01 8.027964056483536824e-05
2.602951951951952481e+01 7.904837086734478873e-05
2.606954954954955284e+01 7.783662182155384746e-05
2.610957957957958442e+01 7.664407443727186430e-05
2.614960960960961600e+01 7.547041507938898562e-05
2.618963963963964403e+01 7.431533537588461147e-05
2.622966966966967561e+01 7.317853212744602565e-05
2.626969969969970364e+01 7.205970721866685749e-05
2.630972972972973523e+01 7.095856753079902903e-05
2.634975975975976326e+01 6.987482485602772178e-05
2.638978978978979484e+01 6.880819581324727221e-05
2.642981981981982642e+01 6.775840176530771976e-05
2.646984984984985445e+01 6.672516873770520049e-05
2.650987987987988603e+01 6.570822733869419044e-05
2.654990990990991406e+01 6.470731268079540194e-05
2.658993993993994565e+01 6.372216430367104846e-05
2.662996996996997368e+01 6.275252609834991414e-05
2.667000000000000526e+01 6.179814623277079958e-05
2.671003003003003329e+01 6.085877707862801992e-05
2.675006006006006487e+01 5.993417513949035933e-05
2.679009009009009645e+01 5.902410098017498954e-05
2.683012012012012448e+01 5.812831915735217466e-05
2.687015015015015607e+01 5.724659815135853616e-05
2.691018018018018410e+01 5.637871029919966733e-05
2.695021021021021568e+01 5.552443172871875972e-05
2.699024024024024371e+01 5.468354229391209862e-05
2.703027027027027529e+01 5.385582551137061774e-05
2.707030030030030687e+01 5.304106849782835653e-05
2.711033033033033490e+01 5.223906190879627157e-05
2.715036036036036649e+01 5.144959987826473264e-05
2.719039039039039451e+01 5.067247995945442176e-05
2.723042042042042610e+01 4.990750306659780727e-05
2.727045045045045413e+01 4.915447341773112125e-05
2.731048048048048571e+01 4.841319847848263752e-05
2.735051051051051729e+01 4.768348890683595236e-05
2.739054054054054532e+01 4.696515849885293310e-05
2.743057057057057690e+01 4.625802413533942127e-05
2.747060060060060493e+01 4.556190572943711546e-05
2.751063063063063652e+01 4.487662617512320232e-05
2.755066066066066455e+01 4.420201129660605372e-05
2.759069069069069613e+01 4.353788979859574620e-05
2.763072072072072416e+01 4.288409321743949596e-05
2.767075075075075574e+01 4.224045587310193130e-05
2.771078078078078732e+01 4.160681482197875058e-05
2.775081081081081535e+01 4.098300981052755695e-05
2.779084084084084694e+01 4.036888322970098912e-05
2.783087087087087497e+01 3.976428007017008642e-05
2.787090090090090655e+01 3.916904787832088653e-05
2.791093093093093458e+01 3.858303671301467424e-05
2.795096096096096616e+01 3.800609910309363275e-05
2.799099099099099774e+01 3.743809000562324426e-05
2.803102102102102577e+01 3.687886676485536644e-05
2.807105105105105736e+01 3.632828907190139363e-05
2.811108108108108539e+01 3.578621892510082533e-05
2.815111111111111697e+01 3.525252059107590418e-05
2.819114114114114500e+01 3.472706056645749037e-05
2.823117117117117658e+01 3.420970754027103218e-05
2.827120120120120816e+01 3.370033235697344408e-05
2.831123123123123619e+01 3.319880798012584224e-05
2.835126126126126778e+01 3.270500945669292192e-05
2.839129129129129581e+01 3.221881388195841907e-05
2.843132132132132739e+01 3.174010036504418118e-05
2.847135135135135542e+01 3.126874999502428902e-05
2.851138138138138700e+01 3.080464580762124578e-05
2.855141141141141503e+01 3.034767275247713222e-05
2.859144144144144661e+01 2.989771766098624299e-05
2.863147147147147820e+01 2.945466921468312927e-05
2.867150150150150623e+01 2.901841791417186832e-05
2.871153153153153781e+01 2.858885604859150493e-05
2.875156156156156584e+01 2.816587766560505740e-05
2.879159159159159742e+01 2.774937854190458693e-05
2.883162162162162545e+01 2.733925615422310774e-05
2.887165165165165703e+01 2.693540965084273312e-05
2.891168168168168862e+01 2.653773982359367372e-05
2.895171171171171665e+01 2.614614908033255150e-05
2.899174174174174823e+01 2.576054141789238213e-05
2.903177177177177626e+01 2.538082239549742622e-05
2.907180180180180784e+01 2.500689910863227364e-05
2.911183183183183587e+01 2.463868016336016712e-05
2.915186186186186745e+01 2.427607565107940113e-05
2.919189189189189548e+01 2.391899712371350654e-05
2.923192192192192707e+01 2.356735756932486382e-05
2.927195195195195865e+01 2.322107138814572046e-05
2.931198198198198668e+01 2.288005436901980921e-05
2.935201201201201826e+01 2.254422366624567699e-05
2.939204204204204629e+01 2.221349777681655711e-05
2.943207207207207787e+01 2.188779651804834882e-05
2.947210210210210590e+01 2.156704100559035054e-05
2.951213213213213749e+01 2.125115363181053426e-05
2.955216216216216907e+01 2.094005804455063442e-05
2.959219219219219710e+01 2.063367912624242527e-05
2.963222222222222868e+01 2.033194297338135798e-05
2.967225225225225671e+01 2.003477687634892124e-05
2.971228228228228829e+01 1.974210929957948002e-05
2.975231231231231632e+01 1.945386986206507705e-05
2.979234234234234791e+01 1.916998931819122092e-05
2.983237237237237949e+01 1.889039953889985586e-05
2.987240240240240752e+01 1.861503349317235418e-05
2.991243243243243910e+01 1.834382522982712721e-05
2.995246246246246713e+01 1.807670985962747391e-05
2.999249249249249871e+01 1.781362353769266389e-05
3.003252252252252674e+01 1.755450344620810438e-05
3.007255255255255832e+01 1.729928777742939714e-05
3.011258258258258635e+01 1.704791571697463054e-05
3.015261261261261794e+01 1.680032742739964494e-05
3.019264264264264952e+01 1.655646403205309348e-05
3.023267267267267755e+01 1.631626759920410175e-05
3.027270270270270913e+01 1.607968112643927712e-05
3.031273273273273716e+01 1.584664852532459550e-05
3.035276276276276874e+01 1.561711460632602276e-05
3.039279279279279677e+01 1.539102506398638731e-05
3.043282282282282836e+01 1.516832646235232226e-05
3.047285285285285994e+01 1.494896622064831416e-05
3.051288288288288797e+01 1.473289259919245600e-05
3.055291291291291955e+01 1.452005468555069080e-05
3.059294294294294758e+01 1.431040238092453475e-05
3.063297297297297916e+01 1.410388638676908827e-05
3.067300300300300719e+01 1.390045819163692367e-05
3.071303303303303878e+01 1.370007005824350073e-05
3.075306306306307036e+01 1.350267501075136237e-05
3.079309309309309839e+01 1.330822682226853825e-05
3.083312312312312997e+01 1.311668000255720899e-05
3.087315315315315800e+01 1.292798978595037969e-05
3.091318318318318958e+01 1.274211211947118745e-05
3.095321321321321761e+01 1.255900365115257622e-05
3.099324324324324920e+01 1.237862171855349173e-05
3.103327327327327723e+01 1.220092433746834233e-05
3.107330330330330881e+01 1.202587019082613071e-05
3.111333333333334039e+01 1.185341861777605325e-05
3.115336336336336842e+01 1.168352960295694780e-05
3.119339339339340000e+01 1.151616376594634302e-05
3.123342342342342803e+01 1.135128235088707790e-05
3.127345345345345962e+01 1.118884721628754110e-05
3.131348348348348765e+01 1.102882082499376480e-05
3.135351351351351923e+01 1.087116623432845852e-05
3.139354354354355081e+01 1.071584708639660865e-05
3.143357357357357884e+01 1.056282759855240891e-05
3.147360360360361042e+01 1.041207255402644266e-05
3.151363363363363845e+01 1.026354729270953419e-05
3.155366366366367004e+01 1.011721770209076841e-05
3.159369369369369807e+01 9.973050208347349654e-06
3.163372372372372965e+01 9.831011767582789580e-06
3.167375375375375768e+01 9.691069857212346588e-06
3.171378378378378926e+01 9.553192467491615551e-06
3.175381381381382084e+01 9.417348093186980295e-06
3.179384384384384887e+01 9.283505725384955771e-06
3.183387387387388046e+01 9.151634843438127842e-06
3.187390390390390849e+01 9.021705407045605291e-06
3.191393393393394007e+01 8.893687848465078728e-06
3.195396396396396810e+01 8.767553064855080310e-06
3.199399399399399968e+01 8.643272410744501705e-06
3.203402402402402771e+01 8.520817690627610142e-06
3.207405405405405929e+01 8.400161151682111245e-06
3.211408408408408377e+01 8.281275476608556112e-06
3.215411411411411535e+01 8.164133776588614229e-06
3.219414414414414694e+01 8.048709584360565566e-06
3.223417417417417852e+01 7.934976847409658826e-06
3.227420420420420299e+01 7.822909921271463876e-06
3.231423423423423458e+01 7.712483562946764872e-06
3.235426426426426616e+01 7.603672924425246299e-06
3.239429429429429774e+01 7.496453546316900412e-06
3.243432432432432933e+01 7.390801351588788652e-06
3.247435435435435380e+01 7.286692639405740773e-06
3.251438438438438538e+01 7.184104079073040116e-06
3.255441441441441697e+01 7.083012704079255301e-06
3.259444444444444855e+01 6.983395906237848648e-06
3.263447447447448013e+01 6.885231429925546266e-06
3.267450450450450461e+01 6.788497366416017129e-06
3.271453453453453619e+01 6.693172148307162849e-06
3.275456456456456777e+01 6.599234544040585807e-06
3.279459459459459936e+01 6.506663652511440788e-06
3.283462462462462383e+01 6.415438897767242849e-06
3.287465465465465542e+01 6.325540023794117806e-06
3.291468468468468700e+01 6.236947089389303525e-06
3.295471471471471858e+01 6.149640463117659957e-06
3.299474474474475016e+01 6.063600818351828750e-06
3.303477477477477464e+01 5.978809128393751220e-06
3.307480480480480622e+01 5.895246661676407129e-06
3.311483483483483781e+01 5.812894977044918748e-06
3.315486486486486939e+01 5.731735919114880608e-06
3.319489489489489387e+01 5.651751613707175482e-06
3.323492492492492545e+01 5.572924463357734995e-06
3.327495495495495703e+01 5.495237142901252983e-06
3.331498498498498861e+01 5.418672595127075382e-06
3.335501501501502020e+01 5.343214026506662703e-06
3.339504504504504467e+01 5.268844902991097896e-06
3.343507507507507626e+01 5.195548945877328401e-06
3.347510510510510784e+01 5.123310127742402918e-06
3.351513513513513942e+01 5.052112668444157909e-06
3.355516516516517100e+01 4.981941031187414486e-06
3.359519519519519548e+01 4.912779918654685314e-06
3.363522522522522706e+01 4.844614269199977857e-06
3.367525525525525865e+01 4.777429253105029877e-06
3.371528528528529023e+01 4.711210268896659202e-06
3.375531531531531471e+01 4.645942939724336702e-06
3.379534534534534629e+01 4.581613109796778811e-06
3.383537537537537787e+01 4.518206840876969245e-06
3.387540540540540945e+01 4.455710408834106402e-06
3.391543543543544104e+01 4.394110300252004670e-06
3.395546546546546551e+01 4.333393209092586757e-06
3.399549549549549710e+01 4.273546033413954581e-06
3.403552552552552868e+01 4.214555872141731769e-06
3.407555555555556026e+01 4.156410021893150037e-06
3.411558558558558474e+01 4.099095973852660596e-06
3.415561561561561632e+01 4.042601410698491196e-06
3.419564564564564790e+01 3.986914203579074773e-06
3.423567567567567949e+01 3.932022409138705117e-06
3.427570570570571107e+01 3.877914266591475104e-06
3.431573573573573555e+01 3.824578194842747886e-06
3.435576576576576713e+01 3.772002789657219117e-06
3.439579579579579871e+01 3.720176820873181446e-06
3.443582582582583029e+01 3.669089229661691918e-06
3.447585585585585477e+01 3.618729125830397493e-06
3.451588588588588635e+01 3.569085785170800649e-06
3.455591591591591794e+01 3.520148646848721128e-06
3.459594594594594952e+01 3.471907310836805661e-06
3.463597597597598110e+01 3.424351535388756615e-06
3.467600600600600558e+01 3.377471234554219061e-06
3.471603603603603716e+01 3.331256475733966289e-06
3.475606606606606874e+01 3.285697477274586694e-06
3.479609609609610033e+01 3.240784606101962668e-06
3.483612612612613191e+01 3.196508375392967180e-06
3.487615615615615638e+01 3.152859442284741101e-06
3.491618618618618797e+01 3.109828605620905819e-06
3.495621621621621955e+01 3.067406803734124580e-06
3.499624624624625113e+01 3.025585112264432760e-06
3.503627627627627561e+01 2.984354742012576012e-06
3.507630630630630719e+01 2.943707036828034403e-06
3.511633633633633877e+01 2.903633471531004960e-06
3.515636636636637036e+01 2.864125649867795847e-06
3.519639639639640194e+01 2.825175302499035444e-06
3.523642642642642642e+01 2.786774285020372775e-06
3.527645645645645800e+01 2.748914576014759542e-06
3.531648648648648958e+01 2.711588275136145233e-06
3.535651651651652116e+01 2.674787601223930118e-06
3.539654654654654564e+01 2.638504890447581923e-06
3.543657657657657722e+01 2.602732594481029534e-06
3.547660660660660881e+01 2.567463278706358955e-06
3.551663663663664039e+01 2.532689620446264338e-06
3.555666666666667197e+01 2.498404407224734441e-06
3.559669669669669645e+01 2.464600535055686502e-06
3.563672672672672803e+01 2.431271006758870352e-06
3.567675675675675961e+01 2.398408930302797951e-06
3.571678678678679120e+01 2.366007517174069864e-06
3.575681681681682278e+01 2.334060080772818729e-06
3.579684684684684726e+01 2.302560034833736923e-06
3.583687687687687884e+01 2.271500891872304739e-06
3.587690690690691042e+01 2.240876261655823493e-06
3.591693693693694200e+01 2.210679849698842338e-06
3.595696696696696648e+01 2.180905455782525184e-06
3.599699699699699806e+01 2.151546972497622321e-06
3.603702702702702965e+01 2.122598383810654125e-06
3.607705705705706123e+01 2.094053763652938397e-06
3.611708708708709281e+01 2.065907274532000549e-06
3.615711711711711729e+01 2.038153166165115911e-06
3.619714714714714887e+01 2.010785774134564463e-06
3.623717717717718045e+01 1.983799518564230366e-06
3.627720720720721204e+01 1.957188902817273985e-06
3.631723723723723651e+01 1.930948512214355046e-06
3.635726726726726810e+01 1.905073012772364577e-06
3.639729729729729968e+01 1.879557149962974670e-06
3.643732732732733126e+01 1.854395747491025753e-06
3.647735735735736284e+01 1.829583706092183442e-06
3.651738738738738732e+01 1.805116002349603223e-06
3.655741741741741890e+01 1.780987687529459638e-06
3.659744744744745049e+01 1.757193886434732819e-06
3.663747747747748207e+01 1.733729796277269567e-06
3.667750750750751365e+01 1.710590685567579377e-06
3.671753753753753813e+01 1.687771893022218908e-06
3.675756756756756971e+01 1.665268826488370992e-06
3.679759759759760129e+01 1.643076961885514667e-06
3.683762762762763288e+01 1.621191842163663797e-06
3.687765765765765735e+01 1.599609076278140419e-06
3.691768768768768894e+01 1.578324338180427309e-06
3.695771771771772052e+01 1.557333365824964682e-06
3.699774774774775210e+01 1.536631960191614872e-06
3.703777777777778368e+01 1.516215984323455357e-06
3.707780780780780816e+01 1.496081362379749121e-06
3.711783783783783974e+01 1.476224078703773248e-06
3.715786786786787133e+01 1.456640176905374461e-06
3.719789789789790291e+01 1.437325758957864917e-06
3.723792792792792739e+01 1.418276984309150704e-06
3.727795795795795897e+01 1.399490069006773066e-06
3.731798798798799055e+01 1.380961284836694855e-06
3.735801801801802213e+01 1.362686958475646916e-06
3.739804804804805372e+01 1.344663470656664264e-06
3.743807807807807819e+01 1.326887255347790445e-06
3.747810810810810978e+01 1.309354798943556000e-06
3.751813813813814136e+01 1.292062639469220659e-06
3.755816816816817294e+01 1.275007365797379668e-06
3.759819819819820452e+01 1.258185616876827117e-06
3.763822822822822900e+01 1.241594080973568466e-06
3.767825825825826058e+01 1.225229494923541818e-06
3.771828828828829216e+01 1.209088643397185803e-06
3.775831831831832375e+01 1.193168358175313012e-06
3.779834834834834822e+01 1.177465517436415844e-06
3.783837837837837981e+01 1.161977045055013209e-06
3.787840840840841139e+01 1.146699909911009086e-06
3.791843843843844297e+01 1.131631125209695322e-06
3.795846846846847455e+01 1.116767747812482732e-06
3.799849849849849903e+01 1.102106877577945893e-06
3.803852852852853061e+01 1.087645656713171242e-06
3.807855855855856220e+01 1.073381269135205402e-06
3.811858858858859378e+01 1.059310939842380558e-06
3.815861861861861826e+01 1.045431934295453972e-06
3.819864864864864984e+01 1.031741557808350312e-06
3.823867867867868142e+01 1.018237154948331037e-06
3.827870870870871300e+01 1.004916108945551023e-06
3.831873873873874459e+01 9.917758411116634058e-07
3.835876876876876906e+01 9.788138102675224042e-07
3.839879879879880065e+01 9.660275121797399708e-07
3.843882882882883223e+01 9.534144790059320436e-07
3.847885885885886381e+01 9.409722787485926768e-07
3.851888888888889539e+01 9.286985147174071616e-07
3.855891891891891987e+01 9.165908249998771858e-07
3.859894894894895145e+01 9.046468819401307679e-07
3.863897897897898304e+01 8.928643916257988033e-07
3.867900900900901462e+01 8.812410933827912514e-07
3.871903903903903910e+01 8.697747592779205533e-07
3.875906906906907068e+01 8.584631936291398768e-07
3.879909909909910226e+01 8.473042325233691868e-07
3.883912912912913384e+01 8.362957433417796543e-07
3.887915915915916543e+01 8.254356242923427475e-07
3.891918918918918990e+01 8.147218039495960455e-07
3.895921921921922149e+01 8.041522408015305858e-07
3.899924924924925307e+01 7.937249228033994249e-07
3.903927927927928465e+01 7.834378669384191408e-07
3.907930930930930913e+01 7.732891187852242000e-07
3.911933933933934071e+01 7.632767520919567686e-07
3.915936936936937229e+01 7.533988683569112881e-07
3.919939939939940388e+01 7.436535964156036904e-07
3.923942942942943546e+01 7.340390920341963237e-07
3.927945945945945994e+01 7.245535375091424309e-07
3.931948948948949152e+01 7.151951412729738387e-07
3.935951951951952310e+01 7.059621375061332874e-07
3.939954954954955468e+01 6.968527857547518715e-07
3.943957957957957916e+01 6.878653705542818082e-07
3.947960960960961074e+01 6.789982010588679602e-07
3.951963963963964233e+01 6.702496106764268776e-07
3.955966966966967391e+01 6.616179567092713646e-07
3.959969969969970549e+01 6.531016200002389611e-07
3.963972972972972997e+01 6.446990045842370936e-07
3.967975975975976155e+01 6.364085373450872637e-07
3.971978978978979313e+01 6.282286676776158657e-07
3.975981981981982472e+01 6.201578671549143396e-07
3.979984984984985630e+01 6.121946292006430878e-07
3.983987987987988078e+01 6.043374687663643325e-07
3.987990990990991236e+01 5.965849220137376831e-07
3.991993993993994394e+01 5.889355460016332594e-07
3.995996996996997552e+01 5.813879183779217073e-07
4.000000000000000000e+01 5.739406370760224221e-07
