2.500000000000000000e+01 1.089211576695202766e+01
5.000000000000000000e+01 2.237699605356827348e+01
7.500000000000000000e+01 4.442155709116891416e+01
1.000000000000000000e+02 6.206643619635519826e+01
1.250000000000000000e+02 8.318789142797115232e+01
1.500000000000000000e+02 9.627010551147880335e+01
1.750000000000000000e+02 1.024879040629020182e+02
2.000000000000000000e+02 1.069026766460308693e+02
2.250000000000000000e+02 1.033834628002792329e+02
2.500000000000000000e+02 9.890530133487651199e+01
2.750000000000000000e+02 8.441344122877544009e+01
3.000000000000000000e+02 7.645718585945523671e+01
3.250000000000000000e+02 6.541431778555704568e+01
3.500000000000000000e+02 5.635914601205370644e+01
3.750000000000000000e+02 4.839022731738983651e+01
4.000000000000000000e+02 4.054120451703713002e+01
4.250000000000000000e+02 3.402005702764800787e+01
4.500000000000000000e+02 2.794315409194777899e+01
4.750000000000000000e+02 2.275014327353821741e+01
5.000000000000000000e+02 1.990164703434799165e+01
5.250000000000000000e+02 1.883743615508164027e+01
5.500000000000000000e+02 1.631266597069564028e+01
5.750000000000000000e+02 1.126730727417786504e+01
6.000000000000000000e+02 1.121036541437809042e+01
6.500000000000000000e+02 5.378432087981702914e+00
7.250000000000000000e+02 4.609532257977758007e+00
8.000000000000000000e+02 9.408227793942534056e-01
8.750000000000000000e+02 3.180735562161450147e+00
9.500000000000000000e+02 1.060727124438691327e+00
1.025000000000000000e+03 -9.519789984936465332e-01
1.100000000000000000e+03 2.458568952179774336e-01
1.175000000000000000e+03 -1.548989348547069822e+00
1.250000000000000000e+03 5.056753413202140501e-02
