5.000000000000000000e-01 3.054010151720426336e+01
8.203125000000000000e-01 3.309737249625563038e+01
1.140625000000000000e+00 3.359577852962385691e+01
1.460937500000000000e+00 3.426994460694860578e+01
1.781250000000000000e+00 3.362127497108724583e+01
2.101562500000000000e+00 3.685305825810546310e+01
2.421875000000000000e+00 3.944391665271638914e+01
2.742187500000000000e+00 4.148382855099664823e+01
3.062500000000000000e+00 4.124839554248237050e+01
3.382812500000000000e+00 4.189144996547061339e+01
3.703125000000000000e+00 4.447931848571801794e+01
4.023437500000000000e+00 4.573833233418649513e+01
4.343750000000000000e+00 5.065497720070514731e+01
4.664062500000000000e+00 5.200249148210259875e+01
4.984375000000000000e+00 5.181147617641925507e+01
5.304687500000000000e+00 5.595281363711707456e+01
5.625000000000000000e+00 5.896476778956546383e+01
5.945312500000000000e+00 5.823115615643517629e+01
6.265625000000000000e+00 6.269191607932036447e+01
6.585937500000000000e+00 6.444632691915650469e+01
6.906250000000000000e+00 6.681946564940085409e+01
7.226562500000000000e+00 6.912368431394699542e+01
7.546875000000000000e+00 7.110814533514994196e+01
7.867187500000000000e+00 7.334155422083911446e+01
8.187500000000000000e+00 7.124496066203667510e+01
8.507812500000000000e+00 7.551406049348574356e+01
8.828125000000000000e+00 7.480352930441080161e+01
9.148437500000000000e+00 7.778609096105805065e+01
9.468750000000000000e+00 7.946218390716671820e+01
9.789062500000000000e+00 7.758526270717401019e+01
1.010937500000000000e+01 8.050503700044804134e+01
1.042968750000000000e+01 8.173257509016896449e+01
1.075000000000000000e+01 8.001980760525813707e+01
