1.000000000000000021e-02 0.000000000000000000e+00
5.003003003003003712e-02 0.000000000000000000e+00
9.006006006006006537e-02 2.231141169769224987e-312
1.300900900900901214e-01 8.264675485923921602e-255
1.701201201201201496e-01 1.617825441106898827e-216
2.101501501501501779e-01 1.478814021305500074e-188
2.501801801801802339e-01 6.031472166632790933e-167
2.902102102102102621e-01 1.368237578430080293e-149
3.302402402402402903e-01 2.928708866090862880e-135
3.702702702702703186e-01 3.550557407686512319e-123
4.103003003003003468e-01 8.097769746147401965e-113
4.503303303303303751e-01 8.048474683284968139e-104
4.903603603603604588e-01 6.408039429870255146e-96
5.303903903903904871e-01 6.434961179432825713e-89
5.704204204204205153e-01 1.152724185763227397e-82
6.104504504504505435e-01 4.825817410885848216e-77
6.504804804804805718e-01 5.848998326421439548e-72
6.905105105105106000e-01 2.438368185708977263e-67
7.305405405405406283e-01 4.023930739087427025e-63
7.705705705705706565e-01 2.951729919563017477e-59
8.106006006006006848e-01 1.060073494333914236e-55
8.506306306306307130e-01 2.021736613546257280e-52
8.906606606606607413e-01 2.193725586671504786e-49
9.306906906906907695e-01 1.436474704598839154e-46
9.707207207207209088e-01 5.971622633276981156e-44
1.010750750750750937e+00 1.646777127737473027e-41
1.050780780780780965e+00 3.129927932525046876e-39
1.090810810810810993e+00 4.239685985296871443e-37
1.130840840840841022e+00 4.215305586198489911e-35
1.170870870870871050e+00 3.157409950105493336e-33
1.210900900900901078e+00 1.823387604755822932e-31
1.250930930930931106e+00 8.287425953359223761e-30
1.290960960960961135e+00 3.019636962889540331e-28
1.330990990990991163e+00 8.967380883933438330e-27
1.371021021021021191e+00 2.203019034736781395e-25
1.411051051051051219e+00 4.537869880658984353e-24
1.451081081081081248e+00 7.933331974073413612e-23
1.491111111111111276e+00 1.190232343974294072e-21
1.531141141141141304e+00 1.547935860593904338e-20
1.571171171171171332e+00 1.761204483835360754e-19
1.611201201201201361e+00 1.767878318424838380e-18
1.651231231231231389e+00 1.577708593107647670e-17
1.691261261261261417e+00 1.260685255023021917e-16
1.731291291291291445e+00 9.078642550901178404e-16
1.771321321321321474e+00 5.927588441143342683e-15
1.811351351351351502e+00 3.528479839951275184e-14
1.851381381381381530e+00 1.924772159083801548e-13
1.891411411411411558e+00 9.667619394857097856e-13
1.931441441441441809e+00 4.490828492736861167e-12
1.971471471471471837e+00 1.937239496204857512e-11
2.011501501501501643e+00 7.790228309206608434e-11
2.051531531531531449e+00 2.930722491988534971e-10
2.091561561561561700e+00 1.034907404282094927e-09
2.131591591591591506e+00 3.440969363280946968e-09
2.171621621621621756e+00 1.080379045034974904e-08
2.211651651651651562e+00 3.211968617888307983e-08
2.251681681681681813e+00 9.065181765296767488e-08
2.291711711711711619e+00 2.434637600972176425e-07
2.331741741741741869e+00 6.236265597340999947e-07
2.371771771771771675e+00 1.526754848147634501e-06
2.411801801801801926e+00 3.579618465432471265e-06
2.451831831831831732e+00 8.052772643870702624e-06
2.491861861861861982e+00 1.741276478755927280e-05
2.531891891891891788e+00 3.625208615947693040e-05
2.571921921921922038e+00 7.278311603218776181e-05
2.611951951951952289e+00 1.411278763663161918e-04
2.651981981981982095e+00 2.646652327100587165e-04
2.692012012012012345e+00 4.806930889685913106e-04
2.732042042042042151e+00 8.466041818610961023e-04
2.772072072072072402e+00 1.447640681893928079e-03
2.812102102102102208e+00 2.406072568767480581e-03
2.852132132132132458e+00 3.891339124689643762e-03
2.892162162162162264e+00 6.130322891864418804e-03
2.932192192192192515e+00 9.416534504761377503e-03
2.972222222222222321e+00 1.411663902941347887e-02
3.012252252252252571e+00 2.067252723197935543e-02
3.052282282282282377e+00 2.959710668518722096e-02
3.092312312312312628e+00 4.146222062719250728e-02
3.132342342342342434e+00 5.687762819119938917e-02
3.172372372372372684e+00 7.646078465755545839e-02
3.212402402402402490e+00 1.007981808710482485e-01
3.252432432432432741e+00 1.304001258530703422e-01
3.292462462462462547e+00 1.656519406928122218e-01
3.332492492492492797e+00 2.067654166528791471e-01
3.372522522522522603e+00 2.537349299950241166e-01
3.412552552552552854e+00 3.063026916571375269e-01
3.452582582582582660e+00 3.639371903115928286e-01
3.492612612612612910e+00 4.258279795348565155e-01
3.532642642642642716e+00 4.908986489159804512e-01
3.572672672672672967e+00 5.578382467422881019e-01
3.612702702702702773e+00 6.251497666285911192e-01
3.652732732732733023e+00 6.912127610963970659e-01
3.692762762762762829e+00 7.543558750313165140e-01
3.732792792792793080e+00 8.129342359809991203e-01
3.772822822822822886e+00 8.654062766696639653e-01
3.812852852852853136e+00 9.104047164107205159e-01
3.852882882882883386e+00 9.467970510007127638e-01
3.892912912912913193e+00 9.737319039701320955e-01
3.932942942942943443e+00 9.906688501840973382e-01
3.972972972972973249e+00 9.973906941360951572e-01
4.013003003003003499e+00 9.939985304550141842e-01
4.053033033033033306e+00 9.808911115640045475e-01
4.093063063063063112e+00 9.587310046620928228e-01
4.133093093093093806e+00 9.284006801907670470e-01
4.173123123123123612e+00 8.909520161243716929e-01
4.213153153153153418e+00 8.475527394104541701e-01
4.253183183183183225e+00 7.994330970040565143e-01
4.293213213213213919e+00 7.478356118453987067e-01
4.333243243243243725e+00 6.939702009501907964e-01
4.373273273273273531e+00 6.389762818682275247e-01
4.413303303303303338e+00 5.838928328987466054e-01
4.453333333333334032e+00 5.296367539547223169e-01
4.493363363363363838e+00 4.769893378826769448e-01
4.533393393393393644e+00 4.265902312129447038e-01
4.573423423423423451e+00 3.789379500631647746e-01
4.613453453453454145e+00 3.343958208924589504e-01
4.653483483483483951e+00 2.932021275141831196e-01
4.693513513513513757e+00 2.554832494100090501e-01
4.733543543543543564e+00 2.212686525617293953e-01
4.773573573573574258e+00 1.905067221902831953e-01
4.813603603603604064e+00 1.630805872129593714e-01
4.853633633633633870e+00 1.388232613331292498e-01
4.893663663663663677e+00 1.175316009419744567e-01
4.933693693693694371e+00 9.897874434788267450e-02
4.973723723723724177e+00 8.292484259397105151e-02
5.013753753753753983e+00 6.912601475726552758e-02
5.053783783783783790e+00 5.734155830076781424e-02
5.093813813813814484e+00 4.733951804708066979e-02
5.133843843843844290e+00 3.890076747900408916e-02
5.173873873873874096e+00 3.182178617318837804e-02
5.213903903903904791e+00 2.591633059967237904e-02
5.253933933933934597e+00 2.101619579393724374e-02
5.293963963963964403e+00 1.697125592479962336e-02
5.333993993993994209e+00 1.364895561741395237e-02
5.374024024024024904e+00 1.093340368746181443e-02
5.414054054054054710e+00 8.724198856203872407e-03
5.454084084084084516e+00 6.935094715236578451e-03
5.494114114114114322e+00 5.492589909072414546e-03
5.534144144144145017e+00 4.334510018021031467e-03
5.574174174174174823e+00 3.408630434266194352e-03
5.614204204204204629e+00 2.671374845907644510e-03
5.654234234234234435e+00 2.086611792259108946e-03
5.694264264264265130e+00 1.624562002517946323e-03
5.734294294294294936e+00 1.260821661018116623e-03
5.774324324324324742e+00 9.755010863214550127e-04
5.814354354354354548e+00 7.524742788948313209e-04
5.854384384384385243e+00 5.787320960609779533e-04
5.894414414414415049e+00 4.438301842275332236e-04
5.934444444444444855e+00 3.394219954073419087e-04
5.974474474474474661e+00 2.588670282730521125e-04
6.014504504504505356e+00 1.969046875408238587e-04
6.054534534534535162e+00 1.493847059781758398e-04
6.094564564564564968e+00 1.130458073175806788e-04
6.134594594594594774e+00 8.533511879321693068e-05
6.174624624624625469e+00 6.426170442188264124e-05
6.214654654654655275e+00 4.827843871775824934e-05
6.254684684684685081e+00 3.618724448594507029e-05
6.294714714714714887e+00 2.706345864424529191e-05
6.334744744744745581e+00 2.019575653660624830e-05
6.374774774774775388e+00 1.503865429871991249e-05
6.414804804804805194e+00 1.117512146153885757e-05
6.454834834834835888e+00 8.287276111037813773e-06
6.494864864864865694e+00 6.133508392225551923e-06
6.534894894894895501e+00 4.530691749579192783e-06
6.574924924924925307e+00 3.340402163496815885e-06
6.614954954954956001e+00 2.458280794165407147e-06
6.654984984984985807e+00 1.805851508519592038e-06
6.695015015015015614e+00 1.324247808374225461e-06
6.735045045045045420e+00 9.694191172531410714e-07
6.775075075075076114e+00 7.084789678391843534e-07
6.815105105105105920e+00 5.169314546105431922e-07
6.855135135135135727e+00 3.765708576380056786e-07
6.895165165165165533e+00 2.738955279583418755e-07
6.935195195195196227e+00 1.989133834559648654e-07
6.975225225225226033e+00 1.442446987974582747e-07
7.015255255255255840e+00 1.044499183765369618e-07
7.055285285285285646e+00 7.552730189987282649e-08
7.095315315315316340e+00 5.453839365581046633e-08
7.135345345345346146e+00 3.932944017993492671e-08
7.175375375375375953e+00 2.832464335336569715e-08
7.215405405405405759e+00 2.037306117055233993e-08
7.255435435435436453e+00 1.463547619914532187e-08
7.295465465465466259e+00 1.050097021253625930e-08
7.335495495495496066e+00 7.525527867480136114e-09
7.375525525525525872e+00 5.386940342548958583e-09
7.415555555555556566e+00 3.851744048562172973e-09
7.455585585585586372e+00 2.751027023121537394e-09
7.495615615615616179e+00 1.962756084468199573e-09
7.535645645645645985e+00 1.398889609326945712e-09
7.575675675675676679e+00 9.959958630403476681e-10
7.615705705705706485e+00 7.084344908615352300e-10
7.655735735735736291e+00 5.034087784179971906e-10
7.695765765765766986e+00 3.573809620307447886e-10
7.735795795795796792e+00 2.534789921021705313e-10
7.775825825825826598e+00 1.796232797078691233e-10
7.815855855855856404e+00 1.271754576687064315e-10
7.855885885885887099e+00 8.996503758036465031e-11
7.895915915915916905e+00 6.358922259443300402e-11
7.935945945945946711e+00 4.490987853802998492e-11
7.975975975975976517e+00 3.169260839823191041e-11
8.016006006006007212e+00 2.234810784927213978e-11
8.056036036036037018e+00 1.574704055049289931e-11
8.096066066066066824e+00 1.108769078287211272e-11
8.136096096096096630e+00 7.801455187910002298e-12
8.176126126126126437e+00 5.485430142748802745e-12
8.216156156156156243e+00 3.854378423357484139e-12
8.256186186186187825e+00 2.706540153195704842e-12
8.296216216216217632e+00 1.899322717043421164e-12
8.336246246246247438e+00 1.332032318898400216e-12
8.376276276276277244e+00 9.336193922361878556e-13
8.416306306306307050e+00 6.539903003126229713e-13
8.456336336336336856e+00 4.578531254934230293e-13
8.496366366366366663e+00 3.203623264725519240e-13
8.536396396396396469e+00 2.240391310100740782e-13
8.576426426426428051e+00 1.565958226086994801e-13
8.616456456456457857e+00 1.093998812368670189e-13
8.656486486486487664e+00 7.639066915450338390e-14
8.696516516516517470e+00 5.331591118826288372e-14
8.736546546546547276e+00 3.719397213248151660e-14
8.776576576576577082e+00 2.593543364657559070e-14
8.816606606606606888e+00 1.807696829884122671e-14
8.856636636636636695e+00 1.259431624264421816e-14
8.896666666666668277e+00 8.770940759354990594e-15
8.936696696696698083e+00 6.105846822071539456e-15
8.976726726726727890e+00 4.248926553372527127e-15
9.016756756756757696e+00 2.955639592582272390e-15
9.056786786786787502e+00 2.055265325412971070e-15
9.096816816816817308e+00 1.428675561584128727e-15
9.136846846846847114e+00 9.927814863176582929e-16
9.176876876876878697e+00 6.896567490263476805e-16
9.216906906906908503e+00 4.789348239036448543e-16
9.256936936936938309e+00 3.324977342245796997e-16
9.296966966966968116e+00 2.307674036509014933e-16
9.336996996996997922e+00 1.601173149062050220e-16
9.377027027027027728e+00 1.110669043500361895e-16
9.417057057057057534e+00 7.702256141065119011e-17
9.457087087087087340e+00 5.340014914913121958e-17
9.497117117117118923e+00 3.701369361301714811e-17
9.537147147147148729e+00 2.564968067554013687e-17
9.577177177177178535e+00 1.777072476747971589e-17
9.617207207207208342e+00 1.230937325694570121e-17
9.657237237237238148e+00 8.524683619766825681e-18
9.697267267267267954e+00 5.902499493511316528e-18
9.737297297297297760e+00 4.086135514157979184e-18
9.777327327327327566e+00 2.828214721717274476e-18
9.817357357357359149e+00 1.957214455614540218e-18
9.857387387387388955e+00 1.354236213635890319e-18
9.897417417417418761e+00 9.368798225114080691e-19
9.937447447447448567e+00 6.480525426106892857e-19
9.977477477477478374e+00 4.482050801979303048e-19
1.001750750750750818e+01 3.099465754943471027e-19
1.005753753753753799e+01 2.143105984055698026e-19
1.009756756756756779e+01 1.481666157968487200e-19
1.013759759759759937e+01 1.024259704730874420e-19
1.017762762762762918e+01 7.079879672771049986e-20
1.021765765765765899e+01 4.893287369159506359e-20
1.025768768768768879e+01 3.381719320656256587e-20
1.029771771771771860e+01 2.336895384528223482e-20
1.033774774774774841e+01 1.614762615809620224e-20
1.037777777777777821e+01 1.115702949590792094e-20
1.041780780780780979e+01 7.708354518744193455e-21
1.045783783783783960e+01 5.325380671252090340e-21
1.049786786786786941e+01 3.678901313100885273e-21
1.053789789789789921e+01 2.541362969637460778e-21
1.057792792792792902e+01 1.755492040903474526e-21
1.061795795795795883e+01 1.212598765746182604e-21
1.065798798798798863e+01 8.375753836270202176e-22
1.069801801801801844e+01 5.785242998679388288e-22
1.073804804804805002e+01 3.995881226329791545e-22
1.077807807807807983e+01 2.759936596596546503e-22
1.081810810810810963e+01 1.906265863450657813e-22
1.085813813813813944e+01 1.316642555540572996e-22
1.089816816816816925e+01 9.093991342048010759e-23
1.093819819819819905e+01 6.281242434971914599e-23
1.097822822822822886e+01 4.338534422198784099e-23
1.101825825825825866e+01 2.996740057107787996e-23
1.105828828828829025e+01 2.069977654090524220e-23
1.109831831831832005e+01 1.429864182431813633e-23
1.113834834834834986e+01 9.877303872235956384e-24
1.117837837837837967e+01 6.823362672967532982e-24
1.121840840840840947e+01 4.713861187284149985e-24
1.125843843843843928e+01 3.256681321380998429e-24
1.129846846846846908e+01 2.250068240958200245e-24
1.133849849849849889e+01 1.554675835954463732e-24
1.137852852852853047e+01 1.074260201458225022e-24
1.141855855855856028e+01 7.423459088426889144e-25
1.145858858858859008e+01 5.130173242627073714e-25
1.149861861861861989e+01 3.545588052988766409e-25
1.153864864864864970e+01 2.450623959143270956e-25
1.157867867867867950e+01 1.693943124785214580e-25
1.161870870870870931e+01 1.170998363497136322e-25
1.165873873873874089e+01 8.095629090138541794e-26
1.169876876876877070e+01 5.597360456123308450e-26
1.173879879879880050e+01 3.870399438335682673e-26
1.177882882882883031e+01 2.676514461442793921e-26
1.181885885885886012e+01 1.851083976561508086e-26
1.185888888888888992e+01 1.280344296002919341e-26
1.189891891891891973e+01 8.856720077413981463e-27
1.193894894894894954e+01 6.127254442420752733e-27
1.197897897897898112e+01 4.239426274096470053e-27
1.201900900900901092e+01 2.933578646352375910e-27
1.205903903903904073e+01 2.030201477578425095e-27
1.209906906906907054e+01 1.405181920147841059e-27
1.213909909909910034e+01 9.727006562871285501e-28
1.217912912912913015e+01 6.734111698372462813e-28
1.221915915915915996e+01 4.662695569796085423e-28
1.225918918918918976e+01 3.228870374657178156e-28
1.229921921921922134e+01 2.236259032227873590e-28
1.233924924924925115e+01 1.549004489109756581e-28
1.237927927927928096e+01 1.073107966321709510e-28
1.241930930930931076e+01 7.435247294076455585e-29
1.245933933933934057e+01 5.152401937370665540e-29
1.249936936936937038e+01 3.570979964549225706e-29
1.253939939939940018e+01 2.475309321286452447e-29
1.257942942942942999e+01 1.716077632842837793e-29
1.261945945945946157e+01 1.189900810542368679e-29
1.265948948948949138e+01 8.251861571652349735e-30
1.269951951951952118e+01 5.723496234838279408e-30
1.273954954954955099e+01 3.970453329391994729e-30
1.277957957957958079e+01 2.754792748366892675e-30
1.281960960960961060e+01 1.911651871819768178e-30
1.285963963963964041e+01 1.326785152243532696e-30
1.289966966966967199e+01 9.210117804654340145e-31
1.293969969969970180e+01 6.394453041895153011e-31
1.297972972972973160e+01 4.440338586939410759e-31
1.301975975975976141e+01 3.083926773908221651e-31
1.305978978978979121e+01 2.142239951621912599e-31
1.309981981981982102e+01 1.488363617215054803e-31
1.313984984984985083e+01 1.034254982810580217e-31
1.317987987987988063e+01 7.188273650026301594e-32
1.321990990990991222e+01 4.996900805587682377e-32
1.325993993993994202e+01 3.474215312150370184e-32
1.329996996996997183e+01 2.415979931036758730e-32
1.334000000000000163e+01 1.680394327315299896e-32
1.338003003003003144e+01 1.168990740975965908e-32
1.342006006006006125e+01 8.133801901986598469e-33
1.346009009009009105e+01 5.660560385832187781e-33
1.350012012012012086e+01 3.940118021344275408e-33
1.354015015015015244e+01 2.743112611480002764e-33
1.358018018018018225e+01 1.910131516070658296e-33
1.362021021021021205e+01 1.330358667073008509e-33
1.366024024024024186e+01 9.267458637586116089e-34
1.370027027027027167e+01 6.457131010368853084e-34
1.374030030030030147e+01 4.499934012910842161e-34
1.378033033033033128e+01 3.136612465273811669e-34
1.382036036036036108e+01 2.186776050271041827e-34
1.386039039039039267e+01 1.524884757195823361e-34
1.390042042042042247e+01 1.063553987243309153e-34
1.394045045045045228e+01 7.419461432798321892e-35
1.398048048048048209e+01 5.176974904062169439e-35
1.402051051051051189e+01 3.613025907442041426e-35
1.406054054054054170e+01 2.522074558038896748e-35
1.410057057057057150e+01 1.760909665935766174e-35
1.414060060060060309e+01 1.229727871078934722e-35
1.418063063063063289e+01 8.589624910852434839e-36
1.422066066066066270e+01 6.001130627954176261e-36
1.426069069069069251e+01 4.193591288550206194e-36
1.430072072072072231e+01 2.931120664611376893e-36
1.434075075075075212e+01 2.049161996647048003e-36
1.438078078078078192e+01 1.432894793562235658e-36
1.442081081081081173e+01 1.002185557907015317e-36
1.446084084084084331e+01 7.010971439373318231e-37
1.450087087087087312e+01 4.905743859763535762e-37
1.454090090090090293e+01 3.433432670085589538e-37
1.458093093093093273e+01 2.403530131217342269e-37
1.462096096096096254e+01 1.682938872599218958e-37
1.466099099099099234e+01 1.178650938316101125e-37
1.470102102102102215e+01 8.256586104464455723e-38
1.474105105105105196e+01 5.785149795826594868e-38
1.478108108108108354e+01 4.054411494174605598e-38
1.482111111111111335e+01 2.842107424741296700e-38
1.486114114114114315e+01 1.992750484084416166e-38
1.490117117117117296e+01 1.397543838916569741e-38
1.494120120120120276e+01 9.803436615334411649e-39
1.498123123123123257e+01 6.878471437486616255e-39
1.502126126126126238e+01 4.827324694682119813e-39
1.506129129129129218e+01 3.388615942786225146e-39
1.510132132132132377e+01 2.379248108614731480e-39
1.514135135135135357e+01 1.670932601003244080e-39
1.518138138138138338e+01 1.173762458363686112e-39
1.522141141141141318e+01 8.247148975289752288e-40
1.526144144144144299e+01 5.796022464915384827e-40
1.530147147147147280e+01 4.074357410096641660e-40
1.534150150150150260e+01 2.864779966155477487e-40
1.538153153153153418e+01 2.014775855783831455e-40
1.542156156156156399e+01 1.417312944273717397e-40
1.546159159159159380e+01 9.972603258187656911e-41
1.550162162162162360e+01 7.018678032864103933e-41
1.554165165165165341e+01 4.940902708057030394e-41
1.558168168168168322e+01 3.479058198889232423e-41
1.562171171171171302e+01 2.450313748959443750e-41
1.566174174174174283e+01 1.726181698016618484e-41
1.570177177177177441e+01 1.216343719674322863e-41
1.574180180180180422e+01 8.572970140084899764e-42
1.578183183183183402e+01 6.043822071643110985e-42
1.582186186186186383e+01 4.261844215129682429e-42
1.586189189189189364e+01 3.006001431543299508e-42
1.590192192192192344e+01 2.120736316032324759e-42
1.594195195195195325e+01 1.496546456717011338e-42
1.598198198198198305e+01 1.056330764851274505e-42
1.602201201201201641e+01 7.457890485937451070e-43
1.606204204204204444e+01 5.266699870721543032e-43
1.610207207207207603e+01 3.720212751039305131e-43
1.614210210210210406e+01 2.628474453506413815e-43
1.618213213213213564e+01 1.857576271527212788e-43
1.622216216216216722e+01 1.313096337775932734e-43
1.626219219219219525e+01 9.284396774239154874e-44
1.630222222222222683e+01 6.566260105437396743e-44
1.634225225225225486e+01 4.645044491556469396e-44
1.638228228228228645e+01 3.286769085148479794e-44
1.642231231231231448e+01 2.326248668571212330e-44
1.646234234234234606e+01 1.646837760098072975e-44
1.650237237237237764e+01 1.166147086319572657e-44
1.654240240240240567e+01 8.259690635972396237e-45
1.658243243243243725e+01 5.851702789040093124e-45
1.662246246246246528e+01 4.146759596514480548e-45
1.666249249249249686e+01 2.939298301180809758e-45
1.670252252252252489e+01 2.083947430892436374e-45
1.674255255255255648e+01 1.477876780048210300e-45
1.678258258258258806e+01 1.048330302077645562e-45
1.682261261261261609e+01 7.438178110580661691e-46
1.686264264264264767e+01 5.278901984752165075e-46
1.690267267267267570e+01 3.747393339640212237e-46
1.694270270270270728e+01 2.660870162488124684e-46
1.698273273273273531e+01 1.889847967165206638e-46
1.702276276276276690e+01 1.342576034060333839e-46
1.706279279279279493e+01 9.540251101773019096e-47
1.710282282282282651e+01 6.780936295706852601e-47
1.714285285285285809e+01 4.820904350287755535e-47
1.718288288288288612e+01 3.428280925830077937e-47
1.722291291291291770e+01 2.438559569784922529e-47
1.726294294294294573e+01 1.734999901893194665e-47
1.730297297297297732e+01 1.234737662521902577e-47
1.734300300300300535e+01 8.789397897269168297e-48
1.738303303303303693e+01 6.258248098045939898e-48
1.742306306306306851e+01 4.457133841991358082e-48
1.746309309309309654e+01 3.175176341798109754e-48
1.750312312312312812e+01 2.262503827351425014e-48
1.754315315315315615e+01 1.612575710820229554e-48
1.758318318318318774e+01 1.149635702667157102e-48
1.762321321321321577e+01 8.198034169777190955e-49
1.766324324324324735e+01 5.847477668290385410e-49
1.770327327327327538e+01 4.171927924665676142e-49
1.774330330330330696e+01 2.977243854786866847e-49
1.778333333333333854e+01 2.125207844173919857e-49
1.782336336336336657e+01 1.517392065959812509e-49
1.786339339339339816e+01 1.083686355636727140e-49
1.790342342342342619e+01 7.741387358913580621e-50
1.794345345345345777e+01 5.531505991768045536e-50
1.798348348348348580e+01 3.953460145690020714e-50
1.802351351351351738e+01 2.826316056873506230e-50
1.806354354354354896e+01 2.021033258423491048e-50
1.810357357357357699e+01 1.445558120424522953e-50
1.814360360360360858e+01 1.034205884898386273e-50
1.818363363363363661e+01 7.400955387577067925e-51
1.822366366366366819e+01 5.297584412925272237e-51
1.826369369369369622e+01 3.792951448391026247e-51
1.830372372372372780e+01 2.716351448824324240e-51
1.834375375375375938e+01 1.945825499989229086e-51
1.838378378378378741e+01 1.394219177936943027e-51
1.842381381381381900e+01 9.992344959207563228e-52
1.846384384384384703e+01 7.163297049729059184e-52
1.850387387387387861e+01 5.136504228258961565e-52
1.854390390390390664e+01 3.684100371614982464e-52
1.858393393393393822e+01 2.643043673200426381e-52
1.862396396396396625e+01 1.896645966273746622e-52
1.866399399399399783e+01 1.361373254616582955e-52
1.870402402402402942e+01 9.774107894975925191e-53
1.874405405405405745e+01 7.019173472050468027e-53
1.878408408408408903e+01 5.042010126310557832e-53
1.882411411411411706e+01 3.622682720276527275e-53
1.886414414414414864e+01 2.603548602091873510e-53
1.890417417417417667e+01 1.871586211775206222e-53
1.894420420420420825e+01 1.345744753386162727e-53
1.898423423423423984e+01 9.678860165290163164e-54
1.902426426426426787e+01 6.962967166318265952e-54
1.906429429429429945e+01 5.010407389376279080e-54
1.910432432432432748e+01 3.606286600975877766e-54
1.914435435435435906e+01 2.596306079055332242e-54
1.918438438438438709e+01 1.869648387903527814e-54
1.922441441441441867e+01 1.346704554513982735e-54
1.926444444444445026e+01 9.702708868409647538e-55
1.930447447447447828e+01 6.992329649791254063e-55
1.934450450450450987e+01 5.040329760179030175e-55
1.938453453453453790e+01 3.634160526348342459e-55
1.942456456456456948e+01 2.620941331960780697e-55
1.946459459459459751e+01 1.890681892699675993e-55
1.950462462462462909e+01 1.364229816283962113e-55
1.954465465465465712e+01 9.846104700868950361e-56
1.958468468468468870e+01 7.108028077413943242e-56
1.962471471471472029e+01 5.132648498313449748e-56
1.966474474474474832e+01 3.707161836067990613e-56
1.970477477477477990e+01 2.678237770185171436e-56
1.974480480480480793e+01 1.935370895788201860e-56
1.978483483483483951e+01 1.398900091412199607e-56
1.982486486486486754e+01 1.011385061073823941e-56
1.986489489489489912e+01 7.313977810993677654e-57
1.990492492492493071e+01 5.290514807996795685e-57
1.994495495495495874e+01 3.827800941545100097e-57
1.998498498498499032e+01 2.770178742156265245e-57
2.002501501501501835e+01 2.005271573152918362e-57
2.006504504504504993e+01 1.451929335596857271e-57
2.010507507507507796e+01 1.051537002813991192e-57
2.014510510510510954e+01 7.617463023236424922e-58
2.018513513513513757e+01 5.519538694775027129e-58
2.022516516516516916e+01 4.000384713491952933e-58
2.026519519519520074e+01 2.900061452107868028e-58
2.030522522522522877e+01 2.102901941749389129e-58
2.034525525525526035e+01 1.525236315508483374e-58
2.038528528528528838e+01 1.106525583144149156e-58
2.042531531531531996e+01 8.029562836708486963e-59
2.046534534534534799e+01 5.828118507648747504e-59
2.050537537537537958e+01 4.231270490041506279e-59
2.054540540540541116e+01 3.072692189867350670e-59
2.058543543543543919e+01 2.231891538669387262e-59
2.062546546546547077e+01 1.621559113799997943e-59
2.066549549549549880e+01 1.178414462073755094e-59
2.070552552552553038e+01 8.565817709918822471e-60
2.074555555555555841e+01 6.227948097277111187e-60
2.078558558558559000e+01 4.529251530502812663e-60
2.082561561561562158e+01 3.294678931796307870e-60
2.086564564564564961e+01 2.397203296688673800e-60
2.090567567567568119e+01 1.744623211661224844e-60
2.094570570570570922e+01 1.269998892824495519e-60
2.098573573573574080e+01 9.247191619190935113e-61
2.102576576576576883e+01 6.734744012884863781e-61
2.106579579579580042e+01 4.906106271067377715e-61
2.110582582582582845e+01 3.574845963198151445e-61
2.114585585585586003e+01 2.605446376693080116e-61
2.118588588588589161e+01 1.899377413996596766e-61
2.122591591591591964e+01 1.384983574719253466e-61
2.126594594594595122e+01 1.010141232258604696e-61
2.130597597597597925e+01 7.369255172286603271e-62
2.134600600600601084e+01 5.377358727726449303e-62
2.138603603603603887e+01 3.924806407121178854e-62
2.142606606606607045e+01 2.865307143616956940e-62
2.146609609609610203e+01 2.092318205909322991e-62
2.150612612612613006e+01 1.528226724529302023e-62
2.154615615615616164e+01 1.116480766796410264e-62
2.158618618618618967e+01 8.158644256881852569e-63
2.162621621621622126e+01 5.963317559897936245e-63
2.166624624624624929e+01 4.359743718987291589e-63
2.170627627627628087e+01 3.188136894602231152e-63
2.174630630630630890e+01 2.331931730192085565e-63
2.178633633633634048e+01 1.706072432034643684e-63
2.182636636636637206e+01 1.248480473207097629e-63
2.186639639639640009e+01 9.138366888697264598e-64
2.190642642642643168e+01 6.690489061719819297e-64
2.194645645645645970e+01 4.899474140655324825e-64
2.198648648648649129e+01 3.588750743084627546e-64
2.202651651651651932e+01 2.629294496210536111e-64
2.206654654654655090e+01 1.926802364594926443e-64
2.210657657657658248e+01 1.412332652905402196e-64
2.214660660660661051e+01 1.035472596871638878e-64
2.218663663663664209e+01 7.593498119193836857e-65
2.222666666666667012e+01 5.569891403559550560e-65
2.226669669669670171e+01 4.086514203599116180e-65
2.230672672672672974e+01 2.998890667539750540e-65
2.234675675675676132e+01 2.201250539864588382e-65
2.238678678678679290e+01 1.616141672049985693e-65
2.242681681681682093e+01 1.186835093371503741e-65
2.246684684684685251e+01 8.717705924131722641e-66
2.250687687687688054e+01 6.404936397250274529e-66
2.254690690690691213e+01 4.706825371332090217e-66
2.258693693693694016e+01 3.459727502793997731e-66
2.262696696696697174e+01 2.543642846786177625e-66
2.266699699699699977e+01 1.870555874207650769e-66
2.270702702702703135e+01 1.375895465735380464e-66
2.274705705705706293e+01 1.012279121697622377e-66
2.278708708708709096e+01 7.449293585755381705e-67
2.282711711711712255e+01 5.483145335963242457e-67
2.286714714714715058e+01 4.036864425871128853e-67
2.290717717717718216e+01 2.972748684547216913e-67
2.294720720720721019e+01 2.189635045481860588e-67
2.298723723723724177e+01 1.613186829314304641e-67
2.302726726726727335e+01 1.188767370104352711e-67
2.306729729729730138e+01 8.762100771650618851e-68
2.310732732732733297e+01 6.459793784419302242e-68
2.314735735735736100e+01 4.763519976842252262e-68
2.318738738738739258e+01 3.513469083796027495e-68
2.322741741741742061e+01 2.592047606030838683e-68
2.326744744744745219e+01 1.912706726349766910e-68
2.330747747747748377e+01 1.411731981733814602e-68
2.334750750750751180e+01 1.042208139968216738e-68
2.338753753753754339e+01 7.695819789581109815e-69
2.342756756756757142e+01 5.683991519118439600e-69
2.346759759759760300e+01 4.199039289020100685e-69
2.350762762762763103e+01 3.102732408585142000e-69
2.354765765765766261e+01 2.293171070172022719e-69
2.358768768768769064e+01 1.695220581268339954e-69
2.362771771771772222e+01 1.253468688652931638e-69
2.366774774774775381e+01 9.270393218963964216e-70
2.370777777777778184e+01 6.857725472440306621e-70
2.374780780780781342e+01 5.074101960999029926e-70
2.378783783783784145e+01 3.755219434008367060e-70
2.382786786786787303e+01 2.779766816491176315e-70
2.386789789789790106e+01 2.058155622417315322e-70
2.390792792792793264e+01 1.524209735183209519e-70
2.394795795795796423e+01 1.129036054561290167e-70
2.398798798798799226e+01 8.365026659852768700e-71
2.402801801801802384e+01 6.199021850728969461e-71
2.406804804804805187e+01 4.594890904406939645e-71
2.410807807807808345e+01 3.406617095699624257e-71
2.414810810810811148e+01 2.526198067432075055e-71
2.418813813813814306e+01 1.873731317563887433e-71
2.422816816816817109e+01 1.390090107981868843e-71
2.426819819819820268e+01 1.031511775645209855e-71
2.430822822822823426e+01 7.655982068997319714e-72
2.434825825825826229e+01 5.683593187020713491e-72
2.438828828828829387e+01 4.220270636563837260e-72
2.442831831831832190e+01 3.134387877819841031e-72
2.446834834834835348e+01 2.328413857272892642e-72
2.450837837837838151e+01 1.730065280500675939e-72
2.454840840840841310e+01 1.285758976126111513e-72
2.458843843843844468e+01 9.557653411034952481e-73
2.462846846846847271e+01 7.106201346696363915e-73
2.466849849849850429e+01 5.284673215884800465e-73
2.470852852852853232e+01 3.930909483717588634e-73
2.474855855855856390e+01 2.924570578978188529e-73
2.478858858858859193e+01 2.176332293959321968e-73
2.482861861861862351e+01 1.619877683803346953e-73
2.486864864864865510e+01 1.205960363673712161e-73
2.490867867867868313e+01 8.980024489144650607e-74
2.494870870870871471e+01 6.688297195645608199e-74
2.498873873873874274e+01 4.982496921091188477e-74
2.502876876876877432e+01 3.712545877843391539e-74
2.506879879879880235e+01 2.766876742632989132e-74
2.510882882882883393e+01 2.062532827967959397e-74
2.514885885885886196e+01 1.537817784687870504e-74
2.518888888888889355e+01 1.146837065995100598e-74
2.522891891891892513e+01 8.554433897441008614e-75
2.526894894894895316e+01 6.382244240272521384e-75
2.530897897897898474e+01 4.762643086832673668e-75
2.534900900900901277e+01 3.554798630191164733e-75
2.538903903903904435e+01 2.653836740529681021e-75
2.542906906906907238e+01 1.981643425929622534e-75
2.546909909909910397e+01 1.480024175959015319e-75
2.550912912912913555e+01 1.105615142850210328e-75
2.554915915915916358e+01 8.260967182017132386e-76
2.558918918918919516e+01 6.173755771266936669e-76
2.562921921921922319e+01 4.614870335309289762e-76
2.566924924924925477e+01 3.450332513515682028e-76
2.570927927927928280e+01 2.580201764547578631e-76
2.574930930930931439e+01 1.929912125837635732e-76
2.578933933933934597e+01 1.443817932790386499e-76
2.582936936936937400e+01 1.080384235174067413e-76
2.586939939939940558e+01 8.086020450581318632e-77
2.590942942942943361e+01 6.053159293783862246e-77
2.594945945945946519e+01 4.532313279007904053e-77
2.598948948948949322e+01 3.394283951386003833e-77
2.602951951951952481e+01 2.542533781778230644e-77
2.606954954954955284e+01 1.904914490166199534e-77
2.610957957957958442e+01 1.427494065963782201e-77
2.614960960960961600e+01 1.069949034581787513e-77
2.618963963963964403e+01 8.021243585501055765e-78
2.622966966966967561e+01 6.014645477636180316e-78
2.626969969969970364e+01 4.510949427934563862e-78
2.630972972972973523e+01 3.383883163175395707e-78
2.634975975975976326e+01 2.538938133914268521e-78
2.638978978978979484e+01 1.905364706717045210e-78
2.642981981981982642e+01 1.430188344466391133e-78
2.646984984984985445e+01 1.073735602563063944e-78
2.650987987987988603e+01 8.062882953206024809e-79
2.654990990990991406e+01 6.055808330816466745e-79
2.658993993993994565e+01 4.549278582569177797e-79
2.662996996996997368e+01 3.418231490370106070e-79
2.667000000000000526e+01 2.568909577942214799e-79
2.671003003003003329e+01 1.931009701510545478e-79
2.675006006006006487e+01 1.451804926707641278e-79
2.679009009009009645e+01 1.091742281912120391e-79
2.683012012012012448e+01 8.211451483819300026e-80
2.687015015015015607e+01 6.177425986692258984e-80
2.691018018018018410e+01 4.648179285681903603e-80
2.695021021021021568e+01 3.498209173372096569e-80
2.699024024024024371e+01 2.633274558568492299e-80
2.703027027027027529e+01 1.982594331846882250e-80
2.707030030030030687e+01 1.492996563002619167e-80
2.711033033033033490e+01 1.124529542196341939e-80
2.715036036036036649e+01 8.471687487224118651e-81
2.719039039039039451e+01 6.383455915435045273e-81
2.723042042042042610e+01 4.810924734935610181e-81
2.727045045045045413e+01 3.626501882243030493e-81
2.731048048048048571e+01 2.734222045449720790e-81
2.735051051051051729e+01 2.061892724329029086e-81
2.739054054054054532e+01 1.555194269738765487e-81
2.743057057057057690e+01 1.173246879755115938e-81
2.747060060060060493e+01 8.852791408166543546e-82
2.751063063063063652e+01 6.681238910517427239e-82
2.755066066066066455e+01 5.043355740601733849e-82
2.759069069069069613e+01 3.807745546502567482e-82
2.763072072072072416e+01 2.875423606834645843e-82
2.767075075075075574e+01 2.171807018875573264e-82
2.771078078078078732e+01 1.640687988357683964e-82
2.775081081081081535e+01 1.239698332909113342e-82
2.779084084084084694e+01 9.368955427304557052e-83
2.783087087087087497e+01 7.081925442319547053e-83
2.787090090090090655e+01 5.354222742443278737e-83
2.791093093093093458e+01 4.048799870352902360e-83
2.795096096096096616e+01 3.062251551248204374e-83
2.799099099099099774e+01 2.316540932729012930e-83
2.803102102102102577e+01 1.752764390097582513e-83
2.807105105105105736e+01 1.326451690014375375e-83
2.811108108108108539e+01 1.004022747312143176e-83
2.815111111111111697e+01 7.601158210897463844e-84
2.819114114114114500e+01 5.755724291952902445e-84
2.823117117117117658e+01 4.359172643578299641e-84
2.827120120120120816e+01 3.302112912315700399e-84
2.831123123123123619e+01 2.501862390963862319e-84
2.835126126126126778e+01 1.895913214641941682e-84
2.839129129129129581e+01 1.437000472539808150e-84
2.843132132132132739e+01 1.089378192833954405e-84
2.847135135135135542e+01 8.260068323798838302e-85
2.851138138138138700e+01 6.264287549262322544e-85
2.855141141141141503e+01 4.751630925951484598e-85
2.859144144144144661e+01 3.604927816509704826e-85
2.863147147147147820e+01 2.735477774807090215e-85
2.867150150150150623e+01 2.076119944145237463e-85
2.871153153153153781e+01 1.575992732564421601e-85
2.875156156156156584e+01 1.196570766534271877e-85
2.879159159159159742e+01 9.086672218958651057e-86
2.883162162162162545e+01 6.901659353606343373e-86
2.887165165165165703e+01 5.243053025910149138e-86
2.891168168168168862e+01 3.983794619698001525e-86
2.895171171171171665e+01 3.027551090696482889e-86
2.899174174174174823e+01 2.301270967995203595e-86
2.903177177177177626e+01 1.749547198771779656e-86
2.907180180180180784e+01 1.330347456531569266e-86
2.911183183183183587e+01 1.011779577136198912e-86
2.915186186186186745e+01 7.696407041778498535e-87
2.919189189189189548e+01 5.855599044146731536e-87
2.923192192192192707e+01 4.455902785733146605e-87
2.927195195195195865e+01 3.391415854947006716e-87
2.931198198198198668e+01 2.581708696905990693e-87
2.935201201201201826e+01 1.965686124365491525e-87
2.939204204204204629e+01 1.496930851233050642e-87
2.943207207207207787e+01 1.140170576753102774e-87
2.947210210210210590e+01 8.685970164687476887e-88
2.951213213213213749e+01 6.618310545615565516e-88
2.955216216216216907e+01 5.043780106307937773e-88
2.959219219219219710e+01 3.844547519543467361e-88
2.963222222222222868e+01 2.930989745843157752e-88
2.967225225225225671e+01 2.234926437647864079e-88
2.971228228228228829e+01 1.704480065297388202e-88
2.975231231231231632e+01 1.300170388295915957e-88
2.979234234234234791e+01 9.919462903845869193e-89
2.983237237237237949e+01 7.569295829423799951e-89
2.987240240240240752e+01 5.776996798043986108e-89
2.991243243243243910e+01 4.409892402121599696e-89
2.995246246246246713e+01 3.366921340060104418e-89
2.999249249249249871e+01 2.571088054516432731e-89
3.003252252252252674e+01 1.963721190928275312e-89
3.007255255255255832e+01 1.500104422262807491e-89
3.011258258258258635e+01 1.146150999285855574e-89
3.015261261261261794e+01 8.758722317101669824e-90
3.019264264264264952e+01 6.694500001510447070e-90
3.023267267267267755e+01 5.117689055002336621e-90
3.027270270270270913e+01 3.912982437947194297e-90
3.031273273273273716e+01 2.992402786623314028e-90
3.035276276276276874e+01 2.288812645541974659e-90
3.039279279279279677e+01 1.750968664412580998e-90
3.043282282282282836e+01 1.339751752299211202e-90
3.047285285285285994e+01 1.025293060387091862e-90
3.051288288288288797e+01 7.847825195020998234e-91
3.055291291291291955e+01 6.007975282284780159e-91
3.059294294294294758e+01 4.600281012729178855e-91
3.063297297297297916e+01 3.523042557972418235e-91
3.067300300300300719e+01 2.698538479677833347e-91
3.071303303303303878e+01 2.067361548532537418e-91
3.075306306306307036e+01 1.584095070188886445e-91
3.079309309309309839e+01 1.214011874603710733e-91
3.083312312312312997e+01 9.305536288302113492e-92
3.087315315315315800e+01 7.134056676865230240e-92
3.091318318318318958e+01 5.470263863318348663e-92
3.095321321321321761e+01 4.195236646383522325e-92
3.099324324324324920e+01 3.217962778362375495e-92
3.103327327327327723e+01 2.468776814167799010e-92
3.107330330330330881e+01 1.894343801405227841e-92
3.111333333333334039e+01 1.453823976106399547e-92
3.115336336336336842e+01 1.115939894821799841e-92
3.119339339339340000e+01 8.567332640575431273e-93
3.123342342342342803e+01 6.578489726105925066e-93
3.127345345345345962e+01 5.052221880584309045e-93
3.131348348348348765e+01 3.880736638849041333e-93
3.135351351351351923e+01 2.981407674645354025e-93
3.139354354354355081e+01 2.290888203080078787e-93
3.143357357357357884e+01 1.760603907021535195e-93
3.147360360360361042e+01 1.353301489001806968e-93
3.151363363363363845e+01 1.040405140670218187e-93
3.155366366366367004e+01 7.999914566266142024e-94
3.159369369369369807e+01 6.152378380120720834e-94
3.163372372372372965e+01 4.732334701860332146e-94
3.167375375375375768e+01 3.640679896530670366e-94
3.171378378378378926e+01 2.801328656378235749e-94
3.175381381381382084e+01 2.155857531594120648e-94
3.179384384384384887e+01 1.659397286517554823e-94
3.183387387387388046e+01 1.277482378412581328e-94
3.187390390390390849e+01 9.836341201459245231e-95
3.191393393393394007e+01 7.575063472951222684e-95
3.195396396396396810e+01 5.834624238580369693e-95
3.199399399399399968e+01 4.494830635943562386e-95
3.203402402402402771e+01 3.463279147417687669e-95
3.207405405405405929e+01 2.668918362270579328e-95
3.211408408408408377e+01 2.057105702442880078e-95
3.215411411411411535e+01 1.585810737966660123e-95
3.219414414414414694e+01 1.222698640459183797e-95
3.223417417417417852e+01 9.428893590264667833e-96
3.227420420420420299e+01 7.272356684322319593e-96
3.231423423423423458e+01 5.609997161543982895e-96
3.235426426426426616e+01 4.328356728639284940e-96
3.239429429429429774e+01 3.340075538065597179e-96
3.243432432432432933e+01 2.577877464465695750e-96
3.247435435435435380e+01 1.989944172279367142e-96
3.251438438438438538e+01 1.536356700144768363e-96
3.255441441441441697e+01 1.186357749032810813e-96
3.259444444444444855e+01 9.162450322398734200e-97
3.263447447447448013e+01 7.077499487245707261e-97
3.267450450450450461e+01 5.467895616671594216e-97
3.271453453453453619e+01 4.225057678014874502e-97
3.275456456456456777e+01 3.265254454058995088e-97
3.279459459459459936e+01 2.523906628219935227e-97
3.283462462462462383e+01 1.951197840519636848e-97
3.287465465465465542e+01 1.508693439539902070e-97
3.291468468468468700e+01 1.166735127935816484e-97
3.295471471471471858e+01 9.024331214341760846e-98
3.299474474474475016e+01 6.981185285172979864e-98
3.303477477477477464e+01 5.401502636294713776e-98
3.307480480480480622e+01 4.179951229224843405e-98
3.311483483483483781e+01 3.235183626361206517e-98
3.315486486486486939e+01 2.504365206380961140e-98
3.319489489489489387e+01 1.938953063736149384e-98
3.323492492492492545e+01 1.501439183647730947e-98
3.327495495495495703e+01 1.162837195578578922e-98
3.331498498498498861e+01 9.007426150261837536e-99
3.335501501501502020e+01 6.978354641375714994e-99
3.339504504504504467e+01 5.407241920737804948e-99
3.343507507507507626e+01 4.190529551268188202e-99
3.347510510510510784e+01 3.248121487060197903e-99
3.351513513513513942e+01 2.518058278886982345e-99
3.355516516516517100e+01 1.952402489988388149e-99
3.359519519519519548e+01 1.514059343559561504e-99
3.363522522522522706e+01 1.174319624670419798e-99
3.367525525525525865e+01 9.109604514553708903e-100
3.371528528528529023e+01 7.067770150670814122e-100
3.375531531531531471e+01 5.484473088645666518e-100
3.379534534534534629e+01 4.256541847063743930e-100
3.383537537537537787e+01 3.304062986866931862e-100
3.387540540540540945e+01 2.565128045908998981e-100
3.391543543543544104e+01 1.991769184575308381e-100
3.395546546546546551e+01 1.546814040878899973e-100
3.399549549549549710e+01 1.201451509544621573e-100
3.403552552552552868e+01 9.333474445197594688e-101
3.407555555555556026e+01 7.251858144687533075e-101
3.411558558558558474e+01 5.635390668315482708e-101
3.415561561561561632e+01 4.379932692141482592e-101
3.419564564564564790e+01 3.404704569306313852e-101
3.423567567567567949e+01 2.647036492644222773e-101
3.427570570570571107e+01 2.058300744429677571e-101
3.431573573573573555e+01 1.600759362470145522e-101
3.435576576576576713e+01 1.245120824563816157e-101
3.439579579579579871e+01 9.686459776396221789e-102
3.443582582582583029e+01 7.536795101441040556e-102
3.447585585585585477e+01 5.865111790723699590e-102
3.451588588588588635e+01 4.564926055548893873e-102
3.455591591591591794e+01 3.553521743849647947e-102
3.459594594594594952e+01 2.766635182284006821e-102
3.463597597597598110e+01 2.154330908506300654e-102
3.467600600600600558e+01 1.677800961988761453e-102
3.471603603603603716e+01 1.306880526039865839e-102
3.475606606606606874e+01 1.018119290150658432e-102
3.479609609609610033e+01 7.932839889860202380e-103
3.483612612612613191e+01 6.181955389062126611e-103
3.487615615615615638e+01 4.818258665704433897e-103
3.491618618618618797e+01 3.755963247903969227e-103
3.495621621621621955e+01 2.928326160835121946e-103
3.499624624624625113e+01 2.283412442832236550e-103
3.503627627627627561e+01 1.780803473537838898e-103
3.507630630630630719e+01 1.389038400839023493e-103
3.511633633633633877e+01 1.083625085756350212e-103
3.515636636636637036e+01 8.454935543739023957e-104
3.519639639639640194e+01 6.597933248525199360e-104
3.523642642642642642e+01 5.149580036355659172e-104
3.527645645645645800e+01 4.019776429644404731e-104
3.531648648648648958e+01 3.138326264414178003e-104
3.535651651651652116e+01 2.450531571876882070e-104
3.539654654654654564e+01 1.913764284647737815e-104
3.543657657657657722e+01 1.494797747391040224e-104
3.547660660660660881e+01 1.167729318245212632e-104
3.551663663663664039e+01 9.123628810354227960e-105
3.555666666666667197e+01 7.129492560746212128e-105
3.559669669669669645e+01 5.572051674323674747e-105
3.563672672672672803e+01 4.355490471610180270e-105
3.567675675675675961e+01 3.405056580354502135e-105
3.571678678678679120e+01 2.662421701863673661e-105
3.575681681681682278e+01 2.082066126068625791e-105
3.579684684684684726e+01 1.628460653034686785e-105
3.583687687687687884e+01 1.273869715936533110e-105
3.587690690690691042e+01 9.966385108462842002e-106
3.591693693693694200e+01 7.798572961110204581e-106
3.595696696696696648e+01 6.103196515446678162e-106
3.599699699699699806e+01 4.777098799273682870e-106
3.603702702702702965e+01 3.739690525446209362e-106
3.607705705705706123e+01 2.928003503990906218e-106
3.611708708708709281e+01 2.292830360992953292e-106
3.615711711711711729e+01 1.795711549318664201e-106
3.619714714714714887e+01 1.406583325382420960e-106
3.623717717717718045e+01 1.101941418380251909e-106
3.627720720720721204e+01 8.634071086733697895e-107
3.631723723723723651e+01 6.766073644490373593e-107
3.635726726726726810e+01 5.303001204817551436e-107
3.639729729729729968e+01 4.156909343252438522e-107
3.643732732732733126e+01 3.258990693536498819e-107
3.647735735735736284e+01 2.555402672400972286e-107
3.651738738738738732e+01 2.004006584116069889e-107
3.655741741741741890e+01 1.571818646449863557e-107
3.659744744744745049e+01 1.233017214681311180e-107
3.663747747747748207e+01 9.673846074578621296e-108
3.667750750750751365e+01 7.590885721820644986e-108
3.671753753753753813e+01 5.957292167111240287e-108
3.675756756756756971e+01 4.675934634689638270e-108
3.679759759759760129e+01 3.670717536492333142e-108
3.683762762762763288e+01 2.882016243967868468e-108
3.687765765765765735e+01 2.263105101647310314e-108
3.691768768768768894e+01 1.777361562638618392e-108
3.695771771771772052e+01 1.396077488679350514e-108
3.699774774774775210e+01 1.096745508366202018e-108
3.703777777777778368e+01 8.617171254297156938e-109
3.707780780780780816e+01 6.771517774512293740e-109
3.711783783783783974e+01 5.321936405480533702e-109
3.715786786786787133e+01 4.183267318529054638e-109
3.719789789789790291e+01 3.288696182110076003e-109
3.723792792792792739e+01 2.585794517667047131e-109
3.727795795795795897e+01 2.033416329141825734e-109
3.731798798798799055e+01 1.599265483650033592e-109
3.735801801801802213e+01 1.257988593090466484e-109
3.739804804804805372e+01 9.896796600232675537e-110
3.743807807807807819e+01 7.787074145585954197e-110
3.747810810810810978e+01 6.127955740649790278e-110
3.751813813813814136e+01 4.823013706165591646e-110
3.755816816816817294e+01 3.796495241940954429e-110
3.759819819819820452e+01 2.988881059795916968e-110
3.763822822822822900e+01 2.353399934363462684e-110
3.767825825825826058e+01 1.853293036380606278e-110
3.771828828828829216e+01 1.459666449021174978e-110
3.775831831831832375e+01 1.149805163375702788e-110
3.779834834834834822e+01 9.058491951719122697e-111
3.783837837837837981e+01 7.137538976097046614e-111
3.787840840840841139e+01 5.624733458807605921e-111
3.791843843843844297e+01 4.433188405074916694e-111
3.795846846846847455e+01 3.494549045130883957e-111
3.799849849849849903e+01 2.755032487041611690e-111
3.803852852852853061e+01 2.172315318400961305e-111
3.807855855855856220e+01 1.713087256095661387e-111
3.811858858858859378e+01 1.351128038769802531e-111
3.815861861861861826e+01 1.065795433404921486e-111
3.819864864864864984e+01 8.408363018582478495e-112
3.823867867867868142e+01 6.634515689352016324e-112
3.827870870870871300e+01 5.235607667329608254e-112
3.831873873873874459e+01 4.132234756690983184e-112
3.835876876876876906e+01 3.261841270751224616e-112
3.839879879879880065e+01 2.575138136897402857e-112
3.843882882882883223e+01 2.033283950345858559e-112
3.847885885885886381e+01 1.605666157028525327e-112
3.851888888888889539e+01 1.268154359214944710e-112
3.855891891891891987e+01 1.001725093029798480e-112
3.859894894894895145e+01 7.913789254598798909e-113
3.863897897897898304e+01 6.252876162067510536e-113
3.867900900900901462e+01 4.941223732487824115e-113
3.871903903903903910e+01 3.905246747418613276e-113
3.875906906906907068e+01 3.086893421439074237e-113
3.879909909909910226e+01 2.440360079033635169e-113
3.883912912912913384e+01 1.929502009530064235e-113
3.887915915915916543e+01 1.525792694113836111e-113
3.891918918918918990e+01 1.206715039551143048e-113
3.895921921921922149e+01 9.544929932369327015e-114
3.899924924924925307e+01 7.550913842993072151e-114
3.903927927927928465e+01 5.974271603943180408e-114
3.907930930930930913e+01 4.727472537179500426e-114
3.911933933933934071e+01 3.741378078670819104e-114
3.915936936936937229e+01 2.961369762456104347e-114
3.919939939939940388e+01 2.344293927323591058e-114
3.923942942942943546e+01 1.856050545700151298e-114
3.927945945945945994e+01 1.469690120068598440e-114
3.931948948948949152e+01 1.163911385201741311e-114
3.935951951951952310e+01 9.218752424752056572e-115
3.939954954954955468e+01 7.302682324092673716e-115
3.943957957957957916e+01 5.785629442666692014e-115
3.947960960960961074e+01 4.584338707016678187e-115
3.951963963963964233e+01 3.632959739499866470e-115
3.955966966966967391e+01 2.879401361978603131e-115
3.959969969969970549e+01 2.282451130858022062e-115
3.963972972972972997e+01 1.809499049419089181e-115
3.967975975975976155e+01 1.434738488819810814e-115
3.971978978978979313e+01 1.137744082677581233e-115
3.975981981981982472e+01 9.023474541682379690e-116
3.979984984984985630e+01 7.157482810004741668e-116
3.983987987987988078e+01 5.678113420016991672e-116
3.987990990990991236e+01 4.505105600573166077e-116
3.991993993993994394e+01 3.574892437942575976e-116
3.995996996996997552e+01 2.837121952063890885e-116
4.000000000000000000e+01 2.251904556037342894e-116
