5.000000000000000000e-01 5.268135757726521007e+01
8.203125000000000000e-01 5.479968132793386815e+01
1.140625000000000000e+00 5.786114495433223937e+01
1.460937500000000000e+00 6.072490557873318551e+01
1.781250000000000000e+00 6.119424389876975567e+01
2.101562500000000000e+00 6.428875890803459470e+01
2.421875000000000000e+00 6.474529580582375843e+01
2.742187500000000000e+00 6.693493081854506954e+01
3.062500000000000000e+00 6.830234659320097990e+01
3.382812500000000000e+00 7.000000058019625726e+01
3.703125000000000000e+00 7.070152728825276256e+01
4.023437500000000000e+00 7.460446468240358797e+01
4.343750000000000000e+00 7.527049780601447537e+01
4.664062500000000000e+00 7.880251401061286742e+01
4.984375000000000000e+00 7.826394698571830588e+01
5.304687500000000000e+00 8.057576259461146151e+01
5.625000000000000000e+00 8.209828112981287518e+01
5.945312500000000000e+00 8.646364072184181282e+01
6.265625000000000000e+00 8.767687499471446699e+01
6.585937500000000000e+00 8.935297254597341521e+01
6.906250000000000000e+00 9.041548360691426467e+01
7.226562500000000000e+00 9.091193309681854373e+01
7.546875000000000000e+00 9.446754457671548266e+01
7.867187500000000000e+00 9.532922201955560126e+01
8.187500000000000000e+00 9.665102591289611667e+01
8.507812500000000000e+00 9.792929975701369472e+01
8.828125000000000000e+00 9.881041054756062181e+01
9.148437500000000000e+00 9.976236619796108585e+01
9.468750000000000000e+00 9.865907913439589549e+01
9.789062500000000000e+00 1.017158745338603723e+02
1.010937500000000000e+01 1.006921213426033148e+02
1.042968750000000000e+01 1.020416682487147426e+02
1.075000000000000000e+01 1.027591233750931679e+02
