1.000000000000000021e-02 2.537250116202025008e-02
2.000000000000000042e-02 1.124794022988680059e-01
2.999999999999999889e-02 2.243804263833156787e-01
4.000000000000000083e-02 3.378196730366725409e-01
5.000000000000000278e-02 4.430579386488567861e-01
6.000000000000000472e-02 5.366375339667694977e-01
6.999999999999999278e-02 6.178961626135819341e-01
8.000000000000000167e-02 6.873834842291878244e-01
8.999999999999999667e-02 7.461309989383843044e-01
9.999999999999999167e-02 7.953116639782223940e-01
1.100000000000000006e-01 8.360831218560021982e-01
1.199999999999999956e-01 8.695195279220282458e-01
1.300000000000000044e-01 8.965865895873510460e-01
1.400000000000000133e-01 9.181375039940075089e-01
1.500000000000000222e-01 9.349186083444172013e-01
1.600000000000000033e-01 9.475790874865693825e-01
1.700000000000000122e-01 9.566818964925263291e-01
1.800000000000000211e-01 9.627145095018438958e-01
1.900000000000000022e-01 9.660988624035748984e-01
2.000000000000000111e-01 9.672002488522655206e-01
2.100000000000000200e-01 9.663351281338017351e-01
2.200000000000000011e-01 9.637778996763513017e-01
2.300000000000000100e-01 9.597667406995549211e-01
2.400000000000000189e-01 9.545086166198605282e-01
2.500000000000000000e-01 9.481835725039814422e-01
2.600000000000000089e-01 9.409484057442057958e-01
2.700000000000000178e-01 9.329398093272149861e-01
2.800000000000000266e-01 9.242770637318487026e-01
2.900000000000000355e-01 9.150643446896066235e-01
2.999999999999999889e-01 9.053927042518772339e-01
3.099999999999999978e-01 8.953417739891570415e-01
3.200000000000000067e-01 8.849812316945476764e-01
3.300000000000000155e-01 8.743720665918125468e-01
3.400000000000000244e-01 8.635676726399820202e-01
3.500000000000000333e-01 8.526147949571288853e-01
3.600000000000000422e-01 8.415543505358864529e-01
3.699999999999999956e-01 8.304221411840194689e-01
3.800000000000000044e-01 8.192494738993852943e-01
3.900000000000000133e-01 8.080637015976553927e-01
4.000000000000000222e-01 7.968886951831499754e-01
4.100000000000000311e-01 7.857452563289666347e-01
4.200000000000000400e-01 7.746514789626627318e-01
4.299999999999999933e-01 7.636230662966054794e-01
4.400000000000000022e-01 7.526736092631525210e-01
4.500000000000000111e-01 7.418148313852150899e-01
4.600000000000000200e-01 7.310568044085034023e-01
4.700000000000000289e-01 7.204081384228179230e-01
4.800000000000000377e-01 7.098761496894842038e-01
4.899999999999999911e-01 6.994670089564909432e-01
5.000000000000000000e-01 6.891858726704768179e-01
5.100000000000000089e-01 6.790369991756831647e-01
5.200000000000000178e-01 6.690238517162052645e-01
5.300000000000000266e-01 6.591491898225139145e-01
5.400000000000000355e-01 6.494151504605133463e-01
5.500000000000000444e-01 6.398233201465379771e-01
5.600000000000000533e-01 6.303747990805869117e-01
5.700000000000000622e-01 6.210702582192967336e-01
5.800000000000000711e-01 6.119099900967657213e-01
5.899999999999999689e-01 6.028939541028731641e-01
5.999999999999999778e-01 5.940218168431051771e-01
6.099999999999999867e-01 5.852929881293146286e-01
6.199999999999999956e-01 5.767066530857750672e-01
6.300000000000000044e-01 5.682618007980578811e-01
6.400000000000000133e-01 5.599572498825396982e-01
6.500000000000000222e-01 5.517916713107986482e-01
6.600000000000000311e-01 5.437636087849491151e-01
6.700000000000000400e-01 5.358714969264186667e-01
6.800000000000000488e-01 5.281136775111566761e-01
6.900000000000000577e-01 5.204884139582852676e-01
7.000000000000000666e-01 5.129939042563000928e-01
7.100000000000000755e-01 5.056282924907081755e-01
7.199999999999999734e-01 4.983896791191311237e-01
7.299999999999999822e-01 4.912761301240976541e-01
7.399999999999999911e-01 4.842856851597584500e-01
7.500000000000000000e-01 4.774163647963478585e-01
7.600000000000000089e-01 4.706661769552117347e-01
7.700000000000000178e-01 4.640331226174431167e-01
7.800000000000000266e-01 4.575152008804682646e-01
7.900000000000000355e-01 4.511104134291928913e-01
8.000000000000000444e-01 4.448167684814233191e-01
8.100000000000000533e-01 4.386322842611296569e-01
8.200000000000000622e-01 4.325549920476405297e-01
8.300000000000000711e-01 4.265829388439491554e-01
8.400000000000000799e-01 4.207141897029489930e-01
8.499999999999999778e-01 4.149468297464836142e-01
8.599999999999999867e-01 4.092789659086041310e-01
8.699999999999999956e-01 4.037087284312767532e-01
8.800000000000000044e-01 3.982342721379729111e-01
8.900000000000000133e-01 3.928537775080446770e-01
9.000000000000000222e-01 3.875654515725242000e-01
9.100000000000000311e-01 3.823675286499430004e-01
9.200000000000000400e-01 3.772582709389422084e-01
9.300000000000000488e-01 3.722359689827921536e-01
9.400000000000000577e-01 3.672989420194605614e-01
9.500000000000000666e-01 3.624455382295327377e-01
9.600000000000000755e-01 3.576741348930856934e-01
9.699999999999999734e-01 3.529831384655319204e-01
9.799999999999999822e-01 3.483709845814741968e-01
9.899999999999999911e-01 3.438361379947287855e-01
1.000000000000000000e+00 3.393770924618783047e-01
1.010000000000000009e+00 3.349923705759981218e-01
1.020000000000000018e+00 3.306805235565496992e-01
1.030000000000000027e+00 3.264401310008469559e-01
1.040000000000000036e+00 3.222698006019734662e-01
1.050000000000000044e+00 3.181681678375455902e-01
1.060000000000000053e+00 3.141338956332851984e-01
1.070000000000000062e+00 3.101656740049710259e-01
1.080000000000000071e+00 3.062622196819841380e-01
1.090000000000000080e+00 3.024222757153398611e-01
1.100000000000000089e+00 2.986446110728077641e-01
1.110000000000000098e+00 2.949280202234580428e-01
1.120000000000000107e+00 2.912713227137325167e-01
1.130000000000000115e+00 2.876733627369235102e-01
1.140000000000000124e+00 2.841330086977469915e-01
1.150000000000000133e+00 2.806491527735188729e-01
1.160000000000000142e+00 2.772207104732826721e-01
1.169999999999999929e+00 2.738466201960913504e-01
1.179999999999999938e+00 2.705258427895127493e-01
1.189999999999999947e+00 2.672573611093122525e-01
1.199999999999999956e+00 2.640401795811511132e-01
1.209999999999999964e+00 2.608733237650499581e-01
1.219999999999999973e+00 2.577558399232692810e-01
1.229999999999999982e+00 2.546867945921856280e-01
1.239999999999999991e+00 2.516652741586654640e-01
1.250000000000000000e+00 2.486903844413734521e-01
1.260000000000000009e+00 2.457612502773950380e-01
1.270000000000000018e+00 2.428770151144959699e-01
1.280000000000000027e+00 2.400368406092967255e-01
1.290000000000000036e+00 2.372399062315924678e-01
1.300000000000000044e+00 2.344854088750130128e-01
1.310000000000000053e+00 2.317725624741802659e-01
1.320000000000000062e+00 2.291005976284881673e-01
1.330000000000000071e+00 2.264687612326033161e-01
1.340000000000000080e+00 2.238763161137569402e-01
1.350000000000000089e+00 2.213225406758769775e-01
1.360000000000000098e+00 2.188067285505877757e-01
1.370000000000000107e+00 2.163281882550869284e-01
1.380000000000000115e+00 2.138862428568918950e-01
1.390000000000000124e+00 2.114802296454348640e-01
1.400000000000000133e+00 2.091094998104710834e-01
1.410000000000000142e+00 2.067734181272542771e-01
1.419999999999999929e+00 2.044713626484233604e-01
1.429999999999999938e+00 2.022027244025342008e-01
1.439999999999999947e+00 1.999669070991653141e-01
1.449999999999999956e+00 1.977633268405158129e-01
1.459999999999999964e+00 1.955914118394111723e-01
1.469999999999999973e+00 1.934506021436260825e-01
1.479999999999999982e+00 1.913403493664296018e-01
1.489999999999999991e+00 1.892601164232539934e-01
1.500000000000000000e+00 1.872093772743861906e-01
1.510000000000000009e+00 1.851876166735773876e-01
1.520000000000000018e+00 1.831943299224666200e-01
1.530000000000000027e+00 1.812290226307092522e-01
1.540000000000000036e+00 1.792912104817034058e-01
1.550000000000000044e+00 1.773804190038048567e-01
1.560000000000000053e+00 1.754961833469211308e-01
1.570000000000000062e+00 1.736380480643759383e-01
1.580000000000000071e+00 1.718055668999333152e-01
1.590000000000000080e+00 1.699983025798741665e-01
1.600000000000000089e+00 1.682158266100156896e-01
1.610000000000000098e+00 1.664577190775669846e-01
1.620000000000000107e+00 1.647235684577139925e-01
1.630000000000000115e+00 1.630129714248280404e-01
1.640000000000000124e+00 1.613255326681937996e-01
1.650000000000000133e+00 1.596608647121545155e-01
1.660000000000000142e+00 1.580185877405712869e-01
1.670000000000000151e+00 1.563983294254978618e-01
1.679999999999999938e+00 1.547997247599714188e-01
1.689999999999999947e+00 1.532224158948226056e-01
1.699999999999999956e+00 1.516660519794101325e-01
1.709999999999999964e+00 1.501302890061851358e-01
1.719999999999999973e+00 1.486147896589943840e-01
1.729999999999999982e+00 1.471192231650317872e-01
1.739999999999999991e+00 1.456432651503497822e-01
1.750000000000000000e+00 1.441865974988439381e-01
1.760000000000000009e+00 1.427489082146259913e-01
1.770000000000000018e+00 1.413298912877024305e-01
1.780000000000000027e+00 1.399292465628764193e-01
1.790000000000000036e+00 1.385466796117948429e-01
1.800000000000000044e+00 1.371819016080613463e-01
1.810000000000000053e+00 1.358346292053401461e-01
1.820000000000000062e+00 1.345045844183758443e-01
1.830000000000000071e+00 1.331914945068569112e-01
1.840000000000000080e+00 1.318950918620513113e-01
1.850000000000000089e+00 1.306151138961457459e-01
1.860000000000000098e+00 1.293513029342199527e-01
1.870000000000000107e+00 1.281034061087910070e-01
1.880000000000000115e+00 1.268711752568621176e-01
1.890000000000000124e+00 1.256543668194139429e-01
1.900000000000000133e+00 1.244527417432763905e-01
1.910000000000000142e+00 1.232660653853215188e-01
1.920000000000000151e+00 1.220941074189187403e-01
1.929999999999999938e+00 1.209366417425958851e-01
1.939999999999999947e+00 1.197934463908500030e-01
1.949999999999999956e+00 1.186643034470547114e-01
1.959999999999999964e+00 1.175489989584102279e-01
1.969999999999999973e+00 1.164473228528854903e-01
1.979999999999999982e+00 1.153590688581023344e-01
1.989999999999999991e+00 1.142840344221117688e-01
2.000000000000000000e+00 1.132220206360167181e-01
2.009999999999999787e+00 1.121728321583927573e-01
2.020000000000000018e+00 1.111362771414631384e-01
2.029999999999999805e+00 1.101121671589841006e-01
2.040000000000000036e+00 1.091003171357959878e-01
2.049999999999999822e+00 1.081005452790007454e-01
2.059999999999999609e+00 1.071126730107233999e-01
2.069999999999999840e+00 1.061365249024185942e-01
2.079999999999999627e+00 1.051719286106835294e-01
2.089999999999999858e+00 1.042187148145394121e-01
2.099999999999999645e+00 1.032767171541458251e-01
2.109999999999999876e+00 1.023457721709104540e-01
2.119999999999999662e+00 1.014257192489618625e-01
2.129999999999999893e+00 1.005164005579491093e-01
2.139999999999999680e+00 9.961766099713756373e-02
2.149999999999999911e+00 9.872934814076674004e-02
2.159999999999999698e+00 9.785131218464054870e-02
2.169999999999999929e+00 9.698340589391869770e-02
2.179999999999999716e+00 9.612548455207975406e-02
2.189999999999999947e+00 9.527740591102706880e-02
2.199999999999999734e+00 9.443903014231001813e-02
2.209999999999999964e+00 9.361021978943179223e-02
2.219999999999999751e+00 9.279083972121897339e-02
2.229999999999999982e+00 9.198075708622517610e-02
2.239999999999999769e+00 9.117984126814492052e-02
2.250000000000000000e+00 9.038796384221189917e-02
2.259999999999999787e+00 8.960499853255879388e-02
2.270000000000000018e+00 8.883082117051441240e-02
2.279999999999999805e+00 8.806530965381598186e-02
2.290000000000000036e+00 8.730834390671403378e-02
2.299999999999999822e+00 8.655980584094878638e-02
2.310000000000000053e+00 8.581957931757637492e-02
2.319999999999999840e+00 8.508755010962522347e-02
2.329999999999999627e+00 8.436360586556194974e-02
2.339999999999999858e+00 8.364763607354780417e-02
2.349999999999999645e+00 8.293953202646660305e-02
2.359999999999999876e+00 8.223918678770551771e-02
2.369999999999999662e+00 8.154649515767141421e-02
2.379999999999999893e+00 8.086135364102413348e-02
2.389999999999999680e+00 8.018366041461109928e-02
2.399999999999999911e+00 7.951331529608519910e-02
2.409999999999999698e+00 7.885021971319110257e-02
2.419999999999999929e+00 7.819427667370300317e-02
2.429999999999999716e+00 7.754539073599961418e-02
2.439999999999999947e+00 7.690346798026033437e-02
2.449999999999999734e+00 7.626841598026899705e-02
2.459999999999999964e+00 7.564014377581018689e-02
2.469999999999999751e+00 7.501856184564502372e-02
2.479999999999999982e+00 7.440358208105191107e-02
2.489999999999999769e+00 7.379511775992041167e-02
2.500000000000000000e+00 7.319308352138402529e-02
2.509999999999999787e+00 7.259739534098065550e-02
2.520000000000000018e+00 7.200797050632749829e-02
2.529999999999999805e+00 7.142472759329926424e-02
2.540000000000000036e+00 7.084758644269772976e-02
2.549999999999999822e+00 7.027646813740145992e-02
2.560000000000000053e+00 6.971129497998462821e-02
2.569999999999999840e+00 6.915199047079458039e-02
2.579999999999999627e+00 6.859847928647676285e-02
2.589999999999999858e+00 6.805068725893795301e-02
2.599999999999999645e+00 6.750854135473730033e-02
2.609999999999999876e+00 6.697196965489496390e-02
2.619999999999999662e+00 6.644090133511017238e-02
2.629999999999999893e+00 6.591526664637789579e-02
2.639999999999999680e+00 6.539499689599675980e-02
2.649999999999999911e+00 6.488002442895804411e-02
2.659999999999999698e+00 6.437028260970807658e-02
2.669999999999999929e+00 6.386570580427522459e-02
2.679999999999999716e+00 6.336622936275376761e-02
2.689999999999999947e+00 6.287178960213607448e-02
2.699999999999999734e+00 6.238232378948600082e-02
2.709999999999999964e+00 6.189777012544553370e-02
2.719999999999999751e+00 6.141806772806738396e-02
2.729999999999999982e+00 6.094315661696644154e-02
2.739999999999999769e+00 6.047297769778300913e-02
2.750000000000000000e+00 6.000747274695072964e-02
2.759999999999999787e+00 5.954658439676315668e-02
2.770000000000000018e+00 5.909025612073145334e-02
2.779999999999999805e+00 5.863843221922808435e-02
2.790000000000000036e+00 5.819105780540890366e-02
2.799999999999999822e+00 5.774807879140891886e-02
2.810000000000000053e+00 5.730944187480464802e-02
2.819999999999999840e+00 5.687509452533828086e-02
2.829999999999999627e+00 5.644498497189709418e-02
2.839999999999999858e+00 5.601906218974334051e-02
2.849999999999999645e+00 5.559727588798892700e-02
2.859999999999999876e+00 5.517957649730938913e-02
2.869999999999999662e+00 5.476591515789264869e-02
2.879999999999999893e+00 5.435624370761683172e-02
2.889999999999999680e+00 5.395051467045292731e-02
2.899999999999999911e+00 5.354868124508693067e-02
2.909999999999999698e+00 5.315069729375729995e-02
2.919999999999999929e+00 5.275651733130275883e-02
2.929999999999999716e+00 5.236609651441632984e-02
2.939999999999999947e+00 5.197939063110095653e-02
2.949999999999999734e+00 5.159635609032293263e-02
2.959999999999999964e+00 5.121694991185827411e-02
2.969999999999999751e+00 5.084112971632864797e-02
2.979999999999999982e+00 5.046885371542272208e-02
2.989999999999999769e+00 5.010008070229877986e-02
3.000000000000000000e+00 4.973477004216520642e-02
3.009999999999999787e+00 4.937288166303504394e-02
3.020000000000000018e+00 4.901437604665068865e-02
3.029999999999999805e+00 4.865921421957598164e-02
3.040000000000000036e+00 4.830735774445118341e-02
3.049999999999999822e+00 4.795876871140852815e-02
3.060000000000000053e+00 4.761340972964435425e-02
3.069999999999999840e+00 4.727124391914479251e-02
3.080000000000000071e+00 4.693223490256213243e-02
3.089999999999999858e+00 4.659634679723835549e-02
3.099999999999999645e+00 4.626354420737322642e-02
3.109999999999999876e+00 4.593379221633364651e-02
3.119999999999999662e+00 4.560705637910197202e-02
3.129999999999999893e+00 4.528330271485964814e-02
3.139999999999999680e+00 4.496249769970425691e-02
3.149999999999999911e+00 4.464460825949682909e-02
3.159999999999999698e+00 4.432960176283690795e-02
3.169999999999999929e+00 4.401744601416272828e-02
3.179999999999999716e+00 4.370810924697430405e-02
3.189999999999999947e+00 4.340156011717657969e-02
3.199999999999999734e+00 4.309776769654045242e-02
3.209999999999999964e+00 4.279670146627940347e-02
3.219999999999999751e+00 4.249833131073926795e-02
3.229999999999999982e+00 4.220262751119897848e-02
3.239999999999999769e+00 4.190956073978017310e-02
3.250000000000000000e+00 4.161910205346337766e-02
3.259999999999999787e+00 4.133122288820879203e-02
3.270000000000000018e+00 4.104589505317947362e-02
3.279999999999999805e+00 4.076309072506523884e-02
3.290000000000000036e+00 4.048278244250480551e-02
3.299999999999999822e+00 4.020494310060476750e-02
3.310000000000000053e+00 3.992954594555323672e-02
3.319999999999999840e+00 3.965656456932631357e-02
3.330000000000000071e+00 3.938597290448572069e-02
3.339999999999999858e+00 3.911774521906585117e-02
3.349999999999999645e+00 3.885185611154821916e-02
3.359999999999999876e+00 3.858828050592199438e-02
3.369999999999999662e+00 3.832699364682883719e-02
3.379999999999999893e+00 3.806797109479020252e-02
3.389999999999999680e+00 3.781118872151603694e-02
3.399999999999999911e+00 3.755662270529262770e-02
3.409999999999999698e+00 3.730424952644888215e-02
3.419999999999999929e+00 3.705404596289874758e-02
3.429999999999999716e+00 3.680598908575903605e-02
3.439999999999999947e+00 3.656005625504072515e-02
3.449999999999999734e+00 3.631622511541259674e-02
3.459999999999999964e+00 3.607447359203581894e-02
3.469999999999999751e+00 3.583477988646805584e-02
3.479999999999999982e+00 3.559712247263580043e-02
3.489999999999999769e+00 3.536148009287393146e-02
3.500000000000000000e+00 3.512783175403066949e-02
3.509999999999999787e+00 3.489615672363739068e-02
3.520000000000000018e+00 3.466643452614145970e-02
3.529999999999999805e+00 3.443864493920145708e-02
3.540000000000000036e+00 3.421276799004321217e-02
3.549999999999999822e+00 3.398878395187583668e-02
3.560000000000000053e+00 3.376667334036632939e-02
3.569999999999999840e+00 3.354641691017209992e-02
3.580000000000000071e+00 3.332799565152983617e-02
3.589999999999999858e+00 3.311139078690025078e-02
3.599999999999999645e+00 3.289658376766705500e-02
3.609999999999999876e+00 3.268355627088975757e-02
3.619999999999999662e+00 3.247229019610894246e-02
3.629999999999999893e+00 3.226276766220311648e-02
3.639999999999999680e+00 3.205497100429636342e-02
3.649999999999999911e+00 3.184888277071570850e-02
3.659999999999999698e+00 3.164448571999733256e-02
3.669999999999999929e+00 3.144176281794078265e-02
3.679999999999999716e+00 3.124069723471043641e-02
3.689999999999999947e+00 3.104127234198298876e-02
3.699999999999999734e+00 3.084347171014058253e-02
3.709999999999999964e+00 3.064727910550855278e-02
3.719999999999999751e+00 3.045267848763692081e-02
3.729999999999999982e+00 3.025965400662498569e-02
3.739999999999999769e+00 3.006819000048829502e-02
3.750000000000000000e+00 2.987827099256689517e-02
3.759999999999999787e+00 2.968988168897473967e-02
3.770000000000000018e+00 2.950300697608879835e-02
3.779999999999999805e+00 2.931763191807789520e-02
3.790000000000000036e+00 2.913374175446988706e-02
3.799999999999999822e+00 2.895132189775712073e-02
3.810000000000000053e+00 2.877035793103902700e-02
3.819999999999999840e+00 2.859083560570148397e-02
3.830000000000000071e+00 2.841274083913213414e-02
3.839999999999999858e+00 2.823605971247125992e-02
3.849999999999999645e+00 2.806077846839722875e-02
3.859999999999999876e+00 2.788688350894630297e-02
3.869999999999999662e+00 2.771436139336593343e-02
3.879999999999999893e+00 2.754319883600113428e-02
3.889999999999999680e+00 2.737338270421323799e-02
3.899999999999999911e+00 2.720490001633052088e-02
3.909999999999999698e+00 2.703773793963024086e-02
3.919999999999999929e+00 2.687188378835135213e-02
3.929999999999999716e+00 2.670732502173758446e-02
3.939999999999999947e+00 2.654404924211016537e-02
3.949999999999999734e+00 2.638204419296992509e-02
3.959999999999999964e+00 2.622129775712788574e-02
3.969999999999999751e+00 2.606179795486444559e-02
3.979999999999999982e+00 2.590353294211600321e-02
3.989999999999999769e+00 2.574649100868911175e-02
4.000000000000000000e+00 2.559066057650132703e-02
4.009999999999999787e+00 2.543603019784847208e-02
4.019999999999999574e+00 2.528258855369793293e-02
4.030000000000000249e+00 2.513032445200724316e-02
4.040000000000000036e+00 2.497922682606805792e-02
4.049999999999999822e+00 2.482928473287443136e-02
4.059999999999999609e+00 2.468048735151556761e-02
4.070000000000000284e+00 2.453282398159233740e-02
4.080000000000000071e+00 2.438628404165725169e-02
4.089999999999999858e+00 2.424085706767740295e-02
4.099999999999999645e+00 2.409653271152017648e-02
4.109999999999999432e+00 2.395330073946120783e-02
4.120000000000000107e+00 2.381115103071421851e-02
4.129999999999999893e+00 2.367007357598252537e-02
4.139999999999999680e+00 2.353005847603157480e-02
4.149999999999999467e+00 2.339109594028249139e-02
4.160000000000000142e+00 2.325317628542609635e-02
4.169999999999999929e+00 2.311628993405704172e-02
4.179999999999999716e+00 2.298042741332784536e-02
4.189999999999999503e+00 2.284557935362243816e-02
4.200000000000000178e+00 2.271173648724885905e-02
4.209999999999999964e+00 2.257888964715099728e-02
4.219999999999999751e+00 2.244702976563868121e-02
4.229999999999999538e+00 2.231614787313627654e-02
4.240000000000000213e+00 2.218623509694907930e-02
4.250000000000000000e+00 2.205728266004758353e-02
4.259999999999999787e+00 2.192928187986900590e-02
4.269999999999999574e+00 2.180222416713602923e-02
4.280000000000000249e+00 2.167610102469234856e-02
4.290000000000000036e+00 2.155090404635488788e-02
4.299999999999999822e+00 2.142662491578220182e-02
4.309999999999999609e+00 2.130325540535902770e-02
4.320000000000000284e+00 2.118078737509664425e-02
4.330000000000000071e+00 2.105921277154874580e-02
4.339999999999999858e+00 2.093852362674259240e-02
4.349999999999999645e+00 2.081871205712530759e-02
4.360000000000000320e+00 2.069977026252489347e-02
4.370000000000000107e+00 2.058169052512592509e-02
4.379999999999999893e+00 2.046446520845952508e-02
4.389999999999999680e+00 2.034808675640753517e-02
4.399999999999999467e+00 2.023254769222053440e-02
4.410000000000000142e+00 2.011784061754958580e-02
4.419999999999999929e+00 2.000395821149147935e-02
4.429999999999999716e+00 1.989089322964715870e-02
4.439999999999999503e+00 1.977863850319329375e-02
4.450000000000000178e+00 1.966718693796664155e-02
4.459999999999999964e+00 1.955653151356110536e-02
4.469999999999999751e+00 1.944666528243724907e-02
4.479999999999999538e+00 1.933758136904400321e-02
4.490000000000000213e+00 1.922927296895255225e-02
4.500000000000000000e+00 1.912173334800208041e-02
4.509999999999999787e+00 1.901495584145710890e-02
4.519999999999999574e+00 1.890893385317653219e-02
4.530000000000000249e+00 1.880366085479388480e-02
4.540000000000000036e+00 1.869913038490881099e-02
4.549999999999999822e+00 1.859533604828952566e-02
4.559999999999999609e+00 1.849227151508616926e-02
4.570000000000000284e+00 1.838993052005470294e-02
4.580000000000000071e+00 1.828830686179146181e-02
4.589999999999999858e+00 1.818739440197792573e-02
4.599999999999999645e+00 1.808718706463574924e-02
4.610000000000000320e+00 1.798767883539180434e-02
4.620000000000000107e+00 1.788886376075313200e-02
4.629999999999999893e+00 1.779073594739154218e-02
4.639999999999999680e+00 1.769328956143790751e-02
4.649999999999999467e+00 1.759651882778582796e-02
4.660000000000000142e+00 1.750041802940460398e-02
4.669999999999999929e+00 1.740498150666143148e-02
4.679999999999999716e+00 1.731020365665248903e-02
4.689999999999999503e+00 1.721607893254305591e-02
4.700000000000000178e+00 1.712260184291627615e-02
4.709999999999999964e+00 1.702976695113063085e-02
4.719999999999999751e+00 1.693756887468582731e-02
4.729999999999999538e+00 1.684600228459711552e-02
4.740000000000000213e+00 1.675506190477781335e-02
4.750000000000000000e+00 1.666474251143000573e-02
4.759999999999999787e+00 1.657503893244318197e-02
4.769999999999999574e+00 1.648594604680077638e-02
4.780000000000000249e+00 1.639745878399452572e-02
4.790000000000000036e+00 1.630957212344643845e-02
4.799999999999999822e+00 1.622228109393827541e-02
4.809999999999999609e+00 1.613558077304855926e-02
4.820000000000000284e+00 1.604946628659675162e-02
4.830000000000000071e+00 1.596393280809487586e-02
4.839999999999999858e+00 1.587897555820598841e-02
4.849999999999999645e+00 1.579458980420983885e-02
4.860000000000000320e+00 1.571077085947537172e-02
4.870000000000000107e+00 1.562751408294005967e-02
4.879999999999999893e+00 1.554481487859587369e-02
4.889999999999999680e+00 1.546266869498194238e-02
4.899999999999999467e+00 1.538107102468370090e-02
4.910000000000000142e+00 1.530001740383842533e-02
4.919999999999999929e+00 1.521950341164714747e-02
4.929999999999999716e+00 1.513952466989274513e-02
4.939999999999999503e+00 1.506007684246423763e-02
4.950000000000000178e+00 1.498115563488709202e-02
4.959999999999999964e+00 1.490275679385955412e-02
4.969999999999999751e+00 1.482487610679478728e-02
4.979999999999999538e+00 1.474750940136890752e-02
4.990000000000000213e+00 1.467065254507463057e-02
5.000000000000000000e+00 1.459430144478071970e-02
5.009999999999999787e+00 1.451845204629674708e-02
5.019999999999999574e+00 1.444310033394360579e-02
5.030000000000000249e+00 1.436824233012920678e-02
5.040000000000000036e+00 1.429387409492965250e-02
5.049999999999999822e+00 1.421999172567554523e-02
5.059999999999999609e+00 1.414659135654355339e-02
5.070000000000000284e+00 1.407366915815305361e-02
5.080000000000000071e+00 1.400122133716779661e-02
5.089999999999999858e+00 1.392924413590252743e-02
5.099999999999999645e+00 1.385773383193453917e-02
5.110000000000000320e+00 1.378668673772000773e-02
5.120000000000000107e+00 1.371609920021509693e-02
5.129999999999999893e+00 1.364596760050177347e-02
5.139999999999999680e+00 1.357628835341820675e-02
5.149999999999999467e+00 1.350705790719372926e-02
5.160000000000000142e+00 1.343827274308840268e-02
5.169999999999999929e+00 1.336992937503685662e-02
5.179999999999999716e+00 1.330202434929659075e-02
5.189999999999999503e+00 1.323455424410057910e-02
5.200000000000000178e+00 1.316751566931415041e-02
5.209999999999999964e+00 1.310090526609603533e-02
5.219999999999999751e+00 1.303471970656353007e-02
5.229999999999999538e+00 1.296895569346176794e-02
5.240000000000000213e+00 1.290360995983704309e-02
5.250000000000000000e+00 1.283867926871411387e-02
5.259999999999999787e+00 1.277416041277727038e-02
5.269999999999999574e+00 1.271005021405549260e-02
5.280000000000000249e+00 1.264634552361124271e-02
5.290000000000000036e+00 1.258304322123311378e-02
5.299999999999999822e+00 1.252014021513215072e-02
5.309999999999999609e+00 1.245763344164177791e-02
5.320000000000000284e+00 1.239551986492145805e-02
5.330000000000000071e+00 1.233379647666381536e-02
5.339999999999999858e+00 1.227246029580523513e-02
5.349999999999999645e+00 1.221150836824007151e-02
5.360000000000000320e+00 1.215093776653811304e-02
5.370000000000000107e+00 1.209074558966556114e-02
5.379999999999999893e+00 1.203092896270918297e-02
5.389999999999999680e+00 1.197148503660390266e-02
5.399999999999999467e+00 1.191241098786347680e-02
5.410000000000000142e+00 1.185370401831452834e-02
5.419999999999999929e+00 1.179536135483357992e-02
5.429999999999999716e+00 1.173738024908729631e-02
5.439999999999999503e+00 1.167975797727575406e-02
5.450000000000000178e+00 1.162249183987872601e-02
5.459999999999999964e+00 1.156557916140502074e-02
5.469999999999999751e+00 1.150901729014467550e-02
5.479999999999999538e+00 1.145280359792415041e-02
5.490000000000000213e+00 1.139693547986429453e-02
5.500000000000000000e+00 1.134141035414128022e-02
5.509999999999999787e+00 1.128622566175017418e-02
5.519999999999999574e+00 1.123137886627138989e-02
5.530000000000000249e+00 1.117686745363981674e-02
5.540000000000000036e+00 1.112268893191664491e-02
5.549999999999999822e+00 1.106884083106379757e-02
5.559999999999999609e+00 1.101532070272109171e-02
5.570000000000000284e+00 1.096212611998583983e-02
5.580000000000000071e+00 1.090925467719511960e-02
5.589999999999999858e+00 1.085670398971049118e-02
5.599999999999999645e+00 1.080447169370523340e-02
5.610000000000000320e+00 1.075255544595400334e-02
5.620000000000000107e+00 1.070095292362495745e-02
5.629999999999999893e+00 1.064966182407420595e-02
5.639999999999999680e+00 1.059867986464269572e-02
5.649999999999999467e+00 1.054800478245531206e-02
5.660000000000000142e+00 1.049763433422242279e-02
5.669999999999999929e+00 1.044756629604358389e-02
5.679999999999999716e+00 1.039779846321349510e-02
5.689999999999999503e+00 1.034832865003018632e-02
5.700000000000000178e+00 1.029915468960544700e-02
5.709999999999999964e+00 1.025027443367725923e-02
5.719999999999999751e+00 1.020168575242450665e-02
5.729999999999999538e+00 1.015338653428369577e-02
5.740000000000000213e+00 1.010537468576778140e-02
5.750000000000000000e+00 1.005764813128704610e-02
5.759999999999999787e+00 1.001020481297197791e-02
5.769999999999999574e+00 9.963042690498155260e-03
5.780000000000000249e+00 9.916159740913092074e-03
5.790000000000000036e+00 9.869553958465060450e-03
5.799999999999999822e+00 9.823223354433766041e-03
5.809999999999999609e+00 9.777165956963035712e-03
5.820000000000000284e+00 9.731379810895196547e-03
5.830000000000000071e+00 9.685862977607512248e-03
5.839999999999999858e+00 9.640613534850314345e-03
5.849999999999999645e+00 9.595629576586932330e-03
5.860000000000000320e+00 9.550909212835467788e-03
5.870000000000000107e+00 9.506450569512308463e-03
5.879999999999999893e+00 9.462251788277349293e-03
5.889999999999999680e+00 9.418311026380949899e-03
5.899999999999999467e+00 9.374626456512564349e-03
5.910000000000000142e+00 9.331196266651083093e-03
5.919999999999999929e+00 9.288018659916815953e-03
5.929999999999999716e+00 9.245091854425055433e-03
5.939999999999999503e+00 9.202414083141294970e-03
5.950000000000000178e+00 9.159983593738065671e-03
5.959999999999999964e+00 9.117798648453270122e-03
5.969999999999999751e+00 9.075857523950152037e-03
5.979999999999999538e+00 9.034158511178695325e-03
5.990000000000000213e+00 8.992699915238643385e-03
6.000000000000000000e+00 8.951480055243970363e-03
6.009999999999999787e+00 8.910497264188788763e-03
6.019999999999999574e+00 8.869749888814783614e-03
6.030000000000000249e+00 8.829236289480036151e-03
6.040000000000000036e+00 8.788954840029335885e-03
6.049999999999999822e+00 8.748903927665800662e-03
6.059999999999999609e+00 8.709081952823962552e-03
6.070000000000000284e+00 8.669487329044227655e-03
6.080000000000000071e+00 8.630118482848656014e-03
6.089999999999999858e+00 8.590973853618056461e-03
6.099999999999999645e+00 8.552051893470493521e-03
6.110000000000000320e+00 8.513351067141005160e-03
6.120000000000000107e+00 8.474869851862715242e-03
6.129999999999999893e+00 8.436606737249103052e-03
6.139999999999999680e+00 8.398560225177598149e-03
6.150000000000000355e+00 8.360728829674451967e-03
6.160000000000000142e+00 8.323111076800776900e-03
6.169999999999999929e+00 8.285705504539822228e-03
6.179999999999999716e+00 8.248510662685462624e-03
6.189999999999999503e+00 8.211525112731873216e-03
6.200000000000000178e+00 8.174747427764342614e-03
6.209999999999999964e+00 8.138176192351308930e-03
6.219999999999999751e+00 8.101810002437473054e-03
6.229999999999999538e+00 8.065647465238084610e-03
6.240000000000000213e+00 8.029687199134325978e-03
6.250000000000000000e+00 7.993927833569811764e-03
6.259999999999999787e+00 7.958368008948168981e-03
6.269999999999999574e+00 7.923006376531732675e-03
6.280000000000000249e+00 7.887841598341233801e-03
6.290000000000000036e+00 7.852872347056606001e-03
6.299999999999999822e+00 7.818097305918801990e-03
6.309999999999999609e+00 7.783515168632662920e-03
6.320000000000000284e+00 7.749124639270755718e-03
6.330000000000000071e+00 7.714924432178287689e-03
6.339999999999999858e+00 7.680913271878930110e-03
6.349999999999999645e+00 7.647089892981702615e-03
6.360000000000000320e+00 7.613453040088748354e-03
6.370000000000000107e+00 7.580001467704150855e-03
6.379999999999999893e+00 7.546733940143636465e-03
6.389999999999999680e+00 7.513649231445222211e-03
6.400000000000000355e+00 7.480746125280811690e-03
6.410000000000000142e+00 7.448023414868685209e-03
6.419999999999999929e+00 7.415479902886900655e-03
6.429999999999999716e+00 7.383114401387604227e-03
6.439999999999999503e+00 7.350925731712176434e-03
6.450000000000000178e+00 7.318912724407276686e-03
6.459999999999999964e+00 7.287074219141829838e-03
6.469999999999999751e+00 7.255409064624701414e-03
6.479999999999999538e+00 7.223916118523325200e-03
6.490000000000000213e+00 7.192594247383192127e-03
6.500000000000000000e+00 7.161442326548055591e-03
6.509999999999999787e+00 7.130459240081054445e-03
6.519999999999999574e+00 7.099643880686555900e-03
6.530000000000000249e+00 7.068995149632869256e-03
6.540000000000000036e+00 7.038511956675702966e-03
6.549999999999999822e+00 7.008193219982376300e-03
6.559999999999999609e+00 6.978037866056887098e-03
6.570000000000000284e+00 6.948044829665629175e-03
6.580000000000000071e+00 6.918213053763938927e-03
6.589999999999999858e+00 6.888541489423386129e-03
6.599999999999999645e+00 6.859029095759723062e-03
6.610000000000000320e+00 6.829674839861643761e-03
6.620000000000000107e+00 6.800477696720213724e-03
6.629999999999999893e+00 6.771436649159044696e-03
6.639999999999999680e+00 6.742550687765119961e-03
6.650000000000000355e+00 6.713818810820356038e-03
6.660000000000000142e+00 6.685240024233870398e-03
6.669999999999999929e+00 6.656813341474822517e-03
6.679999999999999716e+00 6.628537783506066768e-03
6.689999999999999503e+00 6.600412378718364774e-03
6.700000000000000178e+00 6.572436162865289040e-03
6.709999999999999964e+00 6.544608178998801394e-03
6.719999999999999751e+00 6.516927477405404755e-03
6.729999999999999538e+00 6.489393115543013076e-03
6.740000000000000213e+00 6.462004157978346042e-03
6.750000000000000000e+00 6.434759676325076637e-03
6.759999999999999787e+00 6.407658749182459229e-03
6.769999999999999574e+00 6.380700462074635933e-03
6.780000000000000249e+00 6.353883907390552727e-03
6.790000000000000036e+00 6.327208184324416805e-03
6.799999999999999822e+00 6.300672398816779297e-03
6.809999999999999609e+00 6.274275663496180037e-03
6.820000000000000284e+00 6.248017097621381272e-03
6.830000000000000071e+00 6.221895827024158214e-03
6.839999999999999858e+00 6.195910984052649048e-03
6.849999999999999645e+00 6.170061707515257440e-03
6.860000000000000320e+00 6.144347142625103224e-03
6.870000000000000107e+00 6.118766440945055951e-03
6.879999999999999893e+00 6.093318760333222076e-03
6.889999999999999680e+00 6.068003264889055767e-03
6.900000000000000355e+00 6.042819124899906878e-03
6.910000000000000142e+00 6.017765516788161316e-03
6.919999999999999929e+00 5.992841623058868875e-03
6.929999999999999716e+00 5.968046632247834236e-03
6.939999999999999503e+00 5.943379738870321199e-03
6.950000000000000178e+00 5.918840143370098644e-03
6.959999999999999964e+00 5.894427052069145696e-03
6.969999999999999751e+00 5.870139677117703833e-03
6.979999999999999538e+00 5.845977236444887572e-03
6.990000000000000213e+00 5.821938953709762665e-03
7.000000000000000000e+00 5.798024058252858846e-03
7.009999999999999787e+00 5.774231785048189111e-03
7.019999999999999574e+00 5.750561374655718296e-03
7.030000000000000249e+00 5.727012073174254057e-03
7.040000000000000036e+00 5.703583132194848734e-03
7.049999999999999822e+00 5.680273808754599321e-03
7.059999999999999609e+00 5.657083365290905413e-03
7.070000000000000284e+00 5.634011069596167771e-03
7.080000000000000071e+00 5.611056194772894544e-03
7.089999999999999858e+00 5.588218019189287143e-03
7.099999999999999645e+00 5.565495826435186075e-03
7.110000000000000320e+00 5.542888905278474734e-03
7.120000000000000107e+00 5.520396549621880457e-03
7.129999999999999893e+00 5.498018058460204908e-03
7.139999999999999680e+00 5.475752735837926578e-03
7.150000000000000355e+00 5.453599890807220470e-03
7.160000000000000142e+00 5.431558837386401932e-03
7.169999999999999929e+00 5.409628894518718305e-03
7.179999999999999716e+00 5.387809386031524803e-03
7.189999999999999503e+00 5.366099640595919235e-03
7.200000000000000178e+00 5.344498991686639534e-03
7.209999999999999964e+00 5.323006777542461758e-03
7.219999999999999751e+00 5.301622341126870433e-03
7.229999999999999538e+00 5.280345030089143507e-03
7.240000000000000213e+00 5.259174196725800721e-03
7.250000000000000000e+00 5.238109197942397190e-03
7.259999999999999787e+00 5.217149395215699495e-03
7.269999999999999574e+00 5.196294154556161879e-03
7.280000000000000249e+00 5.175542846470816173e-03
7.290000000000000036e+00 5.154894845926477447e-03
7.299999999999999822e+00 5.134349532313268842e-03
7.309999999999999609e+00 5.113906289408527185e-03
7.320000000000000284e+00 5.093564505341006965e-03
7.330000000000000071e+00 5.073323572555458148e-03
7.339999999999999858e+00 5.053182887777481549e-03
7.349999999999999645e+00 5.033141851978736349e-03
7.360000000000000320e+00 5.013199870342478076e-03
7.370000000000000107e+00 4.993356352229389762e-03
7.379999999999999893e+00 4.973610711143740953e-03
7.389999999999999680e+00 4.953962364699873722e-03
7.400000000000000355e+00 4.934410734588941944e-03
7.410000000000000142e+00 4.914955246546035689e-03
7.419999999999999929e+00 4.895595330317531121e-03
7.429999999999999716e+00 4.876330419628798624e-03
7.439999999999999503e+00 4.857159952152169391e-03
7.450000000000000178e+00 4.838083369475185656e-03
7.459999999999999964e+00 4.819100117069214338e-03
7.469999999999999751e+00 4.800209644258218548e-03
7.479999999999999538e+00 4.781411404187967985e-03
7.490000000000000213e+00 4.762704853795378564e-03
7.500000000000000000e+00 4.744089453778256235e-03
7.509999999999999787e+00 4.725564668565229894e-03
7.519999999999999574e+00 4.707129966285998265e-03
7.530000000000000249e+00 4.688784818741816192e-03
7.540000000000000036e+00 4.670528701376313978e-03
7.549999999999999822e+00 4.652361093246491081e-03
7.559999999999999609e+00 4.634281476994028988e-03
7.570000000000000284e+00 4.616289338816830477e-03
7.580000000000000071e+00 4.598384168440872860e-03
7.589999999999999858e+00 4.580565459092247708e-03
7.599999999999999645e+00 4.562832707469469465e-03
7.610000000000000320e+00 4.545185413716047729e-03
7.620000000000000107e+00 4.527623081393346641e-03
7.629999999999999893e+00 4.510145217453540543e-03
7.639999999999999680e+00 4.492751332213024140e-03
7.650000000000000355e+00 4.475440939325840868e-03
7.660000000000000142e+00 4.458213555757559697e-03
7.669999999999999929e+00 4.441068701759186624e-03
7.679999999999999716e+00 4.424005900841458672e-03
7.689999999999999503e+00 4.407024679749308761e-03
7.700000000000000178e+00 4.390124568436510125e-03
7.709999999999999964e+00 4.373305100040657256e-03
7.719999999999999751e+00 4.356565810858275233e-03
7.729999999999999538e+00 4.339906240320164088e-03
7.740000000000000213e+00 4.323325930967009470e-03
7.750000000000000000e+00 4.306824428425192787e-03
7.759999999999999787e+00 4.290401281382713247e-03
7.769999999999999574e+00 4.274056041565508016e-03
7.780000000000000249e+00 4.257788263713841760e-03
7.790000000000000036e+00 4.241597505558913905e-03
7.799999999999999822e+00 4.225483327799762524e-03
7.809999999999999609e+00 4.209445294080258436e-03
7.820000000000000284e+00 4.193482970966377725e-03
7.830000000000000071e+00 4.177595927923650337e-03
7.839999999999999858e+00 4.161783737294783014e-03
7.849999999999999645e+00 4.146045974277525088e-03
7.860000000000000320e+00 4.130382216902689536e-03
7.870000000000000107e+00 4.114792046012387405e-03
7.879999999999999893e+00 4.099275045238420963e-03
7.889999999999999680e+00 4.083830800980924047e-03
7.900000000000000355e+00 4.068458902387095226e-03
7.910000000000000142e+00 4.053158941330250141e-03
7.919999999999999929e+00 4.037930512388893806e-03
7.929999999999999716e+00 4.022773212826129437e-03
7.940000000000000391e+00 4.007686642569125400e-03
7.950000000000000178e+00 3.992670404188828487e-03
7.959999999999999964e+00 3.977724102879842856e-03
7.969999999999999751e+00 3.962847346440449489e-03
7.979999999999999538e+00 3.948039745252848558e-03
7.990000000000000213e+00 3.933300912263505006e-03
8.000000000000000000e+00 3.918630462963756077e-03
8.009999999999999787e+00 3.904028015370496034e-03
8.019999999999999574e+00 3.889493190007068616e-03
8.029999999999999361e+00 3.875025609884324724e-03
8.039999999999999147e+00 3.860624900481851845e-03
8.050000000000000711e+00 3.846290689729296719e-03
8.060000000000000497e+00 3.832022607987991582e-03
8.070000000000000284e+00 3.817820288032539207e-03
8.080000000000000071e+00 3.803683365032733184e-03
8.089999999999999858e+00 3.789611476535548456e-03
8.099999999999999645e+00 3.775604262447280601e-03
8.109999999999999432e+00 3.761661365015873341e-03
8.119999999999999218e+00 3.747782428813356635e-03
8.130000000000000782e+00 3.733967100718489467e-03
8.140000000000000568e+00 3.720215029899468992e-03
8.150000000000000355e+00 3.706525867796873434e-03
8.160000000000000142e+00 3.692899268106696054e-03
8.169999999999999929e+00 3.679334886763523972e-03
8.179999999999999716e+00 3.665832381923868344e-03
8.189999999999999503e+00 3.652391413949674509e-03
8.199999999999999289e+00 3.639011645391885489e-03
8.209999999999999076e+00 3.625692740974226658e-03
8.220000000000000639e+00 3.612434367577073684e-03
8.230000000000000426e+00 3.599236194221492637e-03
8.240000000000000213e+00 3.586097892053384615e-03
8.250000000000000000e+00 3.573019134327767854e-03
8.259999999999999787e+00 3.559999596393222891e-03
8.269999999999999574e+00 3.547038955676426204e-03
8.279999999999999361e+00 3.534136891666841279e-03
8.289999999999999147e+00 3.521293085901526336e-03
8.300000000000000711e+00 3.508507221950048303e-03
8.310000000000000497e+00 3.495778985399597590e-03
8.320000000000000284e+00 3.483108063840112401e-03
8.330000000000000071e+00 3.470494146849645908e-03
8.339999999999999858e+00 3.457936925979738629e-03
8.349999999999999645e+00 3.445436094741037136e-03
8.359999999999999432e+00 3.432991348588898452e-03
8.369999999999999218e+00 3.420602384909245553e-03
8.380000000000000782e+00 3.408268903004432835e-03
8.390000000000000568e+00 3.395990604079287666e-03
8.400000000000000355e+00 3.383767191227247343e-03
8.410000000000000142e+00 3.371598369416631789e-03
8.419999999999999929e+00 3.359483845476979140e-03
8.429999999999999716e+00 3.347423328085568674e-03
8.439999999999999503e+00 3.335416527753982344e-03
8.449999999999999289e+00 3.323463156814812896e-03
8.459999999999999076e+00 3.311562929408488638e-03
8.470000000000000639e+00 3.299715561470192762e-03
8.480000000000000426e+00 3.287920770716868963e-03
8.490000000000000213e+00 3.276178276634403135e-03
8.500000000000000000e+00 3.264487800464793785e-03
8.509999999999999787e+00 3.252849065193566622e-03
8.519999999999999574e+00 3.241261795537169182e-03
8.529999999999999361e+00 3.229725717930558449e-03
8.539999999999999147e+00 3.218240560514821439e-03
8.550000000000000711e+00 3.206806053124945828e-03
8.560000000000000497e+00 3.195421927277671253e-03
8.570000000000000284e+00 3.184087916159427344e-03
8.580000000000000071e+00 3.172803754614399261e-03
8.589999999999999858e+00 3.161569179132653513e-03
8.599999999999999645e+00 3.150383927838384772e-03
8.609999999999999432e+00 3.139247740478269804e-03
8.619999999999999218e+00 3.128160358409873883e-03
8.630000000000000782e+00 3.117121524590190772e-03
8.640000000000000568e+00 3.106130983564254263e-03
8.650000000000000355e+00 3.095188481453842091e-03
8.660000000000000142e+00 3.084293765946285668e-03
8.669999999999999929e+00 3.073446586283356142e-03
8.679999999999999716e+00 3.062646693250237629e-03
8.689999999999999503e+00 3.051893839164596719e-03
8.699999999999999289e+00 3.041187777865761704e-03
8.710000000000000853e+00 3.030528264703907446e-03
8.720000000000000639e+00 3.019915056529460986e-03
8.730000000000000426e+00 3.009347911682451644e-03
8.740000000000000213e+00 2.998826589982036758e-03
8.750000000000000000e+00 2.988350852716088572e-03
8.759999999999999787e+00 2.977920462630844877e-03
8.769999999999999574e+00 2.967535183920665901e-03
8.779999999999999361e+00 2.957194782217875770e-03
8.789999999999999147e+00 2.946899024582639529e-03
8.800000000000000711e+00 2.936647679492994985e-03
8.810000000000000497e+00 2.926440516834892362e-03
8.820000000000000284e+00 2.916277307892354512e-03
8.830000000000000071e+00 2.906157825337716931e-03
8.839999999999999858e+00 2.896081843221901594e-03
8.849999999999999645e+00 2.886049136964831743e-03
8.859999999999999432e+00 2.876059483345864455e-03
8.869999999999999218e+00 2.866112660494346803e-03
8.880000000000000782e+00 2.856208447880189804e-03
8.890000000000000568e+00 2.846346626304588519e-03
8.900000000000000355e+00 2.836526977890755589e-03
8.910000000000000142e+00 2.826749286074747586e-03
8.919999999999999929e+00 2.817013335596368125e-03
8.929999999999999716e+00 2.807318912490143828e-03
8.939999999999999503e+00 2.797665804076366215e-03
8.949999999999999289e+00 2.788053798952192571e-03
8.960000000000000853e+00 2.778482686982851335e-03
8.970000000000000639e+00 2.768952259292859625e-03
8.980000000000000426e+00 2.759462308257376074e-03
8.990000000000000213e+00 2.750012627493560614e-03
9.000000000000000000e+00 2.740603011852045263e-03
9.009999999999999787e+00 2.731233257408460877e-03
9.019999999999999574e+00 2.721903161454999453e-03
9.029999999999999361e+00 2.712612522492080513e-03
9.039999999999999147e+00 2.703361140220086022e-03
9.050000000000000711e+00 2.694148815531104829e-03
9.060000000000000497e+00 2.684975350500808100e-03
9.070000000000000284e+00 2.675840548380344682e-03
9.080000000000000071e+00 2.666744213588319312e-03
9.089999999999999858e+00 2.657686151702813322e-03
9.099999999999999645e+00 2.648666169453497716e-03
9.109999999999999432e+00 2.639684074713773577e-03
9.119999999999999218e+00 2.630739676492993995e-03
9.130000000000000782e+00 2.621832784928742385e-03
9.140000000000000568e+00 2.612963211279168037e-03
9.150000000000000355e+00 2.604130767915376326e-03
9.160000000000000142e+00 2.595335268313888732e-03
9.169999999999999929e+00 2.586576527049148401e-03
9.179999999999999716e+00 2.577854359786099000e-03
9.189999999999999503e+00 2.569168583272785251e-03
9.199999999999999289e+00 2.560519015333076638e-03
9.210000000000000853e+00 2.551905474859355975e-03
9.220000000000000639e+00 2.543327781805361943e-03
9.230000000000000426e+00 2.534785757179004728e-03
9.240000000000000213e+00 2.526279223035274041e-03
9.250000000000000000e+00 2.517808002469210018e-03
9.259999999999999787e+00 2.509371919608900572e-03
9.269999999999999574e+00 2.500970799608559850e-03
9.279999999999999361e+00 2.492604468641620996e-03
9.289999999999999147e+00 2.484272753893941674e-03
9.300000000000000711e+00 2.475975483556982701e-03
9.310000000000000497e+00 2.467712486821114614e-03
9.320000000000000284e+00 2.459483593868932484e-03
9.330000000000000071e+00 2.451288635868611922e-03
9.339999999999999858e+00 2.443127444967363969e-03
9.349999999999999645e+00 2.434999854284876537e-03
9.359999999999999432e+00 2.426905697906864279e-03
9.369999999999999218e+00 2.418844810878622350e-03
9.380000000000000782e+00 2.410817029198660845e-03
9.390000000000000568e+00 2.402822189812361346e-03
9.400000000000000355e+00 2.394860130605699390e-03
9.410000000000000142e+00 2.386930690399004240e-03
9.419999999999999929e+00 2.379033708940767218e-03
9.429999999999999716e+00 2.371169026901510761e-03
9.439999999999999503e+00 2.363336485867674388e-03
9.449999999999999289e+00 2.355535928335571790e-03
9.460000000000000853e+00 2.347767197705375678e-03
9.470000000000000639e+00 2.340030138275177654e-03
9.480000000000000426e+00 2.332324595235045483e-03
9.490000000000000213e+00 2.324650414661161898e-03
9.500000000000000000e+00 2.317007443509988551e-03
9.509999999999999787e+00 2.309395529612504137e-03
9.519999999999999574e+00 2.301814521668426022e-03
9.529999999999999361e+00 2.294264269240528595e-03
9.539999999999999147e+00 2.286744622748991974e-03
9.550000000000000711e+00 2.279255433465769785e-03
9.560000000000000497e+00 2.271796553509036753e-03
9.570000000000000284e+00 2.264367835837624143e-03
9.580000000000000071e+00 2.256969134245566215e-03
9.589999999999999858e+00 2.249600303356615472e-03
9.599999999999999645e+00 2.242261198618842894e-03
9.609999999999999432e+00 2.234951676299286316e-03
9.619999999999999218e+00 2.227671593478585364e-03
9.630000000000000782e+00 2.220420808045712232e-03
9.640000000000000568e+00 2.213199178692717636e-03
9.650000000000000355e+00 2.206006564909496290e-03
9.660000000000000142e+00 2.198842826978642147e-03
9.669999999999999929e+00 2.191707825970279789e-03
9.679999999999999716e+00 2.184601423736984727e-03
9.689999999999999503e+00 2.177523482908710634e-03
9.699999999999999289e+00 2.170473866887763850e-03
9.710000000000000853e+00 2.163452439843817788e-03
9.720000000000000639e+00 2.156459066708955961e-03
9.730000000000000426e+00 2.149493613172766184e-03
9.740000000000000213e+00 2.142555945677437814e-03
9.750000000000000000e+00 2.135645931412938348e-03
9.759999999999999787e+00 2.128763438312197397e-03
9.769999999999999574e+00 2.121908335046320156e-03
9.779999999999999361e+00 2.115080491019863743e-03
9.789999999999999147e+00 2.108279776366121360e-03
9.800000000000000711e+00 2.101506061942461090e-03
9.810000000000000497e+00 2.094759219325673799e-03
9.820000000000000284e+00 2.088039120807375255e-03
9.830000000000000071e+00 2.081345639389445539e-03
9.839999999999999858e+00 2.074678648779476695e-03
9.849999999999999645e+00 2.068038023386275029e-03
9.859999999999999432e+00 2.061423638315390723e-03
9.869999999999999218e+00 2.054835369364671743e-03
9.880000000000000782e+00 2.048273093019856335e-03
9.890000000000000568e+00 2.041736686450209767e-03
9.900000000000000355e+00 2.035226027504158895e-03
9.910000000000000142e+00 2.028740994705003926e-03
9.919999999999999929e+00 2.022281467246602859e-03
9.929999999999999716e+00 2.015847324989153942e-03
9.939999999999999503e+00 2.009438448454950801e-03
9.949999999999999289e+00 2.003054718824203492e-03
9.960000000000000853e+00 1.996696017930876029e-03
9.970000000000000639e+00 1.990362228258550810e-03
9.980000000000000426e+00 1.984053232936327290e-03
9.990000000000000213e+00 1.977768915734759263e-03
1.000000000000000000e+01 1.971509161061792571e-03
