2.500000000000000000e+01 4.330640478198815480e+00
5.000000000000000000e+01 8.750173180821537500e+00
7.500000000000000000e+01 1.951614204330772750e+01
1.000000000000000000e+02 3.002389299782889864e+01
1.250000000000000000e+02 4.057200818915511320e+01
1.500000000000000000e+02 5.381454075645060442e+01
1.750000000000000000e+02 6.249623568003222118e+01
2.000000000000000000e+02 6.626040337551336279e+01
2.250000000000000000e+02 6.943521782826799438e+01
2.500000000000000000e+02 7.402905604161075814e+01
2.750000000000000000e+02 7.456891789579003671e+01
3.000000000000000000e+02 7.133830684711567471e+01
3.250000000000000000e+02 6.906300581193677601e+01
3.500000000000000000e+02 6.569980305526509312e+01
3.750000000000000000e+02 6.258257488168105453e+01
4.000000000000000000e+02 5.956382440491749719e+01
4.250000000000000000e+02 5.403864297002272821e+01
4.500000000000000000e+02 4.922023873310250508e+01
4.750000000000000000e+02 4.652014818299001320e+01
5.000000000000000000e+02 4.079711311914594063e+01
5.250000000000000000e+02 4.032389252422170500e+01
5.500000000000000000e+02 3.814193564536760306e+01
5.750000000000000000e+02 3.171193963156324713e+01
6.000000000000000000e+02 2.811125948006289477e+01
6.500000000000000000e+02 2.265995529178018586e+01
7.250000000000000000e+02 1.887473294776535582e+01
8.000000000000000000e+02 1.374652889187898275e+01
8.750000000000000000e+02 1.169591354114100668e+01
9.500000000000000000e+02 9.194756692771727913e+00
1.025000000000000000e+03 6.316661801448988811e+00
1.100000000000000000e+03 4.860685294972474146e+00
1.175000000000000000e+03 6.581432633675896149e+00
1.250000000000000000e+03 3.986891739867317153e+00
