2.500000000000000000e+01 3.546841807933681867e+00
2.622622622622622757e+01 3.897889099691858483e+00
2.745245245245245158e+01 4.264689713372790791e+00
2.867867867867867915e+01 4.647098777729403274e+00
2.990490490490490316e+01 5.044965442756597085e+00
3.113113113113113073e+01 5.458132963015620120e+00
3.235735735735735830e+01 5.886438784073644293e+00
3.358358358358358231e+01 6.329714631993960339e+00
3.480980980980980632e+01 6.787786605810098628e+00
3.603603603603603744e+01 7.260475272914645117e+00
3.726226226226226146e+01 7.747595767292072111e+00
3.848848848848848547e+01 8.248957890522444103e+00
3.971471471471471659e+01 8.764366215481432576e+00
4.094094094094094061e+01 9.293620192659682644e+00
4.216716716716716462e+01 9.836514259023518392e+00
4.339339339339339574e+01 1.039283794933663785e+01
4.461961961961961975e+01 1.096237600986130722e+01
4.584584584584584377e+01 1.154490851435586052e+01
4.707207207207207489e+01 1.214021098228394280e+01
4.829829829829829890e+01 1.274805449914937938e+01
4.952452452452452292e+01 1.336820583886962766e+01
5.075075075075075404e+01 1.400042758809916066e+01
5.197697697697697805e+01 1.464447827241333044e+01
5.320320320320320207e+01 1.530011248426212944e+01
5.442942942942943318e+01 1.596708101260211521e+01
5.565565565565565720e+01 1.664513097411426301e+01
5.688188188188188121e+01 1.733400594591444488e+01
5.810810810810810523e+01 1.803344609966249479e+01
5.933433433433433635e+01 1.874318833697564912e+01
6.056056056056056036e+01 1.946296642605083704e+01
6.178678678678678438e+01 2.019251113940081055e+01
6.301301301301301550e+01 2.093155039260777173e+01
6.423923923923923951e+01 2.167980938399871960e+01
6.546546546546545642e+01 2.243701073514600353e+01
6.669169169169168754e+01 2.320287463209662704e+01
6.791791791791791866e+01 2.397711896723382097e+01
6.914414414414414978e+01 2.475945948167473176e+01
7.037037037037038090e+01 2.554960990810761956e+01
7.159659659659659781e+01 2.634728211397267117e+01
7.282282282282281471e+01 2.715218624489093457e+01
7.404904904904904583e+01 2.796403086824562934e+01
7.527527527527527695e+01 2.878252311682136977e+01
7.650150150150150807e+01 2.960736883240662820e+01
7.772772772772772498e+01 3.043827270926630746e+01
7.895395395395395610e+01 3.127493843739070201e+01
8.018018018018017301e+01 3.211706884542946483e+01
8.140640640640640413e+01 3.296436604321856123e+01
8.263263263263263525e+01 3.381653156381025127e+01
8.385885885885886637e+01 3.467326650491654760e+01
8.508508508508508328e+01 3.553427166967782114e+01
8.631131131131131440e+01 3.639924770666943488e+01
8.753753753753753131e+01 3.726789524906025974e+01
8.876376376376376243e+01 3.813991505283859595e+01
8.998998998998999355e+01 3.901500813402194723e+01
9.121621621621621046e+01 3.989287590476883594e+01
9.244244244244244157e+01 4.077322030831187050e+01
9.366866866866867269e+01 4.165574395263359264e+01
9.489489489489488960e+01 4.254015024280686674e+01
9.612112112112112072e+01 4.342614351192506916e+01
9.734734734734735184e+01 4.431342915054671749e+01
9.857357357357356875e+01 4.520171373458358488e+01
9.979979979979979987e+01 4.609070515156019354e+01
1.010260260260260310e+02 4.698011272517702253e+01
1.022522522522522479e+02 4.786964733811019812e+01
1.034784784784784790e+02 4.875902155298226148e+01
1.047047047047047101e+02 4.964794973144137202e+01
1.059309309309309270e+02 5.053614815128787541e+01
1.071571571571571582e+02 5.142333512158880637e+01
1.083833833833833893e+02 5.230923109572383112e+01
1.096096096096096062e+02 5.319355878230703638e+01
1.108358358358358373e+02 5.407604325393253930e+01
1.120620620620620684e+02 5.495641205369234683e+01
1.132882882882882853e+02 5.583439529941878732e+01
1.145145145145145165e+02 5.670972578560463973e+01
1.157407407407407476e+02 5.758213908295666528e+01
1.169669669669669645e+02 5.845137363554129450e+01
1.181931931931931956e+02 5.931717085548186219e+01
1.194194194194194267e+02 6.017927521517086120e+01
1.206456456456456436e+02 6.103743433696087095e+01
1.218718718718718748e+02 6.189139908030234238e+01
1.230980980980980917e+02 6.274092362629658481e+01
1.243243243243243228e+02 6.358576555963622923e+01
1.255505505505505539e+02 6.442568594790606085e+01
1.267767767767767708e+02 6.526044941822155465e+01
1.280030030030030161e+02 6.608982423118220595e+01
1.292292292292292473e+02 6.691358235212058503e+01
1.304554554554554500e+02 6.773149951963080184e+01
1.316816816816816811e+02 6.854335531136010218e+01
1.329079079079079122e+02 6.934893320705123188e+01
1.341341341341341149e+02 7.014802064882584887e+01
1.353603603603603460e+02 7.094040909869977440e+01
1.365865865865865771e+02 7.172589409332375965e+01
1.378128128128128083e+02 7.250427529594644227e+01
1.390390390390390394e+02 7.327535654559719092e+01
1.402652652652652705e+02 7.403894590348915017e+01
1.414914914914915016e+02 7.479485569664421973e+01
1.427177177177177327e+02 7.554290255874498428e+01
1.439439439439439639e+02 7.628290746821998880e+01
1.451701701701701666e+02 7.701469578356962131e+01
1.463963963963963977e+02 7.773809727594411356e+01
1.476226226226226288e+02 7.845294615898509960e+01
1.488488488488488315e+02 7.915908111594521301e+01
1.500750750750750626e+02 7.985634532410121267e+01
1.513013013013012937e+02 8.054458647647913949e+01
1.525275275275275249e+02 8.122365680090983631e+01
1.537537537537537560e+02 8.189341307643758228e+01
1.549799799799799871e+02 8.255371664710352775e+01
1.562062062062062182e+02 8.320443343312894058e+01
1.574324324324324209e+02 8.384543393952525037e+01
1.586586586586586520e+02 8.447659326215676856e+01
1.598848848848848831e+02 8.509779109128790253e+01
1.611111111111111143e+02 8.570891171264321429e+01
1.623373373373373454e+02 8.630984400601418827e+01
1.635635635635635765e+02 8.690048144144542164e+01
1.647897897897897792e+02 8.748072207303536629e+01
1.660160160160160103e+02 8.805046853038797394e+01
1.672422422422422414e+02 8.860962800775209303e+01
1.684684684684684726e+02 8.915811225088806680e+01
1.696946946946947037e+02 8.969583754170032819e+01
1.709209209209209348e+02 9.022272468067731666e+01
1.721471471471471375e+02 9.073869896718061057e+01
1.733733733733733686e+02 9.124369017762541034e+01
1.745995995995995997e+02 9.173763254159736391e+01
1.758258258258258309e+02 9.222046471594862282e+01
1.770520520520520620e+02 9.269212975692006751e+01
1.782782782782782931e+02 9.315257509033536110e+01
1.795045045045044958e+02 9.360175247991287506e+01
1.807307307307307269e+02 9.403961799374559405e+01
1.819569569569569580e+02 9.446613196899332365e+01
1.831831831831831892e+02 9.488125897484000859e+01
1.844094094094094203e+02 9.528496777376260241e+01
1.856356356356356230e+02 9.567723128116283249e+01
1.868618618618618541e+02 9.605802652341105841e+01
1.880880880880880852e+02 9.642733459435339682e+01
1.893143143143143163e+02 9.678514061033310156e+01
1.905405405405405475e+02 9.713143366377630628e+01
1.917667667667667786e+02 9.746620677539510780e+01
1.929929929929929813e+02 9.778945684505789870e+01
1.942192192192192124e+02 9.810118460137989871e+01
1.954454454454454435e+02 9.840139455008493030e+01
1.966716716716716746e+02 9.869009492119030824e+01
1.978978978978979058e+02 9.896729761506715306e+01
1.991241241241241369e+02 9.923301814742691818e+01
2.003503503503503396e+02 9.948727559328686709e+01
2.015765765765765707e+02 9.973009252996551766e+01
2.028028028028028018e+02 9.996149497915851612e+01
2.040290290290290329e+02 1.001815123481479475e+02
2.052552552552552640e+02 1.003901773701945785e+02
2.064814814814814952e+02 1.005875260441635959e+02
2.077077077077076979e+02 1.007735975734349694e+02
2.089339339339339290e+02 1.009484343041471988e+02
2.101601601601601601e+02 1.011120816628252754e+02
2.113863863863863912e+02 1.012645880934404801e+02
2.126126126126126223e+02 1.014060049939512140e+02
2.138388388388388535e+02 1.015363866523737642e+02
2.150650650650650562e+02 1.016557901824284187e+02
2.162912912912912873e+02 1.017642754588107152e+02
2.175175175175175184e+02 1.018619050521311920e+02
2.187437437437437495e+02 1.019487441635719591e+02
2.199699699699699806e+02 1.020248605593037610e+02
2.211961961961961833e+02 1.020903245047082635e+02
2.224224224224224145e+02 1.021452086984494372e+02
2.236486486486486456e+02 1.021895882064371932e+02
2.248748748748748767e+02 1.022235403957251236e+02
2.261011011011011078e+02 1.022471448683841970e+02
2.273273273273273389e+02 1.022604833953932797e+02
2.285535535535535416e+02 1.022636398505854771e+02
2.297797797797797728e+02 1.022567001446911945e+02
2.310060060060060039e+02 1.022397521595142820e+02
2.322322322322322350e+02 1.022128856822802163e+02
2.334584584584584661e+02 1.021761923401911076e+02
2.346846846846846972e+02 1.021297655352260136e+02
2.359109109109108999e+02 1.020737003792182662e+02
2.371371371371371310e+02 1.020080936292456215e+02
2.383633633633633622e+02 1.019330436233662880e+02
2.395895895895895933e+02 1.018486502167312437e+02
2.408158158158158244e+02 1.017550147181060254e+02
2.420420420420420555e+02 1.016522398268313196e+02
2.432682682682682582e+02 1.015404295702511064e+02
2.444944944944944893e+02 1.014196892416373714e+02
2.457207207207207205e+02 1.012901253386388731e+02
2.469469469469469516e+02 1.011518455022800254e+02
2.481731731731731827e+02 1.010049584565357321e+02
2.493993993993994138e+02 1.008495739485061051e+02
2.506256256256256165e+02 1.006858026892154498e+02
2.518518518518518476e+02 1.005137562950578598e+02
2.530780780780780788e+02 1.003335472299106925e+02
2.543043043043043099e+02 1.001452887479378830e+02
2.555305305305305410e+02 9.994909483710087272e+01
2.567567567567567721e+02 9.974508016339865435e+01
2.579829829829830032e+02 9.953336001585267923e+01
2.592092092092092344e+02 9.931405025225440397e+01
2.604354354354354655e+02 9.908726724569257271e+01
2.616616616616616966e+02 9.885312783187372077e+01
2.628878878878879277e+02 9.861174925725137541e+01
2.641141141141141020e+02 9.836324912797705622e+01
2.653403403403403331e+02 9.810774535968573673e+01
2.665665665665665642e+02 9.784535612812690886e+01
2.677927927927927954e+02 9.757619982065297393e+01
2.690190190190190265e+02 9.730039498857394165e+01
2.702452452452452576e+02 9.701806030038819983e+01
2.714714714714714319e+02 9.672931449589745512e+01
2.726976976976976630e+02 9.643427634121287895e+01
2.739239239239238941e+02 9.613306458466036020e+01
2.751501501501501252e+02 9.582579791358891441e+01
2.763763763763763563e+02 9.551259491208931252e+01
2.776026026026025875e+02 9.519357401962565746e+01
2.788288288288288186e+02 9.486885349058432837e+01
2.800550550550550497e+02 9.453855135474350391e+01
2.812812812812812808e+02 9.420278537866441582e+01
2.825075075075075119e+02 9.386167302800672019e+01
2.837337337337337431e+02 9.351533143076814270e+01
2.849599599599599742e+02 9.316387734144909416e+01
2.861861861861862053e+02 9.280742710614147484e+01
2.874124124124124364e+02 9.244609662853990528e+01
2.886386386386386675e+02 9.208000133687525590e+01
2.898648648648648418e+02 9.170925615176612666e+01
2.910910910910910729e+02 9.133397545498655745e+01
2.923173173173173041e+02 9.095427305914644478e+01
2.935435435435435352e+02 9.057026217828021686e+01
2.947697697697697663e+02 9.018205539933889270e+01
2.959959959959959974e+02 8.978976465458157463e+01
2.972222222222222285e+02 8.939350119485959567e+01
2.984484484484484597e+02 8.899337556378755210e+01
2.996746746746746908e+02 8.858949757279583537e+01
3.009009009009009219e+02 8.818197627705541208e+01
3.021271271271271530e+02 8.777091995226980714e+01
3.033533533533533273e+02 8.735643607232522356e+01
3.045795795795795584e+02 8.693863128779058513e+01
3.058058058058057895e+02 8.651761140525979954e+01
3.070320320320320207e+02 8.609348136752615233e+01
3.082582582582582518e+02 8.566634523458064621e+01
3.094844844844844829e+02 8.523630616542396865e+01
3.107107107107107140e+02 8.480346640068297859e+01
3.119369369369369451e+02 8.436792724602045723e+01
3.131631631631631763e+02 8.392978905632857334e+01
3.143893893893894074e+02 8.348915122069527683e+01
3.156156156156156385e+02 8.304611214813212428e+01
3.168418418418418696e+02 8.260076925405283532e+01
3.180680680680680439e+02 8.215321894749146736e+01
3.192942942942942750e+02 8.170355661904751798e+01
3.205205205205205061e+02 8.125187662954749612e+01
3.217467467467467372e+02 8.079827229941049893e+01
3.229729729729729684e+02 8.034283589870533149e+01
3.241991991991991995e+02 7.988565863788755905e+01
3.254254254254254306e+02 7.942683065920392949e+01
3.266516516516516617e+02 7.896644102875164606e+01
3.278778778778778928e+02 7.850457772917982879e+01
3.291041041041041240e+02 7.804132765302141195e+01
3.303303303303303551e+02 7.757677659664095415e+01
3.315565565565565862e+02 7.711100925478767465e+01
3.327827827827827605e+02 7.664410921573950475e+01
3.340090090090089916e+02 7.617615895702589057e+01
3.352352352352352227e+02 7.570723984171610255e+01
3.364614614614614538e+02 7.523743211526087293e+01
3.376876876876876850e+02 7.476681490287329268e+01
3.389139139139139161e+02 7.429546620743761309e+01
3.401401401401401472e+02 7.382346290793141463e+01
3.413663663663663783e+02 7.335088075834977417e+01
3.425925925925926094e+02 7.287779438711778823e+01
3.438188188188188406e+02 7.240427729697884729e+01
3.450450450450450717e+02 7.193040186534605596e+01
3.462712712712712460e+02 7.145623934510413733e+01
3.474974974974974771e+02 7.098185986584923057e+01
3.487237237237237082e+02 7.050733243555421836e+01
3.499499499499499393e+02 7.003272494264682280e+01
3.511761761761761704e+02 6.955810415848854689e+01
3.524024024024024015e+02 6.908353574024204136e+01
3.536286286286286327e+02 6.860908423411500223e+01
3.548548548548548638e+02 6.813481307896820738e+01
3.560810810810810949e+02 6.766078461027622382e+01
3.573073073073073260e+02 6.718706006442886292e+01
3.585335335335335571e+02 6.671369958336187267e+01
3.597597597597597883e+02 6.624076221950514309e+01
3.609859859859859625e+02 6.576830594103729766e+01
3.622122122122121937e+02 6.529638763743531626e+01
3.634384384384384248e+02 6.482506312530871639e+01
3.646646646646646559e+02 6.435438715450604263e+01
3.658908908908908870e+02 6.388441341448499600e+01
3.671171171171171181e+02 6.341519454093302244e+01
3.683433433433433493e+02 6.294678212263048778e+01
3.695695695695695804e+02 6.247922670854465821e+01
3.707957957957958115e+02 6.201257781514460987e+01
3.720220220220220426e+02 6.154688393392769541e+01
3.732482482482482737e+02 6.108219253914703728e+01
3.744744744744745049e+02 6.061855009573130104e+01
3.757007007007006791e+02 6.015600206738693601e+01
3.769269269269269103e+02 5.969459292487334778e+01
3.781531531531531414e+02 5.923436615444288122e+01
3.793793793793793725e+02 5.877536426643572298e+01
3.806056056056056036e+02 5.831762880402192195e+01
3.818318318318318347e+02 5.786120035208131185e+01
3.830580580580580659e+02 5.740611854621386811e+01
3.842842842842842970e+02 5.695242208187136868e+01
3.855105105105105281e+02 5.650014872360330287e+01
3.867367367367367592e+02 5.604933531440888572e+01
3.879629629629629903e+02 5.560001778518743976e+01
3.891891891891891646e+02 5.515223116428002470e+01
3.904154154154153957e+02 5.470600958709545125e+01
3.916416416416416268e+02 5.426138630581232292e+01
3.928678678678678580e+02 5.381839369915213922e+01
3.940940940940940891e+02 5.337706328221513274e+01
3.953203203203203202e+02 5.293742571637349670e+01
3.965465465465465513e+02 5.249951081921478391e+01
3.977727727727727824e+02 5.206334757453024054e+01
3.989989989989990136e+02 5.162896414234118225e+01
4.002252252252252447e+02 5.119638786895857407e+01
4.014514514514514758e+02 5.076564529706941187e+01
4.026776776776777069e+02 5.033676217584461199e+01
4.039039039039038812e+02 4.990976347106389710e+01
4.051301301301301123e+02 4.948467337525107723e+01
4.063563563563563434e+02 4.906151531781631547e+01
4.075825825825825746e+02 4.864031197519966554e+01
4.088088088088088057e+02 4.822108528101135505e+01
4.100350350350350368e+02 4.780385643616461522e+01
4.112612612612612679e+02 4.738864591899656631e+01
4.124874874874874990e+02 4.697547349537299510e+01
4.137137137137137302e+02 4.656435822877297426e+01
4.149399399399399613e+02 4.615531849034963585e+01
4.161661661661661924e+02 4.574837196896305613e+01
4.173923923923923667e+02 4.534353568118200428e+01
4.186186186186185978e+02 4.494082598125083194e+01
4.198448448448448289e+02 4.454025857101846242e+01
4.210710710710710600e+02 4.414184850982615416e+01
4.222972972972972912e+02 4.374561022435072744e+01
4.235235235235235223e+02 4.335155751840125760e+01
4.247497497497497534e+02 4.295970358266518474e+01
4.259759759759759845e+02 4.257006100440222696e+01
4.272022022022022156e+02 4.218264177708312701e+01
4.284284284284284468e+02 4.179745730997064612e+01
4.296546546546546779e+02 4.141451843764110663e+01
4.308808808808809090e+02 4.103383542944353479e+01
4.321071071071070833e+02 4.065541799889503238e+01
4.333333333333333144e+02 4.027927531300975517e+01
4.345595595595595455e+02 3.990541600156035429e+01
4.357857857857857766e+02 3.953384816626948606e+01
4.370120120120120077e+02 3.916457938993008270e+01
4.382382382382382389e+02 3.879761674545267880e+01
4.394644644644644700e+02 3.843296680483848604e+01
4.406906906906907011e+02 3.807063564807677380e+01
4.419169169169169322e+02 3.771062887196501379e+01
4.431431431431431633e+02 3.735295159885117044e+01
4.443693693693693945e+02 3.699760848529636803e+01
4.455955955955956256e+02 3.664460373065750076e+01
4.468218218218217999e+02 3.629394108558845033e+01
4.480480480480480310e+02 3.594562386045907232e+01
4.492742742742742621e+02 3.559965493369135459e+01
4.505005005005004932e+02 3.525603676001203723e+01
4.517267267267267243e+02 3.491477137862066371e+01
4.529529529529529555e+02 3.457586042127289971e+01
4.541791791791791866e+02 3.423930512027839512e+01
4.554054054054054177e+02 3.390510631641294026e+01
4.566316316316316488e+02 3.357326446674399989e+01
4.578578578578578799e+02 3.324377965237012234e+01
4.590840840840841111e+02 3.291665158607315078e+01
4.603103103103102853e+02 3.259187961988350679e+01
4.615365365365365165e+02 3.226946275255803442e+01
4.627627627627627476e+02 3.194939963697082774e+01
4.639889889889889787e+02 3.163168858741627787e+01
4.652152152152152098e+02 3.131632758682475171e+01
4.664414414414414409e+02 3.100331429389097693e+01
4.676676676676676720e+02 3.069264605011474600e+01
4.688938938938939032e+02 3.038431988675473150e+01
4.701201201201201343e+02 3.007833253169483712e+01
4.713463463463463654e+02 2.977468041622385897e+01
4.725725725725725965e+02 2.947335968172833631e+01
4.737987987987988276e+02 2.917436618629878353e+01
4.750250250250250019e+02 2.887769551125003886e+01
4.762512512512512330e+02 2.858334296755558768e+01
4.774774774774774642e+02 2.829130360219633644e+01
4.787037037037036953e+02 2.800157220442442352e+01
4.799299299299299264e+02 2.771414331194213432e+01
4.811561561561561575e+02 2.742901121699658518e+01
4.823823823823823886e+02 2.714616997239060225e+01
4.836086086086086198e+02 2.686561339741016141e+01
4.848348348348348509e+02 2.658733508366903564e+01
4.860610610610610820e+02 2.631132840087100178e+01
4.872872872872873131e+02 2.603758650249033124e+01
4.885135135135135442e+02 2.576610233137089168e+01
4.897397397397397185e+02 2.549686862524474051e+01
4.909659659659659496e+02 2.522987792217042013e+01
4.921921921921921808e+02 2.496512256589193157e+01
4.934184184184184119e+02 2.470259471111869942e+01
4.946446446446446430e+02 2.444228632872733087e+01
4.958708708708708741e+02 2.418418921088573725e+01
4.970970970970971052e+02 2.392829497610037492e+01
4.983233233233233364e+02 2.367459507418703524e+01
4.995495495495495675e+02 2.342308079116620334e+01
5.007757757757757986e+02 2.317374325408318114e+01
5.020020020020020297e+02 2.292657343575421791e+01
5.032282282282282040e+02 2.268156215943896115e+01
5.044544544544544351e+02 2.243870010343985300e+01
5.056806806806806662e+02 2.219797780562965883e+01
5.069069069069068973e+02 2.195938566790730917e+01
5.081331331331331285e+02 2.172291396058304613e+01
5.093593593593593596e+02 2.148855282669348910e+01
5.105855855855855907e+02 2.125629228624744371e+01
5.118118118118118218e+02 2.102612224040299083e+01
5.130380380380380529e+02 2.079803247557683932e+01
5.142642642642642841e+02 2.057201266748634438e+01
5.154904904904905152e+02 2.034805238512525705e+01
5.167167167167167463e+02 2.012614109467359214e+01
5.179429429429428637e+02 1.990626816334258820e+01
5.191691691691692085e+02 1.968842286315533840e+01
5.203953953953953260e+02 1.947259437466404819e+01
5.216216216216216708e+02 1.925877179060404742e+01
5.228478478478477882e+02 1.904694411948631227e+01
5.240740740740741330e+02 1.883710028912778256e+01
5.253003003003002505e+02 1.862922915012189762e+01
5.265265265265265953e+02 1.842331947924825641e+01
5.277527527527527127e+02 1.821935998282380353e+01
5.289789789789790575e+02 1.801733929999474881e+01
5.302052052052051749e+02 1.781724600597125274e+01
5.314314314314315197e+02 1.761906861520436962e+01
5.326576576576576372e+02 1.742279558450703547e+01
5.338838838838838683e+02 1.722841531611873123e+01
5.351101101101100994e+02 1.703591616071555137e+01
5.363363363363363305e+02 1.684528642036548973e+01
5.375625625625625617e+02 1.665651435143013614e+01
5.387887887887887928e+02 1.646958816741318543e+01
5.400150150150150239e+02 1.628449604175665399e+01
5.412412412412412550e+02 1.610122611058521613e+01
5.424674674674674861e+02 1.591976647539951628e+01
5.436936936936937173e+02 1.574010520571897764e+01
5.449199199199199484e+02 1.556223034167478048e+01
5.461461461461461795e+02 1.538612989655371699e+01
5.473723723723724106e+02 1.521179185929356414e+01
5.485985985985986417e+02 1.503920419693024080e+01
5.498248248248248728e+02 1.486835485699808324e+01
5.510510510510511040e+02 1.469923176988312186e+01
5.522772772772773351e+02 1.453182285113043548e+01
5.535035035035034525e+02 1.436611600370594033e+01
5.547297297297296836e+02 1.420209912021340948e+01
5.559559559559559148e+02 1.403976008506713136e+01
5.571821821821821459e+02 1.387908677662091073e+01
5.584084084084083770e+02 1.372006706925392905e+01
5.596346346346346081e+02 1.356268883541407000e+01
5.608608608608608392e+02 1.340693994761924124e+01
5.620870870870870704e+02 1.325280828041736747e+01
5.633133133133133015e+02 1.310028171230541005e+01
5.645395395395395326e+02 1.294934812760816634e+01
5.657657657657657637e+02 1.279999541831723775e+01
5.669919919919919948e+02 1.265221148589082389e+01
5.682182182182182260e+02 1.250598424301483647e+01
5.694444444444444571e+02 1.236130161532571847e+01
5.706706706706706882e+02 1.221815154309579121e+01
5.718968968968969193e+02 1.207652198288135281e+01
5.731231231231231504e+02 1.193640090913419627e+01
5.743493493493493816e+02 1.179777631577696440e+01
5.755755755755756127e+02 1.166063621774298831e+01
5.768018018018018438e+02 1.152496865248085456e+01
5.780280280280280749e+02 1.139076168142445944e+01
5.792542542542543060e+02 1.125800339142882223e+01
5.804804804804805372e+02 1.112668189617225600e+01
5.817067067067066546e+02 1.099678533752531173e+01
5.829329329329328857e+02 1.086830188688695387e+01
5.841591591591591168e+02 1.074121974648852529e+01
5.853853853853853479e+02 1.061552715066579822e+01
5.866116116116115791e+02 1.049121236709968663e+01
5.878378378378378102e+02 1.036826369802600389e+01
5.890640640640640413e+02 1.024666948141478073e+01
5.902902902902902724e+02 1.012641809211941890e+01
5.915165165165165035e+02 1.000749794299631290e+01
5.927427427427427347e+02 9.889897485995243542e+00
5.939689689689689658e+02 9.773605213220939447e+00
5.951951951951951969e+02 9.658609657966337636e+00
5.964214214214214280e+02 9.544899395717841628e+00
5.976476476476476591e+02 9.432463045133063773e+00
5.988738738738738903e+02 9.321289268991385768e+00
6.001001001001001214e+02 9.211366775117792116e+00
6.013263263263263525e+02 9.102684317280360204e+00
6.025525525525525836e+02 8.995230696061726761e+00
6.037787787787788147e+02 8.888994759705051152e+00
6.050050050050050459e+02 8.783965404934708232e+00
6.062312312312312770e+02 8.680131577752193905e+00
6.074574574574575081e+02 8.577482274207545387e+00
6.086836836836837392e+02 8.476006541146707818e+00
6.099099099099099703e+02 8.375693476935168746e+00
6.111361361361360878e+02 8.276532232158203328e+00
6.123623623623623189e+02 8.178512010298131685e+00
6.135885885885885500e+02 8.081622068388927715e+00
6.148148148148147811e+02 7.985851717648531078e+00
6.160410410410410122e+02 7.891190324089146557e+00
6.172672672672672434e+02 7.797627309105967797e+00
6.184934934934934745e+02 7.705152150044599857e+00
6.197197197197197056e+02 7.613754380747531414e+00
6.209459459459459367e+02 7.523423592079976352e+00
6.221721721721721678e+02 7.434149432435439131e+00
6.233983983983983990e+02 7.345921608221252619e+00
6.246246246246246301e+02 7.258729884324568005e+00
6.258508508508508612e+02 7.172564084558866959e+00
6.270770770770770923e+02 7.087414092091571582e+00
6.283033033033033234e+02 7.003269849852842732e+00
6.295295295295295546e+02 6.920121360926036580e+00
6.307557557557557857e+02 6.837958688919981931e+00
6.319819819819820168e+02 6.756771958323541050e+00
6.332082082082082479e+02 6.676551354842520603e+00
6.344344344344344790e+02 6.597287125719520695e+00
6.356606606606607102e+02 6.518969580036699796e+00
6.368868868868869413e+02 6.441589089002002666e+00
6.381131131131131724e+02 6.365136086218947220e+00
6.393393393393392898e+02 6.289601067940412626e+00
6.405655655655655210e+02 6.214974593306533457e+00
6.417917917917917521e+02 6.141247284567119991e+00
6.430180180180179832e+02 6.068409827288814284e+00
6.442442442442442143e+02 5.996452970547226258e+00
6.454704704704704454e+02 5.925367527104380194e+00
6.466966966966966766e+02 5.855144373571667948e+00
6.479229229229229077e+02 5.785774450558631266e+00
6.491491491491491388e+02 5.717248762807776608e+00
6.503753753753753699e+02 5.649558379315703149e+00
6.516016016016016010e+02 5.582694433440806847e+00
6.528278278278278322e+02 5.516648122997783510e+00
6.540540540540540633e+02 5.451410710339165355e+00
6.552802802802802944e+02 5.386973522424238325e+00
6.565065065065065255e+02 5.323327950875389902e+00
6.577327327327327566e+02 5.260465452022335953e+00
6.589589589589589878e+02 5.198377546934276339e+00
6.601851851851852189e+02 5.137055821440414505e+00
6.614114114114114500e+02 5.076491926138802846e+00
6.626376376376376811e+02 5.016677576394060090e+00
6.638638638638639122e+02 4.957604552323881641e+00
6.650900900900901433e+02 4.899264698774811855e+00
6.663163163163163745e+02 4.841649925287317302e+00
6.675425425425424919e+02 4.784752206050518986e+00
6.687687687687687230e+02 4.728563579846666087e+00
6.699949949949949541e+02 4.673076149985715411e+00
6.712212212212211853e+02 4.618282084230070694e+00
6.724474474474474164e+02 4.564173614709806870e+00
6.736736736736736475e+02 4.510743037828541802e+00
6.748998998998998786e+02 4.457982714160155346e+00
6.761261261261261097e+02 4.405885068336529820e+00
6.773523523523523409e+02 4.354442588926631608e+00
6.785785785785785720e+02 4.303647828306936596e+00
6.798048048048048031e+02 4.253493402523575995e+00
6.810310310310310342e+02 4.203971991146290499e+00
6.822572572572572653e+02 4.155076337114402385e+00
6.834834834834834965e+02 4.106799246575028484e+00
6.847097097097097276e+02 4.059133588713669027e+00
6.859359359359359587e+02 4.012072295577381986e+00
6.871621621621621898e+02 3.965608361890730293e+00
6.883883883883884209e+02 3.919734844864668499e+00
6.896146146146146521e+02 3.874444863998534494e+00
6.908408408408408832e+02 3.829731600875343034e+00
6.920670670670671143e+02 3.785588298950553376e+00
6.932932932932933454e+02 3.742008263334459350e+00
6.945195195195195765e+02 3.698984860568375499e+00
6.957457457457456940e+02 3.656511518394803151e+00
6.969719719719719251e+02 3.614581725521718969e+00
6.981981981981981562e+02 3.573189031381171610e+00
6.994244244244243873e+02 3.532327045882306837e+00
7.006506506506506184e+02 3.491989439159023156e+00
7.018768768768768496e+02 3.452169941312372980e+00
7.031031031031030807e+02 3.412862342147892303e+00
7.043293293293293118e+02 3.374060490908012966e+00
7.055555555555555429e+02 3.335758295999657452e+00
7.067817817817817740e+02 3.297949724717225806e+00
7.080080080080080052e+02 3.260628802961075934e+00
7.092342342342342363e+02 3.223789614951681592e+00
7.104604604604604674e+02 3.187426302939545320e+00
7.116866866866866985e+02 3.151533066911091474e+00
7.129129129129129296e+02 3.116104164290573575e+00
7.141391391391391608e+02 3.081133909638239743e+00
7.153653653653653919e+02 3.046616674344802878e+00
7.165915915915916230e+02 3.012546886322386097e+00
7.178178178178178541e+02 2.978919029692084663e+00
7.190440440440440852e+02 2.945727644468224327e+00
7.202702702702703164e+02 2.912967326239504828e+00
7.214964964964965475e+02 2.880632725847093401e+00
7.227227227227227786e+02 2.848718549059817029e+00
7.239489489489490097e+02 2.817219556246598255e+00
7.251751751751751272e+02 2.786130562046198911e+00
7.264014014014013583e+02 2.755446435034417441e+00
7.276276276276275894e+02 2.725162097388877935e+00
7.288538538538538205e+02 2.695272524551471260e+00
7.300800800800800516e+02 2.665772744888602386e+00
7.313063063063062827e+02 2.636657839349322074e+00
7.325325325325325139e+02 2.607922941121498805e+00
7.337587587587587450e+02 2.579563235286050027e+00
7.349849849849849761e+02 2.551573958469435244e+00
7.362112112112112072e+02 2.523950398494465119e+00
7.374374374374374383e+02 2.496687894029490096e+00
7.386636636636636695e+02 2.469781834236156381e+00
7.398898898898899006e+02 2.443227658415745740e+00
7.411161161161161317e+02 2.417020855654240297e+00
7.423423423423423628e+02 2.391156964466183865e+00
7.435685685685685939e+02 2.365631572437441488e+00
7.447947947947948251e+02 2.340440315866950449e+00
7.460210210210210562e+02 2.315578879407544921e+00
7.472472472472472873e+02 2.291042995705941721e+00
7.484734734734735184e+02 2.266828445041973783e+00
7.496996996996997495e+02 2.242931054967161941e+00
7.509259259259259807e+02 2.219346699942702728e+00
7.521521521521522118e+02 2.196071300976942808e+00
7.533783783783783292e+02 2.173100825262441305e+00
7.546046046046045603e+02 2.150431285812672400e+00
7.558308308308307915e+02 2.128058741098478812e+00
7.570570570570570226e+02 2.105979294684311220e+00
7.582832832832832537e+02 2.084189094864347336e+00
7.595095095095094848e+02 2.062684334298574562e+00
7.607357357357357159e+02 2.041461249648888199e+00
7.619619619619619471e+02 2.020516121215269134e+00
7.631881881881881782e+02 1.999845272572134069e+00
7.644144144144144093e+02 1.979445070204898238e+00
7.656406406406406404e+02 1.959311923146834111e+00
7.668668668668668715e+02 1.939442282616279822e+00
7.680930930930931027e+02 1.919832641654259708e+00
7.693193193193193338e+02 1.900479534762579581e+00
7.705455455455455649e+02 1.881379537542461788e+00
7.717717717717717960e+02 1.862529266333760924e+00
7.729979979979980271e+02 1.843925377854843006e+00
7.742242242242242583e+02 1.825564568843152324e+00
7.754504504504504894e+02 1.807443575696549676e+00
7.766766766766767205e+02 1.789559174115460616e+00
7.779029029029029516e+02 1.771908178745864371e+00
7.791291291291291827e+02 1.754487442823233101e+00
7.803553553553554138e+02 1.737293857817402198e+00
7.815815815815815313e+02 1.720324353078463764e+00
7.828078078078077624e+02 1.703575895483704583e+00
7.840340340340339935e+02 1.687045489085665206e+00
7.852602602602602246e+02 1.670730174761330122e+00
7.864864864864864558e+02 1.654627029862503651e+00
7.877127127127126869e+02 1.638733167867434615e+00
7.889389389389389180e+02 1.623045738033690011e+00
7.901651651651651491e+02 1.607561925052355623e+00
7.913913913913913802e+02 1.592278948703589991e+00
7.926176176176176114e+02 1.577194063513540190e+00
7.938438438438438425e+02 1.562304558412717315e+00
7.950700700700700736e+02 1.547607756395802392e+00
7.962962962962963047e+02 1.533101014182958854e+00
7.975225225225225358e+02 1.518781721882667135e+00
7.987487487487487670e+02 1.504647302656123120e+00
7.999749749749749981e+02 1.490695212383222668e+00
8.012012012012012292e+02 1.476922939330162388e+00
8.024274274274274603e+02 1.463328003818701317e+00
8.036536536536536914e+02 1.449907957897087929e+00
8.048798798798799226e+02 1.436660385012700436e+00
8.061061061061061537e+02 1.423582899686420600e+00
8.073323323323323848e+02 1.410673147188746368e+00
8.085585585585586159e+02 1.397928803217716620e+00
8.097847847847847333e+02 1.385347573578608715e+00
8.110110110110109645e+02 1.372927193865485451e+00
8.122372372372371956e+02 1.360665429144584326e+00
8.134634634634634267e+02 1.348560073639581747e+00
8.146896896896896578e+02 1.336608950418733288e+00
8.159159159159158889e+02 1.324809911083946412e+00
8.171421421421421201e+02 1.313160835461758991e+00
8.183683683683683512e+02 1.301659631296285813e+00
8.195945945945945823e+02 1.290304233944113754e+00
8.208208208208208134e+02 1.279092606071174254e+00
8.220470470470470445e+02 1.268022737351623297e+00
8.232732732732732757e+02 1.257092644168721129e+00
8.244994994994995068e+02 1.246300369317737244e+00
8.257257257257257379e+02 1.235643981710891515e+00
8.269519519519519690e+02 1.225121576084338582e+00
8.281781781781782001e+02 1.214731272707228582e+00
8.294044044044044313e+02 1.204471217092815571e+00
8.306306306306306624e+02 1.194339579711670707e+00
8.318568568568568935e+02 1.184334555706965331e+00
8.330830830830831246e+02 1.174454364611871693e+00
8.343093093093093557e+02 1.164697250069061996e+00
8.355355355355355869e+02 1.155061479552324855e+00
8.367617617617618180e+02 1.145545344090308948e+00
8.379879879879880491e+02 1.136147157992388967e+00
8.392142142142141665e+02 1.126865258576677409e+00
8.404404404404403977e+02 1.117698005900166214e+00
8.416666666666666288e+02 1.108643782491021357e+00
8.428928928928928599e+02 1.099700993083020606e+00
8.441191191191190910e+02 1.090868064352154443e+00
8.453453453453453221e+02 1.082143444655373710e+00
8.465715715715715532e+02 1.073525603771494863e+00
8.477977977977977844e+02 1.065013032644280377e+00
8.490240240240240155e+02 1.056604243127656551e+00
8.502502502502502466e+02 1.048297767733125774e+00
8.514764764764764777e+02 1.040092159379311321e+00
8.527027027027027088e+02 1.031985991143685943e+00
8.539289289289289400e+02 1.023977856016461407e+00
8.551551551551551711e+02 1.016066366656626530e+00
8.563813813813814022e+02 1.008250155150166139e+00
8.576076076076076333e+02 1.000527872770424542e+00
8.588338338338338644e+02 9.928981897406297108e-01
8.600600600600600956e+02 9.853597949985741788e-01
8.612862862862863267e+02 9.779113959634452291e-01
8.625125125125125578e+02 9.705517183048026908e-01
8.637387387387387889e+02 9.632795057136996908e-01
8.649649649649650200e+02 9.560935196759512422e-01
8.661911911911912512e+02 9.489925392475184740e-01
8.674174174174173686e+02 9.419753608320489136e-01
8.686436436436435997e+02 9.350407979605214193e-01
8.698698698698698308e+02 9.281876810730194105e-01
8.710960960960960620e+02 9.214148573026160749e-01
8.723223223223222931e+02 9.147211902613651135e-01
8.735485485485485242e+02 9.081055598283971353e-01
8.747747747747747553e+02 9.015668619401026040e-01
8.760010010010009864e+02 8.951040083824032267e-01
8.772272272272272176e+02 8.887159265851062306e-01
8.784534534534534487e+02 8.824015594183244326e-01
8.796796796796796798e+02 8.761598649909668746e-01
8.809059059059059109e+02 8.699898164512741561e-01
8.821321321321321420e+02 8.638904017894072362e-01
8.833583583583583732e+02 8.578606236420740494e-01
8.845845845845846043e+02 8.518994990991775040e-01
8.858108108108108354e+02 8.460060595124926364e-01
8.870370370370370665e+02 8.401793503063464952e-01
8.882632632632632976e+02 8.344184307902953179e-01
8.894894894894895288e+02 8.287223739738041051e-01
8.907157157157157599e+02 8.230902663828911781e-01
8.919419419419419910e+02 8.175212078787522652e-01
8.931681681681682221e+02 8.120143114783399119e-01
8.943943943943944532e+02 8.065687031768901116e-01
8.956206206206205707e+02 8.011835217723886071e-01
8.968468468468468018e+02 7.958579186919630954e-01
8.980730730730730329e+02 7.905910578201906791e-01
8.992992992992992640e+02 7.853821153293051305e-01
9.005255255255254951e+02 7.802302795113033040e-01
9.017517517517517263e+02 7.751347506119268260e-01
9.029779779779779574e+02 7.700947406665157313e-01
9.042042042042041885e+02 7.651094733377123980e-01
9.054304304304304196e+02 7.601781837550205534e-01
9.066566566566566507e+02 7.553001183561893761e-01
9.078828828828828819e+02 7.504745347304173642e-01
9.091091091091091130e+02 7.457007014633709741e-01
9.103353353353353441e+02 7.409778979839879431e-01
9.115615615615615752e+02 7.363054144130762868e-01
9.127877877877878063e+02 7.316825514136700015e-01
9.140140140140140375e+02 7.271086200431525759e-01
9.152402402402402686e+02 7.225829416071155586e-01
9.164664664664664997e+02 7.181048475149612864e-01
9.176926926926927308e+02 7.136736791372071398e-01
9.189189189189189619e+02 7.092887876645114220e-01
9.201451451451451931e+02 7.049495339683786721e-01
9.213713713713714242e+02 7.006552884635502965e-01
9.225975975975976553e+02 6.964054309720624225e-01
9.238238238238238864e+02 6.921993505889519893e-01
9.250500500500500038e+02 6.880364455495981968e-01
9.262762762762762350e+02 6.839161230987009787e-01
9.275025025025024661e+02 6.798377993608629710e-01
9.287287287287286972e+02 6.758008992127690906e-01
9.299549549549549283e+02 6.718048561569590627e-01
9.311811811811811594e+02 6.678491121971622535e-01
9.324074074074073906e+02 6.639331177151985841e-01
9.336336336336336217e+02 6.600563313494184348e-01
9.348598598598598528e+02 6.562182198746746575e-01
9.360860860860860839e+02 6.524182580838169265e-01
9.373123123123123150e+02 6.486559286706825578e-01
9.385385385385385462e+02 6.449307221145794689e-01
9.397647647647647773e+02 6.412421365662508421e-01
9.409909909909910084e+02 6.375896777352993983e-01
9.422172172172172395e+02 6.339728587790525172e-01
9.434434434434434706e+02 6.303912001928857478e-01
9.446696696696697018e+02 6.268442297019398701e-01
9.458958958958959329e+02 6.233314821542714768e-01
9.471221221221221640e+02 6.198524994153843393e-01
9.483483483483483951e+02 6.164068302641482200e-01
9.495745745745746262e+02 6.129940302900843685e-01
9.508008008008008574e+02 6.096136617920066003e-01
9.520270270270270885e+02 6.062652936780029700e-01
9.532532532532532059e+02 6.029485013667472693e-01
9.544794794794794370e+02 5.996628666901252513e-01
9.557057057057056682e+02 5.964079777971541541e-01
9.569319319319318993e+02 5.931834290592123970e-01
9.581581581581581304e+02 5.899888209765141722e-01
9.593843843843843615e+02 5.868237600858675629e-01
9.606106106106105926e+02 5.836878588696777781e-01
9.618368368368368237e+02 5.805807356661778496e-01
9.630630630630630549e+02 5.775020145808903438e-01
9.642892892892892860e+02 5.744513253992964419e-01
9.655155155155155171e+02 5.714283035006959555e-01
9.667417417417417482e+02 5.684325897732632749e-01
9.679679679679679793e+02 5.654638305302603918e-01
9.691941941941942105e+02 5.625216774274164333e-01
9.704204204204204416e+02 5.596057873814569428e-01
9.716466466466466727e+02 5.567158224897518215e-01
9.728728728728729038e+02 5.538514499510975853e-01
9.740990990990991349e+02 5.510123419876004069e-01
9.753253253253253661e+02 5.481981757676562816e-01
9.765515515515515972e+02 5.454086333300149914e-01
9.777777777777778283e+02 5.426434015089135476e-01
9.790040040040040594e+02 5.399021718602687869e-01
9.802302302302302905e+02 5.371846405889185716e-01
9.814564564564564080e+02 5.344905084768901693e-01
9.826826826826826391e+02 5.318194808127033602e-01
9.839089089089088702e+02 5.291712673216713014e-01
9.851351351351351013e+02 5.265455820972065881e-01
9.863613613613613325e+02 5.239421435331163002e-01
9.875875875875875636e+02 5.213606742568662744e-01
9.888138138138137947e+02 5.188009010638099383e-01
9.900400400400400258e+02 5.162625548523760433e-01
9.912662662662662569e+02 5.137453705601873200e-01
9.924924924924924881e+02 5.112490871011158289e-01
9.937187187187187192e+02 5.087734473032531346e-01
9.949449449449449503e+02 5.063181978477848677e-01
9.961711711711711814e+02 5.038830892087686752e-01
9.973973973973974125e+02 5.014678755937858057e-01
9.986236236236236437e+02 4.990723148854769309e-01
9.998498498498498748e+02 4.966961685839351159e-01
1.001076076076076106e+03 4.943392017499494973e-01
1.002302302302302337e+03 4.920011829490969490e-01
1.003528528528528568e+03 4.896818841966559255e-01
1.004754754754754799e+03 4.873810809033483071e-01
1.005980980980981030e+03 4.850985518218864367e-01
1.007207207207207261e+03 4.828340789943209033e-01
1.008433433433433493e+03 4.805874477001773615e-01
1.009659659659659610e+03 4.783584464053752816e-01
1.010885885885885841e+03 4.761468667119105325e-01
1.012112112112112072e+03 4.739525033082990224e-01
1.013338338338338303e+03 4.717751539207750699e-01
1.014564564564564535e+03 4.696146192652198570e-01
1.015790790790790766e+03 4.674707029998254049e-01
1.017017017017016997e+03 4.653432116784786410e-01
1.018243243243243228e+03 4.632319547048533437e-01
1.019469469469469459e+03 4.611367442872046363e-01
1.020695695695695690e+03 4.590573953938559271e-01
1.021921921921921921e+03 4.569937257093667493e-01
1.023148148148148152e+03 4.549455555913766158e-01
1.024374374374374383e+03 4.529127080281072359e-01
1.025600600600600501e+03 4.508950085965297006e-01
1.026826826826826846e+03 4.488922854211653823e-01
1.028053053053053191e+03 4.469043691335399249e-01
1.029279279279279308e+03 4.449310928322486869e-01
1.030505505505505425e+03 4.429722920436568456e-01
1.031731731731731770e+03 4.410278046832028509e-01
1.032957957957958115e+03 4.390974710173106699e-01
1.034184184184184232e+03 4.371811336258891734e-01
1.035410410410410350e+03 4.352786373654261576e-01
1.036636636636636695e+03 4.333898293326555740e-01
1.037862862862863039e+03 4.315145588287982448e-01
1.039089089089089157e+03 4.296526773243630748e-01
1.040315315315315274e+03 4.278040384244999328e-01
1.041541541541541392e+03 4.259684978349055351e-01
1.042767767767767737e+03 4.241459133282609595e-01
1.043993993993994081e+03 4.223361447112058964e-01
1.045220220220220199e+03 4.205390537918345384e-01
1.046446446446446316e+03 4.187545043477012285e-01
1.047672672672672661e+03 4.169823620943478026e-01
1.048898898898899006e+03 4.152224946543202067e-01
1.050125125125125123e+03 4.134747715266824941e-01
1.051351351351351468e+03 4.117390640570199323e-01
1.052577577577577586e+03 4.100152454079217801e-01
1.053803803803803703e+03 4.083031905299317477e-01
1.055030030030030048e+03 4.066027761329713552e-01
1.056256256256256165e+03 4.049138806582148753e-01
1.057482482482482510e+03 4.032363842504232965e-01
1.058708708708708627e+03 4.015701687307203227e-01
1.059934934934934972e+03 3.999151175698044680e-01
1.061161161161161090e+03 3.982711158616016323e-01
1.062387387387387435e+03 3.966380502973344546e-01
1.063613613613613552e+03 3.950158091400186033e-01
1.064839839839839897e+03 3.934042821993667394e-01
1.066066066066066014e+03 3.918033608071048168e-01
1.067292292292292359e+03 3.902129377926844001e-01
1.068518518518518476e+03 3.886329074593939392e-01
1.069744744744744821e+03 3.870631655608580135e-01
1.070970970970970939e+03 3.855036092779163259e-01
1.072197197197197283e+03 3.839541371958856142e-01
1.073423423423423401e+03 3.824146492821881571e-01
1.074649649649649746e+03 3.808850468643509846e-01
1.075875875875875863e+03 3.793652326083579163e-01
1.077102102102102208e+03 3.778551104973650876e-01
1.078328328328328325e+03 3.763545858107606445e-01
1.079554554554554670e+03 3.748635651035657768e-01
1.080780780780780788e+03 3.733819561861853598e-01
1.082007007007006905e+03 3.719096681044742336e-01
1.083233233233233250e+03 3.704466111201504264e-01
1.084459459459459367e+03 3.689926966915184625e-01
1.085685685685685712e+03 3.675478374545149141e-01
1.086911911911911830e+03 3.661119472040686995e-01
1.088138138138138174e+03 3.646849408757653066e-01
1.089364364364364292e+03 3.632667345278184912e-01
1.090590590590590637e+03 3.618572453233382391e-01
1.091816816816816754e+03 3.604563915128926044e-01
1.093043043043043099e+03 3.590640924173583159e-01
1.094269269269269216e+03 3.576802684110587660e-01
1.095495495495495561e+03 3.563048409051775001e-01
1.096721721721721678e+03 3.549377323314518162e-01
1.097947947947948023e+03 3.535788661261324850e-01
1.099174174174174141e+03 3.522281667142170836e-01
1.100400400400400486e+03 3.508855594939399025e-01
1.101626626626626603e+03 3.495509708215223110e-01
1.102852852852852948e+03 3.482243279961758642e-01
1.104079079079079065e+03 3.469055592453635928e-01
1.105305305305305410e+03 3.455945937102924415e-01
1.106531531531531527e+03 3.442913614316627235e-01
1.107757757757757872e+03 3.429957933356466704e-01
1.108983983983983990e+03 3.417078212201049570e-01
1.110210210210210107e+03 3.404273777410313229e-01
1.111436436436436452e+03 3.391543963992267319e-01
1.112662662662662569e+03 3.378888115271962977e-01
1.113888888888888914e+03 3.366305582762630366e-01
1.115115115115115032e+03 3.353795726039002778e-01
1.116341341341341376e+03 3.341357912612739067e-01
1.117567567567567494e+03 3.328991517809955503e-01
1.118793793793793839e+03 3.316695924650802652e-01
1.120020020020019956e+03 3.304470523731098952e-01
1.121246246246246301e+03 3.292314713105828905e-01
1.122472472472472418e+03 3.280227898174764567e-01
1.123698698698698763e+03 3.268209491569878389e-01
1.124924924924924881e+03 3.256258913044733361e-01
1.126151151151151225e+03 3.244375589365628976e-01
1.127377377377377343e+03 3.232558954204698409e-01
1.128603603603603688e+03 3.220808448034706006e-01
1.129829829829829805e+03 3.209123518025646660e-01
1.131056056056056150e+03 3.197503617943095455e-01
1.132282282282282267e+03 3.185948208048234309e-01
1.133508508508508612e+03 3.174456754999601116e-01
1.134734734734734729e+03 3.163028731756423739e-01
1.135960960960961074e+03 3.151663617483661528e-01
1.137187187187187192e+03 3.140360897458587264e-01
1.138413413413413309e+03 3.129120062978912320e-01
1.139639639639639654e+03 3.117940611272565499e-01
1.140865865865865771e+03 3.106822045408854094e-01
1.142092092092092116e+03 3.095763874211216460e-01
1.143318318318318234e+03 3.084765612171381788e-01
1.144544544544544578e+03 3.073826779365011475e-01
1.145770770770770696e+03 3.062946901368716612e-01
1.146996996996997041e+03 3.052125509178507112e-01
1.148223223223223158e+03 3.041362139129599185e-01
1.149449449449449503e+03 3.030656332817515675e-01
1.150675675675675620e+03 3.020007637020619140e-01
1.151901901901901965e+03 3.009415603623830648e-01
1.153128128128128083e+03 2.998879789543699159e-01
1.154354354354354427e+03 2.988399756654684936e-01
1.155580580580580545e+03 2.977975071716741362e-01
1.156806806806806890e+03 2.967605306303994217e-01
1.158033033033033007e+03 2.957290036734741556e-01
1.159259259259259352e+03 2.947028844002541059e-01
1.160485485485485469e+03 2.936821313708481429e-01
1.161711711711711814e+03 2.926667035994582888e-01
1.162937937937937932e+03 2.916565605478296797e-01
1.164164164164164276e+03 2.906516621188121596e-01
1.165390390390390394e+03 2.896519686500266810e-01
1.166616616616616511e+03 2.886574409076385628e-01
1.167842842842842856e+03 2.876680400802369419e-01
1.169069069069068973e+03 2.866837277728104816e-01
1.170295295295295318e+03 2.857044660008279946e-01
1.171521521521521436e+03 2.847302171844172114e-01
1.172747747747747781e+03 2.837609441426344192e-01
1.173973973973973898e+03 2.827966100878418487e-01
1.175200200200200243e+03 2.818371786201622764e-01
1.176426426426426360e+03 2.808826137220387098e-01
1.177652652652652705e+03 2.799328797528767288e-01
1.178878878878878822e+03 2.789879414437791971e-01
1.180105105105105167e+03 2.780477638923654626e-01
1.181331331331331285e+03 2.771123125576789303e-01
1.182557557557557629e+03 2.761815532551744612e-01
1.183783783783783747e+03 2.752554521517950326e-01
1.185010010010010092e+03 2.743339757611202856e-01
1.186236236236236209e+03 2.734170909386043902e-01
1.187462462462462554e+03 2.725047648768869624e-01
1.188688688688688671e+03 2.715969651011791997e-01
1.189914914914915016e+03 2.706936594647312844e-01
1.191141141141141134e+03 2.697948161443696757e-01
1.192367367367367478e+03 2.689004036361095085e-01
1.193593593593593596e+03 2.680103907508373795e-01
1.194819819819819941e+03 2.671247466100653001e-01
1.196046046046046058e+03 2.662434406417545918e-01
1.197272272272272176e+03 2.653664425762052859e-01
1.198498498498498520e+03 2.644937224420155220e-01
1.199724724724724638e+03 2.636252505621044517e-01
1.200950950950950983e+03 2.627609975498000350e-01
1.202177177177177100e+03 2.619009343049920058e-01
1.203403403403403445e+03 2.610450320103429589e-01
1.204629629629629562e+03 2.601932621275650503e-01
1.205855855855855907e+03 2.593455963937542630e-01
1.207082082082082024e+03 2.585020068177846242e-01
1.208308308308308369e+03 2.576624656767588784e-01
1.209534534534534487e+03 2.568269455125185008e-01
1.210760760760760832e+03 2.559954191282088343e-01
1.211986986986986949e+03 2.551678595848969056e-01
1.213213213213213294e+03 2.543442401982480283e-01
1.214439439439439411e+03 2.535245345352502011e-01
1.215665665665665756e+03 2.527087164109940165e-01
1.216891891891891873e+03 2.518967598855026413e-01
1.218118118118118218e+03 2.510886392606134776e-01
1.219344344344344336e+03 2.502843290769070084e-01
1.220570570570570681e+03 2.494838041106845483e-01
1.221796796796796798e+03 2.486870393709963711e-01
1.223023023023023143e+03 2.478940100967131910e-01
1.224249249249249260e+03 2.471046917536466325e-01
1.225475475475475378e+03 2.463190600317124446e-01
1.226701701701701722e+03 2.455370908421398990e-01
1.227927927927927840e+03 2.447587603147244051e-01
1.229154154154154185e+03 2.439840447951231450e-01
1.230380380380380302e+03 2.432129208421906774e-01
1.231606606606606647e+03 2.424453652253618363e-01
1.232832832832832764e+03 2.416813549220666046e-01
1.234059059059059109e+03 2.409208671151934766e-01
1.235285285285285227e+03 2.401638791905870152e-01
1.236511511511511571e+03 2.394103687345837117e-01
1.237737737737737689e+03 2.386603135315913116e-01
1.238963963963964034e+03 2.379136915616967551e-01
1.240190190190190151e+03 2.371704809983196938e-01
1.241416416416416496e+03 2.364306602058940665e-01
1.242642642642642613e+03 2.356942077375908939e-01
1.243868868868868958e+03 2.349611023330728521e-01
1.245095095095095076e+03 2.342313229162835686e-01
1.246321321321321420e+03 2.335048485932701146e-01
1.247547547547547538e+03 2.327816586500398854e-01
1.248773773773773883e+03 2.320617325504462092e-01
1.250000000000000000e+03 2.313450499341128397e-01
