2.808369763605389835e+02 1.701790410766679429e+02
2.971335830633680075e+02 1.668883915322530243e+02
3.514946801707039867e+02 1.658248917519566135e+02
5.229682603651559702e+02 1.485132137139478914e+02
7.869365345112099703e+02 1.350072434099145937e+02
1.126324315556139936e+03 1.208622194262413387e+02
1.541131603499939956e+03 1.043708192456809201e+02
2.031358398342609917e+03 9.457517552940819883e+01
2.597004700084160049e+03 8.036338474338445792e+01
3.238070508724580122e+03 7.061543160021921040e+01
3.954555824263869908e+03 6.237926962456050717e+01
