5.000000000000000000e-01 4.101901895707721479e+01
6.523437500000000000e-01 4.051508150209794223e+01
8.046875000000000000e-01 4.611986177342078008e+01
9.570312500000000000e-01 4.761692083902828188e+01
1.109375000000000000e+00 5.001214207596680694e+01
1.261718750000000000e+00 5.340602012609737415e+01
1.414062500000000000e+00 5.474311928314727993e+01
1.566406250000000000e+00 5.905250210568359392e+01
1.718750000000000000e+00 6.221180104347624251e+01
1.871093750000000000e+00 6.489014725687241025e+01
2.023437500000000000e+00 6.944134603741866840e+01
2.175781250000000000e+00 7.255137854305610290e+01
2.328125000000000000e+00 7.791521621690250754e+01
2.480468750000000000e+00 8.035579093030094100e+01
2.632812500000000000e+00 8.579044900216618430e+01
2.785156250000000000e+00 9.065023417854439458e+01
2.937500000000000000e+00 9.519334361967528935e+01
3.089843750000000000e+00 1.009910923477278430e+02
3.242187500000000000e+00 1.075332537636287498e+02
3.394531250000000000e+00 1.119665033693262330e+02
3.546875000000000000e+00 1.186401874852003289e+02
3.699218750000000000e+00 1.203887689688009033e+02
3.851562500000000000e+00 1.291314975962396545e+02
4.003906250000000000e+00 1.333979591798196793e+02
4.156250000000000000e+00 1.358767797855819879e+02
4.308593750000000000e+00 1.417584826633827788e+02
4.460937500000000000e+00 1.462317944450686582e+02
4.613281250000000000e+00 1.488401570415528568e+02
4.765625000000000000e+00 1.514226479435458259e+02
4.917968750000000000e+00 1.544410670932387006e+02
5.070312500000000000e+00 1.564684045142897730e+02
5.222656250000000000e+00 1.578672351199815864e+02
5.375000000000000000e+00 1.556931296480657636e+02
