5.000000000000000000e-01 4.592324035990473874e+01
6.523437500000000000e-01 4.827384810573027352e+01
8.046875000000000000e-01 5.156186111256933913e+01
9.570312500000000000e-01 5.039372271343960819e+01
1.109375000000000000e+00 5.285079865400827259e+01
1.261718750000000000e+00 5.543242726604136550e+01
1.414062500000000000e+00 5.672788735185235254e+01
1.566406250000000000e+00 5.941969295534871520e+01
1.718750000000000000e+00 6.129761999760835778e+01
1.871093750000000000e+00 6.478748252877871039e+01
2.023437500000000000e+00 6.713063780884735365e+01
2.175781250000000000e+00 7.004164894733209223e+01
2.328125000000000000e+00 6.969607808629511680e+01
2.480468750000000000e+00 7.590427982920625993e+01
2.632812500000000000e+00 8.012213011536849194e+01
2.785156250000000000e+00 8.289509423004788857e+01
2.937500000000000000e+00 8.559571827060582905e+01
3.089843750000000000e+00 9.133401539948062009e+01
3.242187500000000000e+00 9.441891401971616915e+01
3.394531250000000000e+00 1.004034821913607232e+02
3.546875000000000000e+00 1.037579334671379740e+02
3.699218750000000000e+00 1.079251170496548298e+02
3.851562500000000000e+00 1.146415223205430891e+02
4.003906250000000000e+00 1.183125911109684125e+02
4.156250000000000000e+00 1.244237164702335718e+02
4.308593750000000000e+00 1.273391287515128738e+02
4.460937500000000000e+00 1.306852334135335809e+02
4.613281250000000000e+00 1.341395099180188311e+02
4.765625000000000000e+00 1.404794985963652039e+02
4.917968750000000000e+00 1.420890875509295199e+02
5.070312500000000000e+00 1.416459604339349312e+02
5.222656250000000000e+00 1.452399898916663687e+02
5.375000000000000000e+00 1.471224118689369220e+02
