1.000000000000000021e-02 2.534440696110164606e-02
2.000000000000000042e-02 1.147803696147059876e-01
2.999999999999999889e-02 2.310223643792337911e-01
4.000000000000000083e-02 3.494687926196468619e-01
5.000000000000000278e-02 4.596004847402805904e-01
6.000000000000000472e-02 5.575978867740171152e-01
6.999999999999999278e-02 6.426636919153666527e-01
8.000000000000000167e-02 7.153267654564222644e-01
8.999999999999999667e-02 7.766520900826001661e-01
9.999999999999999167e-02 8.278692633020827696e-01
1.100000000000000006e-01 8.701998079987028900e-01
1.199999999999999956e-01 9.047810776210476469e-01
1.300000000000000044e-01 9.326375875381813785e-01
1.400000000000000133e-01 9.546754602763353192e-01
1.500000000000000222e-01 9.716877307677223019e-01
1.600000000000000033e-01 9.843642812653100593e-01
1.700000000000000122e-01 9.933032537475355861e-01
1.800000000000000211e-01 9.990223853940463083e-01
1.900000000000000022e-01 1.001969548176668168e+00
2.000000000000000111e-01 1.002532209122166895e+00
2.100000000000000200e-01 1.001045750728452699e+00
2.200000000000000011e-01 9.978007002102400325e-01
2.300000000000000100e-01 9.930489647022673338e-01
2.400000000000000189e-01 9.870091859784867472e-01
2.500000000000000000e-01 9.798713283130687790e-01
2.600000000000000089e-01 9.718006053460603866e-01
2.700000000000000178e-01 9.629408408294851673e-01
2.800000000000000266e-01 9.534173463498160084e-01
2.900000000000000355e-01 9.433393877760946067e-01
2.999999999999999889e-01 9.328023018320669157e-01
3.099999999999999978e-01 9.218893150387689195e-01
3.200000000000000067e-01 9.106731093360725948e-01
3.300000000000000155e-01 8.992171718902480793e-01
3.400000000000000244e-01 8.875769608123712517e-01
3.500000000000000333e-01 8.758009136211178935e-01
3.600000000000000422e-01 8.639313211583478092e-01
3.699999999999999956e-01 8.520050861927215280e-01
3.800000000000000044e-01 8.400543830244061594e-01
3.900000000000000133e-01 8.281072319453210984e-01
4.000000000000000222e-01 8.161880003397288252e-01
4.100000000000000311e-01 8.043178404662264525e-01
4.200000000000000400e-01 7.925150724912835010e-01
4.299999999999999933e-01 7.807955201020281288e-01
4.400000000000000022e-01 7.691728049749150253e-01
4.500000000000000111e-01 7.576586054862884945e-01
4.600000000000000200e-01 7.462628842949198260e-01
4.700000000000000289e-01 7.349940887838480874e-01
4.800000000000000377e-01 7.238593278013761845e-01
4.899999999999999911e-01 7.128645276739092873e-01
5.000000000000000000e-01 7.020145700639882635e-01
5.100000000000000089e-01 6.913134139048768834e-01
5.200000000000000178e-01 6.807642033497020018e-01
5.300000000000000266e-01 6.703693634210176056e-01
5.400000000000000355e-01 6.601306848296386587e-01
5.500000000000000444e-01 6.500493992444253966e-01
5.600000000000000533e-01 6.401262461330550213e-01
5.700000000000000622e-01 6.303615321539542959e-01
5.800000000000000711e-01 6.207551839583699271e-01
5.899999999999999689e-01 6.113067951563768698e-01
5.999999999999999778e-01 6.020156681091786144e-01
6.099999999999999867e-01 5.928808511304689555e-01
6.199999999999999956e-01 5.839011716102245897e-01
6.300000000000000044e-01 5.750752655137126856e-01
6.400000000000000133e-01 5.664016036555336031e-01
6.500000000000000222e-01 5.578785151021371513e-01
6.600000000000000311e-01 5.495042080156083975e-01
6.700000000000000400e-01 5.412767882158300292e-01
6.800000000000000488e-01 5.331942757067689165e-01
6.900000000000000577e-01 5.252546193850405887e-01
7.000000000000000666e-01 5.174557101245924606e-01
7.100000000000000755e-01 5.097953924099035694e-01
7.199999999999999734e-01 5.022714746711636202e-01
7.299999999999999822e-01 4.948817384581574719e-01
7.399999999999999911e-01 4.876239465747669311e-01
7.500000000000000000e-01 4.804958502828833855e-01
7.600000000000000089e-01 4.734951956728862821e-01
7.700000000000000178e-01 4.666197292875191027e-01
7.800000000000000266e-01 4.598672030768132801e-01
7.900000000000000355e-01 4.532353787535563505e-01
8.000000000000000444e-01 4.467220316115338430e-01
8.100000000000000533e-01 4.403249538623056347e-01
8.200000000000000622e-01 4.340419575405076724e-01
8.300000000000000711e-01 4.278708770225228553e-01
8.400000000000000799e-01 4.218095711987668861e-01
8.499999999999999778e-01 4.158559253357247965e-01
8.599999999999999867e-01 4.100078526602022322e-01
8.699999999999999956e-01 4.042632956949601120e-01
8.800000000000000044e-01 3.986202273719625100e-01
8.900000000000000133e-01 3.930766519468195108e-01
9.000000000000000222e-01 3.876306057356435630e-01
9.100000000000000311e-01 3.822801576934108936e-01
9.200000000000000400e-01 3.770234098510097942e-01
9.300000000000000488e-01 3.718584976264445174e-01
9.400000000000000577e-01 3.667835900241214198e-01
9.500000000000000666e-01 3.617968897347572099e-01
9.600000000000000755e-01 3.568966331472012143e-01
9.699999999999999734e-01 3.520810902823420241e-01
9.799999999999999822e-01 3.473485646582540332e-01
9.899999999999999911e-01 3.426973930948306046e-01
1.000000000000000000e+00 3.381259454653263719e-01
1.010000000000000009e+00 3.336326244014907738e-01
1.020000000000000018e+00 3.292158649583075691e-01
1.030000000000000027e+00 3.248741342437482804e-01
1.040000000000000036e+00 3.206059310184056210e-01
1.050000000000000044e+00 3.164097852693799617e-01
1.060000000000000053e+00 3.122842577623481386e-01
1.070000000000000062e+00 3.082279395753398377e-01
1.080000000000000071e+00 3.042394516173891894e-01
1.090000000000000080e+00 3.003174441348966939e-01
1.100000000000000089e+00 2.964605962082418333e-01
1.110000000000000098e+00 2.926676152409207199e-01
1.120000000000000107e+00 2.889372364432374329e-01
1.130000000000000115e+00 2.852682223123643168e-01
1.140000000000000124e+00 2.816593621103808398e-01
1.150000000000000133e+00 2.781094713417301967e-01
1.160000000000000142e+00 2.746173912313661925e-01
1.169999999999999929e+00 2.711819882047159513e-01
1.179999999999999938e+00 2.678021533704572632e-01
1.189999999999999947e+00 2.644768020069846459e-01
1.199999999999999956e+00 2.612048730533332863e-01
1.209999999999999964e+00 2.579853286052328776e-01
1.219999999999999973e+00 2.548171534168738872e-01
1.229999999999999982e+00 2.516993544088917956e-01
1.239999999999999991e+00 2.486309601830017091e-01
1.250000000000000000e+00 2.456110205436529137e-01
1.260000000000000009e+00 2.426386060270129541e-01
1.270000000000000018e+00 2.397128074375421136e-01
1.280000000000000027e+00 2.368327353923678213e-01
1.290000000000000036e+00 2.339975198736314044e-01
1.300000000000000044e+00 2.312063097889375529e-01
1.310000000000000053e+00 2.284582725400056413e-01
1.320000000000000062e+00 2.257525935995915445e-01
1.330000000000000071e+00 2.230884760967200564e-01
1.340000000000000080e+00 2.204651404102462298e-01
1.350000000000000089e+00 2.178818237707403904e-01
1.360000000000000098e+00 2.153377798706742063e-01
1.370000000000000107e+00 2.128322784828667602e-01
1.380000000000000115e+00 2.103646050871370854e-01
1.390000000000000124e+00 2.079340605050931656e-01
1.400000000000000133e+00 2.055399605429798771e-01
1.410000000000000142e+00 2.031816356424941128e-01
1.419999999999999929e+00 2.008584305394715552e-01
1.429999999999999938e+00 1.985697039303361000e-01
1.439999999999999947e+00 1.963148281462032685e-01
1.449999999999999956e+00 1.940931888345179268e-01
1.459999999999999964e+00 1.919041846481041313e-01
1.469999999999999973e+00 1.897472269415031720e-01
1.479999999999999982e+00 1.876217394744690292e-01
1.489999999999999991e+00 1.855271581224910149e-01
1.500000000000000000e+00 1.834629305942105382e-01
1.510000000000000009e+00 1.814285161555972969e-01
1.520000000000000018e+00 1.794233853607500040e-01
1.530000000000000027e+00 1.774470197891858947e-01
1.540000000000000036e+00 1.754989117894833195e-01
1.550000000000000044e+00 1.735785642291425290e-01
1.560000000000000053e+00 1.716854902505288993e-01
1.570000000000000062e+00 1.698192130327654259e-01
1.580000000000000071e+00 1.679792655594411765e-01
1.590000000000000080e+00 1.661651903920038087e-01
1.600000000000000089e+00 1.643765394487064491e-01
1.610000000000000098e+00 1.626128737889792619e-01
1.620000000000000107e+00 1.608737634030996955e-01
1.630000000000000115e+00 1.591587870070354793e-01
1.640000000000000124e+00 1.574675318423373604e-01
1.650000000000000133e+00 1.557995934809602856e-01
1.660000000000000142e+00 1.541545756348936813e-01
1.670000000000000151e+00 1.525320899704835365e-01
1.679999999999999938e+00 1.509317559273321563e-01
1.689999999999999947e+00 1.493532005416612074e-01
1.699999999999999956e+00 1.477960582740294182e-01
1.709999999999999964e+00 1.462599708412952448e-01
1.719999999999999973e+00 1.447445870527186429e-01
1.729999999999999982e+00 1.432495626500986385e-01
1.739999999999999991e+00 1.417745601518448084e-01
1.750000000000000000e+00 1.403192487008831091e-01
1.760000000000000009e+00 1.388833039162992999e-01
1.770000000000000018e+00 1.374664077486248692e-01
1.780000000000000027e+00 1.360682483386727870e-01
1.790000000000000036e+00 1.346885198798325189e-01
1.800000000000000044e+00 1.333269224837361211e-01
1.810000000000000053e+00 1.319831620492086521e-01
1.820000000000000062e+00 1.306569501344190809e-01
1.830000000000000071e+00 1.293480038321497827e-01
1.840000000000000080e+00 1.280560456481035503e-01
1.850000000000000089e+00 1.267808033821712643e-01
1.860000000000000098e+00 1.255220100125830629e-01
1.870000000000000107e+00 1.242794035828689581e-01
1.880000000000000115e+00 1.230527270915569710e-01
1.890000000000000124e+00 1.218417283845377452e-01
1.900000000000000133e+00 1.206461600500267212e-01
1.910000000000000142e+00 1.194657793160580350e-01
1.920000000000000151e+00 1.183003479504432381e-01
1.929999999999999938e+00 1.171496321631325943e-01
1.939999999999999947e+00 1.160134025109166717e-01
1.949999999999999956e+00 1.148914338044076805e-01
1.959999999999999964e+00 1.137835050172420759e-01
1.969999999999999973e+00 1.126893991974472903e-01
1.979999999999999982e+00 1.116089033809171821e-01
1.989999999999999991e+00 1.105418085069411332e-01
2.000000000000000000e+00 1.094879093357351424e-01
2.009999999999999787e+00 1.084470043679229556e-01
2.020000000000000018e+00 1.074188957659172328e-01
2.029999999999999805e+00 1.064033892771524131e-01
2.040000000000000036e+00 1.054002941591213327e-01
2.049999999999999822e+00 1.044094231061705041e-01
2.059999999999999609e+00 1.034305921780077214e-01
2.069999999999999840e+00 1.024636207298798701e-01
2.079999999999999627e+00 1.015083313443775337e-01
2.089999999999999858e+00 1.005645497648247205e-01
2.099999999999999645e+00 9.963210483021470165e-02
2.109999999999999876e+00 9.871082841165125521e-02
2.119999999999999662e+00 9.780055535025877766e-02
2.129999999999999893e+00 9.690112339652216800e-02
2.139999999999999680e+00 9.601237315102260916e-02
2.149999999999999911e+00 9.513414800653219316e-02
2.159999999999999698e+00 9.426629409143445770e-02
2.169999999999999929e+00 9.340866021443662570e-02
2.179999999999999716e+00 9.256109781054189245e-02
2.189999999999999947e+00 9.172346088824942512e-02
2.199999999999999734e+00 9.089560597795241781e-02
2.209999999999999964e+00 9.007739208150308818e-02
2.219999999999999751e+00 8.926868062291676287e-02
2.229999999999999982e+00 8.846933540018553366e-02
2.239999999999999769e+00 8.767922253817507505e-02
2.250000000000000000e+00 8.689821044257706184e-02
2.259999999999999787e+00 8.612616975489116589e-02
2.270000000000000018e+00 8.536297330841141617e-02
2.279999999999999805e+00 8.460849608519248333e-02
2.290000000000000036e+00 8.386261517397064491e-02
2.299999999999999822e+00 8.312520972901769889e-02
2.310000000000000053e+00 8.239616092990326157e-02
2.319999999999999840e+00 8.167535194214478600e-02
2.329999999999999627e+00 8.096266787872212489e-02
2.339999999999999858e+00 8.025799576243716760e-02
2.349999999999999645e+00 7.956122448909683231e-02
2.359999999999999876e+00 7.887224479149973488e-02
2.369999999999999662e+00 7.819094920420771588e-02
2.379999999999999893e+00 7.751723202908222810e-02
2.389999999999999680e+00 7.685098930156808450e-02
2.399999999999999911e+00 7.619211875770609543e-02
2.409999999999999698e+00 7.554051980185730319e-02
2.419999999999999929e+00 7.489609347512146686e-02
2.429999999999999716e+00 7.425874242443399054e-02
2.439999999999999947e+00 7.362837087232386446e-02
2.449999999999999734e+00 7.300488458731842212e-02
2.459999999999999964e+00 7.238819085497794070e-02
2.469999999999999751e+00 7.177819844954672068e-02
2.479999999999999982e+00 7.117481760620476827e-02
2.489999999999999769e+00 7.057795999390692465e-02
2.500000000000000000e+00 6.998753868879480089e-02
2.509999999999999787e+00 6.940346814816890364e-02
2.520000000000000018e+00 6.882566418500671301e-02
2.529999999999999805e+00 6.825404394301542998e-02
2.540000000000000036e+00 6.768852587220532124e-02
2.549999999999999822e+00 6.712902970497296173e-02
2.560000000000000053e+00 6.657547643268135751e-02
2.569999999999999840e+00 6.602778828272656830e-02
2.579999999999999627e+00 6.548588869607828433e-02
2.589999999999999858e+00 6.494970230528480937e-02
2.599999999999999645e+00 6.441915491293066787e-02
2.609999999999999876e+00 6.389417347053699681e-02
2.619999999999999662e+00 6.337468605789438325e-02
2.629999999999999893e+00 6.286062186281837771e-02
2.639999999999999680e+00 6.235191116131798272e-02
2.649999999999999911e+00 6.184848529816759644e-02
2.659999999999999698e+00 6.135027666787349482e-02
2.669999999999999929e+00 6.085721869602576245e-02
2.679999999999999716e+00 6.036924582102692893e-02
2.689999999999999947e+00 5.988629347618882465e-02
2.699999999999999734e+00 5.940829807218964836e-02
2.709999999999999964e+00 5.893519697988253148e-02
2.719999999999999751e+00 5.846692851344852115e-02
2.729999999999999982e+00 5.800343191388554476e-02
2.739999999999999769e+00 5.754464733282643046e-02
2.750000000000000000e+00 5.709051581667812930e-02
2.759999999999999787e+00 5.664097929107583806e-02
2.770000000000000018e+00 5.619598054564374501e-02
2.779999999999999805e+00 5.575546321905713171e-02
2.790000000000000036e+00 5.531937178439789993e-02
2.799999999999999822e+00 5.488765153479800707e-02
2.810000000000000053e+00 5.446024856936367009e-02
2.819999999999999840e+00 5.403710977937507126e-02
2.829999999999999627e+00 5.361818283475466157e-02
2.839999999999999858e+00 5.320341617079889229e-02
2.849999999999999645e+00 5.279275897516735178e-02
2.859999999999999876e+00 5.238616117512349263e-02
2.869999999999999662e+00 5.198357342502222395e-02
2.879999999999999893e+00 5.158494709403796397e-02
2.889999999999999680e+00 5.119023425412921185e-02
2.899999999999999911e+00 5.079938766823332424e-02
2.909999999999999698e+00 5.041236077868745807e-02
2.919999999999999929e+00 5.002910769587049639e-02
2.929999999999999716e+00 4.964958318706121781e-02
2.939999999999999947e+00 4.927374266550797743e-02
2.949999999999999734e+00 4.890154217970590217e-02
2.959999999999999964e+00 4.853293840287641048e-02
2.969999999999999751e+00 4.816788862264571175e-02
2.979999999999999982e+00 4.780635073091708820e-02
2.989999999999999769e+00 4.744828321393369797e-02
3.000000000000000000e+00 4.709364514252750017e-02
3.009999999999999787e+00 4.674239616255036062e-02
3.020000000000000018e+00 4.639449648548363281e-02
3.029999999999999805e+00 4.604990687922262682e-02
3.040000000000000036e+00 4.570858865903191376e-02
3.049999999999999822e+00 4.537050367866841960e-02
3.060000000000000053e+00 4.503561432166836714e-02
3.069999999999999840e+00 4.470388349279494355e-02
3.080000000000000071e+00 4.437527460964333509e-02
3.089999999999999858e+00 4.404975159439986770e-02
3.099999999999999645e+00 4.372727886575192291e-02
3.109999999999999876e+00 4.340782133094579082e-02
3.119999999999999662e+00 4.309134437798942119e-02
3.129999999999999893e+00 4.277781386799671404e-02
3.139999999999999680e+00 4.246719612767104607e-02
3.149999999999999911e+00 4.215945794192471618e-02
3.159999999999999698e+00 4.185456654663189530e-02
3.169999999999999929e+00 4.155248962151200653e-02
3.179999999999999716e+00 4.125319528314138479e-02
3.189999999999999947e+00 4.095665207809017633e-02
3.199999999999999734e+00 4.066282897618217484e-02
3.209999999999999964e+00 4.037169536387510971e-02
3.219999999999999751e+00 4.008322103775895789e-02
3.229999999999999982e+00 3.979737619816990646e-02
3.239999999999999769e+00 3.951413144291763407e-02
3.250000000000000000e+00 3.923345776112373978e-02
3.259999999999999787e+00 3.895532652716908462e-02
3.270000000000000018e+00 3.867970949474767300e-02
3.279999999999999805e+00 3.840657879102547800e-02
3.290000000000000036e+00 3.813590691090144869e-02
3.299999999999999822e+00 3.786766671136941598e-02
3.310000000000000053e+00 3.760183140597817691e-02
3.319999999999999840e+00 3.733837455938856381e-02
3.330000000000000071e+00 3.707727008202495178e-02
3.339999999999999858e+00 3.681849222481992090e-02
3.349999999999999645e+00 3.656201557404968605e-02
3.359999999999999876e+00 3.630781504625904543e-02
3.369999999999999662e+00 3.605586588327393954e-02
3.379999999999999893e+00 3.580614364729964999e-02
3.389999999999999680e+00 3.555862421610337526e-02
3.399999999999999911e+00 3.531328377827938625e-02
3.409999999999999698e+00 3.507009882859520034e-02
3.419999999999999929e+00 3.482904616341707393e-02
3.429999999999999716e+00 3.459010287621359231e-02
3.439999999999999947e+00 3.435324635313551783e-02
3.449999999999999734e+00 3.411845426867078646e-02
3.459999999999999964e+00 3.388570458137292463e-02
3.469999999999999751e+00 3.365497552966166539e-02
3.479999999999999982e+00 3.342624562769432039e-02
3.489999999999999769e+00 3.319949366130667961e-02
3.500000000000000000e+00 3.297469868402187060e-02
3.509999999999999787e+00 3.275184001312630988e-02
3.520000000000000018e+00 3.253089722581094245e-02
3.529999999999999805e+00 3.231185015537717947e-02
3.540000000000000036e+00 3.209467888750566072e-02
3.549999999999999822e+00 3.187936375658729365e-02
3.560000000000000053e+00 3.166588534211483424e-02
3.569999999999999840e+00 3.145422446513437831e-02
3.580000000000000071e+00 3.124436218475529561e-02
3.589999999999999858e+00 3.103627979471774989e-02
3.599999999999999645e+00 3.082995882001653837e-02
3.609999999999999876e+00 3.062538101358038695e-02
3.619999999999999662e+00 3.042252835300569488e-02
3.629999999999999893e+00 3.022138303734343834e-02
3.639999999999999680e+00 3.002192748393867072e-02
3.649999999999999911e+00 2.982414432532132231e-02
3.659999999999999698e+00 2.962801640614755663e-02
3.669999999999999929e+00 2.943352678019066707e-02
3.679999999999999716e+00 2.924065870738066023e-02
3.689999999999999947e+00 2.904939565089156156e-02
3.699999999999999734e+00 2.885972127427577361e-02
3.709999999999999964e+00 2.867161943864431767e-02
3.719999999999999751e+00 2.848507419989251832e-02
3.729999999999999982e+00 2.830006980596988519e-02
3.739999999999999769e+00 2.811659069419384510e-02
3.750000000000000000e+00 2.793462148860609978e-02
3.759999999999999787e+00 2.775414699737131438e-02
3.770000000000000018e+00 2.757515221021678009e-02
3.779999999999999805e+00 2.739762229591304055e-02
3.790000000000000036e+00 2.722154259979404911e-02
3.799999999999999822e+00 2.704689864131677030e-02
3.810000000000000053e+00 2.687367611165892081e-02
3.819999999999999840e+00 2.670186087135486760e-02
3.830000000000000071e+00 2.653143894796824304e-02
3.839999999999999858e+00 2.636239653380136050e-02
3.849999999999999645e+00 2.619471998364019186e-02
3.859999999999999876e+00 2.602839581253469162e-02
3.869999999999999662e+00 2.586341069361359352e-02
3.879999999999999893e+00 2.569975145593324239e-02
3.889999999999999680e+00 2.553740508235977091e-02
3.899999999999999911e+00 2.537635870748403133e-02
3.909999999999999698e+00 2.521659961556881047e-02
3.919999999999999929e+00 2.505811523852766176e-02
3.929999999999999716e+00 2.490089315393487907e-02
3.939999999999999947e+00 2.474492108306601892e-02
3.949999999999999734e+00 2.459018688896851337e-02
3.959999999999999964e+00 2.443667857456170711e-02
3.969999999999999751e+00 2.428438428076611436e-02
3.979999999999999982e+00 2.413329228466092394e-02
3.989999999999999769e+00 2.398339099766984978e-02
4.000000000000000000e+00 2.383466896377431365e-02
4.009999999999999787e+00 2.368711485775372438e-02
4.019999999999999574e+00 2.354071748345257231e-02
4.030000000000000249e+00 2.339546577207344755e-02
4.040000000000000036e+00 2.325134878049600964e-02
4.049999999999999822e+00 2.310835568962104833e-02
4.059999999999999609e+00 2.296647580273959710e-02
4.070000000000000284e+00 2.282569854392631908e-02
4.080000000000000071e+00 2.268601345645713738e-02
4.089999999999999858e+00 2.254741020125023560e-02
4.099999999999999645e+00 2.240987855533053269e-02
4.109999999999999432e+00 2.227340841031685836e-02
4.120000000000000107e+00 2.213798977093163478e-02
4.129999999999999893e+00 2.200361275353271417e-02
4.139999999999999680e+00 2.187026758466676865e-02
4.149999999999999467e+00 2.173794459964421139e-02
4.160000000000000142e+00 2.160663424113507328e-02
4.169999999999999929e+00 2.147632705778549853e-02
4.179999999999999716e+00 2.134701370285457464e-02
4.189999999999999503e+00 2.121868493287115687e-02
4.200000000000000178e+00 2.109133160631036438e-02
4.209999999999999964e+00 2.096494468228940131e-02
4.219999999999999751e+00 2.083951521928227926e-02
4.229999999999999538e+00 2.071503437385346577e-02
4.240000000000000213e+00 2.059149339940968132e-02
4.250000000000000000e+00 2.046888364497003593e-02
4.259999999999999787e+00 2.034719655395371071e-02
4.269999999999999574e+00 2.022642366298538566e-02
4.280000000000000249e+00 2.010655660071773709e-02
4.290000000000000036e+00 1.998758708667097012e-02
4.299999999999999822e+00 1.986950693008898358e-02
4.309999999999999609e+00 1.975230802881193515e-02
4.320000000000000284e+00 1.963598236816498782e-02
4.330000000000000071e+00 1.952052201986294311e-02
4.339999999999999858e+00 1.940591914093039994e-02
4.349999999999999645e+00 1.929216597263744629e-02
4.360000000000000320e+00 1.917925483945031456e-02
4.370000000000000107e+00 1.906717814799711863e-02
4.379999999999999893e+00 1.895592838604802724e-02
4.389999999999999680e+00 1.884549812151004033e-02
4.399999999999999467e+00 1.873588000143583746e-02
4.410000000000000142e+00 1.862706675104663229e-02
4.419999999999999929e+00 1.851905117276884949e-02
4.429999999999999716e+00 1.841182614528411379e-02
4.439999999999999503e+00 1.830538462259282198e-02
4.450000000000000178e+00 1.819971963309057611e-02
4.459999999999999964e+00 1.809482427865772777e-02
4.469999999999999751e+00 1.799069173376142972e-02
4.479999999999999538e+00 1.788731524457033706e-02
4.490000000000000213e+00 1.778468812808145505e-02
4.500000000000000000e+00 1.768280377125931030e-02
4.509999999999999787e+00 1.758165563018680017e-02
4.519999999999999574e+00 1.748123722922795970e-02
4.530000000000000249e+00 1.738154216020217774e-02
4.540000000000000036e+00 1.728256408156989346e-02
4.549999999999999822e+00 1.718429671762931876e-02
4.559999999999999609e+00 1.708673385772441211e-02
4.570000000000000284e+00 1.698986935546348970e-02
4.580000000000000071e+00 1.689369712794866821e-02
4.589999999999999858e+00 1.679821115501580961e-02
4.599999999999999645e+00 1.670340547848475285e-02
4.610000000000000320e+00 1.660927420141982552e-02
4.620000000000000107e+00 1.651581148740042040e-02
4.629999999999999893e+00 1.642301155980136970e-02
4.639999999999999680e+00 1.633086870108315172e-02
4.649999999999999467e+00 1.623937725209167321e-02
4.660000000000000142e+00 1.614853161136745041e-02
4.669999999999999929e+00 1.605832623446423746e-02
4.679999999999999716e+00 1.596875563327658509e-02
4.689999999999999503e+00 1.587981437537668711e-02
4.700000000000000178e+00 1.579149708335992122e-02
4.709999999999999964e+00 1.570379843419929256e-02
4.719999999999999751e+00 1.561671315860836164e-02
4.729999999999999538e+00 1.553023604041280439e-02
4.740000000000000213e+00 1.544436191593024504e-02
4.750000000000000000e+00 1.535908567335838443e-02
4.759999999999999787e+00 1.527440225217124165e-02
4.769999999999999574e+00 1.519030664252336849e-02
4.780000000000000249e+00 1.510679388466196552e-02
4.790000000000000036e+00 1.502385906834681657e-02
4.799999999999999822e+00 1.494149733227773981e-02
4.809999999999999609e+00 1.485970386352971837e-02
4.820000000000000284e+00 1.477847389699534462e-02
4.830000000000000071e+00 1.469780271483467175e-02
4.839999999999999858e+00 1.461768564593218800e-02
4.849999999999999645e+00 1.453811806536095541e-02
4.860000000000000320e+00 1.445909539385369959e-02
4.870000000000000107e+00 1.438061309728086608e-02
4.879999999999999893e+00 1.430266668613535026e-02
4.889999999999999680e+00 1.422525171502404297e-02
4.899999999999999467e+00 1.414836378216590036e-02
4.910000000000000142e+00 1.407199852889653470e-02
4.919999999999999929e+00 1.399615163917924780e-02
4.929999999999999716e+00 1.392081883912227661e-02
4.939999999999999503e+00 1.384599589650238084e-02
4.950000000000000178e+00 1.377167862029448318e-02
4.959999999999999964e+00 1.369786286020738958e-02
4.969999999999999751e+00 1.362454450622543889e-02
4.979999999999999538e+00 1.355171948815602455e-02
4.990000000000000213e+00 1.347938377518295185e-02
5.000000000000000000e+00 1.340753337542544346e-02
5.009999999999999787e+00 1.333616433550273601e-02
5.019999999999999574e+00 1.326527274010434222e-02
5.030000000000000249e+00 1.319485471156562131e-02
5.040000000000000036e+00 1.312490640944888667e-02
5.049999999999999822e+00 1.305542403012963613e-02
5.059999999999999609e+00 1.298640380638822235e-02
5.070000000000000284e+00 1.291784200700648970e-02
5.080000000000000071e+00 1.284973493636964829e-02
5.089999999999999858e+00 1.278207893407305729e-02
5.099999999999999645e+00 1.271487037453397813e-02
5.110000000000000320e+00 1.264810566660821457e-02
5.120000000000000107e+00 1.258178125321158213e-02
5.129999999999999893e+00 1.251589361094602136e-02
5.139999999999999680e+00 1.245043924973046438e-02
5.149999999999999467e+00 1.238541471243628615e-02
5.160000000000000142e+00 1.232081657452725743e-02
5.169999999999999929e+00 1.225664144370403920e-02
5.179999999999999716e+00 1.219288595955302264e-02
5.189999999999999503e+00 1.212954679319954397e-02
5.200000000000000178e+00 1.206662064696543794e-02
5.209999999999999964e+00 1.200410425403074764e-02
5.219999999999999751e+00 1.194199437809965493e-02
5.229999999999999538e+00 1.188028781307050134e-02
5.240000000000000213e+00 1.181898138270989426e-02
5.250000000000000000e+00 1.175807194033078734e-02
5.259999999999999787e+00 1.169755636847453519e-02
5.269999999999999574e+00 1.163743157859679737e-02
5.280000000000000249e+00 1.157769451075734563e-02
5.290000000000000036e+00 1.151834213331359713e-02
5.299999999999999822e+00 1.145937144261792613e-02
5.309999999999999609e+00 1.140077946271862361e-02
5.320000000000000284e+00 1.134256324506450336e-02
5.330000000000000071e+00 1.128471986821313715e-02
5.339999999999999858e+00 1.122724643754251413e-02
5.349999999999999645e+00 1.117014008496632765e-02
5.360000000000000320e+00 1.111339796865258404e-02
5.370000000000000107e+00 1.105701727274567558e-02
5.379999999999999893e+00 1.100099520709175473e-02
5.389999999999999680e+00 1.094532900696746844e-02
5.399999999999999467e+00 1.089001593281186189e-02
5.410000000000000142e+00 1.083505326996157987e-02
5.419999999999999929e+00 1.078043832838921495e-02
5.429999999999999716e+00 1.072616844244474003e-02
5.439999999999999503e+00 1.067224097060008592e-02
5.450000000000000178e+00 1.061865329519671997e-02
5.459999999999999964e+00 1.056540282219628306e-02
5.469999999999999751e+00 1.051248698093408714e-02
5.479999999999999538e+00 1.045990322387567451e-02
5.490000000000000213e+00 1.040764902637614231e-02
5.500000000000000000e+00 1.035572188644237439e-02
5.509999999999999787e+00 1.030411932449809033e-02
5.519999999999999574e+00 1.025283888315159896e-02
5.530000000000000249e+00 1.020187812696637941e-02
5.540000000000000036e+00 1.015123464223430423e-02
5.549999999999999822e+00 1.010090603675151133e-02
5.559999999999999609e+00 1.005088993959697523e-02
5.570000000000000284e+00 1.000118400091357627e-02
5.580000000000000071e+00 9.951785891691813588e-03
5.589999999999999858e+00 9.902693303556007326e-03
5.599999999999999645e+00 9.853903948552985084e-03
5.610000000000000320e+00 9.805415558943219451e-03
5.620000000000000107e+00 9.757225886994493058e-03
5.629999999999999893e+00 9.709332704777773673e-03
5.639999999999999680e+00 9.661733803965641063e-03
5.649999999999999467e+00 9.614426995632951653e-03
5.660000000000000142e+00 9.567410110059801701e-03
5.669999999999999929e+00 9.520680996536811519e-03
5.679999999999999716e+00 9.474237523172637093e-03
5.689999999999999503e+00 9.428077576703662241e-03
5.700000000000000178e+00 9.382199062305932036e-03
5.709999999999999964e+00 9.336599903409221676e-03
5.719999999999999751e+00 9.291278041513225186e-03
5.729999999999999538e+00 9.246231436005850068e-03
5.740000000000000213e+00 9.201458063983624855e-03
5.750000000000000000e+00 9.156955920074122401e-03
5.759999999999999787e+00 9.112723016260376382e-03
5.769999999999999574e+00 9.068757381707393331e-03
5.780000000000000249e+00 9.025057062590519097e-03
5.790000000000000036e+00 8.981620121925867894e-03
5.799999999999999822e+00 8.938444639402578010e-03
5.809999999999999609e+00 8.895528711217013870e-03
5.820000000000000284e+00 8.852870449908819064e-03
5.830000000000000071e+00 8.810467984198891434e-03
5.839999999999999858e+00 8.768319458829052990e-03
5.849999999999999645e+00 8.726423034403631498e-03
5.860000000000000320e+00 8.684776887232820153e-03
5.870000000000000107e+00 8.643379209177700848e-03
5.879999999999999893e+00 8.602228207497127077e-03
5.889999999999999680e+00 8.561322104696234003e-03
5.899999999999999467e+00 8.520659138376669370e-03
5.910000000000000142e+00 8.480237561088505363e-03
5.919999999999999929e+00 8.440055640183807134e-03
5.929999999999999716e+00 8.400111657671793797e-03
5.939999999999999503e+00 8.360403910075642209e-03
5.950000000000000178e+00 8.320930708290884964e-03
5.959999999999999964e+00 8.281690377445348819e-03
5.969999999999999751e+00 8.242681256760663044e-03
5.979999999999999538e+00 8.203901699415320353e-03
5.990000000000000213e+00 8.165350072409170712e-03
6.000000000000000000e+00 8.127024756429542321e-03
6.009999999999999787e+00 8.088924145718705272e-03
6.019999999999999574e+00 8.051046647942854823e-03
6.030000000000000249e+00 8.013390684062532757e-03
6.040000000000000036e+00 7.975954688204478157e-03
6.049999999999999822e+00 7.938737107534820855e-03
6.059999999999999609e+00 7.901736402133780618e-03
6.070000000000000284e+00 7.864951044871580643e-03
6.080000000000000071e+00 7.828379521285872000e-03
6.089999999999999858e+00 7.792020329460352425e-03
6.099999999999999645e+00 7.755871979904809324e-03
6.110000000000000320e+00 7.719932995436429128e-03
6.120000000000000107e+00 7.684201911062367787e-03
6.129999999999999893e+00 7.648677273863664812e-03
6.139999999999999680e+00 7.613357642880302228e-03
6.150000000000000355e+00 7.578241588997623561e-03
6.160000000000000142e+00 7.543327694833926352e-03
6.169999999999999929e+00 7.508614554629238630e-03
6.179999999999999716e+00 7.474100774135325302e-03
6.189999999999999503e+00 7.439784970506911448e-03
6.200000000000000178e+00 7.405665772193972471e-03
6.209999999999999964e+00 7.371741818835302745e-03
6.219999999999999751e+00 7.338011761153127692e-03
6.229999999999999538e+00 7.304474260848880726e-03
6.240000000000000213e+00 7.271127990500106039e-03
6.250000000000000000e+00 7.237971633458419561e-03
6.259999999999999787e+00 7.205003883748624383e-03
6.269999999999999574e+00 7.172223445968814969e-03
6.280000000000000249e+00 7.139629035191602871e-03
6.290000000000000036e+00 7.107219376866395419e-03
6.299999999999999822e+00 7.074993206722657996e-03
6.309999999999999609e+00 7.042949270674231897e-03
6.320000000000000284e+00 7.011086324724693890e-03
6.330000000000000071e+00 6.979403134873637775e-03
6.339999999999999858e+00 6.947898477024041022e-03
6.349999999999999645e+00 6.916571136890494430e-03
6.360000000000000320e+00 6.885419909908515115e-03
6.370000000000000107e+00 6.854443601144712996e-03
6.379999999999999893e+00 6.823641025207978147e-03
6.389999999999999680e+00 6.793011006161521655e-03
6.400000000000000355e+00 6.762552377435902644e-03
6.410000000000000142e+00 6.732263981742937428e-03
6.419999999999999929e+00 6.702144670990478614e-03
6.429999999999999716e+00 6.672193306198170859e-03
6.439999999999999503e+00 6.642408757413936077e-03
6.450000000000000178e+00 6.612789903631509023e-03
6.459999999999999964e+00 6.583335632708665029e-03
6.469999999999999751e+00 6.554044841286400108e-03
6.479999999999999538e+00 6.524916434708896880e-03
6.490000000000000213e+00 6.495949326944337049e-03
6.500000000000000000e+00 6.467142440506550884e-03
6.509999999999999787e+00 6.438494706377415229e-03
6.519999999999999574e+00 6.410005063930124952e-03
6.530000000000000249e+00 6.381672460853180830e-03
6.540000000000000036e+00 6.353495853075257806e-03
6.549999999999999822e+00 6.325474204690701222e-03
6.559999999999999609e+00 6.297606487885943315e-03
6.570000000000000284e+00 6.269891682866545086e-03
6.580000000000000071e+00 6.242328777785076908e-03
6.589999999999999858e+00 6.214916768669674803e-03
6.599999999999999645e+00 6.187654659353342655e-03
6.610000000000000320e+00 6.160541461403998623e-03
6.620000000000000107e+00 6.133576194055205023e-03
6.629999999999999893e+00 6.106757884137611198e-03
6.639999999999999680e+00 6.080085566011086788e-03
6.650000000000000355e+00 6.053558281497554983e-03
6.660000000000000142e+00 6.027175079814519644e-03
6.669999999999999929e+00 6.000935017509196126e-03
6.679999999999999716e+00 5.974837158393408836e-03
6.689999999999999503e+00 5.948880573479055182e-03
6.700000000000000178e+00 5.923064340914285970e-03
6.709999999999999964e+00 5.897387545920279063e-03
6.719999999999999751e+00 5.871849280728673112e-03
6.729999999999999538e+00 5.846448644519640532e-03
6.740000000000000213e+00 5.821184743360538136e-03
6.750000000000000000e+00 5.796056690145240387e-03
6.759999999999999787e+00 5.771063604533995667e-03
6.769999999999999574e+00 5.746204612893956488e-03
6.780000000000000249e+00 5.721478848240276090e-03
6.790000000000000036e+00 5.696885450177771419e-03
6.799999999999999822e+00 5.672423564843183733e-03
6.809999999999999609e+00 5.648092344848056751e-03
6.820000000000000284e+00 5.623890949222072784e-03
6.830000000000000071e+00 5.599818543357078411e-03
6.839999999999999858e+00 5.575874298951581133e-03
6.849999999999999645e+00 5.552057393955804609e-03
6.860000000000000320e+00 5.528367012517323292e-03
6.870000000000000107e+00 5.504802344927216609e-03
6.879999999999999893e+00 5.481362587566710604e-03
6.889999999999999680e+00 5.458046942854428464e-03
6.900000000000000355e+00 5.434854619194078203e-03
6.910000000000000142e+00 5.411784830922726670e-03
6.919999999999999929e+00 5.388836798259507253e-03
6.929999999999999716e+00 5.366009747254900895e-03
6.939999999999999503e+00 5.343302909740455138e-03
6.950000000000000178e+00 5.320715523279030516e-03
6.959999999999999964e+00 5.298246831115539617e-03
6.969999999999999751e+00 5.275896082128113743e-03
6.979999999999999538e+00 5.253662530779816021e-03
6.990000000000000213e+00 5.231545437070769973e-03
7.000000000000000000e+00 5.209544066490779876e-03
7.009999999999999787e+00 5.187657689972396957e-03
7.019999999999999574e+00 5.165885583844466097e-03
7.030000000000000249e+00 5.144227029786077598e-03
7.040000000000000036e+00 5.122681314781015079e-03
7.049999999999999822e+00 5.101247731072611029e-03
7.059999999999999609e+00 5.079925576119044724e-03
7.070000000000000284e+00 5.058714152549068609e-03
7.080000000000000071e+00 5.037612768118180512e-03
7.089999999999999858e+00 5.016620735665186168e-03
7.099999999999999645e+00 4.995737373069208433e-03
7.110000000000000320e+00 4.974962003207078140e-03
7.120000000000000107e+00 4.954293953911174248e-03
7.129999999999999893e+00 4.933732557927631747e-03
7.139999999999999680e+00 4.913277152874951162e-03
7.150000000000000355e+00 4.892927081203030451e-03
7.160000000000000142e+00 4.872681690152562070e-03
7.169999999999999929e+00 4.852540331714849837e-03
7.179999999999999716e+00 4.832502362591929376e-03
7.189999999999999503e+00 4.812567144157180350e-03
7.200000000000000178e+00 4.792734042416227531e-03
7.209999999999999964e+00 4.773002427968241722e-03
7.219999999999999751e+00 4.753371675967612772e-03
7.229999999999999538e+00 4.733841166085968680e-03
7.240000000000000213e+00 4.714410282474573721e-03
7.250000000000000000e+00 4.695078413727070063e-03
7.259999999999999787e+00 4.675844952842562845e-03
7.269999999999999574e+00 4.656709297189067821e-03
7.280000000000000249e+00 4.637670848467300745e-03
7.290000000000000036e+00 4.618729012674802417e-03
7.299999999999999822e+00 4.599883200070399407e-03
7.309999999999999609e+00 4.581132825138995238e-03
7.320000000000000284e+00 4.562477306556709383e-03
7.330000000000000071e+00 4.543916067156312903e-03
7.339999999999999858e+00 4.525448533893023165e-03
7.349999999999999645e+00 4.507074137810590866e-03
7.360000000000000320e+00 4.488792314007695843e-03
7.370000000000000107e+00 4.470602501604698485e-03
7.379999999999999893e+00 4.452504143710644437e-03
7.389999999999999680e+00 4.434496687390630972e-03
7.400000000000000355e+00 4.416579583633428382e-03
7.410000000000000142e+00 4.398752287319442240e-03
7.419999999999999929e+00 4.381014257188934127e-03
7.429999999999999716e+00 4.363364955810563293e-03
7.439999999999999503e+00 4.345803849550221483e-03
7.450000000000000178e+00 4.328330408540121896e-03
7.459999999999999964e+00 4.310944106648229024e-03
7.469999999999999751e+00 4.293644421447900990e-03
7.479999999999999538e+00 4.276430834187884902e-03
7.490000000000000213e+00 4.259302829762502164e-03
7.500000000000000000e+00 4.242259896682223225e-03
7.509999999999999787e+00 4.225301527044375040e-03
7.519999999999999574e+00 4.208427216504238844e-03
7.530000000000000249e+00 4.191636464246323128e-03
7.540000000000000036e+00 4.174928772955973158e-03
7.549999999999999822e+00 4.158303648791175644e-03
7.559999999999999609e+00 4.141760601354650510e-03
7.570000000000000284e+00 4.125299143666203740e-03
7.580000000000000071e+00 4.108918792135322212e-03
7.589999999999999858e+00 4.092619066534005333e-03
7.599999999999999645e+00 4.076399489969874217e-03
7.610000000000000320e+00 4.060259588859477763e-03
7.620000000000000107e+00 4.044198892901917052e-03
7.629999999999999893e+00 4.028216935052603316e-03
7.639999999999999680e+00 4.012313251497350713e-03
7.650000000000000355e+00 3.996487381626644304e-03
7.660000000000000142e+00 3.980738868010171710e-03
7.669999999999999929e+00 3.965067256371562071e-03
7.679999999999999716e+00 3.949472095563351381e-03
7.689999999999999503e+00 3.933952937542207172e-03
7.700000000000000178e+00 3.918509337344334466e-03
7.709999999999999964e+00 3.903140853061123731e-03
7.719999999999999751e+00 3.887847045815012205e-03
7.729999999999999538e+00 3.872627479735559018e-03
7.740000000000000213e+00 3.857481721935740633e-03
7.750000000000000000e+00 3.842409342488467463e-03
7.759999999999999787e+00 3.827409914403263544e-03
7.769999999999999574e+00 3.812483013603220738e-03
7.780000000000000249e+00 3.797628218902106452e-03
7.790000000000000036e+00 3.782845111981708586e-03
7.799999999999999822e+00 3.768133277369346574e-03
7.809999999999999609e+00 3.753492302415622258e-03
7.820000000000000284e+00 3.738921777272331652e-03
7.830000000000000071e+00 3.724421294870603090e-03
7.839999999999999858e+00 3.709990450899211447e-03
7.849999999999999645e+00 3.695628843783066702e-03
7.860000000000000320e+00 3.681336074661943191e-03
7.870000000000000107e+00 3.667111747369357615e-03
7.879999999999999893e+00 3.652955468411618785e-03
7.889999999999999680e+00 3.638866846947124561e-03
7.900000000000000355e+00 3.624845494765758548e-03
7.910000000000000142e+00 3.610891026268540915e-03
7.919999999999999929e+00 3.597003058447415403e-03
7.929999999999999716e+00 3.583181210865226708e-03
7.940000000000000391e+00 3.569425105635865708e-03
7.950000000000000178e+00 3.555734367404600731e-03
7.959999999999999964e+00 3.542108623328578832e-03
7.969999999999999751e+00 3.528547503057473216e-03
7.979999999999999538e+00 3.515050638714346636e-03
7.990000000000000213e+00 3.501617664876621478e-03
8.000000000000000000e+00 3.488248218557277961e-03
8.009999999999999787e+00 3.474941939186157718e-03
8.019999999999999574e+00 3.461698468591482922e-03
8.029999999999999361e+00 3.448517450981490335e-03
8.039999999999999147e+00 3.435398532926253572e-03
8.050000000000000711e+00 3.422341363339641111e-03
8.060000000000000497e+00 3.409345593461472930e-03
8.070000000000000284e+00 3.396410876839761703e-03
8.080000000000000071e+00 3.383536869313166079e-03
8.089999999999999858e+00 3.370723228993577087e-03
8.099999999999999645e+00 3.357969616248850271e-03
8.109999999999999432e+00 3.345275693685686134e-03
8.119999999999999218e+00 3.332641126132658040e-03
8.130000000000000782e+00 3.320065580623395799e-03
8.140000000000000568e+00 3.307548726379899804e-03
8.150000000000000355e+00 3.295090234796010410e-03
8.160000000000000142e+00 3.282689779421005261e-03
8.169999999999999929e+00 3.270347035943344059e-03
8.179999999999999716e+00 3.258061682174555156e-03
8.189999999999999503e+00 3.245833398033266121e-03
8.199999999999999289e+00 3.233661865529338826e-03
8.209999999999999076e+00 3.221546768748181043e-03
8.220000000000000639e+00 3.209487793835163420e-03
8.230000000000000426e+00 3.197484628980183912e-03
8.240000000000000213e+00 3.185536964402342804e-03
8.250000000000000000e+00 3.173644492334779486e-03
8.259999999999999787e+00 3.161806907009604220e-03
8.269999999999999574e+00 3.150023904642995122e-03
8.279999999999999361e+00 3.138295183420363680e-03
8.289999999999999147e+00 3.126620443481723226e-03
8.300000000000000711e+00 3.114999386907096879e-03
8.310000000000000497e+00 3.103431717702134079e-03
8.320000000000000284e+00 3.091917141783759228e-03
8.330000000000000071e+00 3.080455366966024580e-03
8.339999999999999858e+00 3.069046102946014747e-03
8.349999999999999645e+00 3.057689061289923377e-03
8.359999999999999432e+00 3.046383955419197914e-03
8.369999999999999218e+00 3.035130500596843091e-03
8.380000000000000782e+00 3.023928413913808556e-03
8.390000000000000568e+00 3.012777414275511802e-03
8.400000000000000355e+00 3.001677222388450441e-03
8.410000000000000142e+00 2.990627560746952386e-03
8.419999999999999929e+00 2.979628153620015370e-03
8.429999999999999716e+00 2.968678727038265297e-03
8.439999999999999503e+00 2.957779008781036018e-03
8.449999999999999289e+00 2.946928728363516770e-03
8.459999999999999076e+00 2.936127617024050090e-03
8.470000000000000639e+00 2.925375407711514313e-03
8.480000000000000426e+00 2.914671835072815773e-03
8.490000000000000213e+00 2.904016635440475561e-03
8.500000000000000000e+00 2.893409546820327298e-03
8.509999999999999787e+00 2.882850308879316825e-03
8.519999999999999574e+00 2.872338662933402505e-03
8.529999999999999361e+00 2.861874351935553978e-03
8.539999999999999147e+00 2.851457120463834604e-03
8.550000000000000711e+00 2.841086714709622259e-03
8.560000000000000497e+00 2.830762882465884776e-03
8.570000000000000284e+00 2.820485373115560329e-03
8.580000000000000071e+00 2.810253937620070530e-03
8.589999999999999858e+00 2.800068328507864315e-03
8.599999999999999645e+00 2.789928299863111451e-03
8.609999999999999432e+00 2.779833607314456754e-03
8.619999999999999218e+00 2.769784008023886638e-03
8.630000000000000782e+00 2.759779260675656373e-03
8.640000000000000568e+00 2.749819125465359591e-03
8.650000000000000355e+00 2.739903364089020348e-03
8.660000000000000142e+00 2.730031739732326126e-03
8.669999999999999929e+00 2.720204017059928928e-03
8.679999999999999716e+00 2.710419962204838745e-03
8.689999999999999503e+00 2.700679342757886844e-03
8.699999999999999289e+00 2.690981927757304850e-03
8.710000000000000853e+00 2.681327487678344165e-03
8.720000000000000639e+00 2.671715794423044996e-03
8.730000000000000426e+00 2.662146621310005831e-03
8.740000000000000213e+00 2.652619743064316832e-03
8.750000000000000000e+00 2.643134935807500609e-03
8.759999999999999787e+00 2.633691977047603050e-03
8.769999999999999574e+00 2.624290645669302355e-03
8.779999999999999361e+00 2.614930721924152955e-03
8.789999999999999147e+00 2.605611987420858051e-03
8.800000000000000711e+00 2.596334225115649267e-03
8.810000000000000497e+00 2.587097219302755217e-03
8.820000000000000284e+00 2.577900755604898685e-03
8.830000000000000071e+00 2.568744620963924787e-03
8.839999999999999858e+00 2.559628603631468585e-03
8.849999999999999645e+00 2.550552493159702512e-03
8.859999999999999432e+00 2.541516080392179199e-03
8.869999999999999218e+00 2.532519157454722440e-03
8.880000000000000782e+00 2.523561517746390152e-03
8.890000000000000568e+00 2.514642955930541848e-03
8.900000000000000355e+00 2.505763267925932136e-03
8.910000000000000142e+00 2.496922250897908729e-03
8.919999999999999929e+00 2.488119703249669010e-03
8.929999999999999716e+00 2.479355424613576431e-03
8.939999999999999503e+00 2.470629215842567571e-03
8.949999999999999289e+00 2.461940879001610783e-03
8.960000000000000853e+00 2.453290217359227737e-03
8.970000000000000639e+00 2.444677035379102560e-03
8.980000000000000426e+00 2.436101138711738688e-03
8.990000000000000213e+00 2.427562334186188133e-03
9.000000000000000000e+00 2.419060429801852749e-03
9.009999999999999787e+00 2.410595234720338403e-03
9.019999999999999574e+00 2.402166559257368130e-03
9.029999999999999361e+00 2.393774214874790258e-03
9.039999999999999147e+00 2.385418014172613864e-03
9.050000000000000711e+00 2.377097770881122715e-03
9.060000000000000497e+00 2.368813299853049070e-03
9.070000000000000284e+00 2.360564417055809050e-03
9.080000000000000071e+00 2.352350939563806111e-03
9.089999999999999858e+00 2.344172685550771802e-03
9.099999999999999645e+00 2.336029474282195432e-03
9.109999999999999432e+00 2.327921126107791901e-03
9.119999999999999218e+00 2.319847462454039354e-03
9.130000000000000782e+00 2.311808305816768876e-03
9.140000000000000568e+00 2.303803479753811431e-03
9.150000000000000355e+00 2.295832808877710726e-03
9.160000000000000142e+00 2.287896118848479869e-03
9.169999999999999929e+00 2.279993236366427423e-03
9.179999999999999716e+00 2.272123989165024654e-03
9.189999999999999503e+00 2.264288206003843475e-03
9.199999999999999289e+00 2.256485716661536019e-03
9.210000000000000853e+00 2.248716351928879264e-03
9.220000000000000639e+00 2.240979943601859557e-03
9.230000000000000426e+00 2.233276324474831303e-03
9.240000000000000213e+00 2.225605328333703399e-03
9.250000000000000000e+00 2.217966789949194634e-03
9.259999999999999787e+00 2.210360545070145025e-03
9.269999999999999574e+00 2.202786430416862288e-03
9.279999999999999361e+00 2.195244283674523816e-03
9.289999999999999147e+00 2.187733943486651084e-03
9.300000000000000711e+00 2.180255249448594460e-03
9.310000000000000497e+00 2.172808042101107787e-03
9.320000000000000284e+00 2.165392162923943358e-03
9.330000000000000071e+00 2.158007454329510626e-03
9.339999999999999858e+00 2.150653759656578727e-03
9.349999999999999645e+00 2.143330923164026708e-03
9.359999999999999432e+00 2.136038790024646222e-03
9.369999999999999218e+00 2.128777206318987602e-03
9.380000000000000782e+00 2.121546019029241486e-03
9.390000000000000568e+00 2.114345076033199381e-03
9.400000000000000355e+00 2.107174226098219860e-03
9.410000000000000142e+00 2.100033318875268919e-03
9.419999999999999929e+00 2.092922204892997632e-03
9.429999999999999716e+00 2.085840735551856232e-03
9.439999999999999503e+00 2.078788763118271515e-03
9.449999999999999289e+00 2.071766140718841586e-03
9.460000000000000853e+00 2.064772722334604765e-03
9.470000000000000639e+00 2.057808362795332351e-03
9.480000000000000426e+00 2.050872917773859105e-03
9.490000000000000213e+00 2.043966243780482271e-03
9.500000000000000000e+00 2.037088198157371421e-03
9.509999999999999787e+00 2.030238639073050303e-03
9.519999999999999574e+00 2.023417425516891698e-03
9.529999999999999361e+00 2.016624417293676891e-03
9.539999999999999147e+00 2.009859475018186802e-03
9.550000000000000711e+00 2.003122460109824348e-03
9.560000000000000497e+00 1.996413234787296643e-03
9.570000000000000284e+00 1.989731662063321492e-03
9.580000000000000071e+00 1.983077605739382021e-03
9.589999999999999858e+00 1.976450930400506460e-03
9.599999999999999645e+00 1.969851501410112109e-03
9.609999999999999432e+00 1.963279184904868826e-03
9.619999999999999218e+00 1.956733847789596768e-03
9.630000000000000782e+00 1.950215357732218782e-03
9.640000000000000568e+00 1.943723583158742281e-03
9.650000000000000355e+00 1.937258393248271048e-03
9.660000000000000142e+00 1.930819657928072334e-03
9.669999999999999929e+00 1.924407247868656530e-03
9.679999999999999716e+00 1.918021034478916038e-03
9.689999999999999503e+00 1.911660889901288865e-03
9.699999999999999289e+00 1.905326687006953434e-03
9.710000000000000853e+00 1.899018299391071109e-03
9.720000000000000639e+00 1.892735601368058856e-03
9.730000000000000426e+00 1.886478467966890525e-03
9.740000000000000213e+00 1.880246774926436302e-03
9.750000000000000000e+00 1.874040398690848559e-03
9.759999999999999787e+00 1.867859216404961584e-03
9.769999999999999574e+00 1.861703105909739238e-03
9.779999999999999361e+00 1.855571945737747750e-03
9.789999999999999147e+00 1.849465615108672120e-03
9.800000000000000711e+00 1.843383993924849413e-03
9.810000000000000497e+00 1.837326962766859745e-03
9.820000000000000284e+00 1.831294402889114886e-03
9.830000000000000071e+00 1.825286196215513204e-03
9.839999999999999858e+00 1.819302225335103947e-03
9.849999999999999645e+00 1.813342373497795314e-03
9.859999999999999432e+00 1.807406524610090078e-03
9.869999999999999218e+00 1.801494563230842663e-03
9.880000000000000782e+00 1.795606374567065887e-03
9.890000000000000568e+00 1.789741844469756567e-03
9.900000000000000355e+00 1.783900859429749311e-03
9.910000000000000142e+00 1.778083306573609128e-03
9.919999999999999929e+00 1.772289073659544852e-03
9.929999999999999716e+00 1.766518049073360517e-03
9.939999999999999503e+00 1.760770121824431229e-03
9.949999999999999289e+00 1.755045181541703978e-03
9.960000000000000853e+00 1.749343118469743556e-03
9.970000000000000639e+00 1.743663823464786707e-03
9.980000000000000426e+00 1.738007187990833367e-03
9.990000000000000213e+00 1.732373104115778224e-03
1.000000000000000000e+01 1.726761464507542507e-03
