5.000000000000000000e-01 5.117250772243588930e-01
5.102602602602602788e-01 5.121521787636920120e-01
5.205205205205205576e-01 5.125794061173539751e-01
5.307807807807807254e-01 5.130067585437925182e-01
5.410410410410410043e-01 5.134342352976120072e-01
5.513013013013012831e-01 5.138618356325131975e-01
5.615615615615615619e-01 5.142895587986612282e-01
5.718218218218218407e-01 5.147174040448465604e-01
5.820820820820821195e-01 5.151453706165636248e-01
5.923423423423423984e-01 5.155734577580690647e-01
6.026026026026025662e-01 5.160016647100675868e-01
6.128628628628628450e-01 5.164299907121276956e-01
6.231231231231231238e-01 5.168584350011068418e-01
6.333833833833834026e-01 5.172869968105344718e-01
6.436436436436436814e-01 5.177156753730939309e-01
6.539039039039038492e-01 5.181444699185385749e-01
6.641641641641641280e-01 5.185733796739370183e-01
6.744244244244244069e-01 5.190024038642765403e-01
6.846846846846846857e-01 5.194315417129797829e-01
6.949449449449449645e-01 5.198607924399141211e-01
7.052052052052051323e-01 5.202901552637735350e-01
7.154654654654655221e-01 5.207196293997360392e-01
7.257257257257256899e-01 5.211492140618104729e-01
7.359859859859859688e-01 5.215789084609068205e-01
7.462462462462462476e-01 5.220087118063619913e-01
7.565065065065064154e-01 5.224386233043558647e-01
7.667667667667668052e-01 5.228686421595094558e-01
7.770270270270269730e-01 5.232987675736272548e-01
7.872872872872872518e-01 5.237289987467961261e-01
7.975475475475475307e-01 5.241593348756986570e-01
8.078078078078078095e-01 5.245897751562796918e-01
8.180680680680680883e-01 5.250203187808005767e-01
8.283283283283282561e-01 5.254509649400633808e-01
8.385885885885886459e-01 5.258817128223888249e-01
8.488488488488488137e-01 5.263125616136719032e-01
8.591091091091090926e-01 5.267435104975506377e-01
8.693693693693693714e-01 5.271745586554588137e-01
8.796296296296295392e-01 5.276057052666506264e-01
8.898898898898899290e-01 5.280369495078669484e-01
9.001501501501500968e-01 5.284682905536624009e-01
9.104104104104103756e-01 5.288997275764121264e-01
9.206706706706706544e-01 5.293312597463160074e-01
9.309309309309309333e-01 5.297628862309938791e-01
9.411911911911912121e-01 5.301946061956565037e-01
9.514514514514513799e-01 5.306264188038610774e-01
9.617117117117117697e-01 5.310583232165241307e-01
9.719719719719719375e-01 5.314903185925914375e-01
9.822322322322322163e-01 5.319224040883224758e-01
9.924924924924924952e-01 5.323545788577362936e-01
1.002752752752752663e+00 5.327868420528848459e-01
1.013013013013012831e+00 5.332191928235857636e-01
1.023273273273273221e+00 5.336516303171320308e-01
1.033533533533533610e+00 5.340841536788436539e-01
1.043793793793793778e+00 5.345167620519162277e-01
1.054054054054053946e+00 5.349494545766040332e-01
1.064314314314314336e+00 5.353822303914353986e-01
1.074574574574574504e+00 5.358150886328811868e-01
1.084834834834834894e+00 5.362480284349231408e-01
1.095095095095095061e+00 5.366810489291259367e-01
1.105355355355355229e+00 5.371141492452352617e-01
1.115615615615615619e+00 5.375473285104457322e-01
1.125875875875876009e+00 5.379805858499714377e-01
1.136136136136136177e+00 5.384139203863184120e-01
1.146396396396396344e+00 5.388473312407721094e-01
1.156656656656656512e+00 5.392808175311359919e-01
1.166916916916916902e+00 5.397143783737750056e-01
1.177177177177177292e+00 5.401480128830993266e-01
1.187437437437437460e+00 5.405817201702320940e-01
1.197697697697697627e+00 5.410154993452600536e-01
1.207957957957957795e+00 5.414493495152704616e-01
1.218218218218218185e+00 5.418832697856553748e-01
1.228478478478478575e+00 5.423172592590237429e-01
1.238738738738738743e+00 5.427513170366550233e-01
1.248998998998998911e+00 5.431854422166950691e-01
1.259259259259259078e+00 5.436196338960608276e-01
1.269519519519519468e+00 5.440538911679845269e-01
1.279779779779779858e+00 5.444882131254651370e-01
1.290040040040040026e+00 5.449225988576713586e-01
1.300300300300300194e+00 5.453570474524828127e-01
1.310560560560560361e+00 5.457915579953032115e-01
1.320820820820820751e+00 5.462261295695571839e-01
1.331081081081081141e+00 5.466607612564041707e-01
1.341341341341341309e+00 5.470954521344368882e-01
1.351601601601601477e+00 5.475302012807161667e-01
1.361861861861861867e+00 5.479650077700031208e-01
1.372122122122122034e+00 5.483998706741793905e-01
1.382382382382382424e+00 5.488347890639139193e-01
1.392642642642642592e+00 5.492697620076101295e-01
1.402902902902902760e+00 5.497047885705088621e-01
1.413163163163163150e+00 5.501398678171400825e-01
1.423423423423423539e+00 5.505749988087983438e-01
1.433683683683683707e+00 5.510101806050919926e-01
1.443943943943943875e+00 5.514454122632550526e-01
1.454204204204204043e+00 5.518806928390427302e-01
1.464464464464464433e+00 5.523160213852046363e-01
1.474724724724724823e+00 5.527513969529288529e-01
1.484984984984984990e+00 5.531868185906040347e-01
1.495245245245245158e+00 5.536222853455278203e-01
1.505505505505505548e+00 5.540577962618835617e-01
1.515765765765765716e+00 5.544933503823953336e-01
1.526026026026025884e+00 5.549289467477253046e-01
1.536286286286286273e+00 5.553645843952962347e-01
1.546546546546546441e+00 5.558002623617263049e-01
1.556806806806806831e+00 5.562359796814568824e-01
1.567067067067066999e+00 5.566717353861176942e-01
1.577327327327327167e+00 5.571075285053209702e-01
1.587587587587587556e+00 5.575433580669304501e-01
1.597847847847847724e+00 5.579792230965271438e-01
1.608108108108108114e+00 5.584151226177116456e-01
1.618368368368368282e+00 5.588510556522985340e-01
1.628628628628628672e+00 5.592870212195142354e-01
1.638888888888888840e+00 5.597230183361028288e-01
1.649149149149149007e+00 5.601590460181354869e-01
1.659409409409409397e+00 5.605951032776607112e-01
1.669669669669669565e+00 5.610311891272027340e-01
1.679929929929929955e+00 5.614673025746028667e-01
1.690190190190190123e+00 5.619034426272037086e-01
1.700450450450450290e+00 5.623396082899344561e-01
1.710710710710710680e+00 5.627757985653770723e-01
1.720970970970970848e+00 5.632120124548477547e-01
1.731231231231231238e+00 5.636482489566289056e-01
1.741491491491491406e+00 5.640845070676530071e-01
1.751751751751751796e+00 5.645207857822781561e-01
1.762012012012011963e+00 5.649570840934723392e-01
1.772272272272272131e+00 5.653934009913950121e-01
1.782532532532532521e+00 5.658297354648522681e-01
1.792792792792792689e+00 5.662660865003235067e-01
1.803053053053053079e+00 5.667024530817635908e-01
1.813313313313313246e+00 5.671388341924578080e-01
1.823573573573573414e+00 5.675752288126573175e-01
1.833833833833833804e+00 5.680116359202669329e-01
1.844094094094093972e+00 5.684480544923735668e-01
1.854354354354354362e+00 5.688844835028926683e-01
1.864614614614614529e+00 5.693209219249893982e-01
1.874874874874874697e+00 5.697573687275252485e-01
1.885135135135135087e+00 5.701938228806205933e-01
1.895395395395395255e+00 5.706302833497336469e-01
1.905655655655655645e+00 5.710667490997459739e-01
1.915915915915915813e+00 5.715032190928532874e-01
1.926176176176176202e+00 5.719396922898658531e-01
1.936436436436436370e+00 5.723761676487795214e-01
1.946696696696696538e+00 5.728126441267862301e-01
1.956956956956956928e+00 5.732491206780989668e-01
1.967217217217217096e+00 5.736855962548147447e-01
1.977477477477477485e+00 5.741220698085218732e-01
1.987737737737737653e+00 5.745585402871401515e-01
1.997997997997997821e+00 5.749950066382969460e-01
2.008258258258257989e+00 5.754314678058980448e-01
2.018518518518518157e+00 5.758679227331912065e-01
2.028778778778778769e+00 5.763043703612629187e-01
2.039039039039038936e+00 5.767408096289505792e-01
2.049299299299299548e+00 5.771772394731359279e-01
2.059559559559559716e+00 5.776136588292234419e-01
2.069819819819819884e+00 5.780500666303657331e-01
2.080080080080080052e+00 5.784864618073837228e-01
2.090340340340340219e+00 5.789228432906189381e-01
2.100600600600600387e+00 5.793592100068449824e-01
2.110860860860860555e+00 5.797955608815281714e-01
2.121121121121120723e+00 5.802318948385489783e-01
2.131381381381381335e+00 5.806682108002393372e-01
2.141641641641641503e+00 5.811045076855229086e-01
2.151901901901902114e+00 5.815407844126286863e-01
2.162162162162162282e+00 5.819770398981380932e-01
2.172422422422422450e+00 5.824132730563912341e-01
2.182682682682682618e+00 5.828494827987719118e-01
2.192942942942942786e+00 5.832856680368091462e-01
2.203203203203202953e+00 5.837218276785328674e-01
2.213463463463463121e+00 5.841579606307086836e-01
2.223723723723723733e+00 5.845940657989411315e-01
2.233983983983983901e+00 5.850301420854471246e-01
2.244244244244244069e+00 5.854661883917425813e-01
2.254504504504504681e+00 5.859022036173828774e-01
2.264764764764764848e+00 5.863381866596502068e-01
2.275025025025025016e+00 5.867741364144695160e-01
2.285285285285285184e+00 5.872100517754981208e-01
2.295545545545545352e+00 5.876459316352079520e-01
2.305805805805805520e+00 5.880817748830610148e-01
2.316066066066065687e+00 5.885175804081355100e-01
2.326326326326326299e+00 5.889533470969630091e-01
2.336586586586586467e+00 5.893890738343489089e-01
2.346846846846847079e+00 5.898247595031749224e-01
2.357107107107107247e+00 5.902604029845709421e-01
2.367367367367367414e+00 5.906960031582131343e-01
2.377627627627627582e+00 5.911315589016185035e-01
2.387887887887887750e+00 5.915670690906493778e-01
2.398148148148147918e+00 5.920025325991263854e-01
2.408408408408408086e+00 5.924379482999910795e-01
2.418668668668668253e+00 5.928733150631902982e-01
2.428928928928928865e+00 5.933086317581518498e-01
2.439189189189189033e+00 5.937438972510127311e-01
2.449449449449449645e+00 5.941791104081988184e-01
2.459709709709709813e+00 5.946142700918592983e-01
2.469969969969969981e+00 5.950493751652876639e-01
2.480230230230230148e+00 5.954844244873181980e-01
2.490490490490490316e+00 5.959194169170954902e-01
2.500750750750750484e+00 5.963543513106566163e-01
2.511011011011011096e+00 5.967892265236619531e-01
2.521271271271271264e+00 5.972240414084952764e-01
2.531531531531531432e+00 5.976587948169810316e-01
2.541791791791791599e+00 5.980934855987467547e-01
2.552052052052051767e+00 5.985281126020008946e-01
2.562312312312312379e+00 5.989626746730096762e-01
2.572572572572572547e+00 5.993971706565872637e-01
2.582832832832832715e+00 5.998315993958858172e-01
2.593093093093092882e+00 6.002659597314972117e-01
2.603353353353353050e+00 6.007002505041592055e-01
2.613613613613613662e+00 6.011344705504856334e-01
2.623873873873873830e+00 6.015686187078942426e-01
2.634134134134133998e+00 6.020026938109644954e-01
2.644394394394394165e+00 6.024366946925268085e-01
2.654654654654654333e+00 6.028706201836185885e-01
2.664914914914914945e+00 6.033044691139189952e-01
2.675175175175175113e+00 6.037382403124424979e-01
2.685435435435435281e+00 6.041719326047153560e-01
2.695695695695695449e+00 6.046055448155936984e-01
2.705955955955956060e+00 6.050390757693688837e-01
2.716216216216216228e+00 6.054725242862614154e-01
2.726476476476476396e+00 6.059058891870008345e-01
2.736736736736736564e+00 6.063391692899856578e-01
2.746996996996996732e+00 6.067723634117683229e-01
2.757257257257257343e+00 6.072054703677909338e-01
2.767517517517517511e+00 6.076384889713605242e-01
2.777777777777777679e+00 6.080714180349698905e-01
2.788038038038037847e+00 6.085042563688368711e-01
2.798298298298298015e+00 6.089370027815113051e-01
2.808558558558558627e+00 6.093696560808483653e-01
2.818818818818818794e+00 6.098022150729408564e-01
2.829079079079078962e+00 6.102346785609756852e-01
2.839339339339339130e+00 6.106670453484449590e-01
2.849599599599599298e+00 6.110993142365626074e-01
2.859859859859859910e+00 6.115314840245114070e-01
2.870120120120120077e+00 6.119635535103707946e-01
2.880380380380380245e+00 6.123955214908822775e-01
2.890640640640640413e+00 6.128273867610897208e-01
2.900900900900900581e+00 6.132591481144401557e-01
2.911161161161161193e+00 6.136908043435648219e-01
2.921421421421421361e+00 6.141223542381446521e-01
2.931681681681681528e+00 6.145537965877504449e-01
2.941941941941941696e+00 6.149851301797517600e-01
2.952202202202201864e+00 6.154163538009596035e-01
2.962462462462462476e+00 6.158474662338494499e-01
2.972722722722722644e+00 6.162784662641331845e-01
2.982982982982982811e+00 6.167093526721049157e-01
2.993243243243242979e+00 6.171401242381068242e-01
3.003503503503503591e+00 6.175707797410692201e-01
3.013763763763763759e+00 6.180013179581249627e-01
3.024024024024023927e+00 6.184317376658878818e-01
3.034284284284284094e+00 6.188620376380898902e-01
3.044544544544544262e+00 6.192922166480466784e-01
3.054804804804804874e+00 6.197222734669937116e-01
3.065065065065065042e+00 6.201522068659636178e-01
3.075325325325325210e+00 6.205820156130640308e-01
3.085585585585585378e+00 6.210116984761669956e-01
3.095845845845845545e+00 6.214412542207818912e-01
3.106106106106106157e+00 6.218706816115215918e-01
3.116366366366366325e+00 6.222999794120256389e-01
3.126626626626626493e+00 6.227291463848473319e-01
3.136886886886886661e+00 6.231581812882613924e-01
3.147147147147146828e+00 6.235870828833549595e-01
3.157407407407407440e+00 6.240158499274001125e-01
3.167667667667667608e+00 6.244444811772115189e-01
3.177927927927927776e+00 6.248729753868096370e-01
3.188188188188187944e+00 6.253013313105449944e-01
3.198448448448448111e+00 6.257295477013974372e-01
3.208708708708708723e+00 6.261576233097396749e-01
3.218968968968968891e+00 6.265855568857584545e-01
3.229229229229229059e+00 6.270133471776648815e-01
3.239489489489489227e+00 6.274409929324676893e-01
3.249749749749749395e+00 6.278684928963955691e-01
3.260010010010010006e+00 6.282958458135917690e-01
3.270270270270270174e+00 6.287230504281534627e-01
3.280530530530530342e+00 6.291501054818401384e-01
3.290790790790790510e+00 6.295770097146570210e-01
3.301051051051051122e+00 6.300037618670977224e-01
3.311311311311311290e+00 6.304303606769712243e-01
3.321571571571571457e+00 6.308568048809021223e-01
3.331831831831831625e+00 6.312830932153974395e-01
3.342092092092091793e+00 6.317092244138651225e-01
3.352352352352352405e+00 6.321351972106092898e-01
3.362612612612612573e+00 6.325610103375447490e-01
3.372872872872872740e+00 6.329866625248803391e-01
3.383133133133132908e+00 6.334121525026850108e-01
3.393393393393393076e+00 6.338374789994069003e-01
3.403653653653653688e+00 6.342626407426443791e-01
3.413913913913913856e+00 6.346876364575262386e-01
3.424174174174174023e+00 6.351124648697746844e-01
3.434434434434434191e+00 6.355371247020185077e-01
3.444694694694694359e+00 6.359616146777989920e-01
3.454954954954954971e+00 6.363859335186794475e-01
3.465215215215215139e+00 6.368100799434551762e-01
3.475475475475475307e+00 6.372340526724343812e-01
3.485735735735735474e+00 6.376578504231532607e-01
3.495995995995995642e+00 6.380814719121317147e-01
3.506256256256256254e+00 6.385049158556712623e-01
3.516516516516516422e+00 6.389281809673523771e-01
3.526776776776776590e+00 6.393512659615802063e-01
3.537037037037036757e+00 6.397741695500412940e-01
3.547297297297296925e+00 6.401968904440222818e-01
3.557557557557557537e+00 6.406194273537128003e-01
3.567817817817817705e+00 6.410417789884089723e-01
3.578078078078077873e+00 6.414639440559289918e-01
3.588338338338338041e+00 6.418859212629629551e-01
3.598598598598598652e+00 6.423077093158818807e-01
3.608858858858858820e+00 6.427293069182925533e-01
3.619119119119118988e+00 6.431507127756942443e-01
3.629379379379379156e+00 6.435719255897751623e-01
3.639639639639639324e+00 6.439929440617105927e-01
3.649899899899899935e+00 6.444137668930673968e-01
3.660160160160160103e+00 6.448343927827148159e-01
3.670420420420420271e+00 6.452548204303032442e-01
3.680680680680680439e+00 6.456750485327316103e-01
3.690940940940940607e+00 6.460950757867234273e-01
3.701201201201201219e+00 6.465149008876673875e-01
3.711461461461461386e+00 6.469345225304617975e-01
3.721721721721721554e+00 6.473539394089018462e-01
3.731981981981981722e+00 6.477731502157985100e-01
3.742242242242241890e+00 6.481921536426576980e-01
3.752502502502502502e+00 6.486109483795408082e-01
3.762762762762762669e+00 6.490295331179516403e-01
3.773023023023022837e+00 6.494479065453330202e-01
3.783283283283283005e+00 6.498660673505851637e-01
3.793543543543543173e+00 6.502840142201802287e-01
3.803803803803803785e+00 6.507017458409236621e-01
3.814064064064063952e+00 6.511192608975927554e-01
3.824324324324324120e+00 6.515365580746391716e-01
3.834584584584584288e+00 6.519536360553326304e-01
3.844844844844844456e+00 6.523704935222406354e-01
3.855105105105105068e+00 6.527871291577899138e-01
3.865365365365365236e+00 6.532035416424726293e-01
3.875625625625625403e+00 6.536197296558696745e-01
3.885885885885885571e+00 6.540356918775811490e-01
3.896146146146146183e+00 6.544514269853405342e-01
3.906406406406406351e+00 6.548669336570112076e-01
3.916666666666666519e+00 6.552822105694452448e-01
3.926926926926926686e+00 6.556972563975609347e-01
3.937187187187186854e+00 6.561120698173679155e-01
3.947447447447447466e+00 6.565266495025543492e-01
3.957707707707707634e+00 6.569409941267159159e-01
3.967967967967967802e+00 6.573551023618386946e-01
3.978228228228227970e+00 6.577689728801168201e-01
3.988488488488488137e+00 6.581826043530955017e-01
3.998748748748748749e+00 6.585959954505788971e-01
4.009009009009009361e+00 6.590091448418539111e-01
4.019269269269269529e+00 6.594220511963585496e-01
4.029529529529529697e+00 6.598347131813622202e-01
4.039789789789789864e+00 6.602471294642220379e-01
4.050050050050050032e+00 6.606592987124646488e-01
4.060310310310310200e+00 6.610712195903781785e-01
4.070570570570570368e+00 6.614828907642822386e-01
4.080830830830830536e+00 6.618943108988007973e-01
4.091091091091090703e+00 6.623054786565476526e-01
4.101351351351350871e+00 6.627163927018374645e-01
4.111611611611611039e+00 6.631270516957800121e-01
4.121871871871871207e+00 6.635374543005662096e-01
4.132132132132131375e+00 6.639475991782668451e-01
4.142392392392391542e+00 6.643574849875987232e-01
4.152652652652652598e+00 6.647671103893205702e-01
4.162912912912912766e+00 6.651764740419668920e-01
4.173173173173172934e+00 6.655855746043801702e-01
4.183433433433433102e+00 6.659944107347959275e-01
4.193693693693694158e+00 6.664029810896007211e-01
4.203953953953954326e+00 6.668112843260288747e-01
4.214214214214214493e+00 6.672193191004562873e-01
4.224474474474474661e+00 6.676270840673966811e-01
4.234734734734734829e+00 6.680345778817035063e-01
4.244994994994994997e+00 6.684417991987722241e-01
4.255255255255255165e+00 6.688487466713726182e-01
4.265515515515515332e+00 6.692554189534178910e-01
4.275775775775775500e+00 6.696618146969484098e-01
4.286036036036035668e+00 6.700679325538420050e-01
4.296296296296295836e+00 6.704737711766282082e-01
4.306556556556556004e+00 6.708793292154197063e-01
4.316816816816816171e+00 6.712846053216776632e-01
4.327077077077076339e+00 6.716895981444829244e-01
4.337337337337336507e+00 6.720943063339966939e-01
4.347597597597597563e+00 6.724987285391207381e-01
4.357857857857857731e+00 6.729028634082155902e-01
4.368118118118117899e+00 6.733067095892120157e-01
4.378378378378378066e+00 6.737102657305465980e-01
4.388638638638638234e+00 6.741135304786942672e-01
4.398898898898899290e+00 6.745165024803670972e-01
4.409159159159159458e+00 6.749191803823200164e-01
4.419419419419419626e+00 6.753215628299182871e-01
4.429679679679679793e+00 6.757236484690973821e-01
4.439939939939939961e+00 6.761254359446037254e-01
4.450200200200200129e+00 6.765269239010536229e-01
4.460460460460460297e+00 6.769281109825392440e-01
4.470720720720720465e+00 6.773289958333866823e-01
4.480980980980980632e+00 6.777295770970677147e-01
4.491241241241240800e+00 6.781298534154871493e-01
4.501501501501500968e+00 6.785298234327892253e-01
4.511761761761761136e+00 6.789294857913205083e-01
4.522022022022022192e+00 6.793288391314634689e-01
4.532282282282282360e+00 6.797278820971460744e-01
4.542542542542542527e+00 6.801266133289208815e-01
4.552802802802802695e+00 6.805250314666408951e-01
4.563063063063062863e+00 6.809231351527377241e-01
4.573323323323323031e+00 6.813209230270754757e-01
4.583583583583583199e+00 6.817183937291768636e-01
4.593843843843843366e+00 6.821155458999940135e-01
4.604104104104103534e+00 6.825123781790309874e-01
4.614364364364364590e+00 6.829088892042921577e-01
4.624624624624624758e+00 6.833050776168230200e-01
4.634884884884884926e+00 6.837009420540542948e-01
4.645145145145145094e+00 6.840964811550220848e-01
4.655405405405405261e+00 6.844916935585050322e-01
4.665665665665665429e+00 6.848865779017538902e-01
4.675925925925925597e+00 6.852811328232585319e-01
4.686186186186185765e+00 6.856753569610770649e-01
4.696446446446445933e+00 6.860692489526609705e-01
4.706706706706706100e+00 6.864628074345935360e-01
4.716966966966967156e+00 6.868560310441482741e-01
4.727227227227227324e+00 6.872489184194606748e-01
4.737487487487487492e+00 6.876414681967021325e-01
4.747747747747747660e+00 6.880336790127092872e-01
4.758008008008007828e+00 6.884255495035302985e-01
4.768268268268267995e+00 6.888170783063500835e-01
4.778528528528528163e+00 6.892082640569952012e-01
4.788788788788788331e+00 6.895991053915034863e-01
4.799049049049048499e+00 6.899896009466551794e-01
4.809309309309308667e+00 6.903797493583051503e-01
4.819569569569569722e+00 6.907695492615484323e-01
4.829829829829829890e+00 6.911589992932871684e-01
4.840090090090090058e+00 6.915480980881090201e-01
4.850350350350350226e+00 6.919368442828358612e-01
4.860610610610610394e+00 6.923252365126854047e-01
4.870870870870870561e+00 6.927132734135835745e-01
4.881131131131130729e+00 6.931009536194114862e-01
4.891391391391390897e+00 6.934882757687332866e-01
4.901651651651651065e+00 6.938752384943356333e-01
4.911911911911912121e+00 6.942618404332276949e-01
4.922172172172172289e+00 6.946480802207692928e-01
4.932432432432432456e+00 6.950339564921073077e-01
4.942692692692692624e+00 6.954194678827991805e-01
4.952952952952952792e+00 6.958046130288105813e-01
4.963213213213212960e+00 6.961893905655416326e-01
4.973473473473473128e+00 6.965737991287656028e-01
4.983733733733733295e+00 6.969578373540272764e-01
4.993993993993993463e+00 6.973415038776383801e-01
5.004254254254253631e+00 6.977247973352254107e-01
5.014514514514514687e+00 6.981077163627682491e-01
5.024774774774774855e+00 6.984902595958089044e-01
5.035035035035035023e+00 6.988724256714486938e-01
5.045295295295295190e+00 6.992542132250328946e-01
5.055555555555555358e+00 6.996356208936717058e-01
5.065815815815815526e+00 7.000166473133112577e-01
5.076076076076075694e+00 7.003972911209881413e-01
5.086336336336335862e+00 7.007775509539659886e-01
5.096596596596596029e+00 7.011574254489002511e-01
5.106856856856856197e+00 7.015369132422276666e-01
5.117117117117117253e+00 7.019160129720795060e-01
5.127377377377377421e+00 7.022947232757250635e-01
5.137637637637637589e+00 7.026730427912094568e-01
5.147897897897897757e+00 7.030509701559116698e-01
5.158158158158157924e+00 7.034285040080757723e-01
5.168418418418418092e+00 7.038056429870721553e-01
5.178678678678678260e+00 7.041823857300426592e-01
5.188938938938938428e+00 7.045587308760570266e-01
5.199199199199198596e+00 7.049346770648793337e-01
5.209459459459459651e+00 7.053102229347318897e-01
5.219719719719719819e+00 7.056853671273147777e-01
5.229979979979979987e+00 7.060601082809507822e-01
5.240240240240240155e+00 7.064344450358623906e-01
5.250500500500500323e+00 7.068083760327077414e-01
5.260760760760760490e+00 7.071818999121263216e-01
5.271021021021020658e+00 7.075550153161788147e-01
5.281281281281280826e+00 7.079277208844189095e-01
5.291541541541540994e+00 7.083000152607258348e-01
5.301801801801801162e+00 7.086718970859278155e-01
5.312062062062062218e+00 7.090433650029913659e-01
5.322322322322322385e+00 7.094144176544886493e-01
5.332582582582582553e+00 7.097850536838932189e-01
5.342842842842842721e+00 7.101552717345910315e-01
5.353103103103102889e+00 7.105250704508084825e-01
5.363363363363363057e+00 7.108944484765042926e-01
5.373623623623623224e+00 7.112634044567598401e-01
5.383883883883883392e+00 7.116319370367306663e-01
5.394144144144143560e+00 7.120000448622784139e-01
5.404404404404403728e+00 7.123677265793595392e-01
5.414664664664664784e+00 7.127349808342202664e-01
5.424924924924924952e+00 7.131018062739427066e-01
5.435185185185185119e+00 7.134682015463779114e-01
5.445445445445445287e+00 7.138341652994945052e-01
5.455705705705705455e+00 7.141996961811650779e-01
5.465965965965965623e+00 7.145647928404651461e-01
5.476226226226225791e+00 7.149294539277681881e-01
5.486486486486485958e+00 7.152936780917731330e-01
5.496746746746746126e+00 7.156574639832100626e-01
5.507007007007007182e+00 7.160208102535904340e-01
5.517267267267267350e+00 7.163837155544648949e-01
5.527527527527527518e+00 7.167461785374193983e-01
5.537787787787787686e+00 7.171081978552481528e-01
5.548048048048047853e+00 7.174697721610684420e-01
5.558308308308308021e+00 7.178309001090693586e-01
5.568568568568568189e+00 7.181915803542709975e-01
5.578828828828828357e+00 7.185518115506586145e-01
5.589089089089088525e+00 7.189115923537916508e-01
5.599349349349348692e+00 7.192709214200566636e-01
5.609609609609609748e+00 7.196297974068076586e-01
5.619869869869869916e+00 7.199882189716645398e-01
5.630130130130130084e+00 7.203461847722129052e-01
5.640390390390390252e+00 7.207036934677408802e-01
5.650650650650650419e+00 7.210607437172502632e-01
5.660910910910910587e+00 7.214173341811516149e-01
5.671171171171170755e+00 7.217734635202249782e-01
5.681431431431430923e+00 7.221291303958894403e-01
5.691691691691691091e+00 7.224843334718716870e-01
5.701951951951951258e+00 7.228390714091365021e-01
5.712212212212212314e+00 7.231933428714092393e-01
5.722472472472472482e+00 7.235471465250802314e-01
5.732732732732732650e+00 7.239004810336695517e-01
5.742992992992992818e+00 7.242533450639309089e-01
5.753253253253252986e+00 7.246057372815870590e-01
5.763513513513513153e+00 7.249576563550360619e-01
5.773773773773773321e+00 7.253091009525223232e-01
5.784034034034033489e+00 7.256600697425368285e-01
5.794294294294293657e+00 7.260105613955509796e-01
5.804554554554554713e+00 7.263605745808281444e-01
5.814814814814814881e+00 7.267101079712995348e-01
5.825075075075075048e+00 7.270591602394300690e-01
5.835335335335335216e+00 7.274077300578911665e-01
5.845595595595595384e+00 7.277558161005676096e-01
5.855855855855855552e+00 7.281034170416660345e-01
5.866116116116115720e+00 7.284505315580712681e-01
5.876376376376375887e+00 7.287971583263878061e-01
5.886636636636636055e+00 7.291432960230725957e-01
5.896896896896896223e+00 7.294889433272306878e-01
5.907157157157157279e+00 7.298340989185252425e-01
5.917417417417417447e+00 7.301787614762459411e-01
5.927677677677677615e+00 7.305229296823920748e-01
5.937937937937937782e+00 7.308666022186947053e-01
5.948198198198197950e+00 7.312097777683633781e-01
5.958458458458458118e+00 7.315524550151788485e-01
5.968718718718718286e+00 7.318946326449669026e-01
5.978978978978978454e+00 7.322363093416750512e-01
5.989239239239238621e+00 7.325774837940193240e-01
5.999499499499498789e+00 7.329181546891128107e-01
6.009759759759759845e+00 7.332583207163863026e-01
6.020020020020020013e+00 7.335979805652542707e-01
6.030280280280280181e+00 7.339371329267198041e-01
6.040540540540540349e+00 7.342757764933430797e-01
6.050800800800800516e+00 7.346139099573046893e-01
6.061061061061060684e+00 7.349515320134181184e-01
6.071321321321320852e+00 7.352886413567482071e-01
6.081581581581581020e+00 7.356252366833289091e-01
6.091841841841841187e+00 7.359613166899998671e-01
6.102102102102102243e+00 7.362968800761260368e-01
6.112362362362362411e+00 7.366319255406057476e-01
6.122622622622622579e+00 7.369664517840253115e-01
6.132882882882882747e+00 7.373004575080550627e-01
6.143143143143142915e+00 7.376339414157871976e-01
6.153403403403403082e+00 7.379669022115812327e-01
6.163663663663663250e+00 7.382993385994356395e-01
6.173923923923923418e+00 7.386312492872084690e-01
6.184184184184183586e+00 7.389626329813483441e-01
6.194444444444443754e+00 7.392934883900922349e-01
6.204704704704704810e+00 7.396238142241146063e-01
6.214964964964964977e+00 7.399536091949924232e-01
6.225225225225225145e+00 7.402828720124522421e-01
6.235485485485485313e+00 7.406116013926725694e-01
6.245745745745745481e+00 7.409397960486977519e-01
6.256006006006005649e+00 7.412674546977320311e-01
6.266266266266265816e+00 7.415945760558934063e-01
6.276526526526525984e+00 7.419211588423926251e-01
6.286786786786786152e+00 7.422472017756986951e-01
6.297047047047046320e+00 7.425727035780189667e-01
6.307307307307307376e+00 7.428976629713295310e-01
6.317567567567567544e+00 7.432220786779404342e-01
6.327827827827827711e+00 7.435459494244424095e-01
6.338088088088087879e+00 7.438692739355546868e-01
6.348348348348348047e+00 7.441920509392382366e-01
6.358608608608608215e+00 7.445142791656489401e-01
6.368868868868868383e+00 7.448359573421370339e-01
6.379129129129128550e+00 7.451570842019330509e-01
6.389389389389388718e+00 7.454776584785046678e-01
6.399649649649649774e+00 7.457976789049634014e-01
6.409909909909909942e+00 7.461171442167443546e-01
6.420170170170170110e+00 7.464360531512056474e-01
6.430430430430430278e+00 7.467544044467245845e-01
6.440690690690690445e+00 7.470721968433532423e-01
6.450950950950950613e+00 7.473894290817020281e-01
6.461211211211210781e+00 7.477060999047143719e-01
6.471471471471470949e+00 7.480222080566268916e-01
6.481731731731731116e+00 7.483377522831676787e-01
6.491991991991991284e+00 7.486527313306631237e-01
6.502252252252252340e+00 7.489671439470410030e-01
6.512512512512512508e+00 7.492809888840191723e-01
6.522772772772772676e+00 7.495942648912338191e-01
6.533033033033032844e+00 7.499069707219898628e-01
6.543293293293293011e+00 7.502191051320938886e-01
6.553553553553553179e+00 7.505306668748965571e-01
6.563813813813813347e+00 7.508416547098807348e-01
6.574074074074073515e+00 7.511520673949565463e-01
6.584334334334333683e+00 7.514619036917126182e-01
6.594594594594593850e+00 7.517711623603969828e-01
6.604854854854854906e+00 7.520798421660762623e-01
6.615115115115115074e+00 7.523879418735680558e-01
6.625375375375375242e+00 7.526954602504069003e-01
6.635635635635635410e+00 7.530023960624336876e-01
6.645895895895895578e+00 7.533087480816057502e-01
6.656156156156155745e+00 7.536145150788731151e-01
6.666416416416415913e+00 7.539196958279447136e-01
6.676676676676676081e+00 7.542242891035765284e-01
6.686936936936936249e+00 7.545282936811944507e-01
6.697197197197197305e+00 7.548317083391384852e-01
6.707457457457457473e+00 7.551345318579169019e-01
6.717717717717717640e+00 7.554367630182690085e-01
6.727977977977977808e+00 7.557384006033629475e-01
6.738238238238237976e+00 7.560394433981181272e-01
6.748498498498498144e+00 7.563398901883321424e-01
6.758758758758758312e+00 7.566397397630820754e-01
6.769019019019018479e+00 7.569389909114211390e-01
6.779279279279278647e+00 7.572376424255042870e-01
6.789539539539538815e+00 7.575356930985647219e-01
6.799799799799799871e+00 7.578331417241027657e-01
6.810060060060060039e+00 7.581299871001482282e-01
6.820320320320320207e+00 7.584262280260607447e-01
6.830580580580580374e+00 7.587218633005016200e-01
6.840840840840840542e+00 7.590168917269138893e-01
6.851101101101100710e+00 7.593113121078828298e-01
6.861361361361360878e+00 7.596051232499340111e-01
6.871621621621621046e+00 7.598983239602561390e-01
6.881881881881881213e+00 7.601909130477937371e-01
6.892142142142141381e+00 7.604828893242129295e-01
6.902402402402402437e+00 7.607742516019420087e-01
6.912662662662662605e+00 7.610649986960925650e-01
6.922922922922922773e+00 7.613551294222626886e-01
6.933183183183182940e+00 7.616446426014551463e-01
6.943443443443443108e+00 7.619335370506127303e-01
6.953703703703703276e+00 7.622218115940523342e-01
6.963963963963963444e+00 7.625094650547122876e-01
6.974224224224223612e+00 7.627964962603492882e-01
6.984484484484483779e+00 7.630829040364818239e-01
6.994744744744744835e+00 7.633686872151826952e-01
7.005005005005005003e+00 7.636538446267397973e-01
7.015265265265265171e+00 7.639383751052577498e-01
7.025525525525525339e+00 7.642222774857001522e-01
7.035785785785785507e+00 7.645055506068612061e-01
7.046046046046045674e+00 7.647881933075250105e-01
7.056306306306305842e+00 7.650702044292870818e-01
7.066566566566566010e+00 7.653515828156618461e-01
7.076826826826826178e+00 7.656323273111501626e-01
7.087087087087086346e+00 7.659124367644631892e-01
7.097347347347347402e+00 7.661919100248614223e-01
7.107607607607607569e+00 7.664707459430081249e-01
7.117867867867867737e+00 7.667489433724732351e-01
7.128128128128127905e+00 7.670265011694942237e-01
7.138388388388388073e+00 7.673034181915637797e-01
7.148648648648648241e+00 7.675796932976178821e-01
7.158908908908908408e+00 7.678553253500838283e-01
7.169169169169168576e+00 7.681303132117226484e-01
7.179429429429428744e+00 7.684046557492816287e-01
7.189689689689688912e+00 7.686783518302713336e-01
7.199949949949949968e+00 7.689514003242512441e-01
7.210210210210210136e+00 7.692238001042041029e-01
7.220470470470470303e+00 7.694955500434899065e-01
7.230730730730730471e+00 7.697666490187982102e-01
7.240990990990990639e+00 7.700370959088900236e-01
7.251251251251250807e+00 7.703068895930909044e-01
7.261511511511510975e+00 7.705760289554308695e-01
7.271771771771771142e+00 7.708445128809346958e-01
7.282032032032031310e+00 7.711123402556201434e-01
7.292292292292292366e+00 7.713795099688235402e-01
7.302552552552552534e+00 7.716460209136558612e-01
7.312812812812812702e+00 7.719118719819333396e-01
7.323073073073072869e+00 7.721770620697342435e-01
7.333333333333333037e+00 7.724415900753041075e-01
7.343593593593593205e+00 7.727054548989019667e-01
7.353853853853853373e+00 7.729686554429177070e-01
7.364114114114113541e+00 7.732311906120078460e-01
7.374374374374373708e+00 7.734930593143178879e-01
7.384634634634633876e+00 7.737542604573177663e-01
7.394894894894894932e+00 7.740147929525029724e-01
7.405155155155155100e+00 7.742746557149957631e-01
7.415415415415415268e+00 7.745338476596015376e-01
7.425675675675675436e+00 7.747923677053695224e-01
7.435935935935935603e+00 7.750502147724467328e-01
7.446196196196195771e+00 7.753073877835886529e-01
7.456456456456455939e+00 7.755638856654590851e-01
7.466716716716716107e+00 7.758197073434484059e-01
7.476976976976976275e+00 7.760748517486167897e-01
7.487237237237236442e+00 7.763293178130219463e-01
7.497497497497497498e+00 7.765831044711760667e-01
7.507757757757757666e+00 7.768362106602838546e-01
7.518018018018017834e+00 7.770886353191892582e-01
7.528278278278278002e+00 7.773403773898202029e-01
7.538538538538538170e+00 7.775914358158553252e-01
7.548798798798798337e+00 7.778418095437702462e-01
7.559059059059058505e+00 7.780914975236921105e-01
7.569319319319318673e+00 7.783404987056485869e-01
7.579579579579578841e+00 7.785888120425862313e-01
7.589839839839839897e+00 7.788364364921285254e-01
7.600100100100100065e+00 7.790833710125483202e-01
7.610360360360360232e+00 7.793296145635534300e-01
7.620620620620620400e+00 7.795751661100209784e-01
7.630880880880880568e+00 7.798200246161006710e-01
7.641141141141140736e+00 7.800641890521929911e-01
7.651401401401400904e+00 7.803076583879982042e-01
7.661661661661661071e+00 7.805504315966906859e-01
7.671921921921921239e+00 7.807925076545026988e-01
7.682182182182181407e+00 7.810338855394071134e-01
7.692442442442442463e+00 7.812745642324405715e-01
7.702702702702702631e+00 7.815145427172055514e-01
7.712962962962962798e+00 7.817538199780682540e-01
7.723223223223222966e+00 7.819923950051677064e-01
7.733483483483483134e+00 7.822302667883943572e-01
7.743743743743743302e+00 7.824674343218044337e-01
7.754004004004003470e+00 7.827038966009681742e-01
7.764264264264263637e+00 7.829396526250353983e-01
7.774524524524523805e+00 7.831747013941765534e-01
7.784784784784783973e+00 7.834090419127184290e-01
7.795045045045045029e+00 7.836426731864268858e-01
7.805305305305305197e+00 7.838755942257285003e-01
7.815565565565565365e+00 7.841078040405089489e-01
7.825825825825825532e+00 7.843393016456744471e-01
7.836086086086085700e+00 7.845700860587639935e-01
7.846346346346345868e+00 7.848001562974631362e-01
7.856606606606606036e+00 7.850295113846388340e-01
7.866866866866866204e+00 7.852581503456051992e-01
7.877127127127126371e+00 7.854860722063227163e-01
7.887387387387387427e+00 7.857132759985463455e-01
7.897647647647647595e+00 7.859397607527687235e-01
7.907907907907907763e+00 7.861655255061621439e-01
7.918168168168167931e+00 7.863905692961432603e-01
7.928428428428428099e+00 7.866148911637947938e-01
7.938688688688688266e+00 7.868384901513285623e-01
7.948948948948948434e+00 7.870613653062088488e-01
7.959209209209208602e+00 7.872835156769253384e-01
7.969469469469468770e+00 7.875049403149027016e-01
7.979729729729728938e+00 7.877256382738104801e-01
7.989989989989989994e+00 7.879456086119224212e-01
8.000250250250250161e+00 7.881648503887156432e-01
8.010510510510510329e+00 7.883833626659055849e-01
8.020770770770770497e+00 7.886011445091090089e-01
8.031031031031030665e+00 7.888181949887465017e-01
8.041291291291290833e+00 7.890345131716410831e-01
8.051551551551551000e+00 7.892500981341993294e-01
8.061811811811811168e+00 7.894649489523255514e-01
8.072072072072071336e+00 7.896790647047248202e-01
8.082332332332331504e+00 7.898924444733014250e-01
8.092592592592591672e+00 7.901050873445936151e-01
8.102852852852851839e+00 7.903169924046496986e-01
8.113113113113112007e+00 7.905281587445279756e-01
8.123373373373372175e+00 7.907385854573992789e-01
8.133633633633632343e+00 7.909482716396563085e-01
8.143893893893892511e+00 7.911572163909781352e-01
8.154154154154152678e+00 7.913654188113989907e-01
8.164414414414412846e+00 7.915728780085689031e-01
8.174674674674673014e+00 7.917795930875840549e-01
8.184934934934934958e+00 7.919855631599750367e-01
8.195195195195195126e+00 7.921907873395087618e-01
8.205455455455455294e+00 7.923952647424727935e-01
8.215715715715715461e+00 7.925989944879022753e-01
8.225975975975975629e+00 7.928019756984313604e-01
8.236236236236235797e+00 7.930042074979143374e-01
8.246496496496495965e+00 7.932056890154767226e-01
8.256756756756756133e+00 7.934064193814717170e-01
8.267017017017016300e+00 7.936063977305640726e-01
8.277277277277276468e+00 7.938056231993623202e-01
8.287537537537538412e+00 7.940040949261941705e-01
8.297797797797798580e+00 7.942018120560081496e-01
8.308058058058058748e+00 7.943987737328056520e-01
8.318318318318318916e+00 7.945949791064144119e-01
8.328578578578579084e+00 7.947904273281486409e-01
8.338838838838839251e+00 7.949851175528083180e-01
8.349099099099099419e+00 7.951790489373882220e-01
8.359359359359359587e+00 7.953722206443523124e-01
8.369619619619619755e+00 7.955646318351141666e-01
8.379879879879879923e+00 7.957562816776559966e-01
8.390140140140140090e+00 7.959471693416489968e-01
8.400400400400400258e+00 7.961372939994105780e-01
8.410660660660660426e+00 7.963266548278058465e-01
8.420920920920920594e+00 7.965152510046108469e-01
8.431181181181180762e+00 7.967030817122033870e-01
8.441441441441440929e+00 7.968901461351327598e-01
8.451701701701701097e+00 7.970764434615658089e-01
8.461961961961961265e+00 7.972619728838602482e-01
8.472222222222221433e+00 7.974467335945003565e-01
8.482482482482481601e+00 7.976307247912785003e-01
8.492742742742741768e+00 7.978139456751429659e-01
8.503003003003001936e+00 7.979963954493356493e-01
8.513263263263262104e+00 7.981780733199206335e-01
8.523523523523522272e+00 7.983589784964080227e-01
8.533783783783784216e+00 7.985391101937233671e-01
8.544044044044044384e+00 7.987184676252182536e-01
8.554304304304304551e+00 7.988970500104638495e-01
8.564564564564564719e+00 7.990748565729567376e-01
8.574824824824824887e+00 7.992518865368566372e-01
8.585085085085085055e+00 7.994281391325472885e-01
8.595345345345345223e+00 7.996036135891312346e-01
8.605605605605605390e+00 7.997783091426469149e-01
8.615865865865865558e+00 7.999522250319395233e-01
8.626126126126125726e+00 8.001253604969003064e-01
8.636386386386385894e+00 8.002977147821758175e-01
8.646646646646646062e+00 8.004692871359418982e-01
8.656906906906906229e+00 8.006400768080877972e-01
8.667167167167166397e+00 8.008100830537745463e-01
8.677427427427426565e+00 8.009793051287692478e-01
8.687687687687686733e+00 8.011477422940751492e-01
8.697947947947946901e+00 8.013153938147381528e-01
8.708208208208207068e+00 8.014822589552060839e-01
8.718468468468467236e+00 8.016483369862080766e-01
8.728728728728729180e+00 8.018136271828161243e-01
8.738988988988989348e+00 8.019781288197901370e-01
8.749249249249249516e+00 8.021418411774616786e-01
8.759509509509509684e+00 8.023047635394722210e-01
8.769769769769769852e+00 8.024668951906717140e-01
8.780030030030030019e+00 8.026282354221926374e-01
8.790290290290290187e+00 8.027887835260685279e-01
8.800550550550550355e+00 8.029485387996688761e-01
8.810810810810810523e+00 8.031075005407380951e-01
8.821071071071070691e+00 8.032656680533629689e-01
8.831331331331330858e+00 8.034230406426883242e-01
8.841591591591591026e+00 8.035796176190929119e-01
8.851851851851851194e+00 8.037353982946325859e-01
8.862112112112111362e+00 8.038903819857666777e-01
8.872372372372371530e+00 8.040445680109941096e-01
8.882632632632631697e+00 8.041979556927106865e-01
8.892892892892891865e+00 8.043505443591253412e-01
8.903153153153152033e+00 8.045023333368734875e-01
8.913413413413412201e+00 8.046533219606375464e-01
8.923673673673672369e+00 8.048035095656097537e-01
8.933933933933934313e+00 8.049528954909672684e-01
8.944194194194194480e+00 8.051014790795036902e-01
8.954454454454454648e+00 8.052492596784125434e-01
8.964714714714714816e+00 8.053962366360262193e-01
8.974974974974974984e+00 8.055424093050304046e-01
8.985235235235235152e+00 8.056877770428029217e-01
8.995495495495495319e+00 8.058323392076324199e-01
9.005755755755755487e+00 8.059760951643423210e-01
9.016016016016015655e+00 8.061190442786817512e-01
9.026276276276275823e+00 8.062611859184704022e-01
9.036536536536535991e+00 8.064025194598983814e-01
9.046796796796796158e+00 8.065430442785340714e-01
9.057057057057056326e+00 8.066827597538196448e-01
9.067317317317316494e+00 8.068216652697651758e-01
9.077577577577576662e+00 8.069597602148177451e-01
9.087837837837836830e+00 8.070970439771829597e-01
9.098098098098096997e+00 8.072335159513216452e-01
9.108358358358357165e+00 8.073691755344183374e-01
9.118618618618617333e+00 8.075040221287456133e-01
9.128878878878879277e+00 8.076380551364287230e-01
9.139139139139139445e+00 8.077712739671142339e-01
9.149399399399399613e+00 8.079036780299744258e-01
9.159659659659659781e+00 8.080352667405346079e-01
9.169919919919919948e+00 8.081660395170056077e-01
9.180180180180180116e+00 8.082959957823488972e-01
9.190440440440440284e+00 8.084251349584842261e-01
9.200700700700700452e+00 8.085534564755914033e-01
9.210960960960960620e+00 8.086809597675316263e-01
9.221221221221220787e+00 8.088076442669918098e-01
9.231481481481480955e+00 8.089335094143816907e-01
9.241741741741741123e+00 8.090585546516901871e-01
9.252002002002001291e+00 8.091827794262924645e-01
9.262262262262261459e+00 8.093061831867309763e-01
9.272522522522521626e+00 8.094287653867432430e-01
9.282782782782781794e+00 8.095505254814339136e-01
9.293043043043041962e+00 8.096714629332650848e-01
9.303303303303302130e+00 8.097915772055505057e-01
9.313563563563562298e+00 8.099108677638056086e-01
9.323823823823824242e+00 8.100293340812420029e-01
9.334084084084084409e+00 8.101469756305087477e-01
9.344344344344344577e+00 8.102637918903606851e-01
9.354604604604604745e+00 8.103797823431579950e-01
9.364864864864864913e+00 8.104949464720198060e-01
9.375125125125125081e+00 8.106092837669242046e-01
9.385385385385385248e+00 8.107227937201181289e-01
9.395645645645645416e+00 8.108354758271880680e-01
9.405905905905905584e+00 8.109473295872267062e-01
9.416166166166165752e+00 8.110583545036296194e-01
9.426426426426425920e+00 8.111685500836064433e-01
9.436686686686686087e+00 8.112779158359942899e-01
9.446946946946946255e+00 8.113864512747984703e-01
9.457207207207206423e+00 8.114941559184924991e-01
9.467467467467466591e+00 8.116010292884477950e-01
9.477727727727726759e+00 8.117070709079893254e-01
9.487987987987986926e+00 8.118122803046892155e-01
9.498248248248247094e+00 8.119166570118081516e-01
9.508508508508507262e+00 8.120202005643629706e-01
9.518768768768767430e+00 8.121229105018640260e-01
9.529029029029029374e+00 8.122247863676700375e-01
9.539289289289289542e+00 8.123258277059438592e-01
9.549549549549549710e+00 8.124260340693438831e-01
9.559809809809809877e+00 8.125254050096263336e-01
9.570070070070070045e+00 8.126239400846158034e-01
9.580330330330330213e+00 8.127216388556397497e-01
9.590590590590590381e+00 8.128185008873798356e-01
9.600850850850850549e+00 8.129145257482591758e-01
9.611111111111110716e+00 8.130097130094939839e-01
9.621371371371370884e+00 8.131040622469134505e-01
9.631631631631631052e+00 8.131975730410004877e-01
9.641891891891891220e+00 8.132902449732396510e-01
9.652152152152151388e+00 8.133820776300958455e-01
9.662412412412411555e+00 8.134730706041852777e-01
9.672672672672671723e+00 8.135632234871206236e-01
9.682932932932931891e+00 8.136525358775971162e-01
9.693193193193192059e+00 8.137410073776409902e-01
9.703453453453452227e+00 8.138286375908616588e-01
9.713713713713712394e+00 8.139154261277540270e-01
9.723973973973974338e+00 8.140013725998939131e-01
9.734234234234234506e+00 8.140864766242047468e-01
9.744494494494494674e+00 8.141707378187782451e-01
9.754754754754754842e+00 8.142541558084260833e-01
9.765015015015015010e+00 8.143367302210176017e-01
9.775275275275275177e+00 8.144184606871601728e-01
9.785535535535535345e+00 8.144993468411444448e-01
9.795795795795795513e+00 8.145793883232202992e-01
9.806056056056055681e+00 8.146585847733361918e-01
9.816316316316315849e+00 8.147369358402363204e-01
9.826576576576576016e+00 8.148144411700630751e-01
9.836836836836836184e+00 8.148911004184852258e-01
9.847097097097096352e+00 8.149669132430397145e-01
9.857357357357356520e+00 8.150418793040231646e-01
9.867617617617616688e+00 8.151159982654599956e-01
9.877877877877876855e+00 8.151892697978803115e-01
9.888138138138137023e+00 8.152616935705641055e-01
9.898398398398397191e+00 8.153332692620067768e-01
9.908658658658657359e+00 8.154039965501187481e-01
9.918918918918919303e+00 8.154738751192303070e-01
9.929179179179179471e+00 8.155429046559432571e-01
9.939439439439439639e+00 8.156110848529237733e-01
9.949699699699699806e+00 8.156784154025148448e-01
9.959959959959959974e+00 8.157448960054652920e-01
9.970220220220220142e+00 8.158105263621052705e-01
9.980480480480480310e+00 8.158753061802869189e-01
9.990740740740740478e+00 8.159392351689995770e-01
1.000100100100100065e+01 8.160023130416167447e-01
1.001126126126126081e+01 8.160645395163379501e-01
1.002152152152152098e+01 8.161259143129161453e-01
1.003178178178178115e+01 8.161864371581981636e-01
1.004204204204204132e+01 8.162461077796494546e-01
1.005230230230230148e+01 8.163049259113333012e-01
1.006256256256256165e+01 8.163628912870759535e-01
1.007282282282282182e+01 8.164200036505048219e-01
1.008308308308308199e+01 8.164762627425014019e-01
1.009334334334334216e+01 8.165316683120698027e-01
1.010360360360360232e+01 8.165862201112977781e-01
1.011386386386386249e+01 8.166399178946736059e-01
1.012412412412412444e+01 8.166927614215420128e-01
1.013438438438438460e+01 8.167447504552020066e-01
1.014464464464464477e+01 8.167958847627397878e-01
1.015490490490490494e+01 8.168461641144636465e-01
1.016516516516516511e+01 8.168955882840318594e-01
1.017542542542542527e+01 8.169441570511618567e-01
1.018568568568568544e+01 8.169918701970501074e-01
1.019594594594594561e+01 8.170387275080228662e-01
1.020620620620620578e+01 8.170847287735151232e-01
1.021646646646646595e+01 8.171298737872443319e-01
1.022672672672672611e+01 8.171741623469327420e-01
1.023698698698698628e+01 8.172175942523979275e-01
1.024724724724724645e+01 8.172601693105997489e-01
1.025750750750750662e+01 8.173018873295059272e-01
1.026776776776776678e+01 8.173427481218039636e-01
1.027802802802802695e+01 8.173827515041501846e-01
1.028828828828828712e+01 8.174218972960538565e-01
1.029854854854854729e+01 8.174601853236598270e-01
1.030880880880880746e+01 8.174976154132519435e-01
1.031906906906906940e+01 8.175341873984091068e-01
1.032932932932932957e+01 8.175699011125336924e-01
1.033958958958958974e+01 8.176047563983327437e-01
1.034984984984984990e+01 8.176387530970574691e-01
1.036011011011011007e+01 8.176718910554138242e-01
1.037037037037037024e+01 8.177041701273696228e-01
1.038063063063063041e+01 8.177355901653894366e-01
1.039089089089089057e+01 8.177661510285944013e-01
1.040115115115115074e+01 8.177958525804177592e-01
1.041141141141141091e+01 8.178246946877953949e-01
1.042167167167167108e+01 8.178526772205457762e-01
1.043193193193193125e+01 8.178798000524762912e-01
1.044219219219219141e+01 8.179060630628401940e-01
1.045245245245245158e+01 8.179314661328964675e-01
1.046271271271271175e+01 8.179560091481830053e-01
1.047297297297297192e+01 8.179796919999381410e-01
1.048323323323323208e+01 8.180025145796643304e-01
1.049349349349349225e+01 8.180244767850998189e-01
1.050375375375375242e+01 8.180455785188435192e-01
1.051401401401401436e+01 8.180658196861982923e-01
1.052427427427427453e+01 8.180852001938675455e-01
1.053453453453453470e+01 8.181037199565691642e-01
1.054479479479479487e+01 8.181213788914677432e-01
1.055505505505505504e+01 8.181381769183612152e-01
1.056531531531531520e+01 8.181541139614123548e-01
1.057557557557557537e+01 8.181691899493710451e-01
1.058583583583583554e+01 8.181834048156978456e-01
1.059609609609609571e+01 8.181967584930021076e-01
1.060635635635635587e+01 8.182092509250138423e-01
1.061661661661661604e+01 8.182208820538083849e-01
1.062687687687687621e+01 8.182316518269471262e-01
1.063713713713713638e+01 8.182415601972934383e-01
1.064739739739739655e+01 8.182506071182769070e-01
1.065765765765765671e+01 8.182587925512028182e-01
1.066791791791791688e+01 8.182661164583853175e-01
1.067817817817817705e+01 8.182725788058295979e-01
1.068843843843843722e+01 8.182781795671301150e-01
1.069869869869869738e+01 8.182829187153104478e-01
1.070895895895895755e+01 8.182867962283311147e-01
1.071921921921921950e+01 8.182898120905001127e-01
1.072947947947947966e+01 8.182919662874669209e-01
1.073973973973973983e+01 8.182932588093553283e-01
1.075000000000000000e+01 8.182936896506454172e-01
