1.000000000000000021e-02 6.311603263838767072e-04
5.003003003003003712e-02 1.142128999448419231e-02
9.006006006006006537e-02 2.421559667867467097e-02
1.300900900900901214e-01 3.565798058892572647e-02
1.701201201201201496e-01 4.541752211748274065e-02
2.101501501501501779e-01 5.364968606769861259e-02
2.501801801801802339e-01 6.058253771807602800e-02
2.902102102102102621e-01 6.642833454441968155e-02
3.302402402402402903e-01 7.136655851536499728e-02
3.702702702702703186e-01 7.554472609414777939e-02
4.103003003003003468e-01 7.908323353364887787e-02
4.503303303303303751e-01 8.208045917809804470e-02
4.903603603603604588e-01 8.461715659498697528e-02
5.303903903903904871e-01 8.676000336873067320e-02
5.704204204204205153e-01 8.856440258926624731e-02
6.104504504504505435e-01 9.007667923768095108e-02
6.504804804804805718e-01 9.133580288319657903e-02
6.905105105105106000e-01 9.237474415205174094e-02
7.305405405405406283e-01 9.322154882398336895e-02
7.705705705705706565e-01 9.390019376108710292e-02
8.106006006006006848e-01 9.443127351115709889e-02
8.506306306306307130e-01 9.483255473352714127e-02
8.906606606606607413e-01 9.511942678925444650e-02
9.306906906906907695e-01 9.530527022477013055e-02
9.707207207207209088e-01 9.540175990542794360e-02
1.010750750750750937e+00 9.541911580180899299e-02
1.050780780780780965e+00 9.536631158383231111e-02
1.090810810810810993e+00 9.525124900454903787e-02
1.130840840840841022e+00 9.508090438693110602e-02
1.170870870870871050e+00 9.486145223779089697e-02
1.210900900900901078e+00 9.459837001068946427e-02
1.250930930930931106e+00 9.429652725566348148e-02
1.290960960960961135e+00 9.396026177662346324e-02
1.330990990990991163e+00 9.359344492893062473e-02
1.371021021021021191e+00 9.319953780096543183e-02
1.411051051051051219e+00 9.278163971244995922e-02
1.451081081081081248e+00 9.234253021208015111e-02
1.491111111111111276e+00 9.188470555475812540e-02
1.531141141141141304e+00 9.141041047442494127e-02
1.571171171171171332e+00 9.092166593443831712e-02
1.611201201201201361e+00 9.042029342757341992e-02
1.651231231231231389e+00 8.990793630730749275e-02
1.691261261261261417e+00 8.938607855733231300e-02
1.731291291291291445e+00 8.885606134426372871e-02
1.771321321321321474e+00 8.831909764691379949e-02
1.811351351351351502e+00 8.777628521237461345e-02
1.851381381381381530e+00 8.722861805301281024e-02
1.891411411411411558e+00 8.667699666806280567e-02
1.931441441441441809e+00 8.612223714784691952e-02
1.971471471471471837e+00 8.556507929692810932e-02
2.011501501501501643e+00 8.500619389406292858e-02
2.051531531531531449e+00 8.444618919112462097e-02
2.091561561561561700e+00 8.388561673976584199e-02
2.131591591591591506e+00 8.332497662312228492e-02
2.171621621621621756e+00 8.276472216001708182e-02
2.211651651651651562e+00 8.220526414066135767e-02
2.251681681681681813e+00 8.164697464554858397e-02
2.291711711711711619e+00 8.109019049293332559e-02
2.331741741741741869e+00 8.053521635482277508e-02
2.371771771771771675e+00 7.998232757667002313e-02
2.411801801801801926e+00 7.943177273183293918e-02
2.451831831831831732e+00 7.888377593827260170e-02
2.491861861861861982e+00 7.833853896182521592e-02
2.531891891891891788e+00 7.779624312763874783e-02
2.571921921921922038e+00 7.725705105896044089e-02
2.611951951951952289e+00 7.672110826034932163e-02
2.651981981981982095e+00 7.618854456053097968e-02
2.692012012012012345e+00 7.565947542847704932e-02
2.732042042042042151e+00 7.513400317484754398e-02
2.772072072072072402e+00 7.461221804965928461e-02
2.812102102102102208e+00 7.409419924591530149e-02
2.852132132132132458e+00 7.358001581792888990e-02
2.892162162162162264e+00 7.306972752218833522e-02
2.932192192192192515e+00 7.256338558781892656e-02
2.972222222222222321e+00 7.206103342299642611e-02
3.012252252252252571e+00 7.156270726303916307e-02
3.052282282282282377e+00 7.106843676534826959e-02
3.092312312312312628e+00 7.057824555586494908e-02
3.132342342342342434e+00 7.009215173126809306e-02
3.172372372372372684e+00 6.961016832073424476e-02
3.212402402402402490e+00 6.913230371072409675e-02
3.252432432432432741e+00 6.865856203593677376e-02
3.292462462462462547e+00 6.818894353928410534e-02
3.332492492492492797e+00 6.772344490347624590e-02
3.372522522522522603e+00 6.726205955657552082e-02
3.412552552552552854e+00 6.680477795366392135e-02
3.452582582582582660e+00 6.635158783657840731e-02
3.492612612612612910e+00 6.590247447349606436e-02
3.532642642642642716e+00 6.545742087999505132e-02
3.572672672672672967e+00 6.501640802307591394e-02
3.612702702702702773e+00 6.457941500950029057e-02
3.652732732732733023e+00 6.414641925968798952e-02
3.692762762762762829e+00 6.371739666830787685e-02
3.732792792792793080e+00 6.329232175260288140e-02
3.772822822822822886e+00 6.287116778940235462e-02
3.812852852852853136e+00 6.245390694169578732e-02
3.852882882882883386e+00 6.204051037557016535e-02
3.892912912912913193e+00 6.163094836824772882e-02
3.932942942942943443e+00 6.122519040790077444e-02
3.972972972972973249e+00 6.082320528586569741e-02
4.013003003003003499e+00 6.042496118182899556e-02
4.053033033033033306e+00 6.003042574251177960e-02
4.093063063063063112e+00 5.963956615433813752e-02
4.133093093093093806e+00 5.925234921053439824e-02
4.173123123123123612e+00 5.886874137307166605e-02
4.213153153153153418e+00 5.848870882983150249e-02
4.253183183183183225e+00 5.811221754734600953e-02
4.293213213213213919e+00 5.773923331943590226e-02
4.333243243243243725e+00 5.736972181204626903e-02
4.373273273273273531e+00 5.700364860455615218e-02
4.413303303303303338e+00 5.664097922781804323e-02
4.453333333333334032e+00 5.628167919916367279e-02
4.493363363363363838e+00 5.592571405459494799e-02
4.533393393393393644e+00 5.557304937836275022e-02
4.573423423423423451e+00 5.522365083012132497e-02
4.613453453453454145e+00 5.487748416983208311e-02
4.653483483483483951e+00 5.453451528057792763e-02
4.693513513513513757e+00 5.419471018943768093e-02
4.733543543543543564e+00 5.385803508655906402e-02
4.773573573573574258e+00 5.352445634255893064e-02
4.813603603603604064e+00 5.319394052437009107e-02
4.853633633633633870e+00 5.286645440964546361e-02
4.893663663663663677e+00 5.254196499982256852e-02
4.933693693693694371e+00 5.222043953194394073e-02
4.973723723723724177e+00 5.190184548932227915e-02
5.013753753753753983e+00 5.158615061113287770e-02
5.053783783783783790e+00 5.127332290101024870e-02
5.093813813813814484e+00 5.096333063472023583e-02
5.133843843843844290e+00 5.065614236697407041e-02
5.173873873873874096e+00 5.035172693744607159e-02
5.213903903903904791e+00 5.005005347605281929e-02
5.253933933933934597e+00 4.975109140754681997e-02
5.293963963963964403e+00 4.945481045547504145e-02
5.333993993993994209e+00 4.916118064554830108e-02
5.374024024024024904e+00 4.887017230846504856e-02
5.414054054054054710e+00 4.858175608222953246e-02
5.454084084084084516e+00 4.829590291400202157e-02
5.494114114114114322e+00 4.801258406151601849e-02
5.534144144144145017e+00 4.773177109409489777e-02
5.574174174174174823e+00 4.745343589329856920e-02
5.614204204204204629e+00 4.717755065322801200e-02
5.654234234234234435e+00 4.690408788051463052e-02
5.694264264264265130e+00 4.663302039401840543e-02
5.734294294294294936e+00 4.636432132425822444e-02
5.774324324324324742e+00 4.609796411259542426e-02
5.814354354354354548e+00 4.583392251019062502e-02
5.854384384384385243e+00 4.557217057675234245e-02
5.894414414414415049e+00 4.531268267909477343e-02
5.934444444444444855e+00 4.505543348952065208e-02
5.974474474474474661e+00 4.480039798404451129e-02
6.014504504504505356e+00 4.454755144047016502e-02
6.054534534534535162e+00 4.429686943633553281e-02
6.094564564564564968e+00 4.404832784673692186e-02
6.134594594594594774e+00 4.380190284204418111e-02
6.174624624624625469e+00 4.355757088551732992e-02
6.214654654654655275e+00 4.331530873083435512e-02
6.254684684684685081e+00 4.307509341953944665e-02
6.294714714714714887e+00 4.283690227842021359e-02
6.334744744744745581e+00 4.260071291682177019e-02
6.374774774774775388e+00 4.236650322390516504e-02
6.414804804804805194e+00 4.213425136585692565e-02
6.454834834834835888e+00 4.190393578305617178e-02
6.494864864864865694e+00 4.167553518720536893e-02
6.534894894894895501e+00 4.144902855842990536e-02
6.574924924924925307e+00 4.122439514235209934e-02
6.614954954954956001e+00 4.100161444714394560e-02
6.654984984984985807e+00 4.078066624056339573e-02
6.695015015015015614e+00 4.056153054697799604e-02
6.735045045045045420e+00 4.034418764437982391e-02
6.775075075075076114e+00 4.012861806139526866e-02
6.815105105105105920e+00 3.991480257429285555e-02
6.855135135135135727e+00 3.970272220399204133e-02
6.895165165165165533e+00 3.949235821307596483e-02
6.935195195195196227e+00 3.928369210281060231e-02
6.975225225225226033e+00 3.907670561017264482e-02
7.015255255255255840e+00 3.887138070488838082e-02
7.055285285285285646e+00 3.866769958648556132e-02
7.095315315315316340e+00 3.846564468136002418e-02
7.135345345345346146e+00 3.826519863985884673e-02
7.175375375375375953e+00 3.806634433338153961e-02
7.215405405405405759e+00 3.786906485150067642e-02
7.255435435435436453e+00 3.767334349910324287e-02
7.295465465465466259e+00 3.747916379355392680e-02
7.335495495495496066e+00 3.728650946188131338e-02
7.375525525525525872e+00 3.709536443798803346e-02
7.415555555555556566e+00 3.690571285988569761e-02
7.455585585585586372e+00 3.671753906695535141e-02
7.495615615615616179e+00 3.653082759723416673e-02
7.535645645645645985e+00 3.634556318472903502e-02
7.575675675675676679e+00 3.616173075675748610e-02
7.615705705705706485e+00 3.597931543131655668e-02
7.655735735735736291e+00 3.579830251447982392e-02
7.695765765765766986e+00 3.561867749782317988e-02
7.735795795795796792e+00 3.544042605587951339e-02
7.775825825825826598e+00 3.526353404362247285e-02
7.815855855855856404e+00 3.508798749397972622e-02
7.855885885885887099e+00 3.491377261537571136e-02
7.895915915915916905e+00 3.474087578930400155e-02
7.935945945945946711e+00 3.456928356792947354e-02
7.975975975975976517e+00 3.439898267172015328e-02
8.016006006006007212e+00 3.422995998710895438e-02
8.056036036036037018e+00 3.406220256418513587e-02
8.096066066066066824e+00 3.389569761441539597e-02
8.136096096096096630e+00 3.373043250839480311e-02
8.176126126126126437e+00 3.356639477362712010e-02
8.216156156156156243e+00 3.340357209233462549e-02
8.256186186186187825e+00 3.324195229929725881e-02
8.296216216216217632e+00 3.308152337972085355e-02
8.336246246246247438e+00 3.292227346713440944e-02
8.376276276276277244e+00 3.276419084131609871e-02
8.416306306306307050e+00 3.260726392624790221e-02
8.456336336336336856e+00 3.245148128809853538e-02
8.496366366366366663e+00 3.229683163323464334e-02
8.536396396396396469e+00 3.214330380625978617e-02
8.576426426426428051e+00 3.199088678808114511e-02
8.616456456456457857e+00 3.183956969400360271e-02
8.656486486486487664e+00 3.168934177185099565e-02
8.696516516516517470e+00 3.154019240011420727e-02
8.736546546546547276e+00 3.139211108612589840e-02
8.776576576576577082e+00 3.124508746426146386e-02
8.816606606606606888e+00 3.109911129416612768e-02
8.856636636636636695e+00 3.095417245900769498e-02
8.896666666666668277e+00 3.081026096375477294e-02
8.936696696696698083e+00 3.066736693348017309e-02
8.976726726726727890e+00 3.052548061168904384e-02
9.016756756756757696e+00 3.038459235867173314e-02
9.056786786786787502e+00 3.024469264988066328e-02
9.096816816816817308e+00 3.010577207433138072e-02
9.136846846846847114e+00 2.996782133302703863e-02
9.176876876876878697e+00 2.983083123740633974e-02
9.216906906906908503e+00 2.969479270781445052e-02
9.256936936936938309e+00 2.955969677199659501e-02
9.296966966966968116e+00 2.942553456361414813e-02
9.336996996996997922e+00 2.929229732078275639e-02
9.377027027027027728e+00 2.915997638463233357e-02
9.417057057057057534e+00 2.902856319788849060e-02
9.457087087087087340e+00 2.889804930347521922e-02
9.497117117117118923e+00 2.876842634313846528e-02
9.537147147147148729e+00 2.863968605609035212e-02
9.577177177177178535e+00 2.851182027767362737e-02
9.617207207207208342e+00 2.838482093804621173e-02
9.657237237237238148e+00 2.825868006088545076e-02
9.697267267267267954e+00 2.813338976211183715e-02
9.737297297297297760e+00 2.800894224863187051e-02
9.777327327327327566e+00 2.788532981709978403e-02
9.817357357357359149e+00 2.776254485269788116e-02
9.857387387387388955e+00 2.764057982793525006e-02
9.897417417417418761e+00 2.751942730146437338e-02
9.937447447447448567e+00 2.739907991691571676e-02
9.977477477477478374e+00 2.727953040174963331e-02
1.001750750750750818e+01 2.716077156612564311e-02
1.005753753753753799e+01 2.704279630178864011e-02
1.009756756756756779e+01 2.692559758097179748e-02
1.013759759759759937e+01 2.680916845531596676e-02
1.017762762762762918e+01 2.669350205480530702e-02
1.021765765765765899e+01 2.657859158671882494e-02
1.025768768768768879e+01 2.646443033459766267e-02
1.029771771771771860e+01 2.635101165722783176e-02
1.033774774774774841e+01 2.623832898763822294e-02
1.037777777777777821e+01 2.612637583211355197e-02
1.041780780780780979e+01 2.601514576922211996e-02
1.045783783783783960e+01 2.590463244885805177e-02
1.049786786786786941e+01 2.579482959129785619e-02
1.053789789789789921e+01 2.568573098627109988e-02
1.057792792792792902e+01 2.557733049204487241e-02
1.061795795795795883e+01 2.546962203452192083e-02
1.065798798798798863e+01 2.536259960635223881e-02
1.069801801801801844e+01 2.525625726605780150e-02
1.073804804804805002e+01 2.515058913717035244e-02
1.077807807807807983e+01 2.504558940738199971e-02
1.081810810810810963e+01 2.494125232770831591e-02
1.085813813813813944e+01 2.483757221166396634e-02
1.089816816816816925e+01 2.473454343445044556e-02
1.093819819819819905e+01 2.463216043215581477e-02
1.097822822822822886e+01 2.453041770096632199e-02
1.101825825825825866e+01 2.442930979638960678e-02
1.105828828828829025e+01 2.432883133248932642e-02
1.109831831831832005e+01 2.422897698113110967e-02
1.113834834834834986e+01 2.412974147123950544e-02
1.117837837837837967e+01 2.403111958806592244e-02
1.121840840840840947e+01 2.393310617246724795e-02
1.125843843843843928e+01 2.383569612019505179e-02
1.129846846846846908e+01 2.373888438119516747e-02
1.133849849849849889e+01 2.364266595891753239e-02
1.137852852852853047e+01 2.354703590963605833e-02
1.141855855855856028e+01 2.345198934177843836e-02
1.145858858858859008e+01 2.335752141526567863e-02
1.149861861861861989e+01 2.326362734086123707e-02
1.153864864864864970e+01 2.317030237952960592e-02
1.157867867867867950e+01 2.307754184180418541e-02
1.161870870870870931e+01 2.298534108716429256e-02
1.165873873873874089e+01 2.289369552342116962e-02
1.169876876876877070e+01 2.280260060611288137e-02
1.173879879879880050e+01 2.271205183790786855e-02
1.177882882882883031e+01 2.262204476801712646e-02
1.181885885885886012e+01 2.253257499161480729e-02
1.185888888888888992e+01 2.244363814926714565e-02
1.189891891891891973e+01 2.235522992636953046e-02
1.193894894894894954e+01 2.226734605259167790e-02
1.197897897897898112e+01 2.217998230133062798e-02
1.201900900900901092e+01 2.209313448917168965e-02
1.205903903903904073e+01 2.200679847535689029e-02
1.209906906906907054e+01 2.192097016126108924e-02
1.213909909909910034e+01 2.183564548987549161e-02
1.217912912912913015e+01 2.175082044529846187e-02
1.221915915915915996e+01 2.166649105223358157e-02
1.225918918918918976e+01 2.158265337549471544e-02
1.229921921921922134e+01 2.149930351951816199e-02
1.233924924924925115e+01 2.141643762788157657e-02
1.237927927927928096e+01 2.133405188282970488e-02
1.241930930930931076e+01 2.125214250480673972e-02
1.245933933933934057e+01 2.117070575199526614e-02
1.249936936936937038e+01 2.108973791986163554e-02
1.253939939939940018e+01 2.100923534070765070e-02
1.257942942942942999e+01 2.092919438322854431e-02
1.261945945945946157e+01 2.084961145207712974e-02
1.265948948948949138e+01 2.077048298743391225e-02
1.269951951951952118e+01 2.069180546458327871e-02
1.273954954954955099e+01 2.061357539349544313e-02
1.277957957957958079e+01 2.053578931841427285e-02
1.281960960960961060e+01 2.045844381745072840e-02
1.285963963963964041e+01 2.038153550218194110e-02
1.289966966966967199e+01 2.030506101725576204e-02
1.293969969969970180e+01 2.022901704000084483e-02
1.297972972972973160e+01 2.015340028004191514e-02
1.301975975975976141e+01 2.007820747892043178e-02
1.305978978978979121e+01 2.000343540972037912e-02
1.309981981981982102e+01 1.992908087669917686e-02
1.313984984984985083e+01 1.985514071492357896e-02
1.317987987987988063e+01 1.978161178991057895e-02
1.321990990990991222e+01 1.970849099727313772e-02
1.325993993993994202e+01 1.963577526237073045e-02
1.329996996996997183e+01 1.956346153996460502e-02
1.334000000000000163e+01 1.949154681387770330e-02
1.338003003003003144e+01 1.942002809665918650e-02
1.342006006006006125e+01 1.934890242925340134e-02
1.346009009009009105e+01 1.927816688067338080e-02
1.350012012012012086e+01 1.920781854767865393e-02
1.354015015015015244e+01 1.913785455445738901e-02
1.358018018018018225e+01 1.906827205231279715e-02
1.362021021021021205e+01 1.899906821935367501e-02
1.366024024024024186e+01 1.893024026018912814e-02
1.370027027027027167e+01 1.886178540562727726e-02
1.374030030030030147e+01 1.879370091237802728e-02
1.378033033033033128e+01 1.872598406275972210e-02
1.382036036036036108e+01 1.865863216440971292e-02
1.386039039039039267e+01 1.859164254999870133e-02
1.390042042042042247e+01 1.852501257694890921e-02
1.394045045045045228e+01 1.845873962715589151e-02
1.398048048048048209e+01 1.839282110671401627e-02
1.402051051051051189e+01 1.832725444564557021e-02
1.406054054054054170e+01 1.826203709763337193e-02
1.410057057057057150e+01 1.819716653975689616e-02
1.414060060060060309e+01 1.813264027223181543e-02
1.418063063063063289e+01 1.806845581815297655e-02
1.422066066066066270e+01 1.800461072324063133e-02
1.426069069069069251e+01 1.794110255559005357e-02
1.430072072072072231e+01 1.787792890542433399e-02
1.434075075075075212e+01 1.781508738485037061e-02
1.438078078078078192e+01 1.775257562761804742e-02
1.442081081081081173e+01 1.769039128888244550e-02
1.446084084084084331e+01 1.762853204496918000e-02
1.450087087087087312e+01 1.756699559314272782e-02
1.454090090090090293e+01 1.750577965137765576e-02
1.458093093093093273e+01 1.744488195813287054e-02
1.462096096096096254e+01 1.738430027212868254e-02
1.466099099099099234e+01 1.732403237212674224e-02
1.470102102102102215e+01 1.726407605671275575e-02
1.474105105105105196e+01 1.720442914408196536e-02
1.478108108108108354e+01 1.714508947182735027e-02
1.482111111111111335e+01 1.708605489673049177e-02
1.486114114114114315e+01 1.702732329455510993e-02
1.490117117117117296e+01 1.696889255984314684e-02
1.494120120120120276e+01 1.691076060571348322e-02
1.498123123123123257e+01 1.685292536366313904e-02
1.502126126126126238e+01 1.679538478337096186e-02
1.506129129129129218e+01 1.673813683250379228e-02
1.510132132132132377e+01 1.668117949652506149e-02
1.514135135135135357e+01 1.662451077850573417e-02
1.518138138138138338e+01 1.656812869893762794e-02
1.522141141141141318e+01 1.651203129554907473e-02
1.526144144144144299e+01 1.645621662312283379e-02
1.530147147147147280e+01 1.640068275331625289e-02
1.534150150150150260e+01 1.634542777448370551e-02
1.538153153153153418e+01 1.629044979150116174e-02
1.542156156156156399e+01 1.623574692559295526e-02
1.546159159159159380e+01 1.618131731416064950e-02
1.550162162162162360e+01 1.612715911061405119e-02
1.554165165165165341e+01 1.607327048420422941e-02
1.558168168168168322e+01 1.601964961985864397e-02
1.562171171171171302e+01 1.596629471801824796e-02
1.566174174174174283e+01 1.591320399447656436e-02
1.570177177177177441e+01 1.586037568022077154e-02
1.574180180180180422e+01 1.580780802127466911e-02
1.578183183183183402e+01 1.575549927854355894e-02
1.582186186186186383e+01 1.570344772766103097e-02
1.586189189189189364e+01 1.565165165883754955e-02
1.590192192192192344e+01 1.560010937671094111e-02
1.594195195195195325e+01 1.554881920019858706e-02
1.598198198198198305e+01 1.549777946235147801e-02
1.602201201201201641e+01 1.544698851020996806e-02
1.606204204204204444e+01 1.539644470466129331e-02
1.610207207207207603e+01 1.534614642029873480e-02
1.614210210210210406e+01 1.529609204528255620e-02
1.618213213213213564e+01 1.524627998120247838e-02
1.622216216216216722e+01 1.519670864294191473e-02
1.626219219219219525e+01 1.514737645854373656e-02
1.630222222222222683e+01 1.509828186907763090e-02
1.634225225225225486e+01 1.504942332850909940e-02
1.638228228228228645e+01 1.500079930356989881e-02
1.642231231231231448e+01 1.495240827363010679e-02
1.646234234234234606e+01 1.490424873057163806e-02
1.650237237237237764e+01 1.485631917866325757e-02
1.654240240240240567e+01 1.480861813443707688e-02
1.658243243243243725e+01 1.476114412656645905e-02
1.662246246246246528e+01 1.471389569574542769e-02
1.666249249249249686e+01 1.466687139456935782e-02
1.670252252252252489e+01 1.462006978741720899e-02
1.674255255255255648e+01 1.457348945033498655e-02
1.678258258258258806e+01 1.452712897092066878e-02
1.682261261261261609e+01 1.448098694821040033e-02
1.686264264264264767e+01 1.443506199256600411e-02
1.690267267267267570e+01 1.438935272556385835e-02
1.694270270270270728e+01 1.434385777988494634e-02
1.698273273273273531e+01 1.429857579920629923e-02
1.702276276276276690e+01 1.425350543809357148e-02
1.706279279279279493e+01 1.420864536189492613e-02
1.710282282282282651e+01 1.416399424663609442e-02
1.714285285285285809e+01 1.411955077891667056e-02
1.718288288288288612e+01 1.407531365580754444e-02
1.722291291291291770e+01 1.403128158474953834e-02
1.726294294294294573e+01 1.398745328345321441e-02
1.730297297297297732e+01 1.394382747979973532e-02
1.734300300300300535e+01 1.390040291174298066e-02
1.738303303303303693e+01 1.385717832721262283e-02
1.742306306306306851e+01 1.381415248401845521e-02
1.746309309309309654e+01 1.377132414975564510e-02
1.750312312312312812e+01 1.372869210171117835e-02
1.754315315315315615e+01 1.368625512677128057e-02
1.758318318318318774e+01 1.364401202132991403e-02
1.762321321321321577e+01 1.360196159119829266e-02
1.766324324324324735e+01 1.356010265151538774e-02
1.770327327327327538e+01 1.351843402665948123e-02
1.774330330330330696e+01 1.347695455016064900e-02
1.778333333333333854e+01 1.343566306461426926e-02
1.782336336336336657e+01 1.339455842159545731e-02
1.786339339339339816e+01 1.335363948157445094e-02
1.790342342342342619e+01 1.331290511383297938e-02
1.794345345345345777e+01 1.327235419638147368e-02
1.798348348348348580e+01 1.323198561587730047e-02
1.802351351351351738e+01 1.319179826754378164e-02
1.806354354354354896e+01 1.315179105509018537e-02
1.810357357357357699e+01 1.311196289063258462e-02
1.814360360360360858e+01 1.307231269461554130e-02
1.818363363363363661e+01 1.303283939573470634e-02
1.822366366366366819e+01 1.299354193086021785e-02
1.826369369369369622e+01 1.295441924496097165e-02
1.830372372372372780e+01 1.291547029102968654e-02
1.834375375375375938e+01 1.287669403000881070e-02
1.838378378378378741e+01 1.283808943071723316e-02
1.842381381381381900e+01 1.279965546977773760e-02
1.846384384384384703e+01 1.276139113154533926e-02
1.850387387387387861e+01 1.272329540803629824e-02
1.854390390390390664e+01 1.268536729885796216e-02
1.858393393393393822e+01 1.264760581113934419e-02
1.862396396396396625e+01 1.261000995946243500e-02
1.866399399399399783e+01 1.257257876579428481e-02
1.870402402402402942e+01 1.253531125941978810e-02
1.874405405405405745e+01 1.249820647687518646e-02
1.878408408408408903e+01 1.246126346188229476e-02
1.882411411411411706e+01 1.242448126528344216e-02
1.886414414414414864e+01 1.238785894497706173e-02
1.890417417417417667e+01 1.235139556585402101e-02
1.894420420420420825e+01 1.231509019973457512e-02
1.898423423423423984e+01 1.227894192530604688e-02
1.902426426426426787e+01 1.224294982806110703e-02
1.906429429429429945e+01 1.220711300023673458e-02
1.910432432432432748e+01 1.217143054075385013e-02
1.914435435435435906e+01 1.213590155515752340e-02
1.918438438438438709e+01 1.210052515555786433e-02
1.922441441441441867e+01 1.206530046057150730e-02
1.926444444444445026e+01 1.203022659526371309e-02
1.930447447447447828e+01 1.199530269109108822e-02
1.934450450450450987e+01 1.196052788584488560e-02
1.938453453453453790e+01 1.192590132359491392e-02
1.942456456456456948e+01 1.189142215463401264e-02
1.946459459459459751e+01 1.185708953542313586e-02
1.950462462462462909e+01 1.182290262853696351e-02
1.954465465465465712e+01 1.178886060261012843e-02
1.958468468468468870e+01 1.175496263228393429e-02
1.962471471471472029e+01 1.172120789815370330e-02
1.966474474474474832e+01 1.168759558671660440e-02
1.970477477477477990e+01 1.165412489032003826e-02
1.974480480480480793e+01 1.162079500711057402e-02
1.978483483483483951e+01 1.158760514098337163e-02
1.982486486486486754e+01 1.155455450153217850e-02
1.986489489489489912e+01 1.152164230399975800e-02
1.990492492492493071e+01 1.148886776922892518e-02
1.994495495495495874e+01 1.145623012361399184e-02
1.998498498498499032e+01 1.142372859905275116e-02
2.002501501501501835e+01 1.139136243289896704e-02
2.006504504504504993e+01 1.135913086791529546e-02
2.010507507507507796e+01 1.132703315222672799e-02
2.014510510510510954e+01 1.129506853927448283e-02
2.018513513513513757e+01 1.126323628777040065e-02
2.022516516516516916e+01 1.123153566165171514e-02
2.026519519519520074e+01 1.119996593003639782e-02
2.030522522522522877e+01 1.116852636717885483e-02
2.034525525525526035e+01 1.113721625242610792e-02
2.038528528528528838e+01 1.110603487017443672e-02
2.042531531531531996e+01 1.107498150982640095e-02
2.046534534534534799e+01 1.104405546574835882e-02
2.050537537537537958e+01 1.101325603722833925e-02
2.054540540540541116e+01 1.098258252843440849e-02
2.058543543543543919e+01 1.095203424837338721e-02
2.062546546546547077e+01 1.092161051085001680e-02
2.066549549549549880e+01 1.089131063442652647e-02
2.070552552552553038e+01 1.086113394238257500e-02
2.074555555555555841e+01 1.083107976267564179e-02
2.078558558558559000e+01 1.080114742790174408e-02
2.082561561561562158e+01 1.077133627525660164e-02
2.086564564564564961e+01 1.074164564649715201e-02
2.090567567567568119e+01 1.071207488790343505e-02
2.094570570570570922e+01 1.068262335024090098e-02
2.098573573573574080e+01 1.065329038872302354e-02
2.102576576576576883e+01 1.062407536297434174e-02
2.106579579579580042e+01 1.059497763699380687e-02
2.110582582582582845e+01 1.056599657911854069e-02
2.114585585585586003e+01 1.053713156198789885e-02
2.118588588588589161e+01 1.050838196250792646e-02
2.122591591591591964e+01 1.047974716181613968e-02
2.126594594594595122e+01 1.045122654524662659e-02
2.130597597597597925e+01 1.042281950229554353e-02
2.134600600600601084e+01 1.039452542658688555e-02
2.138603603603603887e+01 1.036634371583864192e-02
2.142606606606607045e+01 1.033827377182922926e-02
2.146609609609610203e+01 1.031031500036427503e-02
2.150612612612613006e+01 1.028246681124373937e-02
2.154615615615616164e+01 1.025472861822929356e-02
2.158618618618618967e+01 1.022709983901208715e-02
2.162621621621622126e+01 1.019957989518075446e-02
2.166624624624624929e+01 1.017216821218978537e-02
2.170627627627628087e+01 1.014486421932814936e-02
2.174630630630630890e+01 1.011766734968826652e-02
2.178633633633634048e+01 1.009057704013522835e-02
2.182636636636637206e+01 1.006359273127634298e-02
2.186639639639640009e+01 1.003671386743096999e-02
2.190642642642643168e+01 1.000993989660060521e-02
2.194645645645645970e+01 9.983270270439310520e-03
2.198648648648649129e+01 9.956704444224353731e-03
2.202651651651651932e+01 9.930241876827193559e-03
2.206654654654655090e+01 9.903882030684683230e-03
2.210657657657658248e+01 9.877624371770579378e-03
2.214660660660661051e+01 9.851468369567300751e-03
2.218663663663664209e+01 9.825413497037967930e-03
2.222666666666667012e+01 9.799459230598694601e-03
2.226669669669670171e+01 9.773605050091126872e-03
2.230672672672672974e+01 9.747850438755289657e-03
2.234675675675676132e+01 9.722194883202597837e-03
2.238678678678679290e+01 9.696637873389231735e-03
2.242681681681682093e+01 9.671178902589654819e-03
2.246684684684685251e+01 9.645817467370441933e-03
2.250687687687688054e+01 9.620553067564339977e-03
2.254690690690691213e+01 9.595385206244541956e-03
2.258693693693694016e+01 9.570313389699248996e-03
2.262696696696697174e+01 9.545337127406411035e-03
2.266699699699699977e+01 9.520455932008743336e-03
2.270702702702703135e+01 9.495669319288952900e-03
2.274705705705706293e+01 9.470976808145204276e-03
2.278708708708709096e+01 9.446377920566796996e-03
2.282711711711712255e+01 9.421872181610084149e-03
2.286714714714715058e+01 9.397459119374600850e-03
2.290717717717718216e+01 9.373138264979411285e-03
2.294720720720721019e+01 9.348909152539665660e-03
2.298723723723724177e+01 9.324771319143401738e-03
2.302726726726727335e+01 9.300724304828518127e-03
2.306729729729730138e+01 9.276767652559985214e-03
2.310732732732733297e+01 9.252900908207241717e-03
2.314735735735736100e+01 9.229123620521825430e-03
2.318738738738739258e+01 9.205435341115173961e-03
2.322741741741742061e+01 9.181835624436664872e-03
2.326744744744745219e+01 9.158324027751798060e-03
2.330747747747748377e+01 9.134900111120648758e-03
2.334750750750751180e+01 9.111563437376450636e-03
2.338753753753754339e+01 9.088313572104397484e-03
2.342756756756757142e+01 9.065150083620656524e-03
2.346759759759760300e+01 9.042072542951517036e-03
2.350762762762763103e+01 9.019080523812793987e-03
2.354765765765766261e+01 8.996173602589349616e-03
2.358768768768769064e+01 8.973351358314850951e-03
2.362771771771772222e+01 8.950613372651667829e-03
2.366774774774775381e+01 8.927959229870986030e-03
2.370777777777778184e+01 8.905388516833079998e-03
2.374780780780781342e+01 8.882900822967743429e-03
2.378783783783784145e+01 8.860495740254931488e-03
2.382786786786787303e+01 8.838172863205543545e-03
2.386789789789790106e+01 8.815931788842401931e-03
2.390792792792793264e+01 8.793772116681366005e-03
2.394795795795796423e+01 8.771693448712656119e-03
2.398798798798799226e+01 8.749695389382297281e-03
2.402801801801802384e+01 8.727777545573760579e-03
2.406804804804805187e+01 8.705939526589755520e-03
2.410807807807808345e+01 8.684180944134166358e-03
2.414810810810811148e+01 8.662501412294180969e-03
2.418813813813814306e+01 8.640900547522542899e-03
2.422816816816817109e+01 8.619377968619982081e-03
2.426819819819820268e+01 8.597933296717782600e-03
2.430822822822823426e+01 8.576566155260515259e-03
2.434825825825826229e+01 8.555276169988914117e-03
2.438828828828829387e+01 8.534062968922903961e-03
2.442831831831832190e+01 8.512926182344778686e-03
2.446834834834835348e+01 8.491865442782509793e-03
2.450837837837838151e+01 8.470880384993240489e-03
2.454840840840841310e+01 8.449970645946859593e-03
2.458843843843844468e+01 8.429135864809774933e-03
2.462846846846847271e+01 8.408375682928806438e-03
2.466849849849850429e+01 8.387689743815205864e-03
2.470852852852853232e+01 8.367077693128825711e-03
2.474855855855856390e+01 8.346539178662435582e-03
2.478858858858859193e+01 8.326073850326151313e-03
2.482861861861862351e+01 8.305681360132008070e-03
2.486864864864865510e+01 8.285361362178670502e-03
2.490867867867868313e+01 8.265113512636272988e-03
2.494870870870871471e+01 8.244937469731369178e-03
2.498873873873874274e+01 8.224832893732051536e-03
2.502876876876877432e+01 8.204799446933143739e-03
2.506879879879880235e+01 8.184836793641580427e-03
2.510882882882883393e+01 8.164944600161849406e-03
2.514885885885886196e+01 8.145122534781610787e-03
2.518888888888889355e+01 8.125370267757397666e-03
2.522891891891892513e+01 8.105687471300465977e-03
2.526894894894895316e+01 8.086073819562755380e-03
2.530897897897898474e+01 8.066528988622955962e-03
2.534900900900901277e+01 8.047052656472708509e-03
2.538903903903904435e+01 8.027644503002924481e-03
2.542906906906907238e+01 8.008304209990192712e-03
2.546909909909910397e+01 7.989031461083349189e-03
2.550912912912913555e+01 7.969825941790100593e-03
2.554915915915916358e+01 7.950687339463816117e-03
2.558918918918919516e+01 7.931615343290385201e-03
2.562921921921922319e+01 7.912609644275214044e-03
2.566924924924925477e+01 7.893669935230329671e-03
2.570927927927928280e+01 7.874795910761546447e-03
2.574930930930931439e+01 7.855987267255830353e-03
2.578933933933934597e+01 7.837243702868677137e-03
2.582936936936937400e+01 7.818564917511636181e-03
2.586939939939940558e+01 7.799950612839940192e-03
2.590942942942943361e+01 7.781400492240242439e-03
2.594945945945946519e+01 7.762914260818419045e-03
2.598948948948949322e+01 7.744491625387524801e-03
2.602951951951952481e+01 7.726132294455796690e-03
2.606954954954955284e+01 7.707835978214805719e-03
2.610957957957958442e+01 7.689602388527659940e-03
2.614960960960961600e+01 7.671431238917344499e-03
2.618963963963964403e+01 7.653322244555132818e-03
2.622966966966967561e+01 7.635275122249088851e-03
2.626969969969970364e+01 7.617289590432694234e-03
2.630972972972973523e+01 7.599365369153533549e-03
2.634975975975976326e+01 7.581502180062095822e-03
2.638978978978979484e+01 7.563699746400652339e-03
2.642981981981982642e+01 7.545957792992242889e-03
2.646984984984985445e+01 7.528276046229731393e-03
2.650987987987988603e+01 7.510654234064956074e-03
2.654990990990991406e+01 7.493092085997988920e-03
2.658993993993994565e+01 7.475589333066445449e-03
2.662996996996997368e+01 7.458145707834920243e-03
2.667000000000000526e+01 7.440760944384466717e-03
2.671003003003003329e+01 7.423434778302212197e-03
2.675006006006006487e+01 7.406166946670998154e-03
2.679009009009009645e+01 7.388957188059155738e-03
2.683012012012012448e+01 7.371805242510341173e-03
2.687015015015015607e+01 7.354710851533440528e-03
2.691018018018018410e+01 7.337673758092582918e-03
2.695021021021021568e+01 7.320693706597217881e-03
2.699024024024024371e+01 7.303770442892270828e-03
2.703027027027027529e+01 7.286903714248385219e-03
2.707030030030030687e+01 7.270093269352236737e-03
2.711033033033033490e+01 7.253338858296930723e-03
2.715036036036036649e+01 7.236640232572469876e-03
2.719039039039039451e+01 7.219997145056298270e-03
2.723042042042042610e+01 7.203409350003932114e-03
2.727045045045045413e+01 7.186876603039643423e-03
2.731048048048048571e+01 7.170398661147242558e-03
2.735051051051051729e+01 7.153975282660911088e-03
2.739054054054054532e+01 7.137606227256131780e-03
2.743057057057057690e+01 7.121291255940654166e-03
2.747060060060060493e+01 7.105030131045583265e-03
2.751063063063063652e+01 7.088822616216476982e-03
2.755066066066066455e+01 7.072668476404577950e-03
2.759069069069069613e+01 7.056567477858052308e-03
2.763072072072072416e+01 7.040519388113355113e-03
2.767075075075075574e+01 7.024523975986608770e-03
2.771078078078078732e+01 7.008581011565099411e-03
2.775081081081081535e+01 6.992690266198810581e-03
2.779084084084084694e+01 6.976851512492015031e-03
2.783087087087087497e+01 6.961064524294970600e-03
2.787090090090090655e+01 6.945329076695631702e-03
2.791093093093093458e+01 6.929644946011471844e-03
2.795096096096096616e+01 6.914011909781338228e-03
2.799099099099099774e+01 6.898429746757385288e-03
2.803102102102102577e+01 6.882898236897058535e-03
2.807105105105105736e+01 6.867417161355155591e-03
2.811108108108108539e+01 6.851986302475941010e-03
2.815111111111111697e+01 6.836605443785309655e-03
2.819114114114114500e+01 6.821274369983048973e-03
2.823117117117117658e+01 6.805992866935104725e-03
2.827120120120120816e+01 6.790760721665962084e-03
2.831123123123123619e+01 6.775577722351050144e-03
2.835126126126126778e+01 6.760443658309214961e-03
2.839129129129129581e+01 6.745358319995253295e-03
2.843132132132132739e+01 6.730321498992495807e-03
2.847135135135135542e+01 6.715332988005469177e-03
2.851138138138138700e+01 6.700392580852572964e-03
2.855141141141141503e+01 6.685500072458857961e-03
2.859144144144144661e+01 6.670655258848827082e-03
2.863147147147147820e+01 6.655857937139316935e-03
2.867150150150150623e+01 6.641107905532404529e-03
2.871153153153153781e+01 6.626404963308393792e-03
2.875156156156156584e+01 6.611748910818839378e-03
2.879159159159159742e+01 6.597139549479638133e-03
2.883162162162162545e+01 6.582576681764157854e-03
2.887165165165165703e+01 6.568060111196420692e-03
2.891168168168168862e+01 6.553589642344353344e-03
2.895171171171171665e+01 6.539165080813075411e-03
2.899174174174174823e+01 6.524786233238224174e-03
2.903177177177177626e+01 6.510452907279370462e-03
2.907180180180180784e+01 6.496164911613437967e-03
2.911183183183183587e+01 6.481922055928213654e-03
2.915186186186186745e+01 6.467724150915863356e-03
2.919189189189189548e+01 6.453571008266544527e-03
2.923192192192192707e+01 6.439462440662025930e-03
2.927195195195195865e+01 6.425398261769376708e-03
2.931198198198198668e+01 6.411378286234699700e-03
2.935201201201201826e+01 6.397402329676903782e-03
2.939204204204204629e+01 6.383470208681534322e-03
2.943207207207207787e+01 6.369581740794639201e-03
2.947210210210210590e+01 6.355736744516692072e-03
2.951213213213213749e+01 6.341935039296539046e-03
2.955216216216216907e+01 6.328176445525429510e-03
2.959219219219219710e+01 6.314460784531039129e-03
2.963222222222222868e+01 6.300787878571589146e-03
2.967225225225225671e+01 6.287157550829970860e-03
2.971228228228228829e+01 6.273569625407929111e-03
2.975231231231231632e+01 6.260023927320299518e-03
2.979234234234234791e+01 6.246520282489262214e-03
2.983237237237237949e+01 6.233058517738658891e-03
2.987240240240240752e+01 6.219638460788348873e-03
2.991243243243243910e+01 6.206259940248588618e-03
2.995246246246246713e+01 6.192922785614488404e-03
2.999249249249249871e+01 6.179626827260473361e-03
3.003252252252252674e+01 6.166371896434798272e-03
3.007255255255255832e+01 6.153157825254116156e-03
3.011258258258258635e+01 6.139984446698067665e-03
3.015261261261261794e+01 6.126851594603915582e-03
3.019264264264264952e+01 6.113759103661224430e-03
3.023267267267267755e+01 6.100706809406577363e-03
3.027270270270270913e+01 6.087694548218314759e-03
3.031273273273273716e+01 6.074722157311346522e-03
3.035276276276276874e+01 6.061789474731961794e-03
3.039279279279279677e+01 6.048896339352705445e-03
3.043282282282282836e+01 6.036042590867282329e-03
3.047285285285285994e+01 6.023228069785493619e-03
3.051288288288288797e+01 6.010452617428215655e-03
3.055291291291291955e+01 5.997716075922413480e-03
3.059294294294294758e+01 5.985018288196191673e-03
3.063297297297297916e+01 5.972359097973876409e-03
3.067300300300300719e+01 5.959738349771146956e-03
3.071303303303303878e+01 5.947155888890171514e-03
3.075306306306307036e+01 5.934611561414819374e-03
3.079309309309309839e+01 5.922105214205874817e-03
3.083312312312312997e+01 5.909636694896296984e-03
3.087315315315315800e+01 5.897205851886519641e-03
3.091318318318318958e+01 5.884812534339770029e-03
3.095321321321321761e+01 5.872456592177439753e-03
3.099324324324324920e+01 5.860137876074466949e-03
3.103327327327327723e+01 5.847856237454775695e-03
3.107330330330330881e+01 5.835611528486725832e-03
3.111333333333334039e+01 5.823403602078609624e-03
3.115336336336336842e+01 5.811232311874175299e-03
3.119339339339340000e+01 5.799097512248180958e-03
3.123342342342342803e+01 5.786999058301984036e-03
3.127345345345345962e+01 5.774936805859155059e-03
3.131348348348348765e+01 5.762910611461140829e-03
3.135351351351351923e+01 5.750920332362920682e-03
3.139354354354355081e+01 5.738965826528744270e-03
3.143357357357357884e+01 5.727046952627858067e-03
3.147360360360361042e+01 5.715163570030276120e-03
3.151363363363363845e+01 5.703315538802588083e-03
3.155366366366367004e+01 5.691502719703781139e-03
3.159369369369369807e+01 5.679724974181113960e-03
3.163372372372372965e+01 5.667982164365987195e-03
3.167375375375375768e+01 5.656274153069879018e-03
3.171378378378378926e+01 5.644600803780280666e-03
3.175381381381382084e+01 5.632961980656679690e-03
3.179384384384384887e+01 5.621357548526550139e-03
3.183387387387388046e+01 5.609787372881398261e-03
3.187390390390390849e+01 5.598251319872816004e-03
3.191393393393394007e+01 5.586749256308562277e-03
3.195396396396396810e+01 5.575281049648681507e-03
3.199399399399399968e+01 5.563846568001643011e-03
3.203402402402402771e+01 5.552445680120515065e-03
3.207405405405405929e+01 5.541078255399142435e-03
3.211408408408408377e+01 5.529744163868388108e-03
3.215411411411411535e+01 5.518443276192358526e-03
3.219414414414414694e+01 5.507175463664693016e-03
3.223417417417417852e+01 5.495940598204857551e-03
3.227420420420420299e+01 5.484738552354461935e-03
3.231423423423423458e+01 5.473569199273616015e-03
3.235426426426426616e+01 5.462432412737303240e-03
3.239429429429429774e+01 5.451328067131781981e-03
3.243432432432432933e+01 5.440256037451002454e-03
3.247435435435435380e+01 5.429216199293064420e-03
3.251438438438438538e+01 5.418208428856683551e-03
3.255441441441441697e+01 5.407232602937695962e-03
3.259444444444444855e+01 5.396288598925567080e-03
3.263447447447448013e+01 5.385376294799956026e-03
3.267450450450450461e+01 5.374495569127267849e-03
3.271453453453453619e+01 5.363646301057249134e-03
3.275456456456456777e+01 5.352828370319608758e-03
3.279459459459459936e+01 5.342041657220656867e-03
3.283462462462462383e+01 5.331286042639958589e-03
3.287465465465465542e+01 5.320561408027023320e-03
3.291468468468468700e+01 5.309867635398015685e-03
3.295471471471471858e+01 5.299204607332469105e-03
3.299474474474475016e+01 5.288572206970060079e-03
3.303477477477477464e+01 5.277970318007367719e-03
3.307480480480480622e+01 5.267398824694656707e-03
3.311483483483483781e+01 5.256857611832722703e-03
3.315486486486486939e+01 5.246346564769712589e-03
3.319489489489489387e+01 5.235865569397984629e-03
3.323492492492492545e+01 5.225414512150983355e-03
3.327495495495495703e+01 5.214993280000168249e-03
3.331498498498498861e+01 5.204601760451900774e-03
3.335501501501502020e+01 5.194239841544414683e-03
3.339504504504504467e+01 5.183907411844767242e-03
3.343507507507507626e+01 5.173604360445820810e-03
3.347510510510510784e+01 5.163330576963257382e-03
3.351513513513513942e+01 5.153085951532596597e-03
3.355516516516517100e+01 5.142870374806239771e-03
3.359519519519519548e+01 5.132683737950539081e-03
3.363522522522522706e+01 5.122525932642872822e-03
3.367525525525525865e+01 5.112396851068754487e-03
3.371528528528529023e+01 5.102296385918954000e-03
3.375531531531531471e+01 5.092224430386642353e-03
3.379534534534534629e+01 5.082180878164538861e-03
3.383537537537537787e+01 5.072165623442108709e-03
3.387540540540540945e+01 5.062178560902750105e-03
3.391543543543544104e+01 5.052219585721013512e-03
3.395546546546546551e+01 5.042288593559836503e-03
3.399549549549549710e+01 5.032385480567794223e-03
3.403552552552552868e+01 5.022510143376375871e-03
3.407555555555556026e+01 5.012662479097268996e-03
3.411558558558558474e+01 5.002842385319675872e-03
3.415561561561561632e+01 4.993049760107623816e-03
3.419564564564564790e+01 4.983284501997318865e-03
3.423567567567567949e+01 4.973546509994505524e-03
3.427570570570571107e+01 4.963835683571841267e-03
3.431573573573573555e+01 4.954151922666290980e-03
3.435576576576576713e+01 4.944495127676536150e-03
3.439579579579579871e+01 4.934865199460410079e-03
3.443582582582583029e+01 4.925262039332340032e-03
3.447585585585585477e+01 4.915685549060810206e-03
3.451588588588588635e+01 4.906135630865831633e-03
3.455591591591591794e+01 4.896612187416455458e-03
3.459594594594594952e+01 4.887115121828267995e-03
3.463597597597598110e+01 4.877644337660926553e-03
3.467600600600600558e+01 4.868199738915703068e-03
3.471603603603603716e+01 4.858781230033033804e-03
3.475606606606606874e+01 4.849388715890108961e-03
3.479609609609610033e+01 4.840022101798460534e-03
3.483612612612613191e+01 4.830681293501559725e-03
3.487615615615615638e+01 4.821366197172453384e-03
3.491618618618618797e+01 4.812076719411382229e-03
3.495621621621621955e+01 4.802812767243458056e-03
3.499624624624625113e+01 4.793574248116313184e-03
3.503627627627627561e+01 4.784361069897794146e-03
3.507630630630630719e+01 4.775173140873645826e-03
3.511633633633633877e+01 4.766010369745245050e-03
3.515636636636637036e+01 4.756872665627309010e-03
3.519639639639640194e+01 4.747759938045649671e-03
3.523642642642642642e+01 4.738672096934926428e-03
3.527645645645645800e+01 4.729609052636410058e-03
3.531648648648648958e+01 4.720570715895781345e-03
3.535651651651652116e+01 4.711556997860917584e-03
3.539654654654654564e+01 4.702567810079722431e-03
3.543657657657657722e+01 4.693603064497926282e-03
3.547660660660660881e+01 4.684662673456958630e-03
3.551663663663664039e+01 4.675746549691779663e-03
3.555666666666667197e+01 4.666854606328762166e-03
3.559669669669669645e+01 4.657986756883569085e-03
3.563672672672672803e+01 4.649142915259043239e-03
3.567675675675675961e+01 4.640322995743132589e-03
3.571678678678679120e+01 4.631526913006792957e-03
3.575681681681682278e+01 4.622754582101936717e-03
3.579684684684684726e+01 4.614005918459379747e-03
3.583687687687687884e+01 4.605280837886796194e-03
3.587690690690691042e+01 4.596579256566694915e-03
3.591693693693694200e+01 4.587901091054415875e-03
3.595696696696696648e+01 4.579246258276120467e-03
3.599699699699699806e+01 4.570614675526800050e-03
3.603702702702702965e+01 4.562006260468313111e-03
3.607705705705706123e+01 4.553420931127416353e-03
3.611708708708709281e+01 4.544858605893809661e-03
3.615711711711711729e+01 4.536319203518210559e-03
3.619714714714714887e+01 4.527802643110409586e-03
3.623717717717718045e+01 4.519308844137375110e-03
3.627720720720721204e+01 4.510837726421343397e-03
3.631723723723723651e+01 4.502389210137922558e-03
3.635726726726726810e+01 4.493963215814225989e-03
3.639729729729729968e+01 4.485559664326995398e-03
3.643732732732733126e+01 4.477178476900752456e-03
3.647735735735736284e+01 4.468819575105957391e-03
3.651738738738738732e+01 4.460482880857165842e-03
3.655741741741741890e+01 4.452168316411222147e-03
3.659744744744745049e+01 4.443875804365435278e-03
3.663747747747748207e+01 4.435605267655799017e-03
3.667750750750751365e+01 4.427356629555188709e-03
3.671753753753753813e+01 4.419129813671598787e-03
3.675756756756756971e+01 4.410924743946360339e-03
3.679759759759760129e+01 4.402741344652405520e-03
3.683762762762763288e+01 4.394579540392515478e-03
3.687765765765765735e+01 4.386439256097592575e-03
3.691768768768768894e+01 4.378320417024930862e-03
3.695771771771772052e+01 4.370222948756512585e-03
3.699774774774775210e+01 4.362146777197299478e-03
3.703777777777778368e+01 4.354091828573560495e-03
3.707780780780780816e+01 4.346058029431167438e-03
3.711783783783783974e+01 4.338045306633945240e-03
3.715786786786787133e+01 4.330053587362001424e-03
3.719789789789790291e+01 4.322082799110083320e-03
3.723792792792792739e+01 4.314132869685938752e-03
3.727795795795795897e+01 4.306203727208681060e-03
3.731798798798799055e+01 4.298295300107176677e-03
3.735801801801802213e+01 4.290407517118435300e-03
3.739804804804805372e+01 4.282540307286007014e-03
3.743807807807807819e+01 4.274693599958401952e-03
3.747810810810810978e+01 4.266867324787487412e-03
3.751813813813814136e+01 4.259061411726950894e-03
3.755816816816817294e+01 4.251275791030714561e-03
3.759819819819820452e+01 4.243510393251391337e-03
3.763822822822822900e+01 4.235765149238747071e-03
3.767825825825826058e+01 4.228039990138154902e-03
3.771828828828829216e+01 4.220334847389094722e-03
3.775831831831832375e+01 4.212649652723617077e-03
3.779834834834834822e+01 4.204984338164852176e-03
3.783837837837837981e+01 4.197338836025498940e-03
3.787840840840841139e+01 4.189713078906363505e-03
3.791843843843844297e+01 4.182106999694852612e-03
3.795846846846847455e+01 4.174520531563527710e-03
3.799849849849849903e+01 4.166953607968631318e-03
3.803852852852853061e+01 4.159406162648636787e-03
3.807855855855856220e+01 4.151878129622814557e-03
3.811858858858859378e+01 4.144369443189788865e-03
3.815861861861861826e+01 4.136880037926118740e-03
3.819864864864864984e+01 4.129409848684875532e-03
3.823867867867868142e+01 4.121958810594232581e-03
3.827870870870871300e+01 4.114526859056082640e-03
3.831873873873874459e+01 4.107113929744621479e-03
3.835876876876876906e+01 4.099719958604983519e-03
3.839879879879880065e+01 4.092344881851854924e-03
3.843882882882883223e+01 4.084988635968117045e-03
3.847885885885886381e+01 4.077651157703480328e-03
3.851888888888889539e+01 4.070332384073131228e-03
3.855891891891891987e+01 4.063032252356402543e-03
3.859894894894895145e+01 4.055750700095422066e-03
3.863897897897898304e+01 4.048487665093795929e-03
3.867900900900901462e+01 4.041243085415293680e-03
3.871903903903903910e+01 4.034016899382523828e-03
3.875906906906907068e+01 4.026809045575640601e-03
3.879909909909910226e+01 4.019619462831043773e-03
3.883912912912913384e+01 4.012448090240095834e-03
3.887915915915916543e+01 4.005294867147838299e-03
3.891918918918918990e+01 3.998159733151711477e-03
3.895921921921922149e+01 3.991042628100304607e-03
3.899924924924925307e+01 3.983943492092086036e-03
3.903927927927928465e+01 3.976862265474152489e-03
3.907930930930930913e+01 3.969798888840999143e-03
3.911933933933934071e+01 3.962753303033263695e-03
3.915936936936937229e+01 3.955725449136512917e-03
3.919939939939940388e+01 3.948715268480015340e-03
3.923942942942943546e+01 3.941722702635530422e-03
3.927945945945945994e+01 3.934747693416094233e-03
3.931948948948949152e+01 3.927790182874825974e-03
3.935951951951952310e+01 3.920850113303731010e-03
3.939954954954955468e+01 3.913927427232519532e-03
3.943957957957957916e+01 3.907022067427420864e-03
3.947960960960961074e+01 3.900133976890013832e-03
3.951963963963964233e+01 3.893263098856060162e-03
3.955966966966967391e+01 3.886409376794350452e-03
3.959969969969970549e+01 3.879572754405544513e-03
3.963972972972972997e+01 3.872753175621030351e-03
3.967975975975976155e+01 3.865950584601785759e-03
3.971978978978979313e+01 3.859164925737241635e-03
3.975981981981982472e+01 3.852396143644160921e-03
3.979984984984985630e+01 3.845644183165520136e-03
3.983987987987988078e+01 3.838908989369392653e-03
3.987990990990991236e+01 3.832190507547838902e-03
3.991993993993994394e+01 3.825488683215819575e-03
3.995996996996997552e+01 3.818803462110088431e-03
4.000000000000000000e+01 3.812134790188114603e-03
