5.000000000000000000e-01 6.384312714212680984e-01
5.102602602602602788e-01 6.388290572754868890e-01
5.205205205205205576e-01 6.392267795337467362e-01
5.307807807807807254e-01 6.396244376122381947e-01
5.410410410410410043e-01 6.400220309261595020e-01
5.513013013013012831e-01 6.404195588897310110e-01
5.615615615615615619e-01 6.408170209161838660e-01
5.718218218218218407e-01 6.412144164177685512e-01
5.820820820820821195e-01 6.416117448057607753e-01
5.923423423423423984e-01 6.420090054904508126e-01
6.026026026026025662e-01 6.424061978811596019e-01
6.128628628628628450e-01 6.428033213862303086e-01
6.231231231231231238e-01 6.432003754130336537e-01
6.333833833833834026e-01 6.435973593679705784e-01
6.436436436436436814e-01 6.439942726564724662e-01
6.539039039039038492e-01 6.443911146830090253e-01
6.641641641641641280e-01 6.447878848510715244e-01
6.744244244244244069e-01 6.451845825631991049e-01
6.846846846846846857e-01 6.455812072209677899e-01
6.949449449449449645e-01 6.459777582249953687e-01
7.052052052052051323e-01 6.463742349749301841e-01
7.154654654654655221e-01 6.467706368694809971e-01
7.257257257257256899e-01 6.471669633063875660e-01
7.359859859859859688e-01 6.475632136824511775e-01
7.462462462462462476e-01 6.479593873935115544e-01
7.565065065065064154e-01 6.483554838344672833e-01
7.667667667667668052e-01 6.487515023992668217e-01
7.770270270270269730e-01 6.491474424809099419e-01
7.872872872872872518e-01 6.495433034714646059e-01
7.975475475475475307e-01 6.499390847620466483e-01
8.078078078078078095e-01 6.503347857428367629e-01
8.180680680680680883e-01 6.507304058030819460e-01
8.283283283283282561e-01 6.511259443310913886e-01
8.385885885885886459e-01 6.515214007142418051e-01
8.488488488488488137e-01 6.519167743389747693e-01
8.591091091091090926e-01 6.523120645908089266e-01
8.693693693693693714e-01 6.527072708543286694e-01
8.796296296296295392e-01 6.531023925132004582e-01
8.898898898898899290e-01 6.534974289501621625e-01
9.001501501501500968e-01 6.538923795470313882e-01
9.104104104104103756e-01 6.542872436847073647e-01
9.206706706706706544e-01 6.546820207431726102e-01
9.309309309309309333e-01 6.550767101014913774e-01
9.411911911911912121e-01 6.554713111378112078e-01
9.514514514514513799e-01 6.558658232293795853e-01
9.617117117117117697e-01 6.562602457525233968e-01
9.719719719719719375e-01 6.566545780826710255e-01
9.822322322322322163e-01 6.570488195943346987e-01
9.924924924924924952e-01 6.574429696611338025e-01
1.002752752752752663e+00 6.578370276557838903e-01
1.013013013013012831e+00 6.582309929500963497e-01
1.023273273273273221e+00 6.586248649149911705e-01
1.033533533533533610e+00 6.590186429204897278e-01
1.043793793793793778e+00 6.594123263357212217e-01
1.054054054054053946e+00 6.598059145289258964e-01
1.064314314314314336e+00 6.601994068674513771e-01
1.074574574574574504e+00 6.605928027177632167e-01
1.084834834834834894e+00 6.609861014454400108e-01
1.095095095095095061e+00 6.613793024151763955e-01
1.105355355355355229e+00 6.617724049907888206e-01
1.115615615615615619e+00 6.621654085352127739e-01
1.125875875875876009e+00 6.625583124105148825e-01
1.136136136136136177e+00 6.629511159778757046e-01
1.146396396396396344e+00 6.633438185976159307e-01
1.156656656656656512e+00 6.637364196291798413e-01
1.166916916916916902e+00 6.641289184311406357e-01
1.177177177177177292e+00 6.645213143612199724e-01
1.187437437437437460e+00 6.649136067762599911e-01
1.197697697697697627e+00 6.653057950322550651e-01
1.207957957957957795e+00 6.656978784843307073e-01
1.218218218218218185e+00 6.660898564867671068e-01
1.228478478478478575e+00 6.664817283929737046e-01
1.238738738738738743e+00 6.668734935555186150e-01
1.248998998998998911e+00 6.672651513261276257e-01
1.259259259259259078e+00 6.676567010556607729e-01
1.269519519519519468e+00 6.680481420941420945e-01
1.279779779779779858e+00 6.684394737907559669e-01
1.290040040040040026e+00 6.688306954938364468e-01
1.300300300300300194e+00 6.692218065508892533e-01
1.310560560560560361e+00 6.696128063085736715e-01
1.320820820820820751e+00 6.700036941127180956e-01
1.331081081081081141e+00 6.703944693083238038e-01
1.341341341341341309e+00 6.707851312395571863e-01
1.351601601601601477e+00 6.711756792497545199e-01
1.361861861861861867e+00 6.715661126814388426e-01
1.372122122122122034e+00 6.719564308762964178e-01
1.382382382382382424e+00 6.723466331751968283e-01
1.392642642642642592e+00 6.727367189181993057e-01
1.402902902902902760e+00 6.731266874445386295e-01
1.413163163163163150e+00 6.735165380926400047e-01
1.423423423423423539e+00 6.739062702001133998e-01
1.433683683683683707e+00 6.742958831037643153e-01
1.443943943943943875e+00 6.746853761395900095e-01
1.454204204204204043e+00 6.750747486427848276e-01
1.464464464464464433e+00 6.754639999477416445e-01
1.474724724724724823e+00 6.758531293880479796e-01
1.484984984984984990e+00 6.762421362965004290e-01
1.495245245245245158e+00 6.766310200051001145e-01
1.505505505505505548e+00 6.770197798450513504e-01
1.515765765765765716e+00 6.774084151467785198e-01
1.526026026026025884e+00 6.777969252399106415e-01
1.536286286286286273e+00 6.781853094532862558e-01
1.546546546546546441e+00 6.785735671149765169e-01
1.556806806806806831e+00 6.789616975522616560e-01
1.567067067067066999e+00 6.793497000916454143e-01
1.577327327327327167e+00 6.797375740588572635e-01
1.587587587587587556e+00 6.801253187788566246e-01
1.597847847847847724e+00 6.805129335758279829e-01
1.608108108108108114e+00 6.809004177731893259e-01
1.618368368368368282e+00 6.812877706935950295e-01
1.628628628628628672e+00 6.816749916589349700e-01
1.638888888888888840e+00 6.820620799903369669e-01
1.649149149149149007e+00 6.824490350081713341e-01
1.659409409409409397e+00 6.828358560320615389e-01
1.669669669669669565e+00 6.832225423808654385e-01
1.679929929929929955e+00 6.836090933726903796e-01
1.690190190190190123e+00 6.839955083249085188e-01
1.700450450450450290e+00 6.843817865541337309e-01
1.710710710710710680e+00 6.847679273762485863e-01
1.720970970970970848e+00 6.851539301063842569e-01
1.731231231231231238e+00 6.855397940589358363e-01
1.741491491491491406e+00 6.859255185475729988e-01
1.751751751751751796e+00 6.863111028852240114e-01
1.762012012012011963e+00 6.866965463840870587e-01
1.772272272272272131e+00 6.870818483556344614e-01
1.782532532532532521e+00 6.874670081106117880e-01
1.792792792792792689e+00 6.878520249590489577e-01
1.803053053053053079e+00 6.882368982102475830e-01
1.813313313313313246e+00 6.886216271727965132e-01
1.823573573573573414e+00 6.890062111545743884e-01
1.833833833833833804e+00 6.893906494627357606e-01
1.844094094094093972e+00 6.897749414037350757e-01
1.854354354354354362e+00 6.901590862833200113e-01
1.864614614614614529e+00 6.905430834065303669e-01
1.874874874874874697e+00 6.909269320777153833e-01
1.885135135135135087e+00 6.913106316005011021e-01
1.895395395395395255e+00 6.916941812778418797e-01
1.905655655655655645e+00 6.920775804119915220e-01
1.915915915915915813e+00 6.924608283045089463e-01
1.926176176176176202e+00 6.928439242562690614e-01
1.936436436436436370e+00 6.932268675674602143e-01
1.946696696696696538e+00 6.936096575375890749e-01
1.956956956956956928e+00 6.939922934654754183e-01
1.967217217217217096e+00 6.943747746492742179e-01
1.977477477477477485e+00 6.947571003864573269e-01
1.987737737737737653e+00 6.951392699738282444e-01
1.997997997997997821e+00 6.955212827075204496e-01
2.008258258258257989e+00 6.959031378829972914e-01
2.018518518518518157e+00 6.962848347950640893e-01
2.028778778778778769e+00 6.966663727378670234e-01
2.039039039039038936e+00 6.970477510048888048e-01
2.049299299299299548e+00 6.974289688889544481e-01
2.059559559559559716e+00 6.978100256822459269e-01
2.069819819819819884e+00 6.981909206762881848e-01
2.080080080080080052e+00 6.985716531619639014e-01
2.090340340340340219e+00 6.989522224295059427e-01
2.100600600600600387e+00 6.993326277685116832e-01
2.110860860860860555e+00 6.997128684679400079e-01
2.121121121121120723e+00 7.000929438161033191e-01
2.131381381381381335e+00 7.004728531006972903e-01
2.141641641641641503e+00 7.008525956087768849e-01
2.151901901901902114e+00 7.012321706267706789e-01
2.162162162162162282e+00 7.016115774404889649e-01
2.172422422422422450e+00 7.019908153351133162e-01
2.182682682682682618e+00 7.023698835952123520e-01
2.192942942942942786e+00 7.027487815047350761e-01
2.203203203203202953e+00 7.031275083470170939e-01
2.213463463463463121e+00 7.035060634047894945e-01
2.223723723723723733e+00 7.038844459601718562e-01
2.233983983983983901e+00 7.042626552946764651e-01
2.244244244244244069e+00 7.046406906892203059e-01
2.254504504504504681e+00 7.050185514241200657e-01
2.264764764764764848e+00 7.053962367790980181e-01
2.275025025025025016e+00 7.057737460332780266e-01
2.285285285285285184e+00 7.061510784651980899e-01
2.295545545545545352e+00 7.065282333528160041e-01
2.305805805805805520e+00 7.069052099734974837e-01
2.316066066066065687e+00 7.072820076040213788e-01
2.326326326326326299e+00 7.076586255206090970e-01
2.336586586586586467e+00 7.080350629988831912e-01
2.346846846846847079e+00 7.084113193139105480e-01
2.357107107107107247e+00 7.087873937401885094e-01
2.367367367367367414e+00 7.091632855516386558e-01
2.377627627627627582e+00 7.095389940216229041e-01
2.387887887887887750e+00 7.099145184229516126e-01
2.398148148148147918e+00 7.102898580278650398e-01
2.408408408408408086e+00 7.106650121080588800e-01
2.418668668668668253e+00 7.110399799346754923e-01
2.428928928928928865e+00 7.114147607783095628e-01
2.439189189189189033e+00 7.117893539090031085e-01
2.449449449449449645e+00 7.121637585962700134e-01
2.459709709709709813e+00 7.125379741090743790e-01
2.469969969969969981e+00 7.129119997158470667e-01
2.480230230230230148e+00 7.132858346844896946e-01
2.490490490490490316e+00 7.136594782823717509e-01
2.500750750750750484e+00 7.140329297763302607e-01
2.511011011011011096e+00 7.144061884326918799e-01
2.521271271271271264e+00 7.147792535172522443e-01
2.531531531531531432e+00 7.151521242952857405e-01
2.541791791791791599e+00 7.155248000315658219e-01
2.552052052052051767e+00 7.158972799903435824e-01
2.562312312312312379e+00 7.162695634353694052e-01
2.572572572572572547e+00 7.166416496298821937e-01
2.582832832832832715e+00 7.170135378366240264e-01
2.593093093093092882e+00 7.173852273178393801e-01
2.603353353353353050e+00 7.177567173352620289e-01
2.613613613613613662e+00 7.181280071501583429e-01
2.623873873873873830e+00 7.184990960232815471e-01
2.634134134134133998e+00 7.188699832149131330e-01
2.644394394394394165e+00 7.192406679848467599e-01
2.654654654654654333e+00 7.196111495923984691e-01
2.664914914914914945e+00 7.199814272964009110e-01
2.675175175175175113e+00 7.203515003552211082e-01
2.685435435435435281e+00 7.207213680267525735e-01
2.695695695695695449e+00 7.210910295684193061e-01
2.705955955955956060e+00 7.214604842371864502e-01
2.716216216216216228e+00 7.218297312895519680e-01
2.726476476476476396e+00 7.221987699815602957e-01
2.736736736736736564e+00 7.225675995687997899e-01
2.746996996996996732e+00 7.229362193064110542e-01
2.757257257257257343e+00 7.233046284490819433e-01
2.767517517517517511e+00 7.236728262510588872e-01
2.777777777777777679e+00 7.240408119661423392e-01
2.788038038038037847e+00 7.244085848477005429e-01
2.798298298298298015e+00 7.247761441486643141e-01
2.808558558558558627e+00 7.251434891215291501e-01
2.818818818818818794e+00 7.255106190183723269e-01
2.829079079079078962e+00 7.258775330908298073e-01
2.839339339339339130e+00 7.262442305901298800e-01
2.849599599599599298e+00 7.266107107670737308e-01
2.859859859859859910e+00 7.269769728720569812e-01
2.870120120120120077e+00 7.273430161550502593e-01
2.880380380380380245e+00 7.277088398656221813e-01
2.890640640640640413e+00 7.280744432529379084e-01
2.900900900900900581e+00 7.284398255657545951e-01
2.911161161161161193e+00 7.288049860524385970e-01
2.921421421421421361e+00 7.291699239609492622e-01
2.931681681681681528e+00 7.295346385388673527e-01
2.941941941941941696e+00 7.298991290333751714e-01
2.952202202202201864e+00 7.302633946912733265e-01
2.962462462462462476e+00 7.306274347589726270e-01
2.972722722722722644e+00 7.309912484825218382e-01
2.982982982982982811e+00 7.313548351075768172e-01
2.993243243243242979e+00 7.317181938794324880e-01
3.003503503503503591e+00 7.320813240430072977e-01
3.013763763763763759e+00 7.324442248428627567e-01
3.024024024024023927e+00 7.328068955231858972e-01
3.034284284284284094e+00 7.331693353278234682e-01
3.044544544544544262e+00 7.335315435002482953e-01
3.054804804804804874e+00 7.338935192835956967e-01
3.065065065065065042e+00 7.342552619206442754e-01
3.075325325325325210e+00 7.346167706538303532e-01
3.085585585585585378e+00 7.349780447252486359e-01
3.095845845845845545e+00 7.353390833766543233e-01
3.106106106106106157e+00 7.356998858494697702e-01
3.116366366366366325e+00 7.360604513847854857e-01
3.126626626626626493e+00 7.364207792233680161e-01
3.136886886886886661e+00 7.367808686056442902e-01
3.147147147147146828e+00 7.371407187717471388e-01
3.157407407407407440e+00 7.375003289614654456e-01
3.167667667667667608e+00 7.378596984142877790e-01
3.177927927927927776e+00 7.382188263693921781e-01
3.188188188188187944e+00 7.385777120656432659e-01
3.198448448448448111e+00 7.389363547416130107e-01
3.208708708708708723e+00 7.392947536355550797e-01
3.218968968968968891e+00 7.396529079854451405e-01
3.229229229229229059e+00 7.400108170289547704e-01
3.239489489489489227e+00 7.403684800034771030e-01
3.249749749749749395e+00 7.407258961461018476e-01
3.260010010010010006e+00 7.410830646936477084e-01
3.270270270270270174e+00 7.414399848826559447e-01
3.280530530530530342e+00 7.417966559493889278e-01
3.290790790790790510e+00 7.421530771298344709e-01
3.301051051051051122e+00 7.425092476597114910e-01
3.311311311311311290e+00 7.428651667744839981e-01
3.321571571571571457e+00 7.432208337093426653e-01
3.331831831831831625e+00 7.435762476992268111e-01
3.342092092092091793e+00 7.439314079788167389e-01
3.352352352352352405e+00 7.442863137825480591e-01
3.362612612612612573e+00 7.446409643446103566e-01
3.372872872872872740e+00 7.449953588989343123e-01
3.383133133133132908e+00 7.453494966792303389e-01
3.393393393393393076e+00 7.457033769189604921e-01
3.403653653653653688e+00 7.460569988513594542e-01
3.413913913913913856e+00 7.464103617094318688e-01
3.424174174174174023e+00 7.467634647259511205e-01
3.434434434434434191e+00 7.471163071334725458e-01
3.444694694694694359e+00 7.474688881643435368e-01
3.454954954954954971e+00 7.478212070506770059e-01
3.465215215215215139e+00 7.481732630243800308e-01
3.475475475475475307e+00 7.485250553171677312e-01
3.485735735735735474e+00 7.488765831605368462e-01
3.495995995995995642e+00 7.492278457857844964e-01
3.506256256256256254e+00 7.495788424240101833e-01
3.516516516516516422e+00 7.499295723061286667e-01
3.526776776776776590e+00 7.502800346628586414e-01
3.537037037037036757e+00 7.506302287247377247e-01
3.547297297297296925e+00 7.509801537221142409e-01
3.557557557557557537e+00 7.513298088851596557e-01
3.567817817817817705e+00 7.516791934438843414e-01
3.578078078078077873e+00 7.520283066281098217e-01
3.588338338338338041e+00 7.523771476674929737e-01
3.598598598598598652e+00 7.527257157915372421e-01
3.608858858858858820e+00 7.530740102295746530e-01
3.619119119119118988e+00 7.534220302107947909e-01
3.629379379379379156e+00 7.537697749642163769e-01
3.639639639639639324e+00 7.541172437187260158e-01
3.649899899899899935e+00 7.544644357030508841e-01
3.660160160160160103e+00 7.548113501457898167e-01
3.670420420420420271e+00 7.551579862753955430e-01
3.680680680680680439e+00 7.555043433201921177e-01
3.690940940940940607e+00 7.558504205083601546e-01
3.701201201201201219e+00 7.561962170679725759e-01
3.711461461461461386e+00 7.565417322269649691e-01
3.721721721721721554e+00 7.568869652131594572e-01
3.731981981981981722e+00 7.572319152542694720e-01
3.742242242242241890e+00 7.575765815778769952e-01
3.752502502502502502e+00 7.579209634114817407e-01
3.762762762762762669e+00 7.582650599824554138e-01
3.773023023023022837e+00 7.586088705180920044e-01
3.783283283283283005e+00 7.589523942455619343e-01
3.793543543543543173e+00 7.592956303919674577e-01
3.803803803803803785e+00 7.596385781843111307e-01
3.814064064064063952e+00 7.599812368495115766e-01
3.824324324324324120e+00 7.603236056144039301e-01
3.834584584584584288e+00 7.606656837057468312e-01
3.844844844844844456e+00 7.610074703502248683e-01
3.855105105105105068e+00 7.613489647744559052e-01
3.865365365365365236e+00 7.616901662049851973e-01
3.875625625625625403e+00 7.620310738682957163e-01
3.885885885885885571e+00 7.623716869908251370e-01
3.896146146146146183e+00 7.627120047989339735e-01
3.906406406406406351e+00 7.630520265189513207e-01
3.916666666666666519e+00 7.633917513771453223e-01
3.926926926926926686e+00 7.637311785997498159e-01
3.937187187187186854e+00 7.640703074129540084e-01
3.947447447447447466e+00 7.644091370429154653e-01
3.957707707707707634e+00 7.647476667157537822e-01
3.967967967967967802e+00 7.650858956575579128e-01
3.978228228228227970e+00 7.654238230944109267e-01
3.988488488488488137e+00 7.657614482523549260e-01
3.998748748748748749e+00 7.660987703574233532e-01
4.009009009009009361e+00 7.664357886356399918e-01
4.019269269269269529e+00 7.667725023130119721e-01
4.029529529529529697e+00 7.671089106155507542e-01
4.039789789789789864e+00 7.674450127692575840e-01
4.050050050050050032e+00 7.677808080001439217e-01
4.060310310310310200e+00 7.681162955342223375e-01
4.070570570570570368e+00 7.684514745975208339e-01
4.080830830830830536e+00 7.687863444160760729e-01
4.091091091091090703e+00 7.691209042159415921e-01
4.101351351351350871e+00 7.694551532232081215e-01
4.111611611611611039e+00 7.697890906639717201e-01
4.121871871871871207e+00 7.701227157643760757e-01
4.132132132132131375e+00 7.704560277505825283e-01
4.142392392392391542e+00 7.707890258488048207e-01
4.152652652652652598e+00 7.711217092852892252e-01
4.162912912912912766e+00 7.714540772863339724e-01
4.173173173173172934e+00 7.717861290782757067e-01
4.183433433433433102e+00 7.721178638875172417e-01
4.193693693693694158e+00 7.724492809405111293e-01
4.203953953953954326e+00 7.727803794637779777e-01
4.214214214214214493e+00 7.731111586838885774e-01
4.224474474474474661e+00 7.734416178275012044e-01
4.234734734734734829e+00 7.737717561213353079e-01
4.244994994994994997e+00 7.741015727921933820e-01
4.255255255255255165e+00 7.744310670669527497e-01
4.265515515515515332e+00 7.747602381725778864e-01
4.275775775775775500e+00 7.750890853361274146e-01
4.286036036036035668e+00 7.754176077847489967e-01
4.296296296296295836e+00 7.757458047456847750e-01
4.306556556556556004e+00 7.760736754462767006e-01
4.316816816816816171e+00 7.764012191139716412e-01
4.327077077077076339e+00 7.767284349763333706e-01
4.337337337337336507e+00 7.770553222610281363e-01
4.347597597597597563e+00 7.773818801958460867e-01
4.357857857857857731e+00 7.777081080086865050e-01
4.368118118118117899e+00 7.780340049275908942e-01
4.378378378378378066e+00 7.783595701807117795e-01
4.388638638638638234e+00 7.786848029963417961e-01
4.398898898898899290e+00 7.790097026029070282e-01
4.409159159159159458e+00 7.793342682289886580e-01
4.419419419419419626e+00 7.796584991032855516e-01
4.429679679679679793e+00 7.799823944546643295e-01
4.439939939939939961e+00 7.803059535121402712e-01
4.450200200200200129e+00 7.806291755048799796e-01
4.460460460460460297e+00 7.809520596622204769e-01
4.470720720720720465e+00 7.812746052136472219e-01
4.480980980980980632e+00 7.815968113888301927e-01
4.491241241241240800e+00 7.819186774176005716e-01
4.501501501501500968e+00 7.822402025299760586e-01
4.511761761761761136e+00 7.825613859561426633e-01
4.522022022022022192e+00 7.828822269264799072e-01
4.532282282282282360e+00 7.832027246715541624e-01
4.542542542542542527e+00 7.835228784221128784e-01
4.552802802802802695e+00 7.838426874091244390e-01
4.563063063063062863e+00 7.841621508637314220e-01
4.573323323323323031e+00 7.844812680173005592e-01
4.583583583583583199e+00 7.848000381013964244e-01
4.593843843843843366e+00 7.851184603477948665e-01
4.604104104104103534e+00 7.854365339884987751e-01
4.614364364364364590e+00 7.857542582557159871e-01
4.624624624624624758e+00 7.860716323818990325e-01
4.634884884884884926e+00 7.863886555997112726e-01
4.645145145145145094e+00 7.867053271420595406e-01
4.655405405405405261e+00 7.870216462420792647e-01
4.665665665665665429e+00 7.873376121331551181e-01
4.675925925925925597e+00 7.876532240489045877e-01
4.686186186186185765e+00 7.879684812232197189e-01
4.696446446446445933e+00 7.882833828902100493e-01
4.706706706706706100e+00 7.885979282842692228e-01
4.716966966966967156e+00 7.889121166400420160e-01
4.727227227227227324e+00 7.892259471924378822e-01
4.737487487487487492e+00 7.895394191766373915e-01
4.747747747747747660e+00 7.898525318280895657e-01
4.758008008008007828e+00 7.901652843825310857e-01
4.768268268268267995e+00 7.904776760759719689e-01
4.778528528528528163e+00 7.907897061447137776e-01
4.788788788788788331e+00 7.911013738253351857e-01
4.799049049049048499e+00 7.914126783547265065e-01
4.809309309309308667e+00 7.917236189700631588e-01
4.819569569569569722e+00 7.920341949088193223e-01
4.829829829829829890e+00 7.923444054087960264e-01
4.840090090090090058e+00 7.926542497080691918e-01
4.850350350350350226e+00 7.929637270450624609e-01
4.860610610610610394e+00 7.932728366585051205e-01
4.870870870870870561e+00 7.935815777874452026e-01
4.881131131131130729e+00 7.938899496712535919e-01
4.891391391391390897e+00 7.941979515496464526e-01
4.901651651651651065e+00 7.945055826626583606e-01
4.911911911911912121e+00 7.948128422506747226e-01
4.922172172172172289e+00 7.951197295544119026e-01
4.932432432432432456e+00 7.954262438149511949e-01
4.942692692692692624e+00 7.957323842737015207e-01
4.952952952952952792e+00 7.960381501724426156e-01
4.963213213213212960e+00 7.963435407533089316e-01
4.973473473473473128e+00 7.966485552587954100e-01
4.983733733733733295e+00 7.969531929317745789e-01
4.993993993993993463e+00 7.972574530154753480e-01
5.004254254254253631e+00 7.975613347535119857e-01
5.014514514514514687e+00 7.978648373898761248e-01
5.024774774774774855e+00 7.981679601689333214e-01
5.035035035035035023e+00 7.984707023354584710e-01
5.045295295295295190e+00 7.987730631346008359e-01
5.055555555555555358e+00 7.990750418119093590e-01
5.065815815815815526e+00 7.993766376133343288e-01
5.076076076076075694e+00 7.996778497852311540e-01
5.086336336336335862e+00 7.999786775743660261e-01
5.096596596596596029e+00 8.002791202279028182e-01
5.106856856856856197e+00 8.005791769934434976e-01
5.117117117117117253e+00 8.008788471189967062e-01
5.127377377377377421e+00 8.011781298530007422e-01
5.137637637637637589e+00 8.014770244443178981e-01
5.147897897897897757e+00 8.017755301422467840e-01
5.158158158158157924e+00 8.020736461965292108e-01
5.168418418418418092e+00 8.023713718573367570e-01
5.178678678678678260e+00 8.026687063752875329e-01
5.188938938938938428e+00 8.029656490014658310e-01
5.199199199199198596e+00 8.032621989873781621e-01
5.209459459459459651e+00 8.035583555850236426e-01
5.219719719719719819e+00 8.038541180468413705e-01
5.229979979979979987e+00 8.041494856257370705e-01
5.240240240240240155e+00 8.044444575750943072e-01
5.250500500500500323e+00 8.047390331487657145e-01
5.260760760760760490e+00 8.050332116010900929e-01
5.271021021021020658e+00 8.053269921868766446e-01
5.281281281281280826e+00 8.056203741614273994e-01
5.291541541541540994e+00 8.059133567805355503e-01
5.301801801801801162e+00 8.062059393004833430e-01
5.312062062062062218e+00 8.064981209780635041e-01
5.322322322322322385e+00 8.067899010705564811e-01
5.332582582582582553e+00 8.070812788357650813e-01
5.342842842842842721e+00 8.073722535319953764e-01
5.353103103103102889e+00 8.076628244180676930e-01
5.363363363363363057e+00 8.079529907533226085e-01
5.373623623623623224e+00 8.082427517976209508e-01
5.383883883883883392e+00 8.085321068113611176e-01
5.394144144144143560e+00 8.088210550554630895e-01
5.404404404404403728e+00 8.091095957913989611e-01
5.414664664664664784e+00 8.093977282811543050e-01
5.424924924924924952e+00 8.096854517872824619e-01
5.435185185185185119e+00 8.099727655728757858e-01
5.445445445445445287e+00 8.102596689015740816e-01
5.455705705705705455e+00 8.105461610375849224e-01
5.465965965965965623e+00 8.108322412456745454e-01
5.476226226226225791e+00 8.111179087911580821e-01
5.486486486486485958e+00 8.114031629399394152e-01
5.496746746746746126e+00 8.116880029584824241e-01
5.507007007007007182e+00 8.119724281138450683e-01
5.517267267267267350e+00 8.122564376736399749e-01
5.527527527527527518e+00 8.125400309060941684e-01
5.537787787787787686e+00 8.128232070799995546e-01
5.548048048048047853e+00 8.131059654647524448e-01
5.558308308308308021e+00 8.133883053303521127e-01
5.568568568568568189e+00 8.136702259473900245e-01
5.578828828828828357e+00 8.139517265870707119e-01
5.589089089089088525e+00 8.142328065211982269e-01
5.599349349349348692e+00 8.145134650222034534e-01
5.609609609609609748e+00 8.147937013631325609e-01
5.619869869869869916e+00 8.150735148176491141e-01
5.630130130130130084e+00 8.153529046600396235e-01
5.640390390390390252e+00 8.156318701652409686e-01
5.650650650650650419e+00 8.159104106088012065e-01
5.660910910910910587e+00 8.161885252669217605e-01
5.671171171171170755e+00 8.164662134164348828e-01
5.681431431431430923e+00 8.167434743348321868e-01
5.691691691691691091e+00 8.170203073002502148e-01
5.701951951951951258e+00 8.172967115914852032e-01
5.712212212212212314e+00 8.175726864879893085e-01
5.722472472472472482e+00 8.178482312698783785e-01
5.732732732732732650e+00 8.181233452179286214e-01
5.742992992992992818e+00 8.183980276136010312e-01
5.753253253253252986e+00 8.186722777390281758e-01
5.763513513513513153e+00 8.189460948770150850e-01
5.773773773773773321e+00 8.192194783110614553e-01
5.784034034034033489e+00 8.194924273253485492e-01
5.794294294294293657e+00 8.197649412047463002e-01
5.804554554554554713e+00 8.200370192348325205e-01
5.814814814814814881e+00 8.203086607018705845e-01
5.825075075075075048e+00 8.205798648928440686e-01
5.835335335335335216e+00 8.208506310954359897e-01
5.845595595595595384e+00 8.211209585980373538e-01
5.855855855855855552e+00 8.213908466897573701e-01
5.866116116116115720e+00 8.216602946604462110e-01
5.876376376376375887e+00 8.219293018006441631e-01
5.886636636636636055e+00 8.221978674016533484e-01
5.896896896896896223e+00 8.224659907554818794e-01
5.907157157157157279e+00 8.227336711548989268e-01
5.917417417417417447e+00 8.230009078933919753e-01
5.927677677677677615e+00 8.232677002652165621e-01
5.937937937937937782e+00 8.235340475653538661e-01
5.948198198198197950e+00 8.237999490895610011e-01
5.958458458458458118e+00 8.240654041343270508e-01
5.968718718718718286e+00 8.243304119969373511e-01
5.978978978978978454e+00 8.245949719754085416e-01
5.989239239239238621e+00 8.248590833685408574e-01
5.999499499499498789e+00 8.251227454759063606e-01
6.009759759759759845e+00 8.253859575978701457e-01
6.020020020020020013e+00 8.256487190355500383e-01
6.030280280280280181e+00 8.259110290908699969e-01
6.040540540540540349e+00 8.261728870665454583e-01
6.050800800800800516e+00 8.264342922660716795e-01
6.061061061061060684e+00 8.266952439937494956e-01
6.071321321321320852e+00 8.269557415546805457e-01
6.081581581581581020e+00 8.272157842547789297e-01
6.091841841841841187e+00 8.274753714007624383e-01
6.102102102102102243e+00 8.277345023001534408e-01
6.112362362362362411e+00 8.279931762613133017e-01
6.122622622622622579e+00 8.282513925934170684e-01
6.132882882882882747e+00 8.285091506064463651e-01
6.143143143143142915e+00 8.287664496112547852e-01
6.153403403403403082e+00 8.290232889194855126e-01
6.163663663663663250e+00 8.292796678436514801e-01
6.173923923923923418e+00 8.295355856970924036e-01
6.184184184184183586e+00 8.297910417940012051e-01
6.194444444444443754e+00 8.300460354494151316e-01
6.204704704704704810e+00 8.303005659792319637e-01
6.214964964964964977e+00 8.305546327002003570e-01
6.225225225225225145e+00 8.308082349299359404e-01
6.235485485485485313e+00 8.310613719869298643e-01
6.245745745745745481e+00 8.313140431905196026e-01
6.256006006006005649e+00 8.315662478609436858e-01
6.266266266266265816e+00 8.318179853192997353e-01
6.276526526526525984e+00 8.320692548875759931e-01
6.286786786786786152e+00 8.323200558886458822e-01
6.297047047047046320e+00 8.325703876462683395e-01
6.307307307307307376e+00 8.328202494851131288e-01
6.317567567567567544e+00 8.330696407307214280e-01
6.327827827827827711e+00 8.333185607095611180e-01
6.338088088088087879e+00 8.335670087489858160e-01
6.348348348348348047e+00 8.338149841772847237e-01
6.358608608608608215e+00 8.340624863236345554e-01
6.368868868868868383e+00 8.343095145181453898e-01
6.379129129129128550e+00 8.345560680918455709e-01
6.389389389389388718e+00 8.348021463766907013e-01
6.399649649649649774e+00 8.350477487055590897e-01
6.409909909909909942e+00 8.352928744122711802e-01
6.420170170170170110e+00 8.355375228315884417e-01
6.430430430430430278e+00 8.357816932992087056e-01
6.440690690690690445e+00 8.360253851517608359e-01
6.450950950950950613e+00 8.362685977268566884e-01
6.461211211211210781e+00 8.365113303630261621e-01
6.471471471471470949e+00 8.367535823997802602e-01
6.481731731731731116e+00 8.369953531775875533e-01
6.491991991991991284e+00 8.372366420378810625e-01
6.502252252252252340e+00 8.374774483230442712e-01
6.512512512512512508e+00 8.377177713764661915e-01
6.522772772772772676e+00 8.379576105424922927e-01
6.533033033033032844e+00 8.381969651664468168e-01
6.543293293293293011e+00 8.384358345946605340e-01
6.553553553553553179e+00 8.386742181744206714e-01
6.563813813813813347e+00 8.389121152540345294e-01
6.574074074074073515e+00 8.391495251827946200e-01
6.584334334334333683e+00 8.393864473109909907e-01
6.594594594594593850e+00 8.396228809899293211e-01
6.604854854854854906e+00 8.398588255719074969e-01
6.615115115115115074e+00 8.400942804102505823e-01
6.625375375375375242e+00 8.403292448592936115e-01
6.635635635635635410e+00 8.405637182743803670e-01
6.645895895895895578e+00 8.407977000119046807e-01
6.656156156156155745e+00 8.410311894292572532e-01
6.666416416416415913e+00 8.412641858848833865e-01
6.676676676676676081e+00 8.414966887382512306e-01
6.686936936936936249e+00 8.417286973498750990e-01
6.697197197197197305e+00 8.419602110813098061e-01
6.707457457457457473e+00 8.421912292951516665e-01
6.717717717717717640e+00 8.424217513550507075e-01
6.727977977977977808e+00 8.426517766257142217e-01
6.738238238238237976e+00 8.428813044729093207e-01
6.748498498498498144e+00 8.431103342634587161e-01
6.758758758758758312e+00 8.433388653652501565e-01
6.769019019019018479e+00 8.435668971472491950e-01
6.779279279279278647e+00 8.437944289794888642e-01
6.789539539539538815e+00 8.440214602330802229e-01
6.799799799799799871e+00 8.442479902802152436e-01
6.810060060060060039e+00 8.444740184941784689e-01
6.820320320320320207e+00 8.446995442493323569e-01
6.830580580580580374e+00 8.449245669211280507e-01
6.840840840840840542e+00 8.451490858861291366e-01
6.851101101101100710e+00 8.453731005219801142e-01
6.861361361361360878e+00 8.455966102074512492e-01
6.871621621621621046e+00 8.458196143223976060e-01
6.881881881881881213e+00 8.460421122478022360e-01
6.892142142142141381e+00 8.462641033657611889e-01
6.902402402402402437e+00 8.464855870594644172e-01
6.912662662662662605e+00 8.467065627132623895e-01
6.922922922922922773e+00 8.469270297126164637e-01
6.933183183183182940e+00 8.471469874441049930e-01
6.943443443443443108e+00 8.473664352954476398e-01
6.953703703703703276e+00 8.475853726555154788e-01
6.963963963963963444e+00 8.478037989143057951e-01
6.974224224224223612e+00 8.480217134629598474e-01
6.984484484484483779e+00 8.482391156937753030e-01
6.994744744744744835e+00 8.484560050001903608e-01
7.005005005005005003e+00 8.486723807768200567e-01
7.015265265265265171e+00 8.488882424194172938e-01
7.025525525525525339e+00 8.491035893248969346e-01
7.035785785785785507e+00 8.493184208913701072e-01
7.046046046046045674e+00 8.495327365180905810e-01
7.056306306306305842e+00 8.497465356054876295e-01
7.066566566566566010e+00 8.499598175551865697e-01
7.076826826826826178e+00 8.501725817699674614e-01
7.087087087087086346e+00 8.503848276538233941e-01
7.097347347347347402e+00 8.505965546119265142e-01
7.107607607607607569e+00 8.508077620506310224e-01
7.117867867867867737e+00 8.510184493774926029e-01
7.128128128128127905e+00 8.512286160012755287e-01
7.138388388388388073e+00 8.514382613319346760e-01
7.148648648648648241e+00 8.516473847806379505e-01
7.158908908908908408e+00 8.518559857597730600e-01
7.169169169169168576e+00 8.520640636829220904e-01
7.179429429429428744e+00 8.522716179648983648e-01
7.189689689689688912e+00 8.524786480217382278e-01
7.199949949949949968e+00 8.526851532706870573e-01
7.210210210210210136e+00 8.528911331302435617e-01
7.220470470470470303e+00 8.530965870201098200e-01
7.230730730730730471e+00 8.533015143612536768e-01
7.240990990990990639e+00 8.535059145758545629e-01
7.251251251251250807e+00 8.537097870873540106e-01
7.261511511511510975e+00 8.539131313204292306e-01
7.271771771771771142e+00 8.541159467010159823e-01
7.282032032032031310e+00 8.543182326562905882e-01
7.292292292292292366e+00 8.545199886146992441e-01
7.302552552552552534e+00 8.547212140059383678e-01
7.312812812812812702e+00 8.549219082609730291e-01
7.323073073073072869e+00 8.551220708120484959e-01
7.333333333333333037e+00 8.553217010926493780e-01
7.343593593593593205e+00 8.555207985375671287e-01
7.353853853853853373e+00 8.557193625828500849e-01
7.364114114114113541e+00 8.559173926658366627e-01
7.374374374374373708e+00 8.561148882251528036e-01
7.384634634634633876e+00 8.563118487007093105e-01
7.394894894894894932e+00 8.565082735337049558e-01
7.405155155155155100e+00 8.567041621666334761e-01
7.415415415415415268e+00 8.568995140432965618e-01
7.425675675675675436e+00 8.570943286087869817e-01
7.435935935935935603e+00 8.572886053095192249e-01
7.446196196196195771e+00 8.574823435931971938e-01
7.456456456456455939e+00 8.576755429088452898e-01
7.466716716716716107e+00 8.578682027068127436e-01
7.476976976976976275e+00 8.580603224387515215e-01
7.487237237237236442e+00 8.582519015576477450e-01
7.497497497497497498e+00 8.584429395178090338e-01
7.507757757757757666e+00 8.586334357748769408e-01
7.518018018018017834e+00 8.588233897858291721e-01
7.528278278278278002e+00 8.590128010089581601e-01
7.538538538538538170e+00 8.592016689039272404e-01
7.548798798798798337e+00 8.593899929317100339e-01
7.559059059059058505e+00 8.595777725546579484e-01
7.569319319319318673e+00 8.597650072364483309e-01
7.579579579579578841e+00 8.599516964421241028e-01
7.589839839839839897e+00 8.601378396380752189e-01
7.600100100100100065e+00 8.603234362920616496e-01
7.610360360360360232e+00 8.605084858732008346e-01
7.620620620620620400e+00 8.606929878519783417e-01
7.630880880880880568e+00 8.608769417002426483e-01
7.641141141141140736e+00 8.610603468912261249e-01
7.651401401401400904e+00 8.612432028995290478e-01
7.661661661661661071e+00 8.614255092011307013e-01
7.671921921921921239e+00 8.616072652733980375e-01
7.682182182182181407e+00 8.617884705950843438e-01
7.692442442442442463e+00 8.619691246463316858e-01
7.702702702702702631e+00 8.621492269086653559e-01
7.712962962962962798e+00 8.623287768650176321e-01
7.723223223223222966e+00 8.625077739997086823e-01
7.733483483483483134e+00 8.626862177984846447e-01
7.743743743743743302e+00 8.628641077484676680e-01
7.754004004004003470e+00 8.630414433381990991e-01
7.764264264264263637e+00 8.632182240576458110e-01
7.774524524524523805e+00 8.633944493981626778e-01
7.784784784784783973e+00 8.635701188525484184e-01
7.795045045045045029e+00 8.637452319150048519e-01
7.805305305305305197e+00 8.639197880811797514e-01
7.815565565565565365e+00 8.640937868481254336e-01
7.825825825825825532e+00 8.642672277143355064e-01
7.836086086086085700e+00 8.644401101797369869e-01
7.846346346346345868e+00 8.646124337456955189e-01
7.856606606606606036e+00 8.647841979150138192e-01
7.866866866866866204e+00 8.649554021919380054e-01
7.877127127127126371e+00 8.651260460821693643e-01
7.887387387387387427e+00 8.652961290928475879e-01
7.897647647647647595e+00 8.654656507325603210e-01
7.907907907907907763e+00 8.656346105113793543e-01
7.918168168168167931e+00 8.658030079408011170e-01
7.928428428428428099e+00 8.659708425337955262e-01
7.938688688688688266e+00 8.661381138048223072e-01
7.948948948948948434e+00 8.663048212697661565e-01
7.959209209209208602e+00 8.664709644460213411e-01
7.969469469469468770e+00 8.666365428524315240e-01
7.979729729729728938e+00 8.668015560093245142e-01
7.989989989989989994e+00 8.669660034385128222e-01
8.000250250250250161e+00 8.671298846632844448e-01
8.010510510510510329e+00 8.672931992084275121e-01
8.020770770770770497e+00 8.674559466002028651e-01
8.031031031031030665e+00 8.676181263663835797e-01
8.041291291291290833e+00 8.677797380362112234e-01
8.051551551551551000e+00 8.679407811404499240e-01
8.061811811811811168e+00 8.681012552113516190e-01
8.072072072072071336e+00 8.682611597826781491e-01
8.082332332332331504e+00 8.684204943896902673e-01
8.092592592592591672e+00 8.685792585691795020e-01
8.102852852852851839e+00 8.687374518594184192e-01
8.113113113113112007e+00 8.688950738002267915e-01
8.123373373373372175e+00 8.690521239329238590e-01
8.133633633633632343e+00 8.692086018003570835e-01
8.143893893893892511e+00 8.693645069468987074e-01
8.154154154154152678e+00 8.695198389184434218e-01
8.164414414414412846e+00 8.696745972624325693e-01
8.174674674674673014e+00 8.698287815278163970e-01
8.184934934934934958e+00 8.699823912650985758e-01
8.195195195195195126e+00 8.701354260263174378e-01
8.205455455455455294e+00 8.702878853650556357e-01
8.215715715715715461e+00 8.704397688364275965e-01
8.225975975975975629e+00 8.705910759971263735e-01
8.236236236236235797e+00 8.707418064053523699e-01
8.246496496496495965e+00 8.708919596208994918e-01
8.256756756756756133e+00 8.710415352050785431e-01
8.267017017017016300e+00 8.711905327208009364e-01
8.277277277277276468e+00 8.713389517325051958e-01
8.287537537537538412e+00 8.714867918062089158e-01
8.297797797797798580e+00 8.716340525095026548e-01
8.308058058058058748e+00 8.717807334115381668e-01
8.318318318318318916e+00 8.719268340830358399e-01
8.328578578578579084e+00 8.720723540963057907e-01
8.338838838838839251e+00 8.722172930252126699e-01
8.349099099099099419e+00 8.723616504452312848e-01
8.359359359359359587e+00 8.725054259333965279e-01
8.369619619619619755e+00 8.726486190683415689e-01
8.379879879879879923e+00 8.727912294302829777e-01
8.390140140140140090e+00 8.729332566010253869e-01
8.400400400400400258e+00 8.730747001639853622e-01
8.410660660660660426e+00 8.732155597041574291e-01
8.420920920920920594e+00 8.733558348081359446e-01
8.431181181181180762e+00 8.734955250641374125e-01
8.441441441441440929e+00 8.736346300619556304e-01
8.451701701701701097e+00 8.737731493930098736e-01
8.461961961961961265e+00 8.739110826503312390e-01
8.472222222222221433e+00 8.740484294285475464e-01
8.482482482482481601e+00 8.741851893239183102e-01
8.492742742742741768e+00 8.743213619343146448e-01
8.503003003003001936e+00 8.744569468592210404e-01
8.513263263263262104e+00 8.745919436997566798e-01
8.523523523523522272e+00 8.747263520586544550e-01
8.533783783783784216e+00 8.748601715402926082e-01
8.544044044044044384e+00 8.749934017506579842e-01
8.554304304304304551e+00 8.751260422973805575e-01
8.564564564564564719e+00 8.752580927897432028e-01
8.574824824824824887e+00 8.753895528386315128e-01
8.585085085085085055e+00 8.755204220566075168e-01
8.595345345345345223e+00 8.756507000578380717e-01
8.605605605605605390e+00 8.757803864581733544e-01
8.615865865865865558e+00 8.759094808750950145e-01
8.626126126126125726e+00 8.760379829277316066e-01
8.636386386386385894e+00 8.761658922368714686e-01
8.646646646646646062e+00 8.762932084249502873e-01
8.656906906906906229e+00 8.764199311160706385e-01
8.667167167167166397e+00 8.765460599359883309e-01
8.677427427427426565e+00 8.766715945121297260e-01
8.687687687687686733e+00 8.767965344735766386e-01
8.697947947947946901e+00 8.769208794510797711e-01
8.708208208208207068e+00 8.770446290770781417e-01
8.718468468468467236e+00 8.771677829856444619e-01
8.728728728728729180e+00 8.772903408125634073e-01
8.738988988988989348e+00 8.774123021952828783e-01
8.749249249249249516e+00 8.775336667729234374e-01
8.759509509509509684e+00 8.776544341863002918e-01
8.769769769769769852e+00 8.777746040778864334e-01
8.780030030030030019e+00 8.778941760918843595e-01
8.790290290290290187e+00 8.780131498741422513e-01
8.800550550550550355e+00 8.781315250722253607e-01
8.810810810810810523e+00 8.782493013353809275e-01
8.821071071071070691e+00 8.783664783145551658e-01
8.831331331331330858e+00 8.784830556623867137e-01
8.841591591591591026e+00 8.785990330332167364e-01
8.851851851851851194e+00 8.787144100830944771e-01
8.862112112112111362e+00 8.788291864697744815e-01
8.872372372372371530e+00 8.789433618526931724e-01
8.882632632632631697e+00 8.790569358930280242e-01
8.892892892892891865e+00 8.791699082536388321e-01
8.903153153153152033e+00 8.792822785991303292e-01
8.913413413413412201e+00 8.793940465957919006e-01
8.923673673673672369e+00 8.795052119116478773e-01
8.933933933933934313e+00 8.796157742164343318e-01
8.944194194194194480e+00 8.797257331816136228e-01
8.954454454454454648e+00 8.798350884803600724e-01
8.964714714714714816e+00 8.799438397876040430e-01
8.974974974974974984e+00 8.800519867799579954e-01
8.985235235235235152e+00 8.801595291358078610e-01
8.995495495495495319e+00 8.802664665352413209e-01
9.005755755755755487e+00 8.803727986600961009e-01
9.016016016016015655e+00 8.804785251939454271e-01
9.026276276276275823e+00 8.805836458220938079e-01
9.036536536536535991e+00 8.806881602315894675e-01
9.046796796796796158e+00 8.807920681112259009e-01
9.057057057057056326e+00 8.808953691515286621e-01
9.067317317317316494e+00 8.809980630447833416e-01
9.077577577577576662e+00 8.811001494850230209e-01
9.087837837837836830e+00 8.812016281680332686e-01
9.098098098098096997e+00 8.813024987913306019e-01
9.108358358358357165e+00 8.814027610542057856e-01
9.118618618618617333e+00 8.815024146577058461e-01
9.128878878878879277e+00 8.816014593046270775e-01
9.139139139139139445e+00 8.816998946995321385e-01
9.149399399399399613e+00 8.817977205487405046e-01
9.159659659659659781e+00 8.818949365603464541e-01
9.169919919919919948e+00 8.819915424441890917e-01
9.180180180180180116e+00 8.820875379118989779e-01
9.190440440440440284e+00 8.821829226768597154e-01
9.200700700700700452e+00 8.822776964542367040e-01
9.210960960960960620e+00 8.823718589609546026e-01
9.221221221221220787e+00 8.824654099157264175e-01
9.231481481481480955e+00 8.825583490390429553e-01
9.241741741741741123e+00 8.826506760531603879e-01
9.252002002002001291e+00 8.827423906821294519e-01
9.262262262262261459e+00 8.828334926517713566e-01
9.272522522522521626e+00 8.829239816897053172e-01
9.282782782782781794e+00 8.830138575253271283e-01
9.293043043043041962e+00 8.831031198898129375e-01
9.303303303303302130e+00 8.831917685161445597e-01
9.313563563563562298e+00 8.832798031390822757e-01
9.323823823823824242e+00 8.833672234951875923e-01
9.334084084084084409e+00 8.834540293228132501e-01
9.344344344344344577e+00 8.835402203621028905e-01
9.354604604604604745e+00 8.836257963550141481e-01
9.364864864864864913e+00 8.837107570452769068e-01
9.375125125125125081e+00 8.837951021784561378e-01
9.385385385385385248e+00 8.838788315018869524e-01
9.395645645645645416e+00 8.839619447647308892e-01
9.405905905905905584e+00 8.840444417179564862e-01
9.416166166166165752e+00 8.841263221143194073e-01
9.426426426426425920e+00 8.842075857084090718e-01
9.436686686686686087e+00 8.842882322566139042e-01
9.446946946946946255e+00 8.843682615171276629e-01
9.457207207207206423e+00 8.844476732499745308e-01
9.467467467467466591e+00 8.845264672169811382e-01
9.477727727727726759e+00 8.846046431818017641e-01
9.487987987987986926e+00 8.846822009099032380e-01
9.498248248248247094e+00 8.847591401685800383e-01
9.508508508508507262e+00 8.848354607269300898e-01
9.518768768768767430e+00 8.849111623558999495e-01
9.529029029029029374e+00 8.849862448282416194e-01
9.539289289289289542e+00 8.850607079185479620e-01
9.549549549549549710e+00 8.851345514032269435e-01
9.559809809809809877e+00 8.852077750605138462e-01
9.570070070070070045e+00 8.852803786704958044e-01
9.580330330330330213e+00 8.853523620150701712e-01
9.590590590590590381e+00 8.854237248779773806e-01
9.600850850850850549e+00 8.854944670448023913e-01
9.611111111111110716e+00 8.855645883029477083e-01
9.621371371371370884e+00 8.856340884416538106e-01
9.631631631631631052e+00 8.857029672520210228e-01
9.641891891891891220e+00 8.857712245269799833e-01
9.652152152152151388e+00 8.858388600612809860e-01
9.662412412412411555e+00 8.859058736515570409e-01
9.672672672672671723e+00 8.859722650962743584e-01
9.682932932932931891e+00 8.860380341957094785e-01
9.693193193193192059e+00 8.861031807520383108e-01
9.703453453453452227e+00 8.861677045692463173e-01
9.713713713713712394e+00 8.862316054531935716e-01
9.723973973973974338e+00 8.862948832115739028e-01
9.734234234234234506e+00 8.863575376539490902e-01
9.744494494494494674e+00 8.864195685917123368e-01
9.754754754754754842e+00 8.864809758381346771e-01
9.765015015015015010e+00 8.865417592083386644e-01
9.775275275275275177e+00 8.866019185192899332e-01
9.785535535535535345e+00 8.866614535898230676e-01
9.795795795795795513e+00 8.867203642406444875e-01
9.806056056056055681e+00 8.867786502942909266e-01
9.816316316316315849e+00 8.868363115751893844e-01
9.826576576576576016e+00 8.868933479096040573e-01
9.836836836836836184e+00 8.869497591257033964e-01
9.847097097097096352e+00 8.870055450534712893e-01
9.857357357357356520e+00 8.870607055248002082e-01
9.867617617617616688e+00 8.871152403734200442e-01
9.877877877877876855e+00 8.871691494349588369e-01
9.888138138138137023e+00 8.872224325468796025e-01
9.898398398398397191e+00 8.872750895485508327e-01
9.908658658658657359e+00 8.873271202811827685e-01
9.918918918918919303e+00 8.873785245878806904e-01
9.929179179179179471e+00 8.874293023136109460e-01
9.939439439439439639e+00 8.874794533052281498e-01
9.949699699699699806e+00 8.875289774114468733e-01
9.959959959959959974e+00 8.875778744828610733e-01
9.970220220220220142e+00 8.876261443719594135e-01
9.980480480480480310e+00 8.876737869330938446e-01
9.990740740740740478e+00 8.877208020224912621e-01
1.000100100100100065e+01 8.877671894982812617e-01
1.001126126126126081e+01 8.878129492204519524e-01
1.002152152152152098e+01 8.878580810508929222e-01
1.003178178178178115e+01 8.879025848533506071e-01
1.004204204204204132e+01 8.879464604934994565e-01
1.005230230230230148e+01 8.879897078388595544e-01
1.006256256256256165e+01 8.880323267588468017e-01
1.007282282282282182e+01 8.880743171247807988e-01
1.008308308308308199e+01 8.881156788098490962e-01
1.009334334334334216e+01 8.881564116891359495e-01
1.010360360360360232e+01 8.881965156396222083e-01
1.011386386386386249e+01 8.882359905401642219e-01
1.012412412412412444e+01 8.882748362715158219e-01
1.013438438438438460e+01 8.883130527163380918e-01
1.014464464464464477e+01 8.883506397591511838e-01
1.015490490490490494e+01 8.883875972864027082e-01
1.016516516516516511e+01 8.884239251864147757e-01
1.017542542542542527e+01 8.884596233494106432e-01
1.018568568568568544e+01 8.884946916675129369e-01
1.019594594594594561e+01 8.885291300347303300e-01
1.020620620620620578e+01 8.885629383469766385e-01
1.021646646646646595e+01 8.885961165020621610e-01
1.022672672672672611e+01 8.886286643996964552e-01
1.023698698698698628e+01 8.886605819414805651e-01
1.024724724724724645e+01 8.886918690309277835e-01
1.025750750750750662e+01 8.887225255734468865e-01
1.026776776776776678e+01 8.887525514763415790e-01
1.027802802802802695e+01 8.887819466488148246e-01
1.028828828828828712e+01 8.888107110019900503e-01
1.029854854854854729e+01 8.888388444488797280e-01
1.030880880880880746e+01 8.888663469043922571e-01
1.031906906906906940e+01 8.888932182853780395e-01
1.032932932932932957e+01 8.889194585105204549e-01
1.033958958958958974e+01 8.889450675004865188e-01
1.034984984984984990e+01 8.889700451778017598e-01
1.036011011011011007e+01 8.889943914669071745e-01
1.037037037037037024e+01 8.890181062941506784e-01
1.038063063063063041e+01 8.890411895877974313e-01
1.039089089089089057e+01 8.890636412780011932e-01
1.040115115115115074e+01 8.890854612968446258e-01
1.041141141141141091e+01 8.891066495782998791e-01
1.042167167167167108e+01 8.891272060582563475e-01
1.043193193193193125e+01 8.891471306745210024e-01
1.044219219219219141e+01 8.891664233667966322e-01
1.045245245245245158e+01 8.891850840767008268e-01
1.046271271271271175e+01 8.892031127477674213e-01
1.047297297297297192e+01 8.892205093254230697e-01
1.048323323323323208e+01 8.892372737570283237e-01
1.049349349349349225e+01 8.892534059918485445e-01
1.050375375375375242e+01 8.892689059810565677e-01
1.051401401401401436e+01 8.892837736777383650e-01
1.052427427427427453e+01 8.892980090368760582e-01
1.053453453453453470e+01 8.893116120154092030e-01
1.054479479479479487e+01 8.893245825721429743e-01
1.055505505505505504e+01 8.893369206678163330e-01
1.056531531531531520e+01 8.893486262650884822e-01
1.057557557557557537e+01 8.893596993285238783e-01
1.058583583583583554e+01 8.893701398245994483e-01
1.059609609609609571e+01 8.893799477217035898e-01
1.060635635635635587e+01 8.893891229901584872e-01
1.061661661661661604e+01 8.893976656021720384e-01
1.062687687687687621e+01 8.894055755318883705e-01
1.063713713713713638e+01 8.894128527553599728e-01
1.064739739739739655e+01 8.894194972505572450e-01
1.065765765765765671e+01 8.894255089973512884e-01
1.066791791791791688e+01 8.894308879775616461e-01
1.067817817817817705e+01 8.894356341748891337e-01
1.068843843843843722e+01 8.894397475749658000e-01
1.069869869869869738e+01 8.894432281653374961e-01
1.070895895895895755e+01 8.894460759354679835e-01
1.071921921921921950e+01 8.894482908767281648e-01
1.072947947947947966e+01 8.894498729824263927e-01
1.073973973973973983e+01 8.894508222477627291e-01
1.075000000000000000e+01 8.894511386698553679e-01
