5.000000000000000000e-01 1.984491496357360774e+01
8.203125000000000000e-01 2.109645919096310607e+01
1.140625000000000000e+00 1.943817373097535040e+01
1.460937500000000000e+00 2.201426724503799548e+01
1.781250000000000000e+00 2.301573265912101363e+01
2.101562500000000000e+00 2.280619081171908391e+01
2.421875000000000000e+00 2.346418795060297313e+01
2.742187500000000000e+00 2.482732760754967671e+01
3.062500000000000000e+00 2.566943660110889525e+01
3.382812500000000000e+00 2.631684693650410978e+01
3.703125000000000000e+00 2.642397829546289856e+01
4.023437500000000000e+00 2.869160208645655175e+01
4.343750000000000000e+00 3.026214699207594094e+01
4.664062500000000000e+00 3.052014194251523804e+01
4.984375000000000000e+00 3.188670704704283665e+01
5.304687500000000000e+00 3.340265671857835628e+01
5.625000000000000000e+00 3.302212812886641302e+01
5.945312500000000000e+00 3.460435684975372794e+01
6.265625000000000000e+00 3.511126253960190979e+01
6.585937500000000000e+00 3.697771841529407055e+01
6.906250000000000000e+00 3.698929750408699846e+01
7.226562500000000000e+00 3.772406682446558790e+01
7.546875000000000000e+00 3.952994625355132285e+01
7.867187500000000000e+00 4.059487110647209107e+01
8.187500000000000000e+00 4.257941596131673379e+01
8.507812500000000000e+00 4.194637485280527045e+01
8.828125000000000000e+00 4.243636478300698656e+01
9.148437500000000000e+00 4.297875555123829372e+01
9.468750000000000000e+00 4.298287608583612496e+01
9.789062500000000000e+00 4.544704914798585094e+01
1.010937500000000000e+01 4.398338363610011470e+01
1.042968750000000000e+01 4.346479964131638951e+01
1.075000000000000000e+01 4.423794451345787593e+01
