1.000000000000000021e-02 3.262492692924679090e-04
2.000000000000000042e-02 3.944100446923591748e-03
2.999999999999999889e-02 1.342124101321021459e-02
4.000000000000000083e-02 2.882620144573256118e-02
5.000000000000000278e-02 4.913330692601920041e-02
6.000000000000000472e-02 7.307743995879434351e-02
6.999999999999999278e-02 9.948425476758886166e-02
8.000000000000000167e-02 1.273702199857896233e-01
8.999999999999999667e-02 1.559525491473566783e-01
9.999999999999999167e-02 1.846274215699373888e-01
1.100000000000000006e-01 2.129400118329498048e-01
1.199999999999999956e-01 2.405553418666080134e-01
1.300000000000000044e-01 2.672329739247155667e-01
1.400000000000000133e-01 2.928061359435943367e-01
1.500000000000000222e-01 3.171649521340685896e-01
1.600000000000000033e-01 3.402431666502502838e-01
1.700000000000000122e-01 3.620077205694928191e-01
1.800000000000000211e-01 3.824506097884359246e-01
1.900000000000000022e-01 4.015825447722326524e-01
2.000000000000000111e-01 4.194280245092150694e-01
2.100000000000000200e-01 4.360215166753234617e-01
2.200000000000000011e-01 4.514045017477885113e-01
2.300000000000000100e-01 4.656231915301952684e-01
2.400000000000000189e-01 4.787267741741517146e-01
2.500000000000000000e-01 4.907660703567031657e-01
2.600000000000000089e-01 5.017925106480946029e-01
2.700000000000000178e-01 5.118573638324851460e-01
2.800000000000000266e-01 5.210111612757556410e-01
2.900000000000000355e-01 5.293032743571990384e-01
2.999999999999999889e-01 5.367816112658241323e-01
3.099999999999999978e-01 5.434924067036920325e-01
3.200000000000000067e-01 5.494800836984191639e-01
3.300000000000000155e-01 5.547871711594442035e-01
3.400000000000000244e-01 5.594542642911752850e-01
3.500000000000000333e-01 5.635200177115524678e-01
3.600000000000000422e-01 5.670211632797721446e-01
3.699999999999999956e-01 5.699925463379782453e-01
3.800000000000000044e-01 5.724671754165210347e-01
3.900000000000000133e-01 5.744762815169599524e-01
4.000000000000000222e-01 5.760493839307264663e-01
4.100000000000000311e-01 5.772143602206393220e-01
4.200000000000000400e-01 5.779975185236558843e-01
4.299999999999999933e-01 5.784236707549205159e-01
4.400000000000000022e-01 5.785162056278496667e-01
4.500000000000000111e-01 5.782971606704621070e-01
4.600000000000000200e-01 5.777872926284705057e-01
4.700000000000000289e-01 5.770061458119808417e-01
4.800000000000000377e-01 5.759721180738522905e-01
4.899999999999999911e-01 5.747025242109302656e-01
5.000000000000000000e-01 5.732136566600976035e-01
5.100000000000000089e-01 5.715208434239129609e-01
5.200000000000000178e-01 5.696385032091145773e-01
5.300000000000000266e-01 5.675801977983430113e-01
5.400000000000000355e-01 5.653586817034165213e-01
5.500000000000000444e-01 5.629859491691949769e-01
5.600000000000000533e-01 5.604732786120409926e-01
5.700000000000000622e-01 5.578312745872665568e-01
5.800000000000000711e-01 5.550699073867708666e-01
5.899999999999999689e-01 5.521985503720413524e-01
5.999999999999999778e-01 5.492260151494836595e-01
6.099999999999999867e-01 5.461605846951278487e-01
6.199999999999999956e-01 5.430100445345472648e-01
6.300000000000000044e-01 5.397817120816454928e-01
6.400000000000000133e-01 5.364824642370574770e-01
6.500000000000000222e-01 5.331187633434963935e-01
6.600000000000000311e-01 5.296966815916044347e-01
6.700000000000000400e-01 5.262219239658719738e-01
6.800000000000000488e-01 5.226998498160695394e-01
6.900000000000000577e-01 5.191354931354711377e-01
7.000000000000000666e-01 5.155335816230021129e-01
7.100000000000000755e-01 5.118985546023530064e-01
7.199999999999999734e-01 5.082345798671089598e-01
7.299999999999999822e-01 5.045455695170752985e-01
7.399999999999999911e-01 5.008351948472464787e-01
7.500000000000000000e-01 4.971069003472851078e-01
7.600000000000000089e-01 4.933639168659559315e-01
7.700000000000000178e-01 4.896092739917004555e-01
7.800000000000000266e-01 4.858458116974427310e-01
7.900000000000000355e-01 4.820761912947802985e-01
8.000000000000000444e-01 4.783029057399437733e-01
8.100000000000000533e-01 4.745282893312864902e-01
8.200000000000000622e-01 4.707545268355978196e-01
8.300000000000000711e-01 4.669836620782093495e-01
8.400000000000000799e-01 4.632176060296763764e-01
8.499999999999999778e-01 4.594581444197639031e-01
8.599999999999999867e-01 4.557069449075364376e-01
8.699999999999999956e-01 4.519655638345445037e-01
8.800000000000000044e-01 4.482354525864010730e-01
8.900000000000000133e-01 4.445179635864508483e-01
9.000000000000000222e-01 4.408143559437503467e-01
9.100000000000000311e-01 4.371258007761746889e-01
9.200000000000000400e-01 4.334533862281669259e-01
9.300000000000000488e-01 4.297981222014180536e-01
9.400000000000000577e-01 4.261609448156246094e-01
9.500000000000000666e-01 4.225427206153976600e-01
9.600000000000000755e-01 4.189442505383967896e-01
9.699999999999999734e-01 4.153662736588216720e-01
9.799999999999999822e-01 4.118094707195201765e-01
9.899999999999999911e-01 4.082744674651485606e-01
1.000000000000000000e+00 4.047618377880506935e-01
1.010000000000000009e+00 4.012721066978062745e-01
1.020000000000000018e+00 3.978057531247238265e-01
1.030000000000000027e+00 3.943632125669256916e-01
1.040000000000000036e+00 3.909448795900806184e-01
1.050000000000000044e+00 3.875511101882923581e-01
1.060000000000000053e+00 3.841822240141299916e-01
1.070000000000000062e+00 3.808385064853090918e-01
1.080000000000000071e+00 3.775202107750730840e-01
1.090000000000000080e+00 3.742275596929058312e-01
1.100000000000000089e+00 3.709607474618050738e-01
1.110000000000000098e+00 3.677199413979753695e-01
1.120000000000000107e+00 3.645052834984514600e-01
1.130000000000000115e+00 3.613168919418330849e-01
1.140000000000000124e+00 3.581548625070087866e-01
1.150000000000000133e+00 3.550192699144558706e-01
1.160000000000000142e+00 3.519101690944371197e-01
1.169999999999999929e+00 3.488275963861578455e-01
1.179999999999999938e+00 3.457715706717138238e-01
1.189999999999999947e+00 3.427420944484357301e-01
1.199999999999999956e+00 3.397391548430250818e-01
1.209999999999999964e+00 3.367627245706846240e-01
1.219999999999999973e+00 3.338127628422578597e-01
1.229999999999999982e+00 3.308892162222208388e-01
1.239999999999999991e+00 3.279920194402073941e-01
1.250000000000000000e+00 3.251210961585946912e-01
1.260000000000000009e+00 3.222763596985339651e-01
1.270000000000000018e+00 3.194577137266736422e-01
1.280000000000000027e+00 3.166650529046994844e-01
1.290000000000000036e+00 3.138982635036918212e-01
1.300000000000000044e+00 3.111572239851918553e-01
1.310000000000000053e+00 3.084418055507608947e-01
1.320000000000000062e+00 3.057518726617177718e-01
1.330000000000000071e+00 3.030872835306461233e-01
1.340000000000000080e+00 3.004478905861749927e-01
1.350000000000000089e+00 2.978335409124530653e-01
1.360000000000000098e+00 2.952440766646586834e-01
1.370000000000000107e+00 2.926793354618145715e-01
1.380000000000000115e+00 2.901391507581063678e-01
1.390000000000000124e+00 2.876233521938384996e-01
1.400000000000000133e+00 2.851317659271003224e-01
1.410000000000000142e+00 2.826642149471553789e-01
1.419999999999999929e+00 2.802205193705146202e-01
1.429999999999999938e+00 2.778004967205987552e-01
1.439999999999999947e+00 2.754039621918521474e-01
1.449999999999999956e+00 2.730307288991165593e-01
1.459999999999999964e+00 2.706806081130374575e-01
1.469999999999999973e+00 2.683534094822297433e-01
1.479999999999999982e+00 2.660489412428921341e-01
1.489999999999999991e+00 2.637670104165243390e-01
1.500000000000000000e+00 2.615074229963643138e-01
1.510000000000000009e+00 2.592699841231320135e-01
1.520000000000000018e+00 2.570544982506344223e-01
1.530000000000000027e+00 2.548607693017579390e-01
1.540000000000000036e+00 2.526886008153463870e-01
1.550000000000000044e+00 2.505377960844365481e-01
1.560000000000000053e+00 2.484081582862990023e-01
1.570000000000000062e+00 2.462994906047096255e-01
1.580000000000000071e+00 2.442115963448523996e-01
1.590000000000000080e+00 2.421442790412365043e-01
1.600000000000000089e+00 2.400973425589886245e-01
1.610000000000000098e+00 2.380705911888644222e-01
1.620000000000000107e+00 2.360638297363037430e-01
1.630000000000000115e+00 2.340768636048391194e-01
1.640000000000000124e+00 2.321094988741502219e-01
1.650000000000000133e+00 2.301615423730422882e-01
1.660000000000000142e+00 2.282328017476119297e-01
1.670000000000000151e+00 2.263230855248518358e-01
1.679999999999999938e+00 2.244322031719300503e-01
1.689999999999999947e+00 2.225599651513711918e-01
1.699999999999999956e+00 2.207061829723528656e-01
1.709999999999999964e+00 2.188706692383201313e-01
1.719999999999999973e+00 2.170532376911120109e-01
1.729999999999999982e+00 2.152537032517821691e-01
1.739999999999999991e+00 2.134718820582886256e-01
1.750000000000000000e+00 2.117075915002171460e-01
1.760000000000000009e+00 2.099606502506953520e-01
1.770000000000000018e+00 2.082308782956468485e-01
1.780000000000000027e+00 2.065180969605262540e-01
1.790000000000000036e+00 2.048221289346705276e-01
1.800000000000000044e+00 2.031427982933931564e-01
1.810000000000000053e+00 2.014799305179436339e-01
1.820000000000000062e+00 1.998333525134463329e-01
1.830000000000000071e+00 1.982028926249296830e-01
1.840000000000000080e+00 1.965883806515477950e-01
1.850000000000000089e+00 1.949896478590953386e-01
1.860000000000000098e+00 1.934065269909077955e-01
1.870000000000000107e+00 1.918388522772378757e-01
1.880000000000000115e+00 1.902864594431912526e-01
1.890000000000000124e+00 1.887491857153035246e-01
1.900000000000000133e+00 1.872268698268341747e-01
1.910000000000000142e+00 1.857193520218503868e-01
1.920000000000000151e+00 1.842264740581693871e-01
1.929999999999999938e+00 1.827480792092263939e-01
1.939999999999999947e+00 1.812840122649281016e-01
1.949999999999999956e+00 1.798341195315533714e-01
1.959999999999999964e+00 1.783982488307559733e-01
1.969999999999999973e+00 1.769762494977228651e-01
1.979999999999999982e+00 1.755679723785399937e-01
1.989999999999999991e+00 1.741732698268120827e-01
2.000000000000000000e+00 1.727919956995841166e-01
2.009999999999999787e+00 1.714240053526062402e-01
2.020000000000000018e+00 1.700691556349850642e-01
2.029999999999999805e+00 1.687273048832597933e-01
2.040000000000000036e+00 1.673983129149401450e-01
2.049999999999999822e+00 1.660820410215424758e-01
2.059999999999999609e+00 1.647783519611569769e-01
2.069999999999999840e+00 1.634871099505778302e-01
2.079999999999999627e+00 1.622081806570278284e-01
2.089999999999999858e+00 1.609414311895037697e-01
2.099999999999999645e+00 1.596867300897732989e-01
2.109999999999999876e+00 1.584439473230452866e-01
2.119999999999999662e+00 1.572129542683423087e-01
2.129999999999999893e+00 1.559936237085946809e-01
2.139999999999999680e+00 1.547858298204816685e-01
2.149999999999999911e+00 1.535894481640376064e-01
2.159999999999999698e+00 1.524043556720460768e-01
2.169999999999999929e+00 1.512304306392377728e-01
2.179999999999999716e+00 1.500675527113126406e-01
2.189999999999999947e+00 1.489156028738014004e-01
2.199999999999999734e+00 1.477744634407834046e-01
2.209999999999999964e+00 1.466440180434756546e-01
2.219999999999999751e+00 1.455241516187076034e-01
2.229999999999999982e+00 1.444147503972948443e-01
2.239999999999999769e+00 1.433157018923256476e-01
2.250000000000000000e+00 1.422268948873707528e-01
2.259999999999999787e+00 1.411482194246300448e-01
2.270000000000000018e+00 1.400795667930250510e-01
2.279999999999999805e+00 1.390208295162491670e-01
2.290000000000000036e+00 1.379719013407840200e-01
2.299999999999999822e+00 1.369326772238920464e-01
2.310000000000000053e+00 1.359030533215932202e-01
2.319999999999999840e+00 1.348829269766350647e-01
2.329999999999999627e+00 1.338721967064623042e-01
2.339999999999999858e+00 1.328707621911947578e-01
2.349999999999999645e+00 1.318785242616192788e-01
2.359999999999999876e+00 1.308953848872026759e-01
2.369999999999999662e+00 1.299212471641314759e-01
2.379999999999999893e+00 1.289560153033841861e-01
2.389999999999999680e+00 1.279995946188416667e-01
2.399999999999999911e+00 1.270518915154399686e-01
2.409999999999999698e+00 1.261128134773709664e-01
2.419999999999999929e+00 1.251822690563348661e-01
2.429999999999999716e+00 1.242601678598485582e-01
2.439999999999999947e+00 1.233464205396138796e-01
2.449999999999999734e+00 1.224409387799493126e-01
2.459999999999999964e+00 1.215436352862882263e-01
2.469999999999999751e+00 1.206544237737471187e-01
2.479999999999999982e+00 1.197732189557660781e-01
2.489999999999999769e+00 1.188999365328251984e-01
2.500000000000000000e+00 1.180344931812381121e-01
2.509999999999999787e+00 1.171768065420260019e-01
2.520000000000000018e+00 1.163267952098735042e-01
2.529999999999999805e+00 1.154843787221688234e-01
2.540000000000000036e+00 1.146494775481293193e-01
2.549999999999999822e+00 1.138220130780151496e-01
2.560000000000000053e+00 1.130019076124310073e-01
2.569999999999999840e+00 1.121890843517185793e-01
2.579999999999999627e+00 1.113834673854402352e-01
2.589999999999999858e+00 1.105849816819549775e-01
2.599999999999999645e+00 1.097935530780882879e-01
2.609999999999999876e+00 1.090091082688955104e-01
2.619999999999999662e+00 1.082315747975208797e-01
2.629999999999999893e+00 1.074608810451515711e-01
2.639999999999999680e+00 1.066969562210684092e-01
2.649999999999999911e+00 1.059397303527926659e-01
2.659999999999999698e+00 1.051891342763301984e-01
2.669999999999999929e+00 1.044450996265125775e-01
2.679999999999999716e+00 1.037075588274358057e-01
2.689999999999999947e+00 1.029764450829963318e-01
2.699999999999999734e+00 1.022516923675252376e-01
2.709999999999999964e+00 1.015332354165194712e-01
2.719999999999999751e+00 1.008210097174711134e-01
2.729999999999999982e+00 1.001149515007937613e-01
2.739999999999999769e+00 9.941499773084676306e-02
2.750000000000000000e+00 9.872108609705572413e-02
2.759999999999999787e+00 9.803315500513097580e-02
2.770000000000000018e+00 9.735114356838134309e-02
2.779999999999999805e+00 9.667499159912523732e-02
2.790000000000000036e+00 9.600463960019654797e-02
2.799999999999999822e+00 9.534002875654688791e-02
2.810000000000000053e+00 9.468110092694187463e-02
2.819999999999999840e+00 9.402779863575248809e-02
2.829999999999999627e+00 9.338006506484000657e-02
2.839999999999999858e+00 9.273784404553446492e-02
2.849999999999999645e+00 9.210108005070587189e-02
2.859999999999999876e+00 9.146971818692752054e-02
2.869999999999999662e+00 9.084370418673128056e-02
2.879999999999999893e+00 9.022298440095315175e-02
2.889999999999999680e+00 8.960750579116989745e-02
2.899999999999999911e+00 8.899721592222467614e-02
2.909999999999999698e+00 8.839206295484189346e-02
2.919999999999999929e+00 8.779199563833024744e-02
2.929999999999999716e+00 8.719696330337324552e-02
2.939999999999999947e+00 8.660691585490638833e-02
2.949999999999999734e+00 8.602180376508067328e-02
2.959999999999999964e+00 8.544157806631087759e-02
2.969999999999999751e+00 8.486619034440895382e-02
2.979999999999999982e+00 8.429559273180060874e-02
2.989999999999999769e+00 8.372973790082521850e-02
3.000000000000000000e+00 8.316857905711773358e-02
3.009999999999999787e+00 8.261206993307214363e-02
3.020000000000000018e+00 8.206016478138515591e-02
3.029999999999999805e+00 8.151281836868026764e-02
3.040000000000000036e+00 8.096998596921017866e-02
3.049999999999999822e+00 8.043162335863798806e-02
3.060000000000000053e+00 7.989768680789535726e-02
3.069999999999999840e+00 7.936813307711741705e-02
3.080000000000000071e+00 7.884291940965347523e-02
3.089999999999999858e+00 7.832200352615263650e-02
3.099999999999999645e+00 7.780534361872359916e-02
3.109999999999999876e+00 7.729289834516768487e-02
3.119999999999999662e+00 7.678462682328479616e-02
3.129999999999999893e+00 7.628048862525056706e-02
3.139999999999999680e+00 7.578044377206497040e-02
3.149999999999999911e+00 7.528445272807067490e-02
3.159999999999999698e+00 7.479247639554111038e-02
3.169999999999999929e+00 7.430447610933665903e-02
3.179999999999999716e+00 7.382041363162912539e-02
3.189999999999999947e+00 7.334025114669272261e-02
3.199999999999999734e+00 7.286395125576163034e-02
3.209999999999999964e+00 7.239147697195265352e-02
3.219999999999999751e+00 7.192279171525280124e-02
3.229999999999999982e+00 7.145785930757064808e-02
3.239999999999999769e+00 7.099664396785070053e-02
3.250000000000000000e+00 7.053911030725039388e-02
3.259999999999999787e+00 7.008522332437849833e-02
3.270000000000000018e+00 6.963494840059425428e-02
3.279999999999999805e+00 6.918825129536723684e-02
3.290000000000000036e+00 6.874509814169572908e-02
3.299999999999999822e+00 6.830545544158460325e-02
3.310000000000000053e+00 6.786929006158048949e-02
3.319999999999999840e+00 6.743656922836457901e-02
3.330000000000000071e+00 6.700726052440167391e-02
3.339999999999999858e+00 6.658133188364533106e-02
3.349999999999999645e+00 6.615875158729779548e-02
3.359999999999999876e+00 6.573948825962439013e-02
3.369999999999999662e+00 6.532351086382205685e-02
3.379999999999999893e+00 6.491078869794020267e-02
3.389999999999999680e+00 6.450129139085471197e-02
3.399999999999999911e+00 6.409498889829300106e-02
3.409999999999999698e+00 6.369185149891065656e-02
3.419999999999999929e+00 6.329184979041797832e-02
3.429999999999999716e+00 6.289495468575680148e-02
3.439999999999999947e+00 6.250113740932596029e-02
3.449999999999999734e+00 6.211036949325548367e-02
3.459999999999999964e+00 6.172262277372866229e-02
3.469999999999999751e+00 6.133786938735125149e-02
3.479999999999999982e+00 6.095608176756731056e-02
3.489999999999999769e+00 6.057723264112119949e-02
3.500000000000000000e+00 6.020129502456469939e-02
3.509999999999999787e+00 5.982824222080947857e-02
3.520000000000000018e+00 5.945804781572316261e-02
3.529999999999999805e+00 5.909068567476957745e-02
3.540000000000000036e+00 5.872612993969193729e-02
3.549999999999999822e+00 5.836435502523849156e-02
3.560000000000000053e+00 5.800533561593015225e-02
3.569999999999999840e+00 5.764904666286971985e-02
3.580000000000000071e+00 5.729546338059176430e-02
3.589999999999999858e+00 5.694456124395299440e-02
3.599999999999999645e+00 5.659631598506242867e-02
3.609999999999999876e+00 5.625070359025068079e-02
3.619999999999999662e+00 5.590770029707831101e-02
3.629999999999999893e+00 5.556728259138212639e-02
3.639999999999999680e+00 5.522942720435944364e-02
3.649999999999999911e+00 5.489411110968944046e-02
3.659999999999999698e+00 5.456131152069144952e-02
3.669999999999999929e+00 5.423100588751923745e-02
3.679999999999999716e+00 5.390317189439143564e-02
3.689999999999999947e+00 5.357778745685685268e-02
3.699999999999999734e+00 5.325483071909500182e-02
3.709999999999999964e+00 5.293428005125077468e-02
3.719999999999999751e+00 5.261611404680319182e-02
3.729999999999999982e+00 5.230031151996735600e-02
3.739999999999999769e+00 5.198685150312981618e-02
3.750000000000000000e+00 5.167571324431605856e-02
3.759999999999999787e+00 5.136687620469065213e-02
3.770000000000000018e+00 5.106032005608854285e-02
3.779999999999999805e+00 5.075602467857816963e-02
3.790000000000000036e+00 5.045397015805506286e-02
3.799999999999999822e+00 5.015413678386619611e-02
3.810000000000000053e+00 4.985650504646409187e-02
3.819999999999999840e+00 4.956105563509095868e-02
3.830000000000000071e+00 4.926776943549161097e-02
3.839999999999999858e+00 4.897662752765586519e-02
3.849999999999999645e+00 4.868761118358871931e-02
3.859999999999999876e+00 4.840070186510925937e-02
3.869999999999999662e+00 4.811588122167689829e-02
3.879999999999999893e+00 4.783313108824511356e-02
3.889999999999999680e+00 4.755243348314219104e-02
3.899999999999999911e+00 4.727377060597848929e-02
3.909999999999999698e+00 4.699712483558018267e-02
3.919999999999999929e+00 4.672247872794862283e-02
3.929999999999999716e+00 4.644981501424560316e-02
3.939999999999999947e+00 4.617911659880365172e-02
3.949999999999999734e+00 4.591036655716127651e-02
3.959999999999999964e+00 4.564354813412268425e-02
3.969999999999999751e+00 4.537864474184203495e-02
3.979999999999999982e+00 4.511563995793117093e-02
3.989999999999999769e+00 4.485451752359136818e-02
4.000000000000000000e+00 4.459526134176804851e-02
4.009999999999999787e+00 4.433785547532859139e-02
4.019999999999999574e+00 4.408228414526291911e-02
4.030000000000000249e+00 4.382853172890614768e-02
4.040000000000000036e+00 4.357658275818367122e-02
4.049999999999999822e+00 4.332642191787764580e-02
4.059999999999999609e+00 4.307803404391529617e-02
4.070000000000000284e+00 4.283140412167808081e-02
4.080000000000000071e+00 4.258651728433216627e-02
4.089999999999999858e+00 4.234335881117908679e-02
4.099999999999999645e+00 4.210191412602709571e-02
4.109999999999999432e+00 4.186216879558252862e-02
4.120000000000000107e+00 4.162410852786084525e-02
4.129999999999999893e+00 4.138771917061750266e-02
4.139999999999999680e+00 4.115298670979785495e-02
4.149999999999999467e+00 4.091989726800618343e-02
4.160000000000000142e+00 4.068843710299367006e-02
4.169999999999999929e+00 4.045859260616471720e-02
4.179999999999999716e+00 4.023035030110162086e-02
4.189999999999999503e+00 4.000369684210738214e-02
4.200000000000000178e+00 3.977861901276615736e-02
4.209999999999999964e+00 3.955510372452156892e-02
4.219999999999999751e+00 3.933313801527205111e-02
4.229999999999999538e+00 3.911270904798351544e-02
4.240000000000000213e+00 3.889380410931883580e-02
4.250000000000000000e+00 3.867641060828411192e-02
4.259999999999999787e+00 3.846051607489116980e-02
4.269999999999999574e+00 3.824610815883652121e-02
4.280000000000000249e+00 3.803317462819618550e-02
4.290000000000000036e+00 3.782170336813645700e-02
4.299999999999999822e+00 3.761168237964015310e-02
4.309999999999999609e+00 3.740309977824828741e-02
4.320000000000000284e+00 3.719594379281702945e-02
4.330000000000000071e+00 3.699020276428956894e-02
4.339999999999999858e+00 3.678586514448281553e-02
4.349999999999999645e+00 3.658291949488864242e-02
4.360000000000000320e+00 3.638135448548963230e-02
4.370000000000000107e+00 3.618115889358911041e-02
4.379999999999999893e+00 3.598232160265494445e-02
4.389999999999999680e+00 3.578483160117753442e-02
4.399999999999999467e+00 3.558867798154124323e-02
4.410000000000000142e+00 3.539384993890944825e-02
4.419999999999999929e+00 3.520033677012290169e-02
4.429999999999999716e+00 3.500812787261116388e-02
4.439999999999999503e+00 3.481721274331708860e-02
4.450000000000000178e+00 3.462758097763411758e-02
4.459999999999999964e+00 3.443922226835616912e-02
4.469999999999999751e+00 3.425212640464012082e-02
4.479999999999999538e+00 3.406628327098037284e-02
4.490000000000000213e+00 3.388168284619585274e-02
4.500000000000000000e+00 3.369831520242888567e-02
4.509999999999999787e+00 3.351617050415586080e-02
4.519999999999999574e+00 3.333523900720964522e-02
4.530000000000000249e+00 3.315551105781361363e-02
4.540000000000000036e+00 3.297697709162692586e-02
4.549999999999999822e+00 3.279962763280114962e-02
4.559999999999999609e+00 3.262345329304800617e-02
4.570000000000000284e+00 3.244844477071793382e-02
4.580000000000000071e+00 3.227459284988964255e-02
4.589999999999999858e+00 3.210188839947025752e-02
4.599999999999999645e+00 3.193032237230596787e-02
4.610000000000000320e+00 3.175988580430315344e-02
4.620000000000000107e+00 3.159056981355985727e-02
4.629999999999999893e+00 3.142236559950713215e-02
4.639999999999999680e+00 3.125526444206070537e-02
4.649999999999999467e+00 3.108925770078234743e-02
4.660000000000000142e+00 3.092433681405103510e-02
4.669999999999999929e+00 3.076049329824385309e-02
4.679999999999999716e+00 3.059771874692617313e-02
4.689999999999999503e+00 3.043600483005146073e-02
4.700000000000000178e+00 3.027534329317023432e-02
4.709999999999999964e+00 3.011572595664828086e-02
4.719999999999999751e+00 2.995714471489363886e-02
4.729999999999999538e+00 2.979959153559291057e-02
4.740000000000000213e+00 2.964305845895602934e-02
4.750000000000000000e+00 2.948753759696992952e-02
4.759999999999999787e+00 2.933302113266072694e-02
4.769999999999999574e+00 2.917950131936438915e-02
4.780000000000000249e+00 2.902697048000578775e-02
4.790000000000000036e+00 2.887542100638599424e-02
4.799999999999999822e+00 2.872484535847779491e-02
4.809999999999999609e+00 2.857523606372922714e-02
4.820000000000000284e+00 2.842658571637500867e-02
4.830000000000000071e+00 2.827888697675601942e-02
4.839999999999999858e+00 2.813213257064633294e-02
4.849999999999999645e+00 2.798631528858797415e-02
4.860000000000000320e+00 2.784142798523335516e-02
4.870000000000000107e+00 2.769746357869509387e-02
4.879999999999999893e+00 2.755441504990313942e-02
4.889999999999999680e+00 2.741227544196931862e-02
4.899999999999999467e+00 2.727103785955901916e-02
4.910000000000000142e+00 2.713069546826998510e-02
4.919999999999999929e+00 2.699124149401817621e-02
4.929999999999999716e+00 2.685266922243038576e-02
4.939999999999999503e+00 2.671497199824401231e-02
4.950000000000000178e+00 2.657814322471322571e-02
4.959999999999999964e+00 2.644217636302218996e-02
4.969999999999999751e+00 2.630706493170448940e-02
4.979999999999999538e+00 2.617280250606945219e-02
4.990000000000000213e+00 2.603938271763455922e-02
5.000000000000000000e+00 2.590679925356450738e-02
5.009999999999999787e+00 2.577504585611627846e-02
5.019999999999999574e+00 2.564411632209064040e-02
5.030000000000000249e+00 2.551400450228957437e-02
5.040000000000000036e+00 2.538470430097990865e-02
5.049999999999999822e+00 2.525620967536280556e-02
5.059999999999999609e+00 2.512851463504920183e-02
5.070000000000000284e+00 2.500161324154106385e-02
5.080000000000000071e+00 2.487549960771842650e-02
5.089999999999999858e+00 2.475016789733204894e-02
5.099999999999999645e+00 2.462561232450174303e-02
5.110000000000000320e+00 2.450182715322021809e-02
5.120000000000000107e+00 2.437880669686246990e-02
5.129999999999999893e+00 2.425654531770043282e-02
5.139999999999999680e+00 2.413503742642317262e-02
5.149999999999999467e+00 2.401427748166220372e-02
5.160000000000000142e+00 2.389425998952206948e-02
5.169999999999999929e+00 2.377497950311616495e-02
5.179999999999999716e+00 2.365643062210748618e-02
5.189999999999999503e+00 2.353860799225456629e-02
5.200000000000000178e+00 2.342150630496225155e-02
5.209999999999999964e+00 2.330512029683751846e-02
5.219999999999999751e+00 2.318944474925001623e-02
5.229999999999999538e+00 2.307447448789744920e-02
5.240000000000000213e+00 2.296020438237572972e-02
5.250000000000000000e+00 2.284662934575381818e-02
5.259999999999999787e+00 2.273374433415299711e-02
5.269999999999999574e+00 2.262154434633103020e-02
5.280000000000000249e+00 2.251002442327050199e-02
5.290000000000000036e+00 2.239917964777193155e-02
5.299999999999999822e+00 2.228900514405093500e-02
5.309999999999999609e+00 2.217949607734010994e-02
5.320000000000000284e+00 2.207064765349491323e-02
5.330000000000000071e+00 2.196245511860400734e-02
5.339999999999999858e+00 2.185491375860359672e-02
5.349999999999999645e+00 2.174801889889615286e-02
5.360000000000000320e+00 2.164176590397297317e-02
5.370000000000000107e+00 2.153615017704108014e-02
5.379999999999999893e+00 2.143116715965377381e-02
5.389999999999999680e+00 2.132681233134547591e-02
5.399999999999999467e+00 2.122308120927028294e-02
5.410000000000000142e+00 2.111996934784442573e-02
5.419999999999999929e+00 2.101747233839253506e-02
5.429999999999999716e+00 2.091558580879773060e-02
5.439999999999999503e+00 2.081430542315534579e-02
5.450000000000000178e+00 2.071362688143040670e-02
5.459999999999999964e+00 2.061354591911875381e-02
5.469999999999999751e+00 2.051405830691166443e-02
5.479999999999999538e+00 2.041515985036416320e-02
5.490000000000000213e+00 2.031684638956670827e-02
5.500000000000000000e+00 2.021911379882051704e-02
5.509999999999999787e+00 2.012195798631610105e-02
5.519999999999999574e+00 2.002537489381540567e-02
5.530000000000000249e+00 1.992936049633712778e-02
5.540000000000000036e+00 1.983391080184553415e-02
5.549999999999999822e+00 1.973902185094229822e-02
5.559999999999999609e+00 1.964468971656184101e-02
5.570000000000000284e+00 1.955091050366965233e-02
5.580000000000000071e+00 1.945768034896395993e-02
5.589999999999999858e+00 1.936499542058031653e-02
5.599999999999999645e+00 1.927285191779943424e-02
5.610000000000000320e+00 1.918124607075803387e-02
5.620000000000000107e+00 1.909017414016269884e-02
5.629999999999999893e+00 1.899963241700663302e-02
5.639999999999999680e+00 1.890961722228956185e-02
5.649999999999999467e+00 1.882012490674028413e-02
5.660000000000000142e+00 1.873115185054237755e-02
5.669999999999999929e+00 1.864269446306250980e-02
5.679999999999999716e+00 1.855474918258176453e-02
5.689999999999999503e+00 1.846731247602954526e-02
5.700000000000000178e+00 1.838038083872043857e-02
5.709999999999999964e+00 1.829395079409365174e-02
5.719999999999999751e+00 1.820801889345518773e-02
5.729999999999999538e+00 1.812258171572262572e-02
5.740000000000000213e+00 1.803763586717265291e-02
5.750000000000000000e+00 1.795317798119104927e-02
5.759999999999999787e+00 1.786920471802532634e-02
5.769999999999999574e+00 1.778571276453987451e-02
5.780000000000000249e+00 1.770269883397359439e-02
5.790000000000000036e+00 1.762015966570008169e-02
5.799999999999999822e+00 1.753809202499019212e-02
5.809999999999999609e+00 1.745649270277703849e-02
5.820000000000000284e+00 1.737535851542344051e-02
5.830000000000000071e+00 1.729468630449169236e-02
5.839999999999999858e+00 1.721447293651566166e-02
5.849999999999999645e+00 1.713471530277526148e-02
5.860000000000000320e+00 1.705541031907314986e-02
5.870000000000000107e+00 1.697655492551377460e-02
5.879999999999999893e+00 1.689814608628456213e-02
5.889999999999999680e+00 1.682018078943937206e-02
5.899999999999999467e+00 1.674265604668414426e-02
5.910000000000000142e+00 1.666556889316470058e-02
5.919999999999999929e+00 1.658891638725670803e-02
5.929999999999999716e+00 1.651269561035768885e-02
5.939999999999999503e+00 1.643690366668119907e-02
5.950000000000000178e+00 1.636153768305304707e-02
5.959999999999999964e+00 1.628659480870959034e-02
5.969999999999999751e+00 1.621207221509797861e-02
5.979999999999999538e+00 1.613796709567846127e-02
5.990000000000000213e+00 1.606427666572866550e-02
6.000000000000000000e+00 1.599099816214984496e-02
6.009999999999999787e+00 1.591812884327498817e-02
6.019999999999999574e+00 1.584566598867895304e-02
6.030000000000000249e+00 1.577360689899039506e-02
6.040000000000000036e+00 1.570194889570562802e-02
6.049999999999999822e+00 1.563068932100432004e-02
6.059999999999999609e+00 1.555982553756698507e-02
6.070000000000000284e+00 1.548935492839436864e-02
6.080000000000000071e+00 1.541927489662853375e-02
6.089999999999999858e+00 1.534958286537575593e-02
6.099999999999999645e+00 1.528027627753117575e-02
6.110000000000000320e+00 1.521135259560518933e-02
6.120000000000000107e+00 1.514280930155152867e-02
6.129999999999999893e+00 1.507464389659704182e-02
6.139999999999999680e+00 1.500685390107315935e-02
6.150000000000000355e+00 1.493943685424901219e-02
6.160000000000000142e+00 1.487239031416621483e-02
6.169999999999999929e+00 1.480571185747520113e-02
6.179999999999999716e+00 1.473939907927322712e-02
6.189999999999999503e+00 1.467344959294397157e-02
6.200000000000000178e+00 1.460786102999862487e-02
6.209999999999999964e+00 1.454263103991863641e-02
6.219999999999999751e+00 1.447775728999989298e-02
6.229999999999999538e+00 1.441323746519848452e-02
6.240000000000000213e+00 1.434906926797796869e-02
6.250000000000000000e+00 1.428525041815809429e-02
6.259999999999999787e+00 1.422177865276499746e-02
6.269999999999999574e+00 1.415865172588286897e-02
6.280000000000000249e+00 1.409586740850706302e-02
6.290000000000000036e+00 1.403342348839860081e-02
6.299999999999999822e+00 1.397131776994011559e-02
6.309999999999999609e+00 1.390954807399314569e-02
6.320000000000000284e+00 1.384811223775688459e-02
6.330000000000000071e+00 1.378700811462819920e-02
6.339999999999999858e+00 1.372623357406306012e-02
6.349999999999999645e+00 1.366578650143927300e-02
6.360000000000000320e+00 1.360566479792055423e-02
6.370000000000000107e+00 1.354586638032191301e-02
6.379999999999999893e+00 1.348638918097629265e-02
6.389999999999999680e+00 1.342723114760250094e-02
6.400000000000000355e+00 1.336839024317444842e-02
6.410000000000000142e+00 1.330986444579158878e-02
6.419999999999999929e+00 1.325165174855058581e-02
6.429999999999999716e+00 1.319375015941828128e-02
6.439999999999999503e+00 1.313615770110577140e-02
6.450000000000000178e+00 1.307887241094376173e-02
6.459999999999999964e+00 1.302189234075909301e-02
6.469999999999999751e+00 1.296521555675239461e-02
6.479999999999999538e+00 1.290884013937695224e-02
6.490000000000000213e+00 1.285276418321871193e-02
6.500000000000000000e+00 1.279698579687739597e-02
6.509999999999999787e+00 1.274150310284876374e-02
6.519999999999999574e+00 1.268631423740800707e-02
6.530000000000000249e+00 1.263141735049417604e-02
6.540000000000000036e+00 1.257681060559579997e-02
6.549999999999999822e+00 1.252249217963748336e-02
6.559999999999999609e+00 1.246846026286762416e-02
6.570000000000000284e+00 1.241471305874718503e-02
6.580000000000000071e+00 1.236124878383951069e-02
6.589999999999999858e+00 1.230806566770115129e-02
6.599999999999999645e+00 1.225516195277372850e-02
6.610000000000000320e+00 1.220253589427682840e-02
6.620000000000000107e+00 1.215018576010188332e-02
6.629999999999999893e+00 1.209810983070703019e-02
6.639999999999999680e+00 1.204630639901295604e-02
6.650000000000000355e+00 1.199477377029975304e-02
6.660000000000000142e+00 1.194351026210468784e-02
6.669999999999999929e+00 1.189251420412092836e-02
6.679999999999999716e+00 1.184178393809723687e-02
6.689999999999999503e+00 1.179131781773857905e-02
6.700000000000000178e+00 1.174111420860762811e-02
6.709999999999999964e+00 1.169117148802728372e-02
6.719999999999999751e+00 1.164148804498391088e-02
6.729999999999999538e+00 1.159206228003167340e-02
6.740000000000000213e+00 1.154289260519760288e-02
6.750000000000000000e+00 1.149397744388763916e-02
6.759999999999999787e+00 1.144531523079348259e-02
6.769999999999999574e+00 1.139690441180030503e-02
6.780000000000000249e+00 1.134874344389533857e-02
6.790000000000000036e+00 1.130083079507730216e-02
6.799999999999999822e+00 1.125316494426661582e-02
6.809999999999999609e+00 1.120574438121651681e-02
6.820000000000000284e+00 1.115856760642488371e-02
6.830000000000000071e+00 1.111163313104699193e-02
6.839999999999999858e+00 1.106493947680895623e-02
6.849999999999999645e+00 1.101848517592203015e-02
6.860000000000000320e+00 1.097226877099764797e-02
6.870000000000000107e+00 1.092628881496331486e-02
6.879999999999999893e+00 1.088054387097913203e-02
6.889999999999999680e+00 1.083503251235520826e-02
6.900000000000000355e+00 1.078975332246976705e-02
6.910000000000000142e+00 1.074470489468799805e-02
6.919999999999999929e+00 1.069988583228163870e-02
6.929999999999999716e+00 1.065529474834929664e-02
6.939999999999999503e+00 1.061093026573749903e-02
6.950000000000000178e+00 1.056679101696244433e-02
6.959999999999999964e+00 1.052287564413247056e-02
6.969999999999999751e+00 1.047918279887119844e-02
6.979999999999999538e+00 1.043571114224139604e-02
6.990000000000000213e+00 1.039245934466951661e-02
7.000000000000000000e+00 1.034942608587094415e-02
7.009999999999999787e+00 1.030661005477581313e-02
7.019999999999999574e+00 1.026400994945565748e-02
7.030000000000000249e+00 1.022162447705054003e-02
7.040000000000000036e+00 1.017945235369697478e-02
7.049999999999999822e+00 1.013749230445641289e-02
7.059999999999999609e+00 1.009574306324442436e-02
7.070000000000000284e+00 1.005420337276041742e-02
7.080000000000000071e+00 1.001287198441813166e-02
7.089999999999999858e+00 9.971747658276615064e-03
7.099999999999999645e+00 9.930829162971872501e-03
7.110000000000000320e+00 9.890115275649161153e-03
7.120000000000000107e+00 9.849604781895782146e-03
7.129999999999999893e+00 9.809296475674592064e-03
7.139999999999999680e+00 9.769189159258012331e-03
7.150000000000000355e+00 9.729281643162652690e-03
7.160000000000000142e+00 9.689572746084550506e-03
7.169999999999999929e+00 9.650061294834904463e-03
7.179999999999999716e+00 9.610746124276451849e-03
7.189999999999999503e+00 9.571626077260373192e-03
7.200000000000000178e+00 9.532700004563734661e-03
7.209999999999999964e+00 9.493966764827535890e-03
7.219999999999999751e+00 9.455425224495245251e-03
7.229999999999999538e+00 9.417074257751904126e-03
7.240000000000000213e+00 9.378912746463770669e-03
7.250000000000000000e+00 9.340939580118485727e-03
7.259999999999999787e+00 9.303153655765747029e-03
7.269999999999999574e+00 9.265553877958541962e-03
7.280000000000000249e+00 9.228139158694843511e-03
7.290000000000000036e+00 9.190908417359863053e-03
7.299999999999999822e+00 9.153860580668790603e-03
7.309999999999999609e+00 9.116994582610003436e-03
7.320000000000000284e+00 9.080309364388824619e-03
7.330000000000000071e+00 9.043803874371734303e-03
7.339999999999999858e+00 9.007477068031078879e-03
7.349999999999999645e+00 8.971327907890253722e-03
7.360000000000000320e+00 8.935355363469350831e-03
7.370000000000000107e+00 8.899558411231337299e-03
7.379999999999999893e+00 8.863936034528596339e-03
7.389999999999999680e+00 8.828487223550037302e-03
7.400000000000000355e+00 8.793210975268582127e-03
7.410000000000000142e+00 8.758106293389172209e-03
7.419999999999999929e+00 8.723172188297155169e-03
7.429999999999999716e+00 8.688407677007167762e-03
7.439999999999999503e+00 8.653811783112457662e-03
7.450000000000000178e+00 8.619383536734578216e-03
7.459999999999999964e+00 8.585121974473652190e-03
7.469999999999999751e+00 8.551026139358871431e-03
7.479999999999999538e+00 8.517095080799598483e-03
7.490000000000000213e+00 8.483327854536761373e-03
7.500000000000000000e+00 8.449723522594787886e-03
7.509999999999999787e+00 8.416281153233782716e-03
7.519999999999999574e+00 8.382999820902301349e-03
7.530000000000000249e+00 8.349878606190359875e-03
7.540000000000000036e+00 8.316916595782980828e-03
7.549999999999999822e+00 8.284112882414058215e-03
7.559999999999999609e+00 8.251466564820604185e-03
7.570000000000000284e+00 8.218976747697438051e-03
7.580000000000000071e+00 8.186642541652258687e-03
7.589999999999999858e+00 8.154463063161018765e-03
7.599999999999999645e+00 8.122437434523781252e-03
7.610000000000000320e+00 8.090564783820874267e-03
7.620000000000000107e+00 8.058844244869481366e-03
7.629999999999999893e+00 8.027274957180511109e-03
7.639999999999999680e+00 7.995856065915926333e-03
7.650000000000000355e+00 7.964586721846359657e-03
7.660000000000000142e+00 7.933466081309159187e-03
7.669999999999999929e+00 7.902493306166697914e-03
7.679999999999999716e+00 7.871667563765095965e-03
7.689999999999999503e+00 7.840988026893301946e-03
7.700000000000000178e+00 7.810453873742450107e-03
7.709999999999999964e+00 7.780064287865633837e-03
7.719999999999999751e+00 7.749818458137966264e-03
7.729999999999999538e+00 7.719715578716986049e-03
7.740000000000000213e+00 7.689754849003417950e-03
7.750000000000000000e+00 7.659935473602244756e-03
7.759999999999999787e+00 7.630256662284072393e-03
7.769999999999999574e+00 7.600717629946874068e-03
7.780000000000000249e+00 7.571317596578032785e-03
7.790000000000000036e+00 7.542055787216691773e-03
7.799999999999999822e+00 7.512931431916390276e-03
7.809999999999999609e+00 7.483943765708093131e-03
7.820000000000000284e+00 7.455092028563432838e-03
7.830000000000000071e+00 7.426375465358322873e-03
7.839999999999999858e+00 7.397793325836840746e-03
7.849999999999999645e+00 7.369344864575407689e-03
7.860000000000000320e+00 7.341029340947295354e-03
7.870000000000000107e+00 7.312846019087416126e-03
7.879999999999999893e+00 7.284794167857345897e-03
7.889999999999999680e+00 7.256873060810740614e-03
7.900000000000000355e+00 7.229081976158940187e-03
7.910000000000000142e+00 7.201420196736923671e-03
7.919999999999999929e+00 7.173887009969489963e-03
7.929999999999999716e+00 7.146481707837781978e-03
7.940000000000000391e+00 7.119203586846013787e-03
7.950000000000000178e+00 7.092051947988516937e-03
7.959999999999999964e+00 7.065026096717060000e-03
7.969999999999999751e+00 7.038125342908399702e-03
7.979999999999999538e+00 7.011349000832131292e-03
7.990000000000000213e+00 6.984696389118773968e-03
8.000000000000000000e+00 6.958166830728167683e-03
8.009999999999999787e+00 6.931759652918038223e-03
8.019999999999999574e+00 6.905474187212938715e-03
8.029999999999999361e+00 6.879309769373316043e-03
8.039999999999999147e+00 6.853265739364938075e-03
8.050000000000000711e+00 6.827341441328485701e-03
8.060000000000000497e+00 6.801536223549475325e-03
8.070000000000000284e+00 6.775849438428334891e-03
8.080000000000000071e+00 6.750280442450767859e-03
8.089999999999999858e+00 6.724828596158401693e-03
8.099999999999999645e+00 6.699493264119582916e-03
8.109999999999999432e+00 6.674273814900486164e-03
8.119999999999999218e+00 6.649169621036374149e-03
8.130000000000000782e+00 6.624180059003211517e-03
8.140000000000000568e+00 6.599304509189383647e-03
8.150000000000000355e+00 6.574542355867708625e-03
8.160000000000000142e+00 6.549892987167676463e-03
8.169999999999999929e+00 6.525355795047865261e-03
8.179999999999999716e+00 6.500930175268639262e-03
8.189999999999999503e+00 6.476615527365042063e-03
8.199999999999999289e+00 6.452411254619866768e-03
8.209999999999999076e+00 6.428316764037009766e-03
8.220000000000000639e+00 6.404331466314995384e-03
8.230000000000000426e+00 6.380454775820725184e-03
8.240000000000000213e+00 6.356686110563431087e-03
8.250000000000000000e+00 6.333024892168834935e-03
8.259999999999999787e+00 6.309470545853530961e-03
8.269999999999999574e+00 6.286022500399568620e-03
8.279999999999999361e+00 6.262680188129197620e-03
8.289999999999999147e+00 6.239443044879873154e-03
8.300000000000000711e+00 6.216310509979421604e-03
8.310000000000000497e+00 6.193282026221440424e-03
8.320000000000000284e+00 6.170357039840815988e-03
8.330000000000000071e+00 6.147535000489542413e-03
8.339999999999999858e+00 6.124815361212633189e-03
8.349999999999999645e+00 6.102197578424303423e-03
8.359999999999999432e+00 6.079681111884270919e-03
8.369999999999999218e+00 6.057265424674300978e-03
8.380000000000000782e+00 6.034949983174902124e-03
8.390000000000000568e+00 6.012734257042224792e-03
8.400000000000000355e+00 5.990617719185117006e-03
8.410000000000000142e+00 5.968599845742401239e-03
8.419999999999999929e+00 5.946680116060274433e-03
8.429999999999999716e+00 5.924858012669956958e-03
8.439999999999999503e+00 5.903133021265440442e-03
8.449999999999999289e+00 5.881504630681472397e-03
8.459999999999999076e+00 5.859972332871664878e-03
8.470000000000000639e+00 5.838535622886819113e-03
8.480000000000000426e+00 5.817193998853393243e-03
8.490000000000000213e+00 5.795946961952140077e-03
8.500000000000000000e+00 5.774794016396898357e-03
8.509999999999999787e+00 5.753734669413603474e-03
8.519999999999999574e+00 5.732768431219382316e-03
8.529999999999999361e+00 5.711894815001900515e-03
8.539999999999999147e+00 5.691113336898765210e-03
8.550000000000000711e+00 5.670423515977199291e-03
8.560000000000000497e+00 5.649824874213797178e-03
8.570000000000000284e+00 5.629316936474441056e-03
8.580000000000000071e+00 5.608899230494438296e-03
8.589999999999999858e+00 5.588571286858723050e-03
8.599999999999999645e+00 5.568332638982274700e-03
8.609999999999999432e+00 5.548182823090662928e-03
8.619999999999999218e+00 5.528121378200761063e-03
8.630000000000000782e+00 5.508147846101576518e-03
8.640000000000000568e+00 5.488261771335270316e-03
8.650000000000000355e+00 5.468462701178259874e-03
8.660000000000000142e+00 5.448750185622566397e-03
8.669999999999999929e+00 5.429123777357191746e-03
8.679999999999999716e+00 5.409583031749725171e-03
8.689999999999999503e+00 5.390127506828060189e-03
8.699999999999999289e+00 5.370756763262246776e-03
8.710000000000000853e+00 5.351470364346465856e-03
8.720000000000000639e+00 5.332267875981211956e-03
8.730000000000000426e+00 5.313148866655515758e-03
8.740000000000000213e+00 5.294112907429392167e-03
8.750000000000000000e+00 5.275159571916333487e-03
8.759999999999999787e+00 5.256288436266039373e-03
8.769999999999999574e+00 5.237499079147174552e-03
8.779999999999999361e+00 5.218791081730345983e-03
8.789999999999999147e+00 5.200164027671138993e-03
8.800000000000000711e+00 5.181617503093321683e-03
8.810000000000000497e+00 5.163151096572208935e-03
8.820000000000000284e+00 5.144764399118036818e-03
8.830000000000000071e+00 5.126457004159604147e-03
8.839999999999999858e+00 5.108228507527953072e-03
8.849999999999999645e+00 5.090078507440172831e-03
8.859999999999999432e+00 5.072006604483380449e-03
8.869999999999999218e+00 5.054012401598782962e-03
8.880000000000000782e+00 5.036095504065824652e-03
8.890000000000000568e+00 5.018255519486564120e-03
8.900000000000000355e+00 5.000492057770048772e-03
8.910000000000000142e+00 4.982804731116867968e-03
8.919999999999999929e+00 4.965193154003833681e-03
8.929999999999999716e+00 4.947656943168729678e-03
8.939999999999999503e+00 4.930195717595232431e-03
8.949999999999999289e+00 4.912809098497875407e-03
8.960000000000000853e+00 4.895496709307209371e-03
8.970000000000000639e+00 4.878258175654992188e-03
8.980000000000000426e+00 4.861093125359552090e-03
8.990000000000000213e+00 4.844001188411225546e-03
9.000000000000000000e+00 4.826981996957919151e-03
9.009999999999999787e+00 4.810035185290777345e-03
9.019999999999999574e+00 4.793160389829932526e-03
9.029999999999999361e+00 4.776357249110418229e-03
9.039999999999999147e+00 4.759625403768135213e-03
9.050000000000000711e+00 4.742964496525932036e-03
9.060000000000000497e+00 4.726374172179817479e-03
9.070000000000000284e+00 4.709854077585223266e-03
9.080000000000000071e+00 4.693403861643440263e-03
9.089999999999999858e+00 4.677023175288085900e-03
9.099999999999999645e+00 4.660711671471713842e-03
9.109999999999999432e+00 4.644469005152502585e-03
9.119999999999999218e+00 4.628294833281065487e-03
9.130000000000000782e+00 4.612188814787331059e-03
9.140000000000000568e+00 4.596150610567533400e-03
9.150000000000000355e+00 4.580179883471308458e-03
9.160000000000000142e+00 4.564276298288864886e-03
9.169999999999999929e+00 4.548439521738269382e-03
9.179999999999999716e+00 4.532669222452793620e-03
9.189999999999999503e+00 4.516965070968418164e-03
9.199999999999999289e+00 4.501326739711345934e-03
9.210000000000000853e+00 4.485753902985682197e-03
9.220000000000000639e+00 4.470246236961137980e-03
9.230000000000000426e+00 4.454803419660897414e-03
9.240000000000000213e+00 4.439425130949491149e-03
9.250000000000000000e+00 4.424111052520830235e-03
9.259999999999999787e+00 4.408860867886299842e-03
9.269999999999999574e+00 4.393674262362924111e-03
9.279999999999999361e+00 4.378550923061627284e-03
9.289999999999999147e+00 4.363490538875620592e-03
9.300000000000000711e+00 4.348492800468801295e-03
9.310000000000000497e+00 4.333557400264294833e-03
9.320000000000000284e+00 4.318684032433049019e-03
9.330000000000000071e+00 4.303872392882535786e-03
9.339999999999999858e+00 4.289122179245505838e-03
9.349999999999999645e+00 4.274433090868841323e-03
9.359999999999999432e+00 4.259804828802508242e-03
9.369999999999999218e+00 4.245237095788552233e-03
9.380000000000000782e+00 4.230729596250184556e-03
9.390000000000000568e+00 4.216282036280976503e-03
9.400000000000000355e+00 4.201894123634095438e-03
9.410000000000000142e+00 4.187565567711629307e-03
9.419999999999999929e+00 4.173296079554000490e-03
9.429999999999999716e+00 4.159085371829437765e-03
9.439999999999999503e+00 4.144933158823552351e-03
9.449999999999999289e+00 4.130839156428942581e-03
9.460000000000000853e+00 4.116803082134921736e-03
9.470000000000000639e+00 4.102824655017305727e-03
9.480000000000000426e+00 4.088903595728238076e-03
9.490000000000000213e+00 4.075039626486146732e-03
9.500000000000000000e+00 4.061232471065726914e-03
9.509999999999999787e+00 4.047481854788027161e-03
9.519999999999999574e+00 4.033787504510581365e-03
9.529999999999999361e+00 4.020149148617619718e-03
9.539999999999999147e+00 4.006566517010367277e-03
9.550000000000000711e+00 3.993039341097381553e-03
9.560000000000000497e+00 3.979567353784984642e-03
9.570000000000000284e+00 3.966150289467748266e-03
9.580000000000000071e+00 3.952787884019057750e-03
9.589999999999999858e+00 3.939479874781721090e-03
9.599999999999999645e+00 3.926226000558689921e-03
9.609999999999999432e+00 3.913026001603797828e-03
9.619999999999999218e+00 3.899879619612581054e-03
9.630000000000000782e+00 3.886786597713176843e-03
9.640000000000000568e+00 3.873746680457293336e-03
9.650000000000000355e+00 3.860759613811185972e-03
9.660000000000000142e+00 3.847825145146784379e-03
9.669999999999999929e+00 3.834943023232812321e-03
9.679999999999999716e+00 3.822112998225993090e-03
9.689999999999999503e+00 3.809334821662343357e-03
9.699999999999999289e+00 3.796608246448470933e-03
9.710000000000000853e+00 3.783933026852995696e-03
9.720000000000000639e+00 3.771308918497997837e-03
9.730000000000000426e+00 3.758735678350522049e-03
9.740000000000000213e+00 3.746213064714153280e-03
9.750000000000000000e+00 3.733740837220656233e-03
9.759999999999999787e+00 3.721318756821670373e-03
9.769999999999999574e+00 3.708946585780441372e-03
9.779999999999999361e+00 3.696624087663647525e-03
9.789999999999999147e+00 3.684351027333260427e-03
9.800000000000000711e+00 3.672127170938465062e-03
9.810000000000000497e+00 3.659952285907644952e-03
9.820000000000000284e+00 3.647826140940403292e-03
9.830000000000000071e+00 3.635748505999671261e-03
9.839999999999999858e+00 3.623719152303842787e-03
9.849999999999999645e+00 3.611737852318980865e-03
9.859999999999999432e+00 3.599804379751081560e-03
9.869999999999999218e+00 3.587918509538357524e-03
9.880000000000000782e+00 3.576080017843625593e-03
9.890000000000000568e+00 3.564288682046723011e-03
9.900000000000000355e+00 3.552544280736954878e-03
9.910000000000000142e+00 3.540846593705640911e-03
9.919999999999999929e+00 3.529195401938666106e-03
9.929999999999999716e+00 3.517590487609128548e-03
9.939999999999999503e+00 3.506031634070000229e-03
9.949999999999999289e+00 3.494518625846854219e-03
9.960000000000000853e+00 3.483051248630645181e-03
9.970000000000000639e+00 3.471629289270544965e-03
9.980000000000000426e+00 3.460252535766797279e-03
9.990000000000000213e+00 3.448920777263673413e-03
1.000000000000000000e+01 3.437633804042416249e-03
