5.000000000000000000e-01 1.094221359856453885e-01
5.102602602602602788e-01 1.095405716794403406e-01
5.205205205205205576e-01 1.096590172970017263e-01
5.307807807807807254e-01 1.097774730084335459e-01
5.410410410410410043e-01 1.098959389836725725e-01
5.513013013013012831e-01 1.100144153924865476e-01
5.615615615615615619e-01 1.101329024044740423e-01
5.718218218218218407e-01 1.102514001890624734e-01
5.820820820820821195e-01 1.103699089155073393e-01
5.923423423423423984e-01 1.104884287528912906e-01
6.026026026026025662e-01 1.106069598701222845e-01
6.128628628628628450e-01 1.107255024359329737e-01
6.231231231231231238e-01 1.108440566188795967e-01
6.333833833833834026e-01 1.109626225873402011e-01
6.436436436436436814e-01 1.110812005095137972e-01
6.539039039039038492e-01 1.111997905534192616e-01
6.641641641641641280e-01 1.113183928868935607e-01
6.744244244244244069e-01 1.114370076775910573e-01
6.846846846846846857e-01 1.115556350929819834e-01
6.949449449449449645e-01 1.116742753003510114e-01
7.052052052052051323e-01 1.117929284667962264e-01
7.154654654654655221e-01 1.119115947592275589e-01
7.257257257257256899e-01 1.120302743443656185e-01
7.359859859859859688e-01 1.121489673887402089e-01
7.462462462462462476e-01 1.122676740586891209e-01
7.565065065065064154e-01 1.123863945203566334e-01
7.667667667667668052e-01 1.125051289396921811e-01
7.770270270270269730e-01 1.126238774824488142e-01
7.872872872872872518e-01 1.127426403141820188e-01
7.975475475475475307e-01 1.128614176002479125e-01
8.078078078078078095e-01 1.129802095058025091e-01
8.180680680680680883e-01 1.130990161957989848e-01
8.283283283283282561e-01 1.132178378349877057e-01
8.385885885885886459e-01 1.133366745879135912e-01
8.488488488488488137e-01 1.134555266189149897e-01
8.591091091091090926e-01 1.135743940921225548e-01
8.693693693693693714e-01 1.136932771714565527e-01
8.796296296296295392e-01 1.138121760206268068e-01
8.898898898898899290e-01 1.139310908031299918e-01
9.001501501501500968e-01 1.140500216822483009e-01
9.104104104104103756e-01 1.141689688210482806e-01
9.206706706706706544e-01 1.142879323823784848e-01
9.309309309309309333e-01 1.144069125288686151e-01
9.411911911911912121e-01 1.145259094229269942e-01
9.514514514514513799e-01 1.146449232267398866e-01
9.617117117117117697e-01 1.147639541022689308e-01
9.719719719719719375e-01 1.148830022112497795e-01
9.822322322322322163e-01 1.150020677151905313e-01
9.924924924924924952e-01 1.151211507753697461e-01
1.002752752752752663e+00 1.152402515528346272e-01
1.013013013013012831e+00 1.153593702083998002e-01
1.023273273273273221e+00 1.154785069026447314e-01
1.033533533533533610e+00 1.155976617959123126e-01
1.043793793793793778e+00 1.157168350483072927e-01
1.054054054054053946e+00 1.158360268196938908e-01
1.064314314314314336e+00 1.159552372696942557e-01
1.074574574574574504e+00 1.160744665576866480e-01
1.084834834834834894e+00 1.161937148428034139e-01
1.095095095095095061e+00 1.163129822839287369e-01
1.105355355355355229e+00 1.164322690396976251e-01
1.115615615615615619e+00 1.165515752684928713e-01
1.125875875875876009e+00 1.166709011284437769e-01
1.136136136136136177e+00 1.167902467774241948e-01
1.146396396396396344e+00 1.169096123730497955e-01
1.156656656656656512e+00 1.170289980726772205e-01
1.166916916916916902e+00 1.171484040334005577e-01
1.177177177177177292e+00 1.172678304120508275e-01
1.187437437437437460e+00 1.173872773651927492e-01
1.197697697697697627e+00 1.175067450491231735e-01
1.207957957957957795e+00 1.176262336198687641e-01
1.218218218218218185e+00 1.177457432331839304e-01
1.228478478478478575e+00 1.178652740445488706e-01
1.238738738738738743e+00 1.179848262091669209e-01
1.248998998998998911e+00 1.181043998819627516e-01
1.259259259259259078e+00 1.182239952175800773e-01
1.269519519519519468e+00 1.183436123703791171e-01
1.279779779779779858e+00 1.184632514944349430e-01
1.290040040040040026e+00 1.185829127435346353e-01
1.300300300300300194e+00 1.187025962711750898e-01
1.310560560560560361e+00 1.188223022305610194e-01
1.320820820820820751e+00 1.189420307746022892e-01
1.331081081081081141e+00 1.190617820559115442e-01
1.341341341341341309e+00 1.191815562268022516e-01
1.351601601601601477e+00 1.193013534392858011e-01
1.361861861861861867e+00 1.194211738450690757e-01
1.372122122122122034e+00 1.195410175955526622e-01
1.382382382382382424e+00 1.196608848418276166e-01
1.392642642642642592e+00 1.197807757346732449e-01
1.402902902902902760e+00 1.199006904245548955e-01
1.413163163163163150e+00 1.200206290616209204e-01
1.423423423423423539e+00 1.201405917957005381e-01
1.433683683683683707e+00 1.202605787763010997e-01
1.443943943943943875e+00 1.203805901526052990e-01
1.454204204204204043e+00 1.205006260734690915e-01
1.464464464464464433e+00 1.206206866874185296e-01
1.474724724724724823e+00 1.207407721426472652e-01
1.484984984984984990e+00 1.208608825870138986e-01
1.495245245245245158e+00 1.209810181680391061e-01
1.505505505505505548e+00 1.211011790329035304e-01
1.515765765765765716e+00 1.212213653284441583e-01
1.526026026026025884e+00 1.213415772011520039e-01
1.536286286286286273e+00 1.214618147971692763e-01
1.546546546546546441e+00 1.215820782622867302e-01
1.556806806806806831e+00 1.217023677419403899e-01
1.567067067067066999e+00 1.218226833812089127e-01
1.577327327327327167e+00 1.219430253248109941e-01
1.587587587587587556e+00 1.220633937171018424e-01
1.597847847847847724e+00 1.221837887020706809e-01
1.608108108108108114e+00 1.223042104233375976e-01
1.618368368368368282e+00 1.224246590241507143e-01
1.628628628628628672e+00 1.225451346473830222e-01
1.638888888888888840e+00 1.226656374355294538e-01
1.649149149149149007e+00 1.227861675307035522e-01
1.659409409409409397e+00 1.229067250746349454e-01
1.669669669669669565e+00 1.230273102086656273e-01
1.679929929929929955e+00 1.231479230737470842e-01
1.690190190190190123e+00 1.232685638104372844e-01
1.700450450450450290e+00 1.233892325588972494e-01
1.710710710710710680e+00 1.235099294588877933e-01
1.720970970970970848e+00 1.236306546497668024e-01
1.731231231231231238e+00 1.237514082704850166e-01
1.741491491491491406e+00 1.238721904595839057e-01
1.751751751751751796e+00 1.239930013551912430e-01
1.762012012012011963e+00 1.241138410950186344e-01
1.772272272272272131e+00 1.242347098163577163e-01
1.782532532532532521e+00 1.243556076560766721e-01
1.792792792792792689e+00 1.244765347506170544e-01
1.803053053053053079e+00 1.245974912359904818e-01
1.813313313313313246e+00 1.247184772477745590e-01
1.823573573573573414e+00 1.248394929211100318e-01
1.833833833833833804e+00 1.249605383906969153e-01
1.844094094094093972e+00 1.250816137907907744e-01
1.854354354354354362e+00 1.252027192552000456e-01
1.864614614614614529e+00 1.253238549172809024e-01
1.874874874874874697e+00 1.254450209099348679e-01
1.885135135135135087e+00 1.255662173656048042e-01
1.895395395395395255e+00 1.256874444162711102e-01
1.905655655655655645e+00 1.258087021934478633e-01
1.915915915915915813e+00 1.259299908281794056e-01
1.926176176176176202e+00 1.260513104510365134e-01
1.936436436436436370e+00 1.261726611921122898e-01
1.946696696696696538e+00 1.262940431810185560e-01
1.956956956956956928e+00 1.264154565468819102e-01
1.967217217217217096e+00 1.265369014183400365e-01
1.977477477477477485e+00 1.266583779235378182e-01
1.987737737737737653e+00 1.267798861901223428e-01
1.997997997997997821e+00 1.269014263452404312e-01
2.008258258258257989e+00 1.270229985155340580e-01
2.018518518518518157e+00 1.271446028271358830e-01
2.028778778778778769e+00 1.272662394056653934e-01
2.039039039039038936e+00 1.273879083762251840e-01
2.049299299299299548e+00 1.275096098633966835e-01
2.059559559559559716e+00 1.276313439912351855e-01
2.069819819819819884e+00 1.277531108832671569e-01
2.080080080080080052e+00 1.278749106624845755e-01
2.090340340340340219e+00 1.279967434513417657e-01
2.100600600600600387e+00 1.281186093717500418e-01
2.110860860860860555e+00 1.282405085450743498e-01
2.121121121121120723e+00 1.283624410921287706e-01
2.131381381381381335e+00 1.284844071331713022e-01
2.141641641641641503e+00 1.286064067879008066e-01
2.151901901901902114e+00 1.287284401754508756e-01
2.162162162162162282e+00 1.288505074143875828e-01
2.172422422422422450e+00 1.289726086227024615e-01
2.182682682682682618e+00 1.290947439178102008e-01
2.192942942942942786e+00 1.292169134165420119e-01
2.203203203203202953e+00 1.293391172351434359e-01
2.213463463463463121e+00 1.294613554892668772e-01
2.223723723723723733e+00 1.295836282939697437e-01
2.233983983983983901e+00 1.297059357637078136e-01
2.244244244244244069e+00 1.298282780123311553e-01
2.254504504504504681e+00 1.299506551530794918e-01
2.264764764764764848e+00 1.300730672985767611e-01
2.275025025025025016e+00 1.301955145608275077e-01
2.285285285285285184e+00 1.303179970512108599e-01
2.295545545545545352e+00 1.304405148804759218e-01
2.305805805805805520e+00 1.305630681587371389e-01
2.316066066066065687e+00 1.306856569954690239e-01
2.326326326326326299e+00 1.308082814995014942e-01
2.336586586586586467e+00 1.309309417790142649e-01
2.346846846846847079e+00 1.310536379415326025e-01
2.357107107107107247e+00 1.311763700939214405e-01
2.367367367367367414e+00 1.312991383423804670e-01
2.377627627627627582e+00 1.314219427924391281e-01
2.387887887887887750e+00 1.315447835489517714e-01
2.398148148148147918e+00 1.316676607160910117e-01
2.408408408408408086e+00 1.317905743973444288e-01
2.418668668668668253e+00 1.319135246955074059e-01
2.428928928928928865e+00 1.320365117126793275e-01
2.439189189189189033e+00 1.321595355502565017e-01
2.449449449449449645e+00 1.322825963089284129e-01
2.459709709709709813e+00 1.324056940886714773e-01
2.469969969969969981e+00 1.325288289887434356e-01
2.480230230230230148e+00 1.326520011076781913e-01
2.490490490490490316e+00 1.327752105432798702e-01
2.500750750750750484e+00 1.328984573926174362e-01
2.511011011011011096e+00 1.330217417520193346e-01
2.521271271271271264e+00 1.331450637170669138e-01
2.531531531531531432e+00 1.332684233825896791e-01
2.541791791791791599e+00 1.333918208426595198e-01
2.552052052052051767e+00 1.335152561905836310e-01
2.562312312312312379e+00 1.336387295189006841e-01
2.572572572572572547e+00 1.337622409193731099e-01
2.582832832832832715e+00 1.338857904829823253e-01
2.593093093093092882e+00 1.340093782999225158e-01
2.603353353353353050e+00 1.341330044595947235e-01
2.613613613613613662e+00 1.342566690506003524e-01
2.623873873873873830e+00 1.343803721607359503e-01
2.634134134134133998e+00 1.345041138769861588e-01
2.644394394394394165e+00 1.346278942855185790e-01
2.654654654654654333e+00 1.347517134716770815e-01
2.664914914914914945e+00 1.348755715199753680e-01
2.675175175175175113e+00 1.349994685140910589e-01
2.685435435435435281e+00 1.351234045368597259e-01
2.695695695695695449e+00 1.352473796702675368e-01
2.705955955955956060e+00 1.353713939954463985e-01
2.716216216216216228e+00 1.354954475926663515e-01
2.726476476476476396e+00 1.356195405413294364e-01
2.736736736736736564e+00 1.357436729199631154e-01
2.746996996996996732e+00 1.358678448062144439e-01
2.757257257257257343e+00 1.359920562768429098e-01
2.767517517517517511e+00 1.361163074077134938e-01
2.777777777777777679e+00 1.362405982737913690e-01
2.788038038038037847e+00 1.363649289491333794e-01
2.798298298298298015e+00 1.364892995068827941e-01
2.808558558558558627e+00 1.366137100192622023e-01
2.818818818818818794e+00 1.367381605575660741e-01
2.829079079079078962e+00 1.368626511921549882e-01
2.839339339339339130e+00 1.369871819924478040e-01
2.849599599599599298e+00 1.371117530269154727e-01
2.859859859859859910e+00 1.372363643630733210e-01
2.870120120120120077e+00 1.373610160674750558e-01
2.880380380380380245e+00 1.374857082057046598e-01
2.890640640640640413e+00 1.376104408423699244e-01
2.900900900900900581e+00 1.377352140410953441e-01
2.911161161161161193e+00 1.378600278645152610e-01
2.921421421421421361e+00 1.379848823742650388e-01
2.931681681681681528e+00 1.381097776309763159e-01
2.941941941941941696e+00 1.382347136942675969e-01
2.952202202202201864e+00 1.383596906227380352e-01
2.962462462462462476e+00 1.384847084739602996e-01
2.972722722722722644e+00 1.386097673044717482e-01
2.982982982982982811e+00 1.387348671697685720e-01
2.993243243243242979e+00 1.388600081242970241e-01
3.003503503503503591e+00 1.389851902214472856e-01
3.013763763763763759e+00 1.391104135135446951e-01
3.024024024024023927e+00 1.392356780518421988e-01
3.034284284284284094e+00 1.393609838865138284e-01
3.044544544544544262e+00 1.394863310666455691e-01
3.054804804804804874e+00 1.396117196402283100e-01
3.065065065065065042e+00 1.397371496541505720e-01
3.075325325325325210e+00 1.398626211541892650e-01
3.085585585585585378e+00 1.399881341850034711e-01
3.095845845845845545e+00 1.401136887901250072e-01
3.106106106106106157e+00 1.402392850119520973e-01
3.116366366366366325e+00 1.403649228917397684e-01
3.126626626626626493e+00 1.404906024695924682e-01
3.136886886886886661e+00 1.406163237844568203e-01
3.147147147147146828e+00 1.407420868741119657e-01
3.157407407407407440e+00 1.408678917751627346e-01
3.167667667667667608e+00 1.409937385230300988e-01
3.177927927927927776e+00 1.411196271519444267e-01
3.188188188188187944e+00 1.412455576949364355e-01
3.198448448448448111e+00 1.413715301838281702e-01
3.208708708708708723e+00 1.414975446492261757e-01
3.218968968968968891e+00 1.416236011205118939e-01
3.229229229229229059e+00 1.417496996258332531e-01
3.239489489489489227e+00 1.418758401920967305e-01
3.249749749749749395e+00 1.420020228449587474e-01
3.260010010010010006e+00 1.421282476088162605e-01
3.270270270270270174e+00 1.422545145067991845e-01
3.280530530530530342e+00 1.423808235607610384e-01
3.290790790790790510e+00 1.425071747912705356e-01
3.301051051051051122e+00 1.426335682176027297e-01
3.311311311311311290e+00 1.427600038577296060e-01
3.321571571571571457e+00 1.428864817283130029e-01
3.331831831831831625e+00 1.430130018446933438e-01
3.342092092092091793e+00 1.431395642208828922e-01
3.352352352352352405e+00 1.432661688695546498e-01
3.362612612612612573e+00 1.433928158020354449e-01
3.372872872872872740e+00 1.435195050282953577e-01
3.383133133133132908e+00 1.436462365569395050e-01
3.393393393393393076e+00 1.437730103951980476e-01
3.403653653653653688e+00 1.438998265489177530e-01
3.413913913913913856e+00 1.440266850225523088e-01
3.424174174174174023e+00 1.441535858191534958e-01
3.434434434434434191e+00 1.442805289403612246e-01
3.444694694694694359e+00 1.444075143863947364e-01
3.454954954954954971e+00 1.445345421560432775e-01
3.465215215215215139e+00 1.446616122466551635e-01
3.475475475475475307e+00 1.447887246541312012e-01
3.485735735735735474e+00 1.449158793729121431e-01
3.495995995995995642e+00 1.450430763959707492e-01
3.506256256256256254e+00 1.451703157148021006e-01
3.516516516516516422e+00 1.452975973194133019e-01
3.526776776776776590e+00 1.454249211983144052e-01
3.537037037037036757e+00 1.455522873385080296e-01
3.547297297297296925e+00 1.456796957254803959e-01
3.557557557557557537e+00 1.458071463431901416e-01
3.567817817817817705e+00 1.459346391740606041e-01
3.578078078078077873e+00 1.460621741989679701e-01
3.588338338338338041e+00 1.461897513972317819e-01
3.598598598598598652e+00 1.463173707466052798e-01
3.608858858858858820e+00 1.464450322232654922e-01
3.619119119119118988e+00 1.465727358018031889e-01
3.629379379379379156e+00 1.467004814552109460e-01
3.639639639639639324e+00 1.468282691548761232e-01
3.649899899899899935e+00 1.469560988705685689e-01
3.660160160160160103e+00 1.470839705704307110e-01
3.670420420420420271e+00 1.472118842209670930e-01
3.680680680680680439e+00 1.473398397870348264e-01
3.690940940940940607e+00 1.474678372318322661e-01
3.701201201201201219e+00 1.475958765168896569e-01
3.711461461461461386e+00 1.477239576020577261e-01
3.721721721721721554e+00 1.478520804454977189e-01
3.731981981981981722e+00 1.479802450036704353e-01
3.742242242242241890e+00 1.481084512313265156e-01
3.752502502502502502e+00 1.482366990814947549e-01
3.762762762762762669e+00 1.483649885054714734e-01
3.773023023023022837e+00 1.484933194528116340e-01
3.783283283283283005e+00 1.486216918713158808e-01
3.793543543543543173e+00 1.487501057070210186e-01
3.803803803803803785e+00 1.488785609041884672e-01
3.814064064064063952e+00 1.490070574052940189e-01
3.824324324324324120e+00 1.491355951510169586e-01
3.834584584584584288e+00 1.492641740802285177e-01
3.844844844844844456e+00 1.493927941299819928e-01
3.855105105105105068e+00 1.495214552354999227e-01
3.865365365365365236e+00 1.496501573301656229e-01
3.875625625625625403e+00 1.497789003455094747e-01
3.885885885885885571e+00 1.499076842111998209e-01
3.896146146146146183e+00 1.500365088550308645e-01
3.906406406406406351e+00 1.501653742029111782e-01
3.916666666666666519e+00 1.502942801788532401e-01
3.926926926926926686e+00 1.504232267049621929e-01
3.937187187187186854e+00 1.505522137014237982e-01
3.947447447447447466e+00 1.506812410864936391e-01
3.957707707707707634e+00 1.508103087764854633e-01
3.967967967967967802e+00 1.509394166857609132e-01
3.978228228228227970e+00 1.510685647267155929e-01
3.988488488488488137e+00 1.511977528097706858e-01
3.998748748748748749e+00 1.513269808433588270e-01
4.009009009009009361e+00 1.514562487339139174e-01
4.019269269269269529e+00 1.515855563858593547e-01
4.029529529529529697e+00 1.517149037015965707e-01
4.039789789789789864e+00 1.518442905814928467e-01
4.050050050050050032e+00 1.519737169238695451e-01
4.060310310310310200e+00 1.521031826249915897e-01
4.070570570570570368e+00 1.522326875790545875e-01
4.080830830830830536e+00 1.523622316781731434e-01
4.091091091091090703e+00 1.524918148123694250e-01
4.101351351351350871e+00 1.526214368695615886e-01
4.111611611611611039e+00 1.527510977355509003e-01
4.121871871871871207e+00 1.528807972940110782e-01
4.132132132132131375e+00 1.530105354264746365e-01
4.142392392392391542e+00 1.531403120123238093e-01
4.152652652652652598e+00 1.532701269287748969e-01
4.162912912912912766e+00 1.533999800508691058e-01
4.173173173173172934e+00 1.535298712514595043e-01
4.183433433433433102e+00 1.536598004011985319e-01
4.193693693693694158e+00 1.537897673685268973e-01
4.203953953953954326e+00 1.539197720196598118e-01
4.214214214214214493e+00 1.540498142185769415e-01
4.224474474474474661e+00 1.541798938270087238e-01
4.234734734734734829e+00 1.543100107044243219e-01
4.244994994994994997e+00 1.544401647080198836e-01
4.255255255255255165e+00 1.545703556927058020e-01
4.265515515515515332e+00 1.547005835110948913e-01
4.275775775775775500e+00 1.548308480134895360e-01
4.286036036036035668e+00 1.549611490478697839e-01
4.296296296296295836e+00 1.550914864598806342e-01
4.306556556556556004e+00 1.552218600928197967e-01
4.316816816816816171e+00 1.553522697876254244e-01
4.327077077077076339e+00 1.554827153828632069e-01
4.337337337337336507e+00 1.556131967147149076e-01
4.347597597597597563e+00 1.557437136169642355e-01
4.357857857857857731e+00 1.558742659209863268e-01
4.368118118118117899e+00 1.560048534557332833e-01
4.378378378378378066e+00 1.561354760477229875e-01
4.388638638638638234e+00 1.562661335210260294e-01
4.398898898898899290e+00 1.563968256972534665e-01
4.409159159159159458e+00 1.565275523955430292e-01
4.419419419419419626e+00 1.566583134325482407e-01
4.429679679679679793e+00 1.567891086224248443e-01
4.439939939939939961e+00 1.569199377768178694e-01
4.450200200200200129e+00 1.570508007048496690e-01
4.460460460460460297e+00 1.571816972131060697e-01
4.470720720720720465e+00 1.573126271056257131e-01
4.480980980980980632e+00 1.574435901838852347e-01
4.491241241241240800e+00 1.575745862467876623e-01
4.501501501501500968e+00 1.577056150906488985e-01
4.511761761761761136e+00 1.578366765091862300e-01
4.522022022022022192e+00 1.579677702935042560e-01
4.532282282282282360e+00 1.580988962320826752e-01
4.542542542542542527e+00 1.582300541107631853e-01
4.552802802802802695e+00 1.583612437127378814e-01
4.563063063063062863e+00 1.584924648185337959e-01
4.573323323323323031e+00 1.586237172060031841e-01
4.583583583583583199e+00 1.587550006503086475e-01
4.593843843843843366e+00 1.588863149239106431e-01
4.604104104104103534e+00 1.590176597965551608e-01
4.614364364364364590e+00 1.591490350352604555e-01
4.624624624624624758e+00 1.592804404043042521e-01
4.634884884884884926e+00 1.594118756652110613e-01
4.645145145145145094e+00 1.595433405767385793e-01
4.655405405405405261e+00 1.596748348948660579e-01
4.665665665665665429e+00 1.598063583727799830e-01
4.675925925925925597e+00 1.599379107608623063e-01
4.686186186186185765e+00 1.600694918066773997e-01
4.696446446446445933e+00 1.602011012549583446e-01
4.706706706706706100e+00 1.603327388475948301e-01
4.716966966966967156e+00 1.604644043236204964e-01
4.727227227227227324e+00 1.605960974191984192e-01
4.737487487487487492e+00 1.607278178676104508e-01
4.747747747747747660e+00 1.608595653992427044e-01
4.758008008008007828e+00 1.609913397415732861e-01
4.768268268268267995e+00 1.611231406191594440e-01
4.778528528528528163e+00 1.612549677536246895e-01
4.788788788788788331e+00 1.613868208636453916e-01
4.799049049049048499e+00 1.615186996649385920e-01
4.809309309309308667e+00 1.616506038702489600e-01
4.819569569569569722e+00 1.617825331893355534e-01
4.829829829829829890e+00 1.619144873289598274e-01
4.840090090090090058e+00 1.620464659928712581e-01
4.850350350350350226e+00 1.621784688817964060e-01
4.860610610610610394e+00 1.623104956934248999e-01
4.870870870870870561e+00 1.624425461223970857e-01
4.881131131131130729e+00 1.625746198602905923e-01
4.891391391391390897e+00 1.627067165956084804e-01
4.901651651651651065e+00 1.628388360137658641e-01
4.911911911911912121e+00 1.629709777970773932e-01
4.922172172172172289e+00 1.631031416247445132e-01
4.932432432432432456e+00 1.632353271728429200e-01
4.942692692692692624e+00 1.633675341143090709e-01
4.952952952952952792e+00 1.634997621189283601e-01
4.963213213213212960e+00 1.636320108533226014e-01
4.973473473473473128e+00 1.637642799809362892e-01
4.983733733733733295e+00 1.638965691620252740e-01
4.993993993993993463e+00 1.640288780536431068e-01
5.004254254254253631e+00 1.641612063096291041e-01
5.014514514514514687e+00 1.642935535805961356e-01
5.024774774774774855e+00 1.644259195139164964e-01
5.035035035035035023e+00 1.645583037537113880e-01
5.045295295295295190e+00 1.646907059408374563e-01
5.055555555555555358e+00 1.648231257128743577e-01
5.065815815815815526e+00 1.649555627041124073e-01
5.076076076076075694e+00 1.650880165455407278e-01
5.086336336336335862e+00 1.652204868648335934e-01
5.096596596596596029e+00 1.653529732863399659e-01
5.106856856856856197e+00 1.654854754310692289e-01
5.117117117117117253e+00 1.656179929166806397e-01
5.127377377377377421e+00 1.657505253574702297e-01
5.137637637637637589e+00 1.658830723643588134e-01
5.147897897897897757e+00 1.660156335448794984e-01
5.158158158158157924e+00 1.661482085031669720e-01
5.168418418418418092e+00 1.662807968399430403e-01
5.178678678678678260e+00 1.664133981525068029e-01
5.188938938938938428e+00 1.665460120347214967e-01
5.199199199199198596e+00 1.666786380770031162e-01
5.209459459459459651e+00 1.668112758663084227e-01
5.219719719719719819e+00 1.669439249861225105e-01
5.229979979979979987e+00 1.670765850164484811e-01
5.240240240240240155e+00 1.672092555337931774e-01
5.250500500500500323e+00 1.673419361111584680e-01
5.260760760760760490e+00 1.674746263180270645e-01
5.271021021021020658e+00 1.676073257203528621e-01
5.281281281281280826e+00 1.677400338805477564e-01
5.291541541541540994e+00 1.678727503574710400e-01
5.301801801801801162e+00 1.680054747064181619e-01
5.312062062062062218e+00 1.681382064791085984e-01
5.322322322322322385e+00 1.682709452236751668e-01
5.332582582582582553e+00 1.684036904846523131e-01
5.342842842842842721e+00 1.685364418029650091e-01
5.353103103103102889e+00 1.686691987159174289e-01
5.363363363363363057e+00 1.688019607571827063e-01
5.373623623623623224e+00 1.689347274567906398e-01
5.383883883883883392e+00 1.690674983411169507e-01
5.394144144144143560e+00 1.692002729328741517e-01
5.404404404404403728e+00 1.693330507510982241e-01
5.414664664664664784e+00 1.694658313111383763e-01
5.424924924924924952e+00 1.695986141246485501e-01
5.435185185185185119e+00 1.697313986995733492e-01
5.445445445445445287e+00 1.698641845401401007e-01
5.455705705705705455e+00 1.699969711468475031e-01
5.465965965965965623e+00 1.701297580164550238e-01
5.476226226226225791e+00 1.702625446419719357e-01
5.486486486486485958e+00 1.703953305126489348e-01
5.496746746746746126e+00 1.705281151139660667e-01
5.507007007007007182e+00 1.706608979276241223e-01
5.517267267267267350e+00 1.707936784315318424e-01
5.527527527527527518e+00 1.709264560998006444e-01
5.537787787787787686e+00 1.710592304027292732e-01
5.548048048048047853e+00 1.711920008067990828e-01
5.558308308308308021e+00 1.713247667746602421e-01
5.568568568568568189e+00 1.714575277651249341e-01
5.578828828828828357e+00 1.715902832331552830e-01
5.589089089089088525e+00 1.717230326298573861e-01
5.599349349349348692e+00 1.718557754024679363e-01
5.609609609609609748e+00 1.719885109943479484e-01
5.619869869869869916e+00 1.721212388449720743e-01
5.630130130130130084e+00 1.722539583899199422e-01
5.640390390390390252e+00 1.723866690608679142e-01
5.650650650650650419e+00 1.725193702855782052e-01
5.660910910910910587e+00 1.726520614878921389e-01
5.671171171171170755e+00 1.727847420877205720e-01
5.681431431431430923e+00 1.729174115010347346e-01
5.691691691691691091e+00 1.730500691398589308e-01
5.701951951951951258e+00 1.731827144122614071e-01
5.712212212212212314e+00 1.733153467223462474e-01
5.722472472472472482e+00 1.734479654702443252e-01
5.732732732732732650e+00 1.735805700521071970e-01
5.742992992992992818e+00 1.737131598600972771e-01
5.753253253253252986e+00 1.738457342823805651e-01
5.763513513513513153e+00 1.739782927031188475e-01
5.773773773773773321e+00 1.741108345024628135e-01
5.784034034034033489e+00 1.742433590565432844e-01
5.794294294294293657e+00 1.743758657374643306e-01
5.804554554554554713e+00 1.745083539132959716e-01
5.814814814814814881e+00 1.746408229480677921e-01
5.825075075075075048e+00 1.747732722017600049e-01
5.835335335335335216e+00 1.749057010302982607e-01
5.845595595595595384e+00 1.750381087855461815e-01
5.855855855855855552e+00 1.751704948152980612e-01
5.866116116116115720e+00 1.753028584632740083e-01
5.876376376376375887e+00 1.754351990691111474e-01
5.886636636636636055e+00 1.755675159683589281e-01
5.896896896896896223e+00 1.756998084924730474e-01
5.907157157157157279e+00 1.758320759688082879e-01
5.917417417417417447e+00 1.759643177206130504e-01
5.927677677677677615e+00 1.760965330670242468e-01
5.937937937937937782e+00 1.762287213230601668e-01
5.948198198198197950e+00 1.763608817996164813e-01
5.958458458458458118e+00 1.764930138034601359e-01
5.968718718718718286e+00 1.766251166372240777e-01
5.978978978978978454e+00 1.767571895994018982e-01
5.989239239239238621e+00 1.768892319843430316e-01
5.999499499499498789e+00 1.770212430822490079e-01
6.009759759759759845e+00 1.771532221791669026e-01
6.020020020020020013e+00 1.772851685569860614e-01
6.030280280280280181e+00 1.774170814934329654e-01
6.040540540540540349e+00 1.775489602620675123e-01
6.050800800800800516e+00 1.776808041322796017e-01
6.061061061061060684e+00 1.778126123692828076e-01
6.071321321321320852e+00 1.779443842341130455e-01
6.081581581581581020e+00 1.780761189836235769e-01
6.091841841841841187e+00 1.782078158704829274e-01
6.102102102102102243e+00 1.783394741431692243e-01
6.112362362362362411e+00 1.784710930459688372e-01
6.122622622622622579e+00 1.786026718189733797e-01
6.132882882882882747e+00 1.787342096980754635e-01
6.143143143143142915e+00 1.788657059149680317e-01
6.153403403403403082e+00 1.789971596971395573e-01
6.163663663663663250e+00 1.791285702678735992e-01
6.173923923923923418e+00 1.792599368462452214e-01
6.184184184184183586e+00 1.793912586471202719e-01
6.194444444444443754e+00 1.795225348811520516e-01
6.204704704704704810e+00 1.796537647547812033e-01
6.214964964964964977e+00 1.797849474702325756e-01
6.225225225225225145e+00 1.799160822255151948e-01
6.235485485485485313e+00 1.800471682144203223e-01
6.245745745745745481e+00 1.801782046265211490e-01
6.256006006006005649e+00 1.803091906471706030e-01
6.266266266266265816e+00 1.804401254575027369e-01
6.276526526526525984e+00 1.805710082344302025e-01
6.286786786786786152e+00 1.807018381506458049e-01
6.297047047047046320e+00 1.808326143746207537e-01
6.307307307307307376e+00 1.809633360706061622e-01
6.317567567567567544e+00 1.810940023986321312e-01
6.327827827827827711e+00 1.812246125145097475e-01
6.338088088088087879e+00 1.813551655698289189e-01
6.348348348348348047e+00 1.814856607119631760e-01
6.358608608608608215e+00 1.816160970840672850e-01
6.368868868868868383e+00 1.817464738250798573e-01
6.379129129129128550e+00 1.818767900697246809e-01
6.389389389389388718e+00 1.820070449485125808e-01
6.399649649649649774e+00 1.821372375877431671e-01
6.409909909909909942e+00 1.822673671095055015e-01
6.420170170170170110e+00 1.823974326316823991e-01
6.430430430430430278e+00 1.825274332679516498e-01
6.440690690690690445e+00 1.826573681277882111e-01
6.450950950950950613e+00 1.827872363164682323e-01
6.461211211211210781e+00 1.829170369350707481e-01
6.471471471471470949e+00 1.830467690804827852e-01
6.481731731731731116e+00 1.831764318453995011e-01
6.491991991991991284e+00 1.833060243183319837e-01
6.502252252252252340e+00 1.834355455836072235e-01
6.512512512512512508e+00 1.835649947213749134e-01
6.522772772772772676e+00 1.836943708076103077e-01
6.533033033033032844e+00 1.838236729141189130e-01
6.543293293293293011e+00 1.839529001085412896e-01
6.553553553553553179e+00 1.840820514543578257e-01
6.563813813813813347e+00 1.842111260108945381e-01
6.574074074074073515e+00 1.843401228333268194e-01
6.584334334334333683e+00 1.844690409726865155e-01
6.594594594594593850e+00 1.845978794758674491e-01
6.604854854854854906e+00 1.847266373856302490e-01
6.615115115115115074e+00 1.848553137406095948e-01
6.625375375375375242e+00 1.849839075753213768e-01
6.635635635635635410e+00 1.851124179201668329e-01
6.645895895895895578e+00 1.852408438014421510e-01
6.656156156156155745e+00 1.853691842413435487e-01
6.666416416416415913e+00 1.854974382579762104e-01
6.676676676676676081e+00 1.856256048653604773e-01
6.686936936936936249e+00 1.857536830734405064e-01
6.697197197197197305e+00 1.858816718880919316e-01
6.707457457457457473e+00 1.860095703111301901e-01
6.717717717717717640e+00 1.861373773403186827e-01
6.727977977977977808e+00 1.862650919693782381e-01
6.738238238238237976e+00 1.863927131879949128e-01
6.748498498498498144e+00 1.865202399818310097e-01
6.758758758758758312e+00 1.866476713325320169e-01
6.769019019019018479e+00 1.867750062177385983e-01
6.779279279279278647e+00 1.869022436110948371e-01
6.789539539539538815e+00 1.870293824822591711e-01
6.799799799799799871e+00 1.871564217969146071e-01
6.810060060060060039e+00 1.872833605167795457e-01
6.820320320320320207e+00 1.874101975996184388e-01
6.830580580580580374e+00 1.875369319992518102e-01
6.840840840840840542e+00 1.876635626655698830e-01
6.851101101101100710e+00 1.877900885445422385e-01
6.861361361361360878e+00 1.879165085782311673e-01
6.871621621621621046e+00 1.880428217048012995e-01
6.881881881881881213e+00 1.881690268585355652e-01
6.892142142142141381e+00 1.882951229698444640e-01
6.902402402402402437e+00 1.884211089652795823e-01
6.912662662662662605e+00 1.885469837675491089e-01
6.922922922922922773e+00 1.886727462955279377e-01
6.933183183183182940e+00 1.887983954642727114e-01
6.943443443443443108e+00 1.889239301850358099e-01
6.953703703703703276e+00 1.890493493652795065e-01
6.963963963963963444e+00 1.891746519086894840e-01
6.974224224224223612e+00 1.892998367151897954e-01
6.984484484484483779e+00 1.894249026809581016e-01
6.994744744744744835e+00 1.895498486984401876e-01
7.005005005005005003e+00 1.896746736563663382e-01
7.015265265265265171e+00 1.897993764397652716e-01
7.025525525525525339e+00 1.899239559299811531e-01
7.035785785785785507e+00 1.900484110046900543e-01
7.046046046046045674e+00 1.901727405379154412e-01
7.056306306306305842e+00 1.902969434000448268e-01
7.066566566566566010e+00 1.904210184578476184e-01
7.076826826826826178e+00 1.905449645744918818e-01
7.087087087087086346e+00 1.906687806095603566e-01
7.097347347347347402e+00 1.907924654190707447e-01
7.107607607607607569e+00 1.909160178554918930e-01
7.117867867867867737e+00 1.910394367677615834e-01
7.128128128128127905e+00 1.911627210013070177e-01
7.138388388388388073e+00 1.912858693980616365e-01
7.148648648648648241e+00 1.914088807964846595e-01
7.158908908908908408e+00 1.915317540315812361e-01
7.169169169169168576e+00 1.916544879349210417e-01
7.179429429429428744e+00 1.917770813346574565e-01
7.189689689689688912e+00 1.918995330555502976e-01
7.199949949949949968e+00 1.920218419189820558e-01
7.210210210210210136e+00 1.921440067429826259e-01
7.220470470470470303e+00 1.922660263422473759e-01
7.230730730730730471e+00 1.923878995281595727e-01
7.240990990990990639e+00 1.925096251088111443e-01
7.251251251251250807e+00 1.926312018890241895e-01
7.261511511511510975e+00 1.927526286703746816e-01
7.271771771771771142e+00 1.928739042512110369e-01
7.282032032032031310e+00 1.929950274266812871e-01
7.292292292292292366e+00 1.931159969887513428e-01
7.302552552552552534e+00 1.932368117262308893e-01
7.312812812812812702e+00 1.933574704247964238e-01
7.323073073073072869e+00 1.934779718670126547e-01
7.333333333333333037e+00 1.935983148323578429e-01
7.343593593593593205e+00 1.937184980972492532e-01
7.353853853853853373e+00 1.938385204350647761e-01
7.364114114114113541e+00 1.939583806161687685e-01
7.374374374374373708e+00 1.940780774079371440e-01
7.384634634634633876e+00 1.941976095747826314e-01
7.394894894894894932e+00 1.943169758781795320e-01
7.405155155155155100e+00 1.944361750766890606e-01
7.415415415415415268e+00 1.945552059259866851e-01
7.425675675675675436e+00 1.946740671788875776e-01
7.435935935935935603e+00 1.947927575853729276e-01
7.446196196196195771e+00 1.949112758926162259e-01
7.456456456456455939e+00 1.950296208450116586e-01
7.466716716716716107e+00 1.951477911842004753e-01
7.476976976976976275e+00 1.952657856490983834e-01
7.487237237237236442e+00 1.953836029759230819e-01
7.497497497497497498e+00 1.955012418982249589e-01
7.507757757757757666e+00 1.956187011469105175e-01
7.518018018018017834e+00 1.957359794502763206e-01
7.528278278278278002e+00 1.958530755340329166e-01
7.538538538538538170e+00 1.959699881213393113e-01
7.548798798798798337e+00 1.960867159328268106e-01
7.559059059059058505e+00 1.962032576866327427e-01
7.569319319319318673e+00 1.963196120984284643e-01
7.579579579579578841e+00 1.964357778814507793e-01
7.589839839839839897e+00 1.965517537465300280e-01
7.600100100100100065e+00 1.966675384021244477e-01
7.610360360360360232e+00 1.967831305543478737e-01
7.620620620620620400e+00 1.968985289070027955e-01
7.630880880880880568e+00 1.970137321616108883e-01
7.641141141141140736e+00 1.971287390174450149e-01
7.651401401401400904e+00 1.972435481715618943e-01
7.661661661661661071e+00 1.973581583188338817e-01
7.671921921921921239e+00 1.974725681519806375e-01
7.682182182182181407e+00 1.975867763616037664e-01
7.692442442442442463e+00 1.977007816362181536e-01
7.702702702702702631e+00 1.978145826622857983e-01
7.712962962962962798e+00 1.979281781242501204e-01
7.723223223223222966e+00 1.980415667045687944e-01
7.733483483483483134e+00 1.981547470837483338e-01
7.743743743743743302e+00 1.982677179403773138e-01
7.754004004004003470e+00 1.983804779511625926e-01
7.764264264264263637e+00 1.984930257909633955e-01
7.774524524524523805e+00 1.986053601328259810e-01
7.784784784784783973e+00 1.987174796480189742e-01
7.795045045045045029e+00 1.988293830060695322e-01
7.805305305305305197e+00 1.989410688747992595e-01
7.815565565565565365e+00 1.990525359203587363e-01
7.825825825825825532e+00 1.991637828072651273e-01
7.836086086086085700e+00 1.992748081984392072e-01
7.846346346346345868e+00 1.993856107552400558e-01
7.856606606606606036e+00 1.994961891375044427e-01
7.866866866866866204e+00 1.996065420035820770e-01
7.877127127127126371e+00 1.997166680103746594e-01
7.887387387387387427e+00 1.998265658133728251e-01
7.897647647647647595e+00 1.999362340666928362e-01
7.907907907907907763e+00 2.000456714231179378e-01
7.918168168168167931e+00 2.001548765341343572e-01
7.928428428428428099e+00 2.002638480499696894e-01
7.938688688688688266e+00 2.003725846196338367e-01
7.948948948948948434e+00 2.004810848909558962e-01
7.959209209209208602e+00 2.005893475106254320e-01
7.969469469469468770e+00 2.006973711242295011e-01
7.979729729729728938e+00 2.008051543762963131e-01
7.989989989989989994e+00 2.009126959103310350e-01
8.000250250250250161e+00 2.010199943688581181e-01
8.010510510510510329e+00 2.011270483934633480e-01
8.020770770770770497e+00 2.012338566248304816e-01
8.031031031031030665e+00 2.013404177027858510e-01
8.041291291291290833e+00 2.014467302663373038e-01
8.051551551551551000e+00 2.015527929537163643e-01
8.061811811811811168e+00 2.016586044024193947e-01
8.072072072072071336e+00 2.017641632492501169e-01
8.082332332332331504e+00 2.018694681303601912e-01
8.092592592592591672e+00 2.019745176812927923e-01
8.102852852852851839e+00 2.020793105370237153e-01
8.113113113113112007e+00 2.021838453320050355e-01
8.123373373373372175e+00 2.022881207002066861e-01
8.133633633633632343e+00 2.023921352751610336e-01
8.143893893893892511e+00 2.024958876900040117e-01
8.154154154154152678e+00 2.025993765775203903e-01
8.164414414414412846e+00 2.027026005701857980e-01
8.174674674674673014e+00 2.028055583002114637e-01
8.184934934934934958e+00 2.029082483995875985e-01
8.195195195195195126e+00 2.030106695001276940e-01
8.205455455455455294e+00 2.031128202335129307e-01
8.215715715715715461e+00 2.032146992313361988e-01
8.225975975975975629e+00 2.033163051251483389e-01
8.236236236236235797e+00 2.034176365464996361e-01
8.246496496496495965e+00 2.035186921269886706e-01
8.256756756756756133e+00 2.036194704983045334e-01
8.267017017017016300e+00 2.037199702922745381e-01
8.277277277277276468e+00 2.038201901409080474e-01
8.287537537537538412e+00 2.039201286764433518e-01
8.297797797797798580e+00 2.040197845313916902e-01
8.308058058058058748e+00 2.041191563385861552e-01
8.318318318318318916e+00 2.042182427312251025e-01
8.328578578578579084e+00 2.043170423429203908e-01
8.338838838838839251e+00 2.044155538077423173e-01
8.349099099099099419e+00 2.045137757602686346e-01
8.359359359359359587e+00 2.046117068356291535e-01
8.369619619619619755e+00 2.047093456695524560e-01
8.379879879879879923e+00 2.048066908984157442e-01
8.390140140140140090e+00 2.049037411592895541e-01
8.400400400400400258e+00 2.050004950899864398e-01
8.410660660660660426e+00 2.050969513291073520e-01
8.420920920920920594e+00 2.051931085160901835e-01
8.431181181181180762e+00 2.052889652912590068e-01
8.441441441441440929e+00 2.053845202958675953e-01
8.451701701701701097e+00 2.054797721721532966e-01
8.461961961961961265e+00 2.055747195633807478e-01
8.472222222222221433e+00 2.056693611138918631e-01
8.482482482482481601e+00 2.057636954691544062e-01
8.492742742742741768e+00 2.058577212758115615e-01
8.503003003003001936e+00 2.059514371817272593e-01
8.513263263263262104e+00 2.060448418360390221e-01
8.523523523523522272e+00 2.061379338892040392e-01
8.533783783783784216e+00 2.062307119930500976e-01
8.544044044044044384e+00 2.063231748008226563e-01
8.554304304304304551e+00 2.064153209672362488e-01
8.564564564564564719e+00 2.065071491485228616e-01
8.574824824824824887e+00 2.065986580024798680e-01
8.585085085085085055e+00 2.066898461885239846e-01
8.595345345345345223e+00 2.067807123677347647e-01
8.605605605605605390e+00 2.068712552029098317e-01
8.615865865865865558e+00 2.069614733586107591e-01
8.626126126126125726e+00 2.070513655012157783e-01
8.636386386386385894e+00 2.071409302989674073e-01
8.646646646646646062e+00 2.072301664220248807e-01
8.656906906906906229e+00 2.073190725425119452e-01
8.667167167167166397e+00 2.074076473345685123e-01
8.677427427427426565e+00 2.074958894743999249e-01
8.687687687687686733e+00 2.075837976403291929e-01
8.697947947947946901e+00 2.076713705128447607e-01
8.708208208208207068e+00 2.077586067746530207e-01
8.718468468468467236e+00 2.078455051107272744e-01
8.728728728728729180e+00 2.079320642083595516e-01
8.738988988988989348e+00 2.080182827572105153e-01
8.749249249249249516e+00 2.081041594493607816e-01
8.759509509509509684e+00 2.081896929793603246e-01
8.769769769769769852e+00 2.082748820442799909e-01
8.780030030030030019e+00 2.083597253437648178e-01
8.790290290290290187e+00 2.084442215800774711e-01
8.800550550550550355e+00 2.085283694581597236e-01
8.810810810810810523e+00 2.086121676856726170e-01
8.821071071071070691e+00 2.086956149730552490e-01
8.831331331331330858e+00 2.087787100335712354e-01
8.841591591591591026e+00 2.088614515833620011e-01
8.851851851851851194e+00 2.089438383414971567e-01
8.862112112112111362e+00 2.090258690300244582e-01
8.872372372372371530e+00 2.091075423740210437e-01
8.882632632632631697e+00 2.091888571016465304e-01
8.892892892892891865e+00 2.092698119441903926e-01
8.903153153153152033e+00 2.093504056361276677e-01
8.913413413413412201e+00 2.094306369151640312e-01
8.923673673673672369e+00 2.095105045222920015e-01
8.933933933933934313e+00 2.095900072018385962e-01
8.944194194194194480e+00 2.096691437015187343e-01
8.954454454454454648e+00 2.097479127724836134e-01
8.964714714714714816e+00 2.098263131693743622e-01
8.974974974974974984e+00 2.099043436503696125e-01
8.985235235235235152e+00 2.099820029772399566e-01
8.995495495495495319e+00 2.100592899153959914e-01
9.005755755755755487e+00 2.101362032339409158e-01
9.016016016016015655e+00 2.102127417057199354e-01
9.026276276276275823e+00 2.102889041073722765e-01
9.036536536536535991e+00 2.103646892193790363e-01
9.046796796796796158e+00 2.104400958261191390e-01
9.057057057057056326e+00 2.105151227159141325e-01
9.067317317317316494e+00 2.105897686810817848e-01
9.077577577577576662e+00 2.106640325179865991e-01
9.087837837837836830e+00 2.107379130270904122e-01
9.098098098098096997e+00 2.108114090129990514e-01
9.108358358358357165e+00 2.108845192845180683e-01
9.118618618618617333e+00 2.109572426546987567e-01
9.128878878878879277e+00 2.110295779408899175e-01
9.139139139139139445e+00 2.111015239647899000e-01
9.149399399399399613e+00 2.111730795524910664e-01
9.159659659659659781e+00 2.112442435345359137e-01
9.169919919919919948e+00 2.113150147459619266e-01
9.180180180180180116e+00 2.113853920263542019e-01
9.190440440440440284e+00 2.114553742198940212e-01
9.200700700700700452e+00 2.115249601754086717e-01
9.210960960960960620e+00 2.115941487464191861e-01
9.221221221221220787e+00 2.116629387911928284e-01
9.231481481481480955e+00 2.117313291727892233e-01
9.241741741741741123e+00 2.117993187591118154e-01
9.252002002002001291e+00 2.118669064229532217e-01
9.262262262262261459e+00 2.119340910420486335e-01
9.272522522522521626e+00 2.120008714991225562e-01
9.282782782782781794e+00 2.120672466819348845e-01
9.293043043043041962e+00 2.121332154833329708e-01
9.303303303303302130e+00 2.121987768012984221e-01
9.313563563563562298e+00 2.122639295389948388e-01
9.323823823823824242e+00 2.123286726048166650e-01
9.334084084084084409e+00 2.123930049124369279e-01
9.344344344344344577e+00 2.124569253808535896e-01
9.354604604604604745e+00 2.125204329344403120e-01
9.364864864864864913e+00 2.125835265029889509e-01
9.375125125125125081e+00 2.126462050217620137e-01
9.385385385385385248e+00 2.127084674315366797e-01
9.395645645645645416e+00 2.127703126786516241e-01
9.405905905905905584e+00 2.128317397150558121e-01
9.416166166166165752e+00 2.128927474983528800e-01
9.426426426426425920e+00 2.129533349918487917e-01
9.436686686686686087e+00 2.130135011645978294e-01
9.446946946946946255e+00 2.130732449914491400e-01
9.457207207207206423e+00 2.131325654530898950e-01
9.467467467467466591e+00 2.131914615360956389e-01
9.477727727727726759e+00 2.132499322329718672e-01
9.487987987987986926e+00 2.133079765422011831e-01
9.498248248248247094e+00 2.133655934682871236e-01
9.508508508508507262e+00 2.134227820217995397e-01
9.518768768768767430e+00 2.134795412194209485e-01
9.529029029029029374e+00 2.135358700839875556e-01
9.539289289289289542e+00 2.135917676445373281e-01
9.549549549549549710e+00 2.136472329363504619e-01
9.559809809809809877e+00 2.137022650009946789e-01
9.570070070070070045e+00 2.137568628863713571e-01
9.580330330330330213e+00 2.138110256467530002e-01
9.590590590590590381e+00 2.138647523428325592e-01
9.600850850850850549e+00 2.139180420417628459e-01
9.611111111111110716e+00 2.139708938171991370e-01
9.621371371371370884e+00 2.140233067493430841e-01
9.631631631631631052e+00 2.140752799249837912e-01
9.641891891891891220e+00 2.141268124375404480e-01
9.652152152152151388e+00 2.141779033871029636e-01
9.662412412412411555e+00 2.142285518804751265e-01
9.672672672672671723e+00 2.142787570312148504e-01
9.682932932932931891e+00 2.143285179596725876e-01
9.693193193193192059e+00 2.143778337930369315e-01
9.703453453453452227e+00 2.144267036653713654e-01
9.713713713713712394e+00 2.144751267176547016e-01
9.723973973973974338e+00 2.145231020978235481e-01
9.734234234234234506e+00 2.145706289608079187e-01
9.744494494494494674e+00 2.146177064685724778e-01
9.754754754754754842e+00 2.146643337901578130e-01
9.765015015015015010e+00 2.147105101017142137e-01
9.775275275275275177e+00 2.147562345865449140e-01
9.785535535535535345e+00 2.148015064351401771e-01
9.795795795795795513e+00 2.148463248452192886e-01
9.806056056056055681e+00 2.148906890217630594e-01
9.816316316316315849e+00 2.149345981770564018e-01
9.826576576576576016e+00 2.149780515307221918e-01
9.836836836836836184e+00 2.150210483097574621e-01
9.847097097097096352e+00 2.150635877485712333e-01
9.857357357357356520e+00 2.151056690890216228e-01
9.867617617617616688e+00 2.151472915804470976e-01
9.877877877877876855e+00 2.151884544797077192e-01
9.888138138138137023e+00 2.152291570512149255e-01
9.898398398398397191e+00 2.152693985669703602e-01
9.908658658658657359e+00 2.153091783065972653e-01
9.918918918918919303e+00 2.153484955573774229e-01
9.929179179179179471e+00 2.153873496142812149e-01
9.939439439439439639e+00 2.154257397800065088e-01
9.949699699699699806e+00 2.154636653650045808e-01
9.959959959959959974e+00 2.155011256875194181e-01
9.970220220220220142e+00 2.155381200736179170e-01
9.980480480480480310e+00 2.155746478572196645e-01
9.990740740740740478e+00 2.156107083801314106e-01
1.000100100100100065e+01 2.156463009920792928e-01
1.001126126126126081e+01 2.156814250507343156e-01
1.002152152152152098e+01 2.157160799217519020e-01
1.003178178178178115e+01 2.157502649787926829e-01
1.004204204204204132e+01 2.157839796035605218e-01
1.005230230230230148e+01 2.158172231858276890e-01
1.006256256256256165e+01 2.158499951234630898e-01
1.007282282282282182e+01 2.158822948224660421e-01
1.008308308308308199e+01 2.159141216969898136e-01
1.009334334334334216e+01 2.159454751693735963e-01
1.010360360360360232e+01 2.159763546701678194e-01
1.011386386386386249e+01 2.160067596381613220e-01
1.012412412412412444e+01 2.160366895204098026e-01
1.013438438438438460e+01 2.160661437722636580e-01
1.014464464464464477e+01 2.160951218573892163e-01
1.015490490490490494e+01 2.161236232478022101e-01
1.016516516516516511e+01 2.161516474238844021e-01
1.017542542542542527e+01 2.161791938744175579e-01
1.018568568568568544e+01 2.162062620966015702e-01
1.019594594594594561e+01 2.162328515960815489e-01
1.020620620620620578e+01 2.162589618869715513e-01
1.021646646646646595e+01 2.162845924918774254e-01
1.022672672672672611e+01 2.163097429419214568e-01
1.023698698698698628e+01 2.163344127767631575e-01
1.024724724724724645e+01 2.163586015446228306e-01
1.025750750750750662e+01 2.163823088023036079e-01
1.026776776776776678e+01 2.164055341152119893e-01
1.027802802802802695e+01 2.164282770573800474e-01
1.028828828828828712e+01 2.164505372114851611e-01
1.029854854854854729e+01 2.164723141688721375e-01
1.030880880880880746e+01 2.164936075295698370e-01
1.031906906906906940e+01 2.165144169023148768e-01
1.032932932932932957e+01 2.165347419045655086e-01
1.033958958958958974e+01 2.165545821625266820e-01
1.034984984984984990e+01 2.165739373111634225e-01
1.036011011011011007e+01 2.165928069942185397e-01
1.037037037037037024e+01 2.166111908642327222e-01
1.038063063063063041e+01 2.166290885825626344e-01
1.039089089089089057e+01 2.166464998193899372e-01
1.040115115115115074e+01 2.166634242537485155e-01
1.041141141141141091e+01 2.166798615735292810e-01
1.042167167167167108e+01 2.166958114755037912e-01
1.043193193193193125e+01 2.167112736653347693e-01
1.044219219219219141e+01 2.167262478575918139e-01
1.045245245245245158e+01 2.167407337757640551e-01
1.046271271271271175e+01 2.167547311522760867e-01
1.047297297297297192e+01 2.167682397284965146e-01
1.048323323323323208e+01 2.167812592547599393e-01
1.049349349349349225e+01 2.167937894903685936e-01
1.050375375375375242e+01 2.168058302036092455e-01
1.051401401401401436e+01 2.168173811717651334e-01
1.052427427427427453e+01 2.168284421811235985e-01
1.053453453453453470e+01 2.168390130269924054e-01
1.054479479479479487e+01 2.168490935137032394e-01
1.055505505505505504e+01 2.168586834546245568e-01
1.056531531531531520e+01 2.168677826721716884e-01
1.057557557557557537e+01 2.168763909978145554e-01
1.058583583583583554e+01 2.168845082720829986e-01
1.059609609609609571e+01 2.168921343445804617e-01
1.060635635635635587e+01 2.168992690739866280e-01
1.061661661661661604e+01 2.169059123280664692e-01
1.062687687687687621e+01 2.169120639836762954e-01
1.063713713713713638e+01 2.169177239267698343e-01
1.064739739739739655e+01 2.169228920524035875e-01
1.065765765765765671e+01 2.169275682647421044e-01
1.066791791791791688e+01 2.169317524770647543e-01
1.067817817817817705e+01 2.169354446117651158e-01
1.068843843843843722e+01 2.169386446003594426e-01
1.069869869869869738e+01 2.169413523834882729e-01
1.070895895895895755e+01 2.169435679109192605e-01
1.071921921921921950e+01 2.169452911415493679e-01
1.072947947947947966e+01 2.169465220434091679e-01
1.073973973973973983e+01 2.169472605936604293e-01
1.075000000000000000e+01 2.169475067785995581e-01
