5.000000000000000000e-01 4.374916521666152303e-01
8.203125000000000000e-01 4.540961712170997200e-01
1.140625000000000000e+00 4.626617829992795694e-01
1.460937500000000000e+00 4.743657526075973352e-01
1.781250000000000000e+00 4.999080740161159220e-01
2.101562500000000000e+00 5.030327231324637216e-01
2.421875000000000000e+00 5.133123482216667144e-01
2.742187500000000000e+00 5.304017850481510532e-01
3.062500000000000000e+00 5.469235642550706045e-01
3.382812500000000000e+00 5.631064503506449936e-01
3.703125000000000000e+00 5.577067291380772840e-01
4.023437500000000000e+00 5.838109392075013782e-01
4.343750000000000000e+00 5.908096393799253665e-01
4.664062500000000000e+00 6.004177687209677483e-01
4.984375000000000000e+00 6.208568976143212792e-01
5.304687500000000000e+00 6.307351079928990023e-01
5.625000000000000000e+00 6.578300838613154733e-01
5.945312500000000000e+00 6.488015963721202040e-01
6.265625000000000000e+00 6.789770208110601502e-01
6.585937500000000000e+00 6.675728240800835600e-01
6.906250000000000000e+00 6.818495249924493296e-01
7.226562500000000000e+00 7.028800114026341195e-01
7.546875000000000000e+00 7.024440797582232054e-01
7.867187500000000000e+00 7.258781231735670358e-01
8.187500000000000000e+00 7.278870809773166917e-01
8.507812500000000000e+00 7.359933143962619218e-01
8.828125000000000000e+00 7.442222672046296950e-01
9.148437500000000000e+00 7.299618704451577011e-01
9.468750000000000000e+00 7.529332139329334428e-01
9.789062500000000000e+00 7.540563581589223574e-01
1.010937500000000000e+01 7.336139011615656624e-01
1.042968750000000000e+01 7.544241755004740257e-01
1.075000000000000000e+01 7.509138501829636381e-01
