5.000000000000000000e-01 9.947507630134091450e-01
5.102602602602602788e-01 9.947770312804727899e-01
5.205205205205205576e-01 9.948032728075549835e-01
5.307807807807807254e-01 9.948294876168147782e-01
5.410410410410410043e-01 9.948556757300711650e-01
5.513013013013012831e-01 9.948818371688024076e-01
5.615615615615615619e-01 9.949079719541539246e-01
5.718218218218218407e-01 9.949340801069509466e-01
5.820820820820821195e-01 9.949601616476984045e-01
5.923423423423423984e-01 9.949862165965972505e-01
6.026026026026025662e-01 9.950122449735441243e-01
6.128628628628628450e-01 9.950382467981391255e-01
6.231231231231231238e-01 9.950642220896893653e-01
6.333833833833834026e-01 9.950901708672218460e-01
6.436436436436436814e-01 9.951160931494774653e-01
6.539039039039038492e-01 9.951419889549345532e-01
6.641641641641641280e-01 9.951678583017922186e-01
6.744244244244244069e-01 9.951937012079986600e-01
6.846846846846846857e-01 9.952195176912227437e-01
6.949449449449449645e-01 9.952453077689045191e-01
7.052052052052051323e-01 9.952710714582193585e-01
7.154654654654655221e-01 9.952968087761002725e-01
7.257257257257256899e-01 9.953225197392462364e-01
7.359859859859859688e-01 9.953482043641072030e-01
7.462462462462462476e-01 9.953738626669224043e-01
7.565065065065064154e-01 9.953994946636814944e-01
7.667667667667668052e-01 9.954251003701548584e-01
7.770270270270269730e-01 9.954506798019010505e-01
7.872872872872872518e-01 9.954762329742570248e-01
7.975475475475475307e-01 9.955017599023431307e-01
8.078078078078078095e-01 9.955272606010685532e-01
8.180680680680680883e-01 9.955527350851408608e-01
8.283283283283282561e-01 9.955781833690717786e-01
8.385885885885886459e-01 9.956036054671533186e-01
8.488488488488488137e-01 9.956290013934859795e-01
8.591091091091090926e-01 9.956543711619963988e-01
8.693693693693693714e-01 9.956797147863903907e-01
8.796296296296295392e-01 9.957050322802045716e-01
8.898898898898899290e-01 9.957303236567899285e-01
9.001501501501500968e-01 9.957555889292977191e-01
9.104104104104103756e-01 9.957808281107194404e-01
9.206706706706706544e-01 9.958060412138614037e-01
9.309309309309309333e-01 9.958312282513526181e-01
9.411911911911912121e-01 9.958563892356470104e-01
9.514514514514513799e-01 9.958815241790442974e-01
9.617117117117117697e-01 9.959066330936567901e-01
9.719719719719719375e-01 9.959317159914420348e-01
9.822322322322322163e-01 9.959567728841931533e-01
9.924924924924924952e-01 9.959818037835432847e-01
1.002752752752752663e+00 9.960068087009705806e-01
1.013013013013012831e+00 9.960317876477871035e-01
1.023273273273273221e+00 9.960567406351599207e-01
1.033533533533533610e+00 9.960816676741022224e-01
1.043793793793793778e+00 9.961065687754691034e-01
1.054054054054053946e+00 9.961314439499820983e-01
1.064314314314314336e+00 9.961562932082125288e-01
1.074574574574574504e+00 9.961811165605755081e-01
1.084834834834834894e+00 9.962059140173534777e-01
1.095095095095095061e+00 9.962306855886952084e-01
1.105355355355355229e+00 9.962554312845934845e-01
1.115615615615615619e+00 9.962801511149248501e-01
1.125875875875876009e+00 9.963048450894090857e-01
1.136136136136136177e+00 9.963295132176509528e-01
1.146396396396396344e+00 9.963541555091148805e-01
1.156656656656656512e+00 9.963787719731340697e-01
1.166916916916916902e+00 9.964033626189181536e-01
1.177177177177177292e+00 9.964279274555430943e-01
1.187437437437437460e+00 9.964524664919696129e-01
1.197697697697697627e+00 9.964769797370244264e-01
1.207957957957957795e+00 9.965014671994210094e-01
1.218218218218218185e+00 9.965259288877417188e-01
1.228478478478478575e+00 9.965503648104553358e-01
1.238738738738738743e+00 9.965747749759187313e-01
1.248998998998998911e+00 9.965991593923573255e-01
1.259259259259259078e+00 9.966235180679006156e-01
1.269519519519519468e+00 9.966478510105410971e-01
1.279779779779779858e+00 9.966721582281826697e-01
1.290040040040040026e+00 9.966964397285967836e-01
1.300300300300300194e+00 9.967206955194615192e-01
1.310560560560560361e+00 9.967449256083363851e-01
1.320820820820820751e+00 9.967691300026759738e-01
1.331081081081081141e+00 9.967933087098308498e-01
1.341341341341341309e+00 9.968174617370445523e-01
1.351601601601601477e+00 9.968415890914557043e-01
1.361861861861861867e+00 9.968656907801004552e-01
1.372122122122122034e+00 9.968897668099189202e-01
1.382382382382382424e+00 9.969138171877424126e-01
1.392642642642642592e+00 9.969378419203088759e-01
1.402902902902902760e+00 9.969618410142494502e-01
1.413163163163163150e+00 9.969858144761160057e-01
1.423423423423423539e+00 9.970097623123426178e-01
1.433683683683683707e+00 9.970336845292820938e-01
1.443943943943943875e+00 9.970575811331886529e-01
1.454204204204204043e+00 9.970814521302253652e-01
1.464464464464464433e+00 9.971052975264610430e-01
1.474724724724724823e+00 9.971291173278742370e-01
1.484984984984984990e+00 9.971529115403522381e-01
1.495245245245245158e+00 9.971766801696967386e-01
1.505505505505505548e+00 9.972004232216158393e-01
1.515765765765765716e+00 9.972241407017323755e-01
1.526026026026025884e+00 9.972478326155875816e-01
1.536286286286286273e+00 9.972714989686282117e-01
1.546546546546546441e+00 9.972951397662215278e-01
1.556806806806806831e+00 9.973187550136511925e-01
1.567067067067066999e+00 9.973423447161214872e-01
1.577327327327327167e+00 9.973659088787384386e-01
1.587587587587587556e+00 9.973894475065452347e-01
1.597847847847847724e+00 9.974129606044969121e-01
1.608108108108108114e+00 9.974364481774696811e-01
1.618368368368368282e+00 9.974599102302554865e-01
1.628628628628628672e+00 9.974833467675805476e-01
1.638888888888888840e+00 9.975067577940757158e-01
1.649149149149149007e+00 9.975301433143189955e-01
1.659409409409409397e+00 9.975535033327832535e-01
1.669669669669669565e+00 9.975768378538929504e-01
1.679929929929929955e+00 9.976001468819878371e-01
1.690190190190190123e+00 9.976234304213180692e-01
1.700450450450450290e+00 9.976466884760943898e-01
1.710710710710710680e+00 9.976699210504262894e-01
1.720970970970970848e+00 9.976931281483628622e-01
1.731231231231231238e+00 9.977163097738814823e-01
1.741491491491491406e+00 9.977394659308835845e-01
1.751751751751751796e+00 9.977625966232194221e-01
1.762012012012011963e+00 9.977857018546461010e-01
1.772272272272272131e+00 9.978087816288653267e-01
1.782532532532532521e+00 9.978318359495124135e-01
1.792792792792792689e+00 9.978548648201507332e-01
1.803053053053053079e+00 9.978778682442763781e-01
1.813313313313313246e+00 9.979008462253263767e-01
1.823573573573573414e+00 9.979237987666613741e-01
1.833833833833833804e+00 9.979467258715910560e-01
1.844094094094093972e+00 9.979696275433526109e-01
1.854354354354354362e+00 9.979925037851158365e-01
1.864614614614614529e+00 9.980153545999984610e-01
1.874874874874874697e+00 9.980381799910479357e-01
1.885135135135135087e+00 9.980609799612566446e-01
1.895395395395395255e+00 9.980837545135434752e-01
1.905655655655655645e+00 9.981065036507810184e-01
1.915915915915915813e+00 9.981292273757761402e-01
1.926176176176176202e+00 9.981519256912663174e-01
1.936436436436436370e+00 9.981745985999537218e-01
1.946696696696696538e+00 9.981972461044537059e-01
1.956956956956956928e+00 9.982198682073413210e-01
1.967217217217217096e+00 9.982424649111310000e-01
1.977477477477477485e+00 9.982650362182852177e-01
1.987737737737737653e+00 9.982875821311910647e-01
1.997997997997997821e+00 9.983101026521986610e-01
2.008258258258257989e+00 9.983325977835972864e-01
2.018518518518518157e+00 9.983550675276160469e-01
2.028778778778778769e+00 9.983775118864424147e-01
2.039039039039038936e+00 9.983999308621905877e-01
2.049299299299299548e+00 9.984223244569352396e-01
2.059559559559559716e+00 9.984446926726953109e-01
2.069819819819819884e+00 9.984670355114324547e-01
2.080080080080080052e+00 9.984893529750644703e-01
2.090340340340340219e+00 9.985116450654432096e-01
2.100600600600600387e+00 9.985339117843897716e-01
2.110860860860860555e+00 9.985561531336468732e-01
2.121121121121120723e+00 9.985783691149356933e-01
2.131381381381381335e+00 9.986005597299116854e-01
2.141641641641641503e+00 9.986227249801798989e-01
2.151901901901902114e+00 9.986448648673006412e-01
2.162162162162162282e+00 9.986669793927802630e-01
2.172422422422422450e+00 9.986890685580822602e-01
2.182682682682682618e+00 9.987111323646248318e-01
2.192942942942942786e+00 9.987331708137647812e-01
2.203203203203202953e+00 9.987551839068267157e-01
2.213463463463463121e+00 9.987771716450812853e-01
2.223723723723723733e+00 9.987991340297506238e-01
2.233983983983983901e+00 9.988210710620177846e-01
2.244244244244244069e+00 9.988429827430107544e-01
2.254504504504504681e+00 9.988648690738245461e-01
2.264764764764764848e+00 9.988867300554975515e-01
2.275025025025025016e+00 9.989085656890296372e-01
2.285285285285285184e+00 9.989303759753735967e-01
2.295545545545545352e+00 9.989521609154413673e-01
2.305805805805805520e+00 9.989739205100977015e-01
2.316066066066065687e+00 9.989956547601657189e-01
2.326326326326326299e+00 9.990173636664320123e-01
2.336586586586586467e+00 9.990390472296277746e-01
2.346846846846847079e+00 9.990607054504587747e-01
2.357107107107107247e+00 9.990823383295628357e-01
2.367367367367367414e+00 9.991039458675694540e-01
2.377627627627627582e+00 9.991255280650442883e-01
2.387887887887887750e+00 9.991470849225150275e-01
2.398148148148147918e+00 9.991686164404802728e-01
2.408408408408408086e+00 9.991901226193828922e-01
2.418668668668668253e+00 9.992116034596393304e-01
2.428928928928928865e+00 9.992330589616161829e-01
2.439189189189189033e+00 9.992544891256494033e-01
2.449449449449449645e+00 9.992758939520309802e-01
2.459709709709709813e+00 9.992972734410190405e-01
2.469969969969969981e+00 9.993186275928253037e-01
2.480230230230230148e+00 9.993399564076284047e-01
2.490490490490490316e+00 9.993612598855712292e-01
2.500750750750750484e+00 9.993825380267612468e-01
2.511011011011011096e+00 9.994037908312549678e-01
2.521271271271271264e+00 9.994250182990954690e-01
2.531531531531531432e+00 9.994462204302616559e-01
2.541791791791791599e+00 9.994673972247255511e-01
2.552052052052051767e+00 9.994885486823962273e-01
2.562312312312312379e+00 9.995096748031646605e-01
2.572572572572572547e+00 9.995307755868855226e-01
2.582832832832832715e+00 9.995518510333671891e-01
2.593093093093092882e+00 9.995729011423957200e-01
2.603353353353353050e+00 9.995939259137162081e-01
2.613613613613613662e+00 9.996149253470354434e-01
2.623873873873873830e+00 9.996358994420405653e-01
2.634134134134133998e+00 9.996568481983677534e-01
2.644394394394394165e+00 9.996777716156352023e-01
2.654654654654654333e+00 9.996986696934150318e-01
2.664914914914914945e+00 9.997195424312580458e-01
2.675175175175175113e+00 9.997403898286680857e-01
2.685435435435435281e+00 9.997612118851321172e-01
2.695695695695695449e+00 9.997820086000989148e-01
2.705955955955956060e+00 9.998027799729811704e-01
2.716216216216216228e+00 9.998235260031633764e-01
2.726476476476476396e+00 9.998442466899970515e-01
2.736736736736736564e+00 9.998649420328100668e-01
2.746996996996996732e+00 9.998856120308881046e-01
2.757257257257257343e+00 9.999062566834975296e-01
2.767517517517517511e+00 9.999268759898592984e-01
2.777777777777777679e+00 9.999474699491783802e-01
2.788038038038037847e+00 9.999680385606295463e-01
2.798298298298298015e+00 9.999885818233399393e-01
2.808558558558558627e+00 1.000009099736436147e+00
2.818818818818818794e+00 1.000029592298988579e+00
2.829079079079078962e+00 1.000050059510053879e+00
2.839339339339339130e+00 1.000070501368656384e+00
2.849599599599599298e+00 1.000090917873788232e+00
2.859859859859859910e+00 1.000111309024416917e+00
2.870120120120120077e+00 1.000131674819484617e+00
2.880380380380380245e+00 1.000152015257899318e+00
2.890640640640640413e+00 1.000172330338540805e+00
2.900900900900900581e+00 1.000192620060273985e+00
2.911161161161161193e+00 1.000212884421923798e+00
2.921421421421421361e+00 1.000233123422285653e+00
2.931681681681681528e+00 1.000253337060139858e+00
2.941941941941941696e+00 1.000273525334233193e+00
2.952202202202201864e+00 1.000293688243287571e+00
2.962462462462462476e+00 1.000313825785999367e+00
2.972722722722722644e+00 1.000333937961034536e+00
2.982982982982982811e+00 1.000354024767040384e+00
2.993243243243242979e+00 1.000374086202630020e+00
3.003503503503503591e+00 1.000394122266406560e+00
3.013763763763763759e+00 1.000414132956926716e+00
3.024024024024023927e+00 1.000434118272737649e+00
3.034284284284284094e+00 1.000454078212354547e+00
3.044544544544544262e+00 1.000474012774274168e+00
3.054804804804804874e+00 1.000493921956965737e+00
3.065065065065065042e+00 1.000513805758863617e+00
3.075325325325325210e+00 1.000533664178400617e+00
3.085585585585585378e+00 1.000553497213968912e+00
3.095845845845845545e+00 1.000573304863940693e+00
3.106106106106106157e+00 1.000593087126665059e+00
3.116366366366366325e+00 1.000612844000469126e+00
3.126626626626626493e+00 1.000632575483655140e+00
3.136886886886886661e+00 1.000652281574506919e+00
3.147147147147146828e+00 1.000671962271276305e+00
3.157407407407407440e+00 1.000691617572200931e+00
3.167667667667667608e+00 1.000711247475493115e+00
3.177927927927927776e+00 1.000730851979344083e+00
3.188188188188187944e+00 1.000750431081922187e+00
3.198448448448448111e+00 1.000769984781368249e+00
3.208708708708708723e+00 1.000789513075815762e+00
3.218968968968968891e+00 1.000809015963365356e+00
3.229229229229229059e+00 1.000828493442094569e+00
3.239489489489489227e+00 1.000847945510066950e+00
3.249749749749749395e+00 1.000867372165323177e+00
3.260010010010010006e+00 1.000886773405881502e+00
3.270270270270270174e+00 1.000906149229739972e+00
3.280530530530530342e+00 1.000925499634877314e+00
3.290790790790790510e+00 1.000944824619247386e+00
3.301051051051051122e+00 1.000964124180792059e+00
3.311311311311311290e+00 1.000983398317428774e+00
3.321571571571571457e+00 1.001002647027049886e+00
3.331831831831831625e+00 1.001021870307535311e+00
3.342092092092091793e+00 1.001041068156747205e+00
3.352352352352352405e+00 1.001060240572519522e+00
3.362612612612612573e+00 1.001079387552673561e+00
3.372872872872872740e+00 1.001098509095007749e+00
3.383133133133132908e+00 1.001117605197307636e+00
3.393393393393393076e+00 1.001136675857337455e+00
3.403653653653653688e+00 1.001155721072833238e+00
3.413913913913913856e+00 1.001174740841529243e+00
3.424174174174174023e+00 1.001193735161127751e+00
3.434434434434434191e+00 1.001212704029315725e+00
3.444694694694694359e+00 1.001231647443776573e+00
3.454954954954954971e+00 1.001250565402151738e+00
3.465215215215215139e+00 1.001269457902083992e+00
3.475475475475475307e+00 1.001288324941188801e+00
3.485735735735735474e+00 1.001307166517059200e+00
3.495995995995995642e+00 1.001325982627295996e+00
3.506256256256256254e+00 1.001344773269452038e+00
3.516516516516516422e+00 1.001363538441085055e+00
3.526776776776776590e+00 1.001382278139718585e+00
3.537037037037036757e+00 1.001400992362869724e+00
3.547297297297296925e+00 1.001419681108049575e+00
3.557557557557557537e+00 1.001438344372733491e+00
3.567817817817817705e+00 1.001456982154385278e+00
3.578078078078077873e+00 1.001475594450454309e+00
3.588338338338338041e+00 1.001494181258382410e+00
3.598598598598598652e+00 1.001512742575580317e+00
3.608858858858858820e+00 1.001531278399457214e+00
3.619119119119118988e+00 1.001549788727398749e+00
3.629379379379379156e+00 1.001568273556770583e+00
3.639639639639639324e+00 1.001586732884938158e+00
3.649899899899899935e+00 1.001605166709240713e+00
3.660160160160160103e+00 1.001623575027000168e+00
3.670420420420420271e+00 1.001641957835526453e+00
3.680680680680680439e+00 1.001660315132122170e+00
3.690940940940940607e+00 1.001678646914065274e+00
3.701201201201201219e+00 1.001696953178616623e+00
3.711461461461461386e+00 1.001715233923043957e+00
3.721721721721721554e+00 1.001733489144573719e+00
3.731981981981981722e+00 1.001751718840429684e+00
3.742242242242241890e+00 1.001769923007826968e+00
3.752502502502502502e+00 1.001788101643955819e+00
3.762762762762762669e+00 1.001806254746007152e+00
3.773023023023022837e+00 1.001824382311143902e+00
3.783283283283283005e+00 1.001842484336515904e+00
3.793543543543543173e+00 1.001860560819273882e+00
3.803803803803803785e+00 1.001878611756537918e+00
3.814064064064063952e+00 1.001896637145427871e+00
3.824324324324324120e+00 1.001914636983046281e+00
3.834584584584584288e+00 1.001932611266474371e+00
3.844844844844844456e+00 1.001950559992796475e+00
3.855105105105105068e+00 1.001968483159069612e+00
3.865365365365365236e+00 1.001986380762348139e+00
3.875625625625625403e+00 1.002004252799669981e+00
3.885885885885885571e+00 1.002022099268056410e+00
3.896146146146146183e+00 1.002039920164521369e+00
3.906406406406406351e+00 1.002057715486071920e+00
3.916666666666666519e+00 1.002075485229687368e+00
3.926926926926926686e+00 1.002093229392353013e+00
3.937187187187186854e+00 1.002110947971028176e+00
3.947447447447447466e+00 1.002128640962669959e+00
3.957707707707707634e+00 1.002146308364218585e+00
3.967967967967967802e+00 1.002163950172601403e+00
3.978228228228227970e+00 1.002181566384743316e+00
3.988488488488488137e+00 1.002199156997550133e+00
3.998748748748748749e+00 1.002216722007910343e+00
4.009009009009009361e+00 1.002234261412715988e+00
4.019269269269269529e+00 1.002251775208843343e+00
4.029529529529529697e+00 1.002269263393150034e+00
4.039789789789789864e+00 1.002286725962491243e+00
4.050050050050050032e+00 1.002304162913706831e+00
4.060310310310310200e+00 1.002321574243629554e+00
4.070570570570570368e+00 1.002338959949081953e+00
4.080830830830830536e+00 1.002356320026873693e+00
4.091091091091090703e+00 1.002373654473798892e+00
4.101351351351350871e+00 1.002390963286656778e+00
4.111611611611611039e+00 1.002408246462220376e+00
4.121871871871871207e+00 1.002425503997267153e+00
4.132132132132131375e+00 1.002442735888545933e+00
4.142392392392391542e+00 1.002459942132815751e+00
4.152652652652652598e+00 1.002477122726811665e+00
4.162912912912912766e+00 1.002494277667272726e+00
4.173173173173172934e+00 1.002511406950916895e+00
4.183433433433433102e+00 1.002528510574450138e+00
4.193693693693694158e+00 1.002545588534584864e+00
4.203953953953954326e+00 1.002562640828005947e+00
4.214214214214214493e+00 1.002579667451403145e+00
4.224474474474474661e+00 1.002596668401458224e+00
4.234734734734734829e+00 1.002613643674826749e+00
4.244994994994994997e+00 1.002630593268173831e+00
4.255255255255255165e+00 1.002647517178145486e+00
4.265515515515515332e+00 1.002664415401385067e+00
4.275775775775775500e+00 1.002681287934522825e+00
4.286036036036035668e+00 1.002698134774186789e+00
4.296296296296295836e+00 1.002714955916990558e+00
4.306556556556556004e+00 1.002731751359537293e+00
4.316816816816816171e+00 1.002748521098429046e+00
4.327077077077076339e+00 1.002765265130252548e+00
4.337337337337336507e+00 1.002781983451603631e+00
4.347597597597597563e+00 1.002798676059047267e+00
4.357857857857857731e+00 1.002815342949148647e+00
4.368118118118117899e+00 1.002831984118477404e+00
4.378378378378378066e+00 1.002848599563577192e+00
4.388638638638638234e+00 1.002865189280996550e+00
4.398898898898899290e+00 1.002881753267270692e+00
4.409159159159159458e+00 1.002898291518931284e+00
4.419419419419419626e+00 1.002914804032500440e+00
4.429679679679679793e+00 1.002931290804495612e+00
4.439939939939939961e+00 1.002947751831422263e+00
4.450200200200200129e+00 1.002964187109784300e+00
4.460460460460460297e+00 1.002980596636070532e+00
4.470720720720720465e+00 1.002996980406771987e+00
4.480980980980980632e+00 1.003013338418374367e+00
4.491241241241240800e+00 1.003029670667346274e+00
4.501501501501500968e+00 1.003045977150153645e+00
4.511761761761761136e+00 1.003062257863263307e+00
4.522022022022022192e+00 1.003078512803126543e+00
4.532282282282282360e+00 1.003094741966191528e+00
4.542542542542542527e+00 1.003110945348898442e+00
4.552802802802802695e+00 1.003127122947692129e+00
4.563063063063062863e+00 1.003143274758991232e+00
4.573323323323323031e+00 1.003159400779228161e+00
4.583583583583583199e+00 1.003175501004812897e+00
4.593843843843843366e+00 1.003191575432161198e+00
4.604104104104103534e+00 1.003207624057681491e+00
4.614364364364364590e+00 1.003223646877774433e+00
4.624624624624624758e+00 1.003239643888832022e+00
4.634884884884884926e+00 1.003255615087242703e+00
4.645145145145145094e+00 1.003271560469396695e+00
4.655405405405405261e+00 1.003287480031661794e+00
4.665665665665665429e+00 1.003303373770419560e+00
4.675925925925925597e+00 1.003319241682038676e+00
4.686186186186185765e+00 1.003335083762878721e+00
4.696446446446445933e+00 1.003350900009295943e+00
4.706706706706706100e+00 1.003366690417643703e+00
4.716966966966967156e+00 1.003382454984274252e+00
4.727227227227227324e+00 1.003398193705528074e+00
4.737487487487487492e+00 1.003413906577743653e+00
4.747747747747747660e+00 1.003429593597251257e+00
4.758008008008007828e+00 1.003445254760376493e+00
4.768268268268267995e+00 1.003460890063458288e+00
4.778528528528528163e+00 1.003476499502803598e+00
4.788788788788788331e+00 1.003492083074733587e+00
4.799049049049048499e+00 1.003507640775553211e+00
4.809309309309308667e+00 1.003523172601574531e+00
4.819569569569569722e+00 1.003538678549097840e+00
4.829829829829829890e+00 1.003554158614423875e+00
4.840090090090090058e+00 1.003569612793844934e+00
4.850350350350350226e+00 1.003585041083651541e+00
4.860610610610610394e+00 1.003600443480131776e+00
4.870870870870870561e+00 1.003615819979568835e+00
4.881131131131130729e+00 1.003631170578236809e+00
4.891391391391390897e+00 1.003646495272419337e+00
4.901651651651651065e+00 1.003661794058378298e+00
4.911911911911912121e+00 1.003677066932385342e+00
4.922172172172172289e+00 1.003692313890706345e+00
4.932432432432432456e+00 1.003707534929601408e+00
4.942692692692692624e+00 1.003722730045324640e+00
4.952952952952952792e+00 1.003737899234139253e+00
4.963213213213212960e+00 1.003753042492288472e+00
4.973473473473473128e+00 1.003768159816017524e+00
4.983733733733733295e+00 1.003783251201584070e+00
4.993993993993993463e+00 1.003798316645219568e+00
5.004254254254253631e+00 1.003813356143164137e+00
5.014514514514514687e+00 1.003828369691657230e+00
5.024774774774774855e+00 1.003843357286932303e+00
5.035035035035035023e+00 1.003858318925210602e+00
5.045295295295295190e+00 1.003873254602727361e+00
5.055555555555555358e+00 1.003888164315709375e+00
5.065815815815815526e+00 1.003903048060374115e+00
5.076076076076075694e+00 1.003917905832945268e+00
5.086336336336335862e+00 1.003932737629633642e+00
5.096596596596596029e+00 1.003947543446664037e+00
5.106856856856856197e+00 1.003962323280243929e+00
5.117117117117117253e+00 1.003977077126581019e+00
5.127377377377377421e+00 1.003991804981888780e+00
5.137637637637637589e+00 1.004006506842372248e+00
5.147897897897897757e+00 1.004021182704230908e+00
5.158158158158157924e+00 1.004035832563678010e+00
5.168418418418418092e+00 1.004050456416900605e+00
5.178678678678678260e+00 1.004065054260101508e+00
5.188938938938938428e+00 1.004079626089483757e+00
5.199199199199198596e+00 1.004094171901228849e+00
5.209459459459459651e+00 1.004108691691541821e+00
5.219719719719719819e+00 1.004123185456605727e+00
5.229979979979979987e+00 1.004137653192613611e+00
5.240240240240240155e+00 1.004152094895759184e+00
5.250500500500500323e+00 1.004166510562216841e+00
5.260760760760760490e+00 1.004180900188186731e+00
5.271021021021020658e+00 1.004195263769836588e+00
5.281281281281280826e+00 1.004209601303359012e+00
5.291541541541540994e+00 1.004223912784936834e+00
5.301801801801801162e+00 1.004238198210746447e+00
5.312062062062062218e+00 1.004252457576966018e+00
5.322322322322322385e+00 1.004266690879776380e+00
5.332582582582582553e+00 1.004280898115350817e+00
5.342842842842842721e+00 1.004295079279870828e+00
5.353103103103102889e+00 1.004309234369511472e+00
5.363363363363363057e+00 1.004323363380436263e+00
5.373623623623623224e+00 1.004337466308832028e+00
5.383883883883883392e+00 1.004351543150867831e+00
5.394144144144143560e+00 1.004365593902710518e+00
5.404404404404403728e+00 1.004379618560537590e+00
5.414664664664664784e+00 1.004393617120517446e+00
5.424924924924924952e+00 1.004407589578822924e+00
5.435185185185185119e+00 1.004421535931626641e+00
5.445445445445445287e+00 1.004435456175089891e+00
5.455705705705705455e+00 1.004449350305383959e+00
5.465965965965965623e+00 1.004463218318687234e+00
5.476226226226225791e+00 1.004477060211153683e+00
5.486486486486485958e+00 1.004490875978964581e+00
5.496746746746746126e+00 1.004504665618284776e+00
5.507007007007007182e+00 1.004518429125283552e+00
5.517267267267267350e+00 1.004532166496125534e+00
5.527527527527527518e+00 1.004545877726984449e+00
5.537787787787787686e+00 1.004559562814023588e+00
5.548048048048047853e+00 1.004573221753413126e+00
5.558308308308308021e+00 1.004586854541330121e+00
5.568568568568568189e+00 1.004600461173936088e+00
5.578828828828828357e+00 1.004614041647396983e+00
5.589089089089088525e+00 1.004627595957887642e+00
5.599349349349348692e+00 1.004641124101577798e+00
5.609609609609609748e+00 1.004654626074642731e+00
5.619869869869869916e+00 1.004668101873245067e+00
5.630130130130130084e+00 1.004681551493566305e+00
5.640390390390390252e+00 1.004694974931770624e+00
5.650650650650650419e+00 1.004708372184030862e+00
5.660910910910910587e+00 1.004721743246529853e+00
5.671171171171170755e+00 1.004735088115431108e+00
5.681431431431430923e+00 1.004748406786920123e+00
5.691691691691691091e+00 1.004761699257167518e+00
5.701951951951951258e+00 1.004774965522349683e+00
5.712212212212212314e+00 1.004788205578647009e+00
5.722472472472472482e+00 1.004801419422239661e+00
5.732732732732732650e+00 1.004814607049300701e+00
5.742992992992992818e+00 1.004827768456023840e+00
5.753253253253252986e+00 1.004840903638580807e+00
5.763513513513513153e+00 1.004854012593157320e+00
5.773773773773773321e+00 1.004867095315939762e+00
5.784034034034033489e+00 1.004880151803115407e+00
5.794294294294293657e+00 1.004893182050870859e+00
5.804554554554554713e+00 1.004906186055393391e+00
5.814814814814814881e+00 1.004919163812876493e+00
5.825075075075075048e+00 1.004932115319510988e+00
5.835335335335335216e+00 1.004945040571485038e+00
5.845595595595595384e+00 1.004957939565002123e+00
5.855855855855855552e+00 1.004970812296252403e+00
5.866116116116115720e+00 1.004983658761436471e+00
5.876376376376375887e+00 1.004996478956755368e+00
5.886636636636636055e+00 1.005009272878405246e+00
5.896896896896896223e+00 1.005022040522599136e+00
5.907157157157157279e+00 1.005034781885532524e+00
5.917417417417417447e+00 1.005047496963419995e+00
5.927677677677677615e+00 1.005060185752467028e+00
5.937937937937937782e+00 1.005072848248880879e+00
5.948198198198197950e+00 1.005085484448884348e+00
5.958458458458458118e+00 1.005098094348688686e+00
5.968718718718718286e+00 1.005110677944506481e+00
5.978978978978978454e+00 1.005123235232566081e+00
5.989239239239238621e+00 1.005135766209077408e+00
5.999499499499498789e+00 1.005148270870272365e+00
6.009759759759759845e+00 1.005160749212384630e+00
6.020020020020020013e+00 1.005173201231629676e+00
6.030280280280280181e+00 1.005185626924247622e+00
6.040540540540540349e+00 1.005198026286459934e+00
6.050800800800800516e+00 1.005210399314514280e+00
6.061061061061060684e+00 1.005222746004644119e+00
6.071321321321320852e+00 1.005235066353096229e+00
6.081581581581581020e+00 1.005247360356104069e+00
6.091841841841841187e+00 1.005259628009921968e+00
6.102102102102102243e+00 1.005271869310800259e+00
6.112362362362362411e+00 1.005284084254978394e+00
6.122622622622622579e+00 1.005296272838725802e+00
6.132882882882882747e+00 1.005308435058291261e+00
6.143143143143142915e+00 1.005320570909937761e+00
6.153403403403403082e+00 1.005332680389923405e+00
6.163663663663663250e+00 1.005344763494521176e+00
6.173923923923923418e+00 1.005356820219994063e+00
6.184184184184183586e+00 1.005368850562620375e+00
6.194444444444443754e+00 1.005380854518667100e+00
6.204704704704704810e+00 1.005392832084422761e+00
6.214964964964964977e+00 1.005404783256157897e+00
6.225225225225225145e+00 1.005416708030161921e+00
6.235485485485485313e+00 1.005428606402721359e+00
6.245745745745745481e+00 1.005440478370126067e+00
6.256006006006005649e+00 1.005452323928676561e+00
6.266266266266265816e+00 1.005464143074661809e+00
6.276526526526525984e+00 1.005475935804390319e+00
6.286786786786786152e+00 1.005487702114154613e+00
6.297047047047046320e+00 1.005499442000277854e+00
6.307307307307307376e+00 1.005511155459063222e+00
6.317567567567567544e+00 1.005522842486818336e+00
6.327827827827827711e+00 1.005534503079874575e+00
6.338088088088087879e+00 1.005546137234544668e+00
6.348348348348348047e+00 1.005557744947160881e+00
6.358608608608608215e+00 1.005569326214046599e+00
6.368868868868868383e+00 1.005580881031540086e+00
6.379129129129128550e+00 1.005592409395974718e+00
6.389389389389388718e+00 1.005603911303690090e+00
6.399649649649649774e+00 1.005615386751039342e+00
6.409909909909909942e+00 1.005626835734353408e+00
6.420170170170170110e+00 1.005638258250000749e+00
6.430430430430430278e+00 1.005649654294326512e+00
6.440690690690690445e+00 1.005661023863701375e+00
6.450950950950950613e+00 1.005672366954483143e+00
6.461211211211210781e+00 1.005683683563035613e+00
6.471471471471470949e+00 1.005694973685745008e+00
6.481731731731731116e+00 1.005706237318972462e+00
6.491991991991991284e+00 1.005717474459102645e+00
6.502252252252252340e+00 1.005728685102525333e+00
6.512512512512512508e+00 1.005739869245628970e+00
6.522772772772772676e+00 1.005751026884800226e+00
6.533033033033032844e+00 1.005762158016441532e+00
6.543293293293293011e+00 1.005773262636958210e+00
6.553553553553553179e+00 1.005784340742756466e+00
6.563813813813813347e+00 1.005795392330234517e+00
6.574074074074073515e+00 1.005806417395818553e+00
6.584334334334333683e+00 1.005817415935926329e+00
6.594594594594593850e+00 1.005828387946988922e+00
6.604854854854854906e+00 1.005839333425418980e+00
6.615115115115115074e+00 1.005850252367663789e+00
6.625375375375375242e+00 1.005861144770156201e+00
6.635635635635635410e+00 1.005872010629339952e+00
6.645895895895895578e+00 1.005882849941656110e+00
6.656156156156155745e+00 1.005893662703568614e+00
6.666416416416415913e+00 1.005904448911528970e+00
6.676676676676676081e+00 1.005915208561998009e+00
6.686936936936936249e+00 1.005925941651435673e+00
6.697197197197197305e+00 1.005936648176324555e+00
6.707457457457457473e+00 1.005947328133133034e+00
6.717717717717717640e+00 1.005957981518347921e+00
6.727977977977977808e+00 1.005968608328452030e+00
6.738238238238237976e+00 1.005979208559940830e+00
6.748498498498498144e+00 1.005989782209307126e+00
6.758758758758758312e+00 1.006000329273047722e+00
6.769019019019018479e+00 1.006010849747674074e+00
6.779279279279278647e+00 1.006021343629701637e+00
6.789539539539538815e+00 1.006031810915635871e+00
6.799799799799799871e+00 1.006042251602012660e+00
6.810060060060060039e+00 1.006052665685344127e+00
6.820320320320320207e+00 1.006063053162172150e+00
6.830580580580580374e+00 1.006073414029031277e+00
6.840840840840840542e+00 1.006083748282470491e+00
6.851101101101100710e+00 1.006094055919030783e+00
6.861361361361360878e+00 1.006104336935272459e+00
6.871621621621621046e+00 1.006114591327744723e+00
6.881881881881881213e+00 1.006124819093015876e+00
6.892142142142141381e+00 1.006135020227661325e+00
6.902402402402402437e+00 1.006145194728251813e+00
6.912662662662662605e+00 1.006155342591371626e+00
6.922922922922922773e+00 1.006165463813603056e+00
6.933183183183182940e+00 1.006175558391541491e+00
6.943443443443443108e+00 1.006185626321783877e+00
6.953703703703703276e+00 1.006195667600933374e+00
6.963963963963963444e+00 1.006205682225604914e+00
6.974224224224223612e+00 1.006215670192404321e+00
6.984484484484483779e+00 1.006225631497958961e+00
6.994744744744744835e+00 1.006235566138888649e+00
7.005005005005005003e+00 1.006245474111834515e+00
7.015265265265265171e+00 1.006255355413428365e+00
7.025525525525525339e+00 1.006265210040320657e+00
7.035785785785785507e+00 1.006275037989150967e+00
7.046046046046045674e+00 1.006284839256576635e+00
7.056306306306305842e+00 1.006294613839273877e+00
7.066566566566566010e+00 1.006304361733899588e+00
7.076826826826826178e+00 1.006314082937124654e+00
7.087087087087086346e+00 1.006323777445637058e+00
7.097347347347347402e+00 1.006333445256116121e+00
7.107607607607607569e+00 1.006343086365258488e+00
7.117867867867867737e+00 1.006352700769762354e+00
7.128128128128127905e+00 1.006362288466325250e+00
7.138388388388388073e+00 1.006371849451666467e+00
7.148648648648648241e+00 1.006381383722496858e+00
7.158908908908908408e+00 1.006390891275545707e+00
7.169169169169168576e+00 1.006400372107535190e+00
7.179429429429428744e+00 1.006409826215207470e+00
7.189689689689688912e+00 1.006419253595300267e+00
7.199949949949949968e+00 1.006428654244566845e+00
7.210210210210210136e+00 1.006438028159758913e+00
7.220470470470470303e+00 1.006447375337631289e+00
7.230730730730730471e+00 1.006456695774958554e+00
7.240990990990990639e+00 1.006465989468516176e+00
7.251251251251250807e+00 1.006475256415084729e+00
7.261511511511510975e+00 1.006484496611447232e+00
7.271771771771771142e+00 1.006493710054400692e+00
7.282032032032031310e+00 1.006502896740743003e+00
7.292292292292292366e+00 1.006512056667279165e+00
7.302552552552552534e+00 1.006521189830825946e+00
7.312812812812812702e+00 1.006530296228206334e+00
7.323073073073072869e+00 1.006539375856242868e+00
7.333333333333333037e+00 1.006548428711768528e+00
7.343593593593593205e+00 1.006557454791624728e+00
7.353853853853853373e+00 1.006566454092661989e+00
7.364114114114113541e+00 1.006575426611726831e+00
7.374374374374373708e+00 1.006584372345690426e+00
7.384634634634633876e+00 1.006593291291410175e+00
7.394894894894894932e+00 1.006602183445765020e+00
7.405155155155155100e+00 1.006611048805633679e+00
7.415415415415415268e+00 1.006619887367909083e+00
7.425675675675675436e+00 1.006628699129488158e+00
7.435935935935935603e+00 1.006637484087260059e+00
7.446196196196195771e+00 1.006646242238143030e+00
7.456456456456455939e+00 1.006654973579057311e+00
7.466716716716716107e+00 1.006663678106917814e+00
7.476976976976976275e+00 1.006672355818662767e+00
7.487237237237236442e+00 1.006681006711217741e+00
7.497497497497497498e+00 1.006689630781540501e+00
7.507757757757757666e+00 1.006698228026576603e+00
7.518018018018017834e+00 1.006706798443283812e+00
7.528278278278278002e+00 1.006715342028627447e+00
7.538538538538538170e+00 1.006723858779580150e+00
7.548798798798798337e+00 1.006732348693131884e+00
7.559059059059058505e+00 1.006740811766255517e+00
7.569319319319318673e+00 1.006749247995956775e+00
7.579579579579578841e+00 1.006757657379236948e+00
7.589839839839839897e+00 1.006766039913099542e+00
7.600100100100100065e+00 1.006774395594568716e+00
7.610360360360360232e+00 1.006782724420666630e+00
7.620620620620620400e+00 1.006791026388414112e+00
7.630880880880880568e+00 1.006799301494870624e+00
7.641141141141140736e+00 1.006807549737066987e+00
7.651401401401400904e+00 1.006815771112071767e+00
7.661661661661661071e+00 1.006823965616927330e+00
7.671921921921921239e+00 1.006832133248714234e+00
7.682182182182181407e+00 1.006840274004513036e+00
7.692442442442442463e+00 1.006848387881402074e+00
7.702702702702702631e+00 1.006856474876475671e+00
7.712962962962962798e+00 1.006864534986829263e+00
7.723223223223222966e+00 1.006872568209572050e+00
7.733483483483483134e+00 1.006880574541819673e+00
7.743743743743743302e+00 1.006888553980697987e+00
7.754004004004003470e+00 1.006896506523330403e+00
7.764264264264263637e+00 1.006904432166857211e+00
7.774524524524523805e+00 1.006912330908424025e+00
7.784784784784783973e+00 1.006920202745188009e+00
7.795045045045045029e+00 1.006928047674308102e+00
7.805305305305305197e+00 1.006935865692950571e+00
7.815565565565565365e+00 1.006943656798293452e+00
7.825825825825825532e+00 1.006951420987525658e+00
7.836086086086085700e+00 1.006959158257835218e+00
7.846346346346345868e+00 1.006966868606423260e+00
7.856606606606606036e+00 1.006974552030495351e+00
7.866866866866866204e+00 1.006982208527275713e+00
7.877127127127126371e+00 1.006989838093984568e+00
7.887387387387387427e+00 1.006997440727850357e+00
7.897647647647647595e+00 1.007005016426123500e+00
7.907907907907907763e+00 1.007012565186038211e+00
7.918168168168167931e+00 1.007020087004862230e+00
7.928428428428428099e+00 1.007027581879858191e+00
7.938688688688688266e+00 1.007035049808293836e+00
7.948948948948948434e+00 1.007042490787451561e+00
7.959209209209208602e+00 1.007049904814625085e+00
7.969469469469468770e+00 1.007057291887103245e+00
7.979729729729728938e+00 1.007064652002200411e+00
7.989989989989989994e+00 1.007071985157220517e+00
8.000250250250250161e+00 1.007079291349487926e+00
8.010510510510510329e+00 1.007086570576338325e+00
8.020770770770770497e+00 1.007093822835101848e+00
8.031031031031030665e+00 1.007101048123133724e+00
8.041291291291290833e+00 1.007108246437776966e+00
8.051551551551551000e+00 1.007115417776401234e+00
8.061811811811811168e+00 1.007122562136377741e+00
8.072072072072071336e+00 1.007129679515083032e+00
8.082332332332331504e+00 1.007136769909910967e+00
8.092592592592591672e+00 1.007143833318246973e+00
8.102852852852851839e+00 1.007150869737508225e+00
8.113113113113112007e+00 1.007157879165098358e+00
8.123373373373372175e+00 1.007164861598445649e+00
8.133633633633632343e+00 1.007171817034974381e+00
8.143893893893892511e+00 1.007178745472124604e+00
8.154154154154152678e+00 1.007185646907351462e+00
8.164414414414412846e+00 1.007192521338100555e+00
8.174674674674673014e+00 1.007199368761837466e+00
8.184934934934934958e+00 1.007206189176032662e+00
8.195195195195195126e+00 1.007212982578173710e+00
8.205455455455455294e+00 1.007219748965744177e+00
8.215715715715715461e+00 1.007226488336252057e+00
8.225975975975975629e+00 1.007233200687188024e+00
8.236236236236235797e+00 1.007239886016086272e+00
8.246496496496495965e+00 1.007246544320458792e+00
8.256756756756756133e+00 1.007253175597834227e+00
8.267017017017016300e+00 1.007259779845771197e+00
8.277277277277276468e+00 1.007266357061816109e+00
8.287537537537538412e+00 1.007272907243511373e+00
8.297797797797798580e+00 1.007279430388439811e+00
8.308058058058058748e+00 1.007285926494176476e+00
8.318318318318318916e+00 1.007292395558306852e+00
8.328578578578579084e+00 1.007298837578416872e+00
8.338838838838839251e+00 1.007305252552115338e+00
8.349099099099099419e+00 1.007311640477023706e+00
8.359359359359359587e+00 1.007318001350743231e+00
8.369619619619619755e+00 1.007324335170920016e+00
8.379879879879879923e+00 1.007330641935189286e+00
8.390140140140140090e+00 1.007336921641188709e+00
8.400400400400400258e+00 1.007343174286584819e+00
8.410660660660660426e+00 1.007349399869036821e+00
8.420920920920920594e+00 1.007355598386227902e+00
8.431181181181180762e+00 1.007361769835827703e+00
8.441441441441440929e+00 1.007367914215535620e+00
8.451701701701701097e+00 1.007374031523054381e+00
8.461961961961961265e+00 1.007380121756096036e+00
8.472222222222221433e+00 1.007386184912374194e+00
8.482482482482481601e+00 1.007392220989618892e+00
8.492742742742741768e+00 1.007398229985566385e+00
8.503003003003001936e+00 1.007404211897965363e+00
8.513263263263262104e+00 1.007410166724572731e+00
8.523523523523522272e+00 1.007416094463151390e+00
8.533783783783784216e+00 1.007421995111470459e+00
8.544044044044044384e+00 1.007427868667321480e+00
8.554304304304304551e+00 1.007433715128490226e+00
8.564564564564564719e+00 1.007439534492783562e+00
8.574824824824824887e+00 1.007445326758000581e+00
8.585085085085085055e+00 1.007451091921973685e+00
8.595345345345345223e+00 1.007456829982525948e+00
8.605605605605605390e+00 1.007462540937498208e+00
8.615865865865865558e+00 1.007468224784731969e+00
8.626126126126125726e+00 1.007473881522087833e+00
8.636386386386385894e+00 1.007479511147430173e+00
8.646646646646646062e+00 1.007485113658643572e+00
8.656906906906906229e+00 1.007490689053594402e+00
8.667167167167166397e+00 1.007496237330191446e+00
8.677427427427426565e+00 1.007501758486335053e+00
8.687687687687686733e+00 1.007507252519930452e+00
8.697947947947946901e+00 1.007512719428914849e+00
8.708208208208207068e+00 1.007518159211201469e+00
8.718468468468467236e+00 1.007523571864735512e+00
8.728728728728729180e+00 1.007528957387479052e+00
8.738988988988989348e+00 1.007534315777382172e+00
8.749249249249249516e+00 1.007539647032412722e+00
8.759509509509509684e+00 1.007544951150551649e+00
8.769769769769769852e+00 1.007550228129786563e+00
8.780030030030030019e+00 1.007555477968114843e+00
8.790290290290290187e+00 1.007560700663542752e+00
8.800550550550550355e+00 1.007565896214086543e+00
8.810810810810810523e+00 1.007571064617777123e+00
8.821071071071070691e+00 1.007576205872643182e+00
8.831331331331330858e+00 1.007581319976728951e+00
8.841591591591591026e+00 1.007586406928099532e+00
8.851851851851851194e+00 1.007591466724800267e+00
8.862112112112111362e+00 1.007596499364926235e+00
8.872372372372371530e+00 1.007601504846544316e+00
8.882632632632631697e+00 1.007606483167758915e+00
8.892892892892891865e+00 1.007611434326663113e+00
8.903153153153152033e+00 1.007616358321379524e+00
8.913413413413412201e+00 1.007621255150020323e+00
8.923673673673672369e+00 1.007626124810722779e+00
8.933933933933934313e+00 1.007630967301618163e+00
8.944194194194194480e+00 1.007635782620870835e+00
8.954454454454454648e+00 1.007640570766634935e+00
8.964714714714714816e+00 1.007645331737086813e+00
8.974974974974974984e+00 1.007650065530389716e+00
8.985235235235235152e+00 1.007654772144752631e+00
8.995495495495495319e+00 1.007659451578364562e+00
9.005755755755755487e+00 1.007664103829441382e+00
9.016016016016015655e+00 1.007668728896195631e+00
9.026276276276275823e+00 1.007673326776857170e+00
9.036536536536535991e+00 1.007677897469666517e+00
9.046796796796796158e+00 1.007682440972876625e+00
9.057057057057056326e+00 1.007686957284730456e+00
9.067317317317316494e+00 1.007691446403512936e+00
9.077577577577576662e+00 1.007695908327496115e+00
9.087837837837836830e+00 1.007700343054967806e+00
9.098098098098096997e+00 1.007704750584219822e+00
9.108358358358357165e+00 1.007709130913569062e+00
9.118618618618617333e+00 1.007713484041326879e+00
9.128878878878879277e+00 1.007717809965823053e+00
9.139139139139139445e+00 1.007722108685398466e+00
9.149399399399399613e+00 1.007726380198387783e+00
9.159659659659659781e+00 1.007730624503159866e+00
9.169919919919919948e+00 1.007734841598078246e+00
9.180180180180180116e+00 1.007739031481522662e+00
9.190440440440440284e+00 1.007743194151874855e+00
9.200700700700700452e+00 1.007747329607533215e+00
9.210960960960960620e+00 1.007751437846907905e+00
9.221221221221220787e+00 1.007755518868411970e+00
9.231481481481480955e+00 1.007759572670477333e+00
9.241741741741741123e+00 1.007763599251531028e+00
9.252002002002001291e+00 1.007767598610030735e+00
9.262262262262261459e+00 1.007771570744427914e+00
9.272522522522521626e+00 1.007775515653191789e+00
9.282782782782781794e+00 1.007779433334796249e+00
9.293043043043041962e+00 1.007783323787733387e+00
9.303303303303302130e+00 1.007787187010506846e+00
9.313563563563562298e+00 1.007791023001601172e+00
9.323823823823824242e+00 1.007794831759551535e+00
9.334084084084084409e+00 1.007798613282885336e+00
9.344344344344344577e+00 1.007802367570135305e+00
9.354604604604604745e+00 1.007806094619846382e+00
9.364864864864864913e+00 1.007809794430589712e+00
9.375125125125125081e+00 1.007813467000918006e+00
9.385385385385385248e+00 1.007817112329419285e+00
9.395645645645645416e+00 1.007820730414677124e+00
9.405905905905905584e+00 1.007824321255289313e+00
9.416166166166165752e+00 1.007827884849873179e+00
9.426426426426425920e+00 1.007831421197037169e+00
9.436686686686686087e+00 1.007834930295411491e+00
9.446946946946946255e+00 1.007838412143641893e+00
9.457207207207206423e+00 1.007841866740378789e+00
9.467467467467466591e+00 1.007845294084272814e+00
9.477727727727726759e+00 1.007848694174005022e+00
9.487987987987986926e+00 1.007852067008245367e+00
9.498248248248247094e+00 1.007855412585692889e+00
9.508508508508507262e+00 1.007858730905040634e+00
9.518768768768767430e+00 1.007862021965003407e+00
9.529029029029029374e+00 1.007865285764309116e+00
9.539289289289289542e+00 1.007868522301676784e+00
9.549549549549549710e+00 1.007871731575860519e+00
9.559809809809809877e+00 1.007874913585599996e+00
9.570070070070070045e+00 1.007878068329670418e+00
9.580330330330330213e+00 1.007881195806832997e+00
9.590590590590590381e+00 1.007884296015883585e+00
9.600850850850850549e+00 1.007887368955604490e+00
9.611111111111110716e+00 1.007890414624805331e+00
9.621371371371370884e+00 1.007893433022297058e+00
9.631631631631631052e+00 1.007896424146909498e+00
9.641891891891891220e+00 1.007899387997474694e+00
9.652152152152151388e+00 1.007902324572835351e+00
9.662412412412411555e+00 1.007905233871849937e+00
9.672672672672671723e+00 1.007908115893383583e+00
9.682932932932931891e+00 1.007910970636316073e+00
9.693193193193192059e+00 1.007913798099528746e+00
9.703453453453452227e+00 1.007916598281918263e+00
9.713713713713712394e+00 1.007919371182403934e+00
9.723973973973974338e+00 1.007922116799893297e+00
9.734234234234234506e+00 1.007924835133318098e+00
9.744494494494494674e+00 1.007927526181612965e+00
9.754754754754754842e+00 1.007930189943731847e+00
9.765015015015015010e+00 1.007932826418638239e+00
9.775275275275275177e+00 1.007935435605291641e+00
9.785535535535535345e+00 1.007938017502680417e+00
9.795795795795795513e+00 1.007940572109800037e+00
9.806056056056055681e+00 1.007943099425642863e+00
9.816316316316315849e+00 1.007945599449222351e+00
9.826576576576576016e+00 1.007948072179573717e+00
9.836836836836836184e+00 1.007950517615713748e+00
9.847097097097096352e+00 1.007952935756693202e+00
9.857357357357356520e+00 1.007955326601568391e+00
9.867617617617616688e+00 1.007957690149401175e+00
9.877877877877876855e+00 1.007960026399268294e+00
9.888138138138137023e+00 1.007962335350260252e+00
9.898398398398397191e+00 1.007964617001454677e+00
9.908658658658657359e+00 1.007966871351982707e+00
9.918918918918919303e+00 1.007969098400944397e+00
9.929179179179179471e+00 1.007971298147481320e+00
9.939439439439439639e+00 1.007973470590718623e+00
9.949699699699699806e+00 1.007975615729813201e+00
9.959959959959959974e+00 1.007977733563925504e+00
9.970220220220220142e+00 1.007979824092217980e+00
9.980480480480480310e+00 1.007981887313880609e+00
9.990740740740740478e+00 1.007983923228098933e+00
1.000100100100100065e+01 1.007985931834080029e+00
1.001126126126126081e+01 1.007987913131032975e+00
1.002152152152152098e+01 1.007989867118179061e+00
1.003178178178178115e+01 1.007991793794752011e+00
1.004204204204204132e+01 1.007993693160001092e+00
1.005230230230230148e+01 1.007995565213180011e+00
1.006256256256256165e+01 1.007997409953549361e+00
1.007282282282282182e+01 1.007999227380388829e+00
1.008308308308308199e+01 1.008001017492987650e+00
1.009334334334334216e+01 1.008002780290637723e+00
1.010360360360360232e+01 1.008004515772652265e+00
1.011386386386386249e+01 1.008006223938350487e+00
1.012412412412412444e+01 1.008007904787052267e+00
1.013438438438438460e+01 1.008009558318107901e+00
1.014464464464464477e+01 1.008011184530862137e+00
1.015490490490490494e+01 1.008012783424681702e+00
1.016516516516516511e+01 1.008014354998937323e+00
1.017542542542542527e+01 1.008015899253004388e+00
1.018568568568568544e+01 1.008017416186285820e+00
1.019594594594594561e+01 1.008018905798177212e+00
1.020620620620620578e+01 1.008020368088094365e+00
1.021646646646646595e+01 1.008021803055476839e+00
1.022672672672672611e+01 1.008023210699741323e+00
1.023698698698698628e+01 1.008024591020340255e+00
1.024724724724724645e+01 1.008025944016738285e+00
1.025750750750750662e+01 1.008027269688396510e+00
1.026776776776776678e+01 1.008028568034790240e+00
1.027802802802802695e+01 1.008029839055421650e+00
1.028828828828828712e+01 1.008031082749779594e+00
1.029854854854854729e+01 1.008032299117375130e+00
1.030880880880880746e+01 1.008033488157739299e+00
1.031906906906906940e+01 1.008034649870400035e+00
1.032932932932932957e+01 1.008035784254888378e+00
1.033958958958958974e+01 1.008036891310771566e+00
1.034984984984984990e+01 1.008037971037614833e+00
1.036011011011011007e+01 1.008039023434984305e+00
1.037037037037037024e+01 1.008040048502474084e+00
1.038063063063063041e+01 1.008041046239676719e+00
1.039089089089089057e+01 1.008042016646194083e+00
1.040115115115115074e+01 1.008042959721652698e+00
1.041141141141141091e+01 1.008043875465679085e+00
1.042167167167167108e+01 1.008044763877914196e+00
1.043193193193193125e+01 1.008045624958005870e+00
1.044219219219219141e+01 1.008046458705614823e+00
1.045245245245245158e+01 1.008047265120409541e+00
1.046271271271271175e+01 1.008048044202084048e+00
1.047297297297297192e+01 1.008048795950315268e+00
1.048323323323323208e+01 1.008049520364821205e+00
1.049349349349349225e+01 1.008050217445309649e+00
1.050375375375375242e+01 1.008050887191505041e+00
1.051401401401401436e+01 1.008051529603144258e+00
1.052427427427427453e+01 1.008052144679978834e+00
1.053453453453453470e+01 1.008052732421763187e+00
1.054479479479479487e+01 1.008053292828266834e+00
1.055505505505505504e+01 1.008053825899272393e+00
1.056531531531531520e+01 1.008054331634561596e+00
1.057557557557557537e+01 1.008054810033935045e+00
1.058583583583583554e+01 1.008055261097211996e+00
1.059609609609609571e+01 1.008055684824209930e+00
1.060635635635635587e+01 1.008056081214763422e+00
1.061661661661661604e+01 1.008056450268717041e+00
1.062687687687687621e+01 1.008056791985923351e+00
1.063713713713713638e+01 1.008057106366251343e+00
1.064739739739739655e+01 1.008057393409574232e+00
1.065765765765765671e+01 1.008057653115774110e+00
1.066791791791791688e+01 1.008057885484759719e+00
1.067817817817817705e+01 1.008058090516430028e+00
1.068843843843843722e+01 1.008058268210705988e+00
1.069869869869869738e+01 1.008058418567522763e+00
1.070895895895895755e+01 1.008058541586817736e+00
1.071921921921921950e+01 1.008058637268539393e+00
1.072947947947947966e+01 1.008058705612657091e+00
1.073973973973973983e+01 1.008058746619133084e+00
1.075000000000000000e+01 1.008058760287962707e+00
