5.000000000000000000e-01 3.158617084742142822e+01
5.102602602602602788e-01 3.162486602311738437e+01
5.205205205205205576e-01 3.166354547223420823e+01
5.307807807807807254e-01 3.170220924826542586e+01
5.410410410410410043e-01 3.174085740469284289e+01
5.513013013013012831e-01 3.177948999498588378e+01
5.615615615615615619e-01 3.181810707260138216e+01
5.718218218218218407e-01 3.185670869098301949e+01
5.820820820820821195e-01 3.189529490356099473e+01
5.923423423423423984e-01 3.193386576375166186e+01
6.026026026026025662e-01 3.197242132495697575e+01
6.128628628628628450e-01 3.201096164056426119e+01
6.231231231231231238e-01 3.204948676394567997e+01
6.333833833833834026e-01 3.208799674845788275e+01
6.436436436436436814e-01 3.212649164744176744e+01
6.539039039039038492e-01 3.216497151422179002e+01
6.641641641641641280e-01 3.220343640210570868e+01
6.744244244244244069e-01 3.224188636438425704e+01
6.846846846846846857e-01 3.228032145433072486e+01
6.949449449449449645e-01 3.231874172520046073e+01
7.052052052052051323e-01 3.235714723023067307e+01
7.154654654654655221e-01 3.239553802263982618e+01
7.257257257257256899e-01 3.243391415562734181e+01
7.359859859859859688e-01 3.247227568237345707e+01
7.462462462462462476e-01 3.251062265603840018e+01
7.565065065065064154e-01 3.254895512976237626e+01
7.667667667667668052e-01 3.258727315666495628e+01
7.770270270270269730e-01 3.262557678984478571e+01
7.872872872872872518e-01 3.266386608237939981e+01
7.975475475475475307e-01 3.270214108732439939e+01
8.078078078078078095e-01 3.274040185771354317e+01
8.180680680680680883e-01 3.277864844655800880e+01
8.283283283283282561e-01 3.281688090684642134e+01
8.385885885885886459e-01 3.285509929154401476e+01
8.488488488488488137e-01 3.289330365359254671e+01
8.591091091091090926e-01 3.293149404590996454e+01
8.693693693693693714e-01 3.296967052138996479e+01
8.796296296296295392e-01 3.300783313290146026e+01
8.898898898898899290e-01 3.304598193328854450e+01
9.001501501501500968e-01 3.308411697536985230e+01
9.104104104104103756e-01 3.312223831193834656e+01
9.206706706706706544e-01 3.316034599576086350e+01
9.309309309309309333e-01 3.319844007957789245e+01
9.411911911911912121e-01 3.323652061610300024e+01
9.514514514514513799e-01 3.327458765802273177e+01
9.617117117117117697e-01 3.331264125799599185e+01
9.719719719719719375e-01 3.335068146865385330e+01
9.822322322322322163e-01 3.338870834259924436e+01
9.924924924924924952e-01 3.342672193240633050e+01
1.002752752752752663e+00 3.346472229062052861e+01
1.013013013013012831e+00 3.350270946975784625e+01
1.023273273273273221e+00 3.354068352230470396e+01
1.033533533533533610e+00 3.357864450071748053e+01
1.043793793793793778e+00 3.361659245742229274e+01
1.054054054054053946e+00 3.365452744481443403e+01
1.064314314314314336e+00 3.369244951525824661e+01
1.074574574574574504e+00 3.373035872108665245e+01
1.084834834834834894e+00 3.376825511460076257e+01
1.095095095095095061e+00 3.380613874806968511e+01
1.105355355355355229e+00 3.384400967373013458e+01
1.115615615615615619e+00 3.388186794378587763e+01
1.125875875875876009e+00 3.391971361040768329e+01
1.136136136136136177e+00 3.395754672573274036e+01
1.146396396396396344e+00 3.399536734186450104e+01
1.156656656656656512e+00 3.403317551087226889e+01
1.166916916916916902e+00 3.407097128479068004e+01
1.177177177177177292e+00 3.410875471561969619e+01
1.187437437437437460e+00 3.414652585532409290e+01
1.197697697697697627e+00 3.418428475583287707e+01
1.207957957957957795e+00 3.422203146903936499e+01
1.218218218218218185e+00 3.425976604680068505e+01
1.228478478478478575e+00 3.429748854093725186e+01
1.238738738738738743e+00 3.433519900323268104e+01
1.248998998998998911e+00 3.437289748543331314e+01
1.259259259259259078e+00 3.441058403924790099e+01
1.269519519519519468e+00 3.444825871634724024e+01
1.279779779779779858e+00 3.448592156836394906e+01
1.290040040040040026e+00 3.452357264689197791e+01
1.300300300300300194e+00 3.456121200348634659e+01
1.310560560560560361e+00 3.459883968966271794e+01
1.320820820820820751e+00 3.463645575689730549e+01
1.331081081081081141e+00 3.467406025662621261e+01
1.341341341341341309e+00 3.471165324024532595e+01
1.351601601601601477e+00 3.474923475910982518e+01
1.361861861861861867e+00 3.478680486453399112e+01
1.372122122122122034e+00 3.482436360779073681e+01
1.382382382382382424e+00 3.486191104011133035e+01
1.392642642642642592e+00 3.489944721268509653e+01
1.402902902902902760e+00 3.493697217665901888e+01
1.413163163163163150e+00 3.497448598313737023e+01
1.423423423423423539e+00 3.501198868318150659e+01
1.433683683683683707e+00 3.504948032780928457e+01
1.443943943943943875e+00 3.508696096799512532e+01
1.454204204204204043e+00 3.512443065466926839e+01
1.464464464464464433e+00 3.516188943871753025e+01
1.474724724724724823e+00 3.519933737098125448e+01
1.484984984984984990e+00 3.523677450225657282e+01
1.495245245245245158e+00 3.527420088329439096e+01
1.505505505505505548e+00 3.531161656479980593e+01
1.515765765765765716e+00 3.534902159743182182e+01
1.526026026026025884e+00 3.538641603180322193e+01
1.536286286286286273e+00 3.542379991847996479e+01
1.546546546546546441e+00 3.546117330798092837e+01
1.556806806806806831e+00 3.549853625077768271e+01
1.567067067067066999e+00 3.553588879729392147e+01
1.577327327327327167e+00 3.557323099790538379e+01
1.587587587587587556e+00 3.561056290293938531e+01
1.597847847847847724e+00 3.564788456267424976e+01
1.608108108108108114e+00 3.568519602733960028e+01
1.618368368368368282e+00 3.572249734711534330e+01
1.628628628628628672e+00 3.575978857213144124e+01
1.638888888888888840e+00 3.579706975246818956e+01
1.649149149149149007e+00 3.583434093815505150e+01
1.659409409409409397e+00 3.587160217917082150e+01
1.669669669669669565e+00 3.590885352544302123e+01
1.679929929929929955e+00 3.594609502684776459e+01
1.690190190190190123e+00 3.598332673320934560e+01
1.700450450450450290e+00 3.602054869429985473e+01
1.710710710710710680e+00 3.605776095983866014e+01
1.720970970970970848e+00 3.609496357949254985e+01
1.731231231231231238e+00 3.613215660287481512e+01
1.741491491491491406e+00 3.616934007954536412e+01
1.751751751751751796e+00 3.620651405901004694e+01
1.762012012012011963e+00 3.624367859072045661e+01
1.772272272272272131e+00 3.628083372407371598e+01
1.782532532532532521e+00 3.631797950841172451e+01
1.792792792792792689e+00 3.635511599302133590e+01
1.803053053053053079e+00 3.639224322713346993e+01
1.813313313313313246e+00 3.642936125992308405e+01
1.823573573573573414e+00 3.646647014050888203e+01
1.833833833833833804e+00 3.650356991795278105e+01
1.844094094094093972e+00 3.654066064125952806e+01
1.854354354354354362e+00 3.657774235937652207e+01
1.864614614614614529e+00 3.661481512119319603e+01
1.874874874874874697e+00 3.665187897554107366e+01
1.885135135135135087e+00 3.668893397119304467e+01
1.895395395395395255e+00 3.672598015686302375e+01
1.905655655655655645e+00 3.676301758120589369e+01
1.915915915915915813e+00 3.680004629281674511e+01
1.926176176176176202e+00 3.683706634023086224e+01
1.936436436436436370e+00 3.687407777192310476e+01
1.946696696696696538e+00 3.691108063630781544e+01
1.956956956956956928e+00 3.694807498173809535e+01
1.967217217217217096e+00 3.698506085650568309e+01
1.977477477477477485e+00 3.702203830884064928e+01
1.987737737737737653e+00 3.705900738691084229e+01
1.997997997997997821e+00 3.709596813882152588e+01
2.008258258258257989e+00 3.713292061261518739e+01
2.018518518518518157e+00 3.716986485627099057e+01
2.028778778778778769e+00 3.720680091770455533e+01
2.039039039039038936e+00 3.724372884476739642e+01
2.049299299299299548e+00 3.728064868524668185e+01
2.059559559559559716e+00 3.731756048686489891e+01
2.069819819819819884e+00 3.735446429727932127e+01
2.080080080080080052e+00 3.739136016408169638e+01
2.090340340340340219e+00 3.742824813479798252e+01
2.100600600600600387e+00 3.746512825688778747e+01
2.110860860860860555e+00 3.750200057774402751e+01
2.121121121121120723e+00 3.753886514469278524e+01
2.131381381381381335e+00 3.757572200499244275e+01
2.141641641641641503e+00 3.761257120583378821e+01
2.151901901901902114e+00 3.764941279433931953e+01
2.162162162162162282e+00 3.768624681756291750e+01
2.172422422422422450e+00 3.772307332248955447e+01
2.182682682682682618e+00 3.775989235603484673e+01
2.192942942942942786e+00 3.779670396504460683e+01
2.203203203203202953e+00 3.783350819629441730e+01
2.213463463463463121e+00 3.787030509648941745e+01
2.223723723723723733e+00 3.790709471226370653e+01
2.233983983983983901e+00 3.794387709018013055e+01
2.244244244244244069e+00 3.798065227672964284e+01
2.254504504504504681e+00 3.801742031833114055e+01
2.264764764764764848e+00 3.805418126133086787e+01
2.275025025025025016e+00 3.809093515200214597e+01
2.285285285285285184e+00 3.812768203654493249e+01
2.295545545545545352e+00 3.816442196108534546e+01
2.305805805805805520e+00 3.820115497167521568e+01
2.316066066066065687e+00 3.823788111429196590e+01
2.326326326326326299e+00 3.827460043483774399e+01
2.336586586586586467e+00 3.831131297913936606e+01
2.346846846846847079e+00 3.834801879294776938e+01
2.357107107107107247e+00 3.838471792193752918e+01
2.367367367367367414e+00 3.842141041170653182e+01
2.377627627627627582e+00 3.845809630777559107e+01
2.387887887887887750e+00 3.849477565558769498e+01
2.398148148148147918e+00 3.853144850050824033e+01
2.408408408408408086e+00 3.856811488782359731e+01
2.418668668668668253e+00 3.860477486274191961e+01
2.428928928928928865e+00 3.864142847039147455e+01
2.439189189189189033e+00 3.867807575582117607e+01
2.449449449449449645e+00 3.871471676399956152e+01
2.459709709709709813e+00 3.875135153981450742e+01
2.469969969969969981e+00 3.878798012807299500e+01
2.480230230230230148e+00 3.882460257350015809e+01
2.490490490490490316e+00 3.886121892073953887e+01
2.500750750750750484e+00 3.889782921435194396e+01
2.511011011011011096e+00 3.893443349881550120e+01
2.521271271271271264e+00 3.897103181852482834e+01
2.531531531531531432e+00 3.900762421779079148e+01
2.541791791791791599e+00 3.904421074084017107e+01
2.552052052052051767e+00 3.908079143181481641e+01
2.562312312312312379e+00 3.911736633477131875e+01
2.572572572572572547e+00 3.915393549368097581e+01
2.582832832832832715e+00 3.919049895242854120e+01
2.593093093093092882e+00 3.922705675481230969e+01
2.603353353353353050e+00 3.926360894454360562e+01
2.613613613613613662e+00 3.930015556524610787e+01
2.623873873873873830e+00 3.933669666045540936e+01
2.634134134134133998e+00 3.937323227361855515e+01
2.644394394394394165e+00 3.940976244809368012e+01
2.654654654654654333e+00 3.944628722714931257e+01
2.664914914914914945e+00 3.948280665396403322e+01
2.675175175175175113e+00 3.951932077162589962e+01
2.685435435435435281e+00 3.955582962313193462e+01
2.695695695695695449e+00 3.959233325138779236e+01
2.705955955955956060e+00 3.962883169920689852e+01
2.716216216216216228e+00 3.966532500931040062e+01
2.726476476476476396e+00 3.970181322432627269e+01
2.736736736736736564e+00 3.973829638678894582e+01
2.746996996996996732e+00 3.977477453913894578e+01
2.757257257257257343e+00 3.981124772372199772e+01
2.767517517517517511e+00 3.984771598278891247e+01
2.777777777777777679e+00 3.988417935849476237e+01
2.788038038038037847e+00 3.992063789289850462e+01
2.798298298298298015e+00 3.995709162796245550e+01
2.808558558558558627e+00 3.999354060555157986e+01
2.818818818818818794e+00 4.002998486743314999e+01
2.829079079079078962e+00 4.006642445527610619e+01
2.839339339339339130e+00 4.010285941065056647e+01
2.849599599599599298e+00 4.013928977502716577e+01
2.859859859859859910e+00 4.017571558977669355e+01
2.870120120120120077e+00 4.021213689616923403e+01
2.880380380380380245e+00 4.024855373537399572e+01
2.890640640640640413e+00 4.028496614845837343e+01
2.900900900900900581e+00 4.032137417638760013e+01
2.911161161161161193e+00 4.035777786002413592e+01
2.921421421421421361e+00 4.039417724012705690e+01
2.931681681681681528e+00 4.043057235735154364e+01
2.941941941941941696e+00 4.046696325224807822e+01
2.952202202202201864e+00 4.050334996526224529e+01
2.962462462462462476e+00 4.053973253673371602e+01
2.972722722722722644e+00 4.057611100689612016e+01
2.982982982982982811e+00 4.061248541587580263e+01
2.993243243243242979e+00 4.064885580369190166e+01
3.003503503503503591e+00 4.068522221025526164e+01
3.013763763763763759e+00 4.072158467536813475e+01
3.024024024024023927e+00 4.075794323872332825e+01
3.034284284284284094e+00 4.079429793990365738e+01
3.044544544544544262e+00 4.083064881838140536e+01
3.054804804804804874e+00 4.086699591351760574e+01
3.065065065065065042e+00 4.090333926456138158e+01
3.075325325325325210e+00 4.093967891064936282e+01
3.085585585585585378e+00 4.097601489080507520e+01
3.095845845845845545e+00 4.101234724393822262e+01
3.106106106106106157e+00 4.104867600884417556e+01
3.116366366366366325e+00 4.108500122420288392e+01
3.126626626626626493e+00 4.112132292857880600e+01
3.136886886886886661e+00 4.115764116041987108e+01
3.147147147147146828e+00 4.119395595805688970e+01
3.157407407407407440e+00 4.123026735970299939e+01
3.167667667667667608e+00 4.126657540345262731e+01
3.177927927927927776e+00 4.130288012728125580e+01
3.188188188188187944e+00 4.133918156904433516e+01
3.198448448448448111e+00 4.137547976647697112e+01
3.208708708708708723e+00 4.141177475719283052e+01
3.218968968968968891e+00 4.144806657868367239e+01
3.229229229229229059e+00 4.148435526831867293e+01
3.239489489489489227e+00 4.152064086334341653e+01
3.249749749749749395e+00 4.155692340087955472e+01
3.260010010010010006e+00 4.159320291792371904e+01
3.270270270270270174e+00 4.162947945134700944e+01
3.280530530530530342e+00 4.166575303789434059e+01
3.290790790790790510e+00 4.170202371418325527e+01
3.301051051051051122e+00 4.173829151670376092e+01
3.311311311311311290e+00 4.177455648181695125e+01
3.321571571571571457e+00 4.181081864575478590e+01
3.331831831831831625e+00 4.184707804461897496e+01
3.342092092092091793e+00 4.188333471438041755e+01
3.352352352352352405e+00 4.191958869087821427e+01
3.362612612612612573e+00 4.195584000981894945e+01
3.372872872872872740e+00 4.199208870677600203e+01
3.383133133133132908e+00 4.202833481718868569e+01
3.393393393393393076e+00 4.206457837636126129e+01
3.403653653653653688e+00 4.210081941946234707e+01
3.413913913913913856e+00 4.213705798152403759e+01
3.424174174174174023e+00 4.217329409744098001e+01
3.434434434434434191e+00 4.220952780196967069e+01
3.444694694694694359e+00 4.224575912972755276e+01
3.454954954954954971e+00 4.228198811519217060e+01
3.465215215215215139e+00 4.231821479270005426e+01
3.475475475475475307e+00 4.235443919644645661e+01
3.485735735735735474e+00 4.239066136048389666e+01
3.495995995995995642e+00 4.242688131872147039e+01
3.506256256256256254e+00 4.246309910492416151e+01
3.516516516516516422e+00 4.249931475271170456e+01
3.526776776776776590e+00 4.253552829555771808e+01
3.537037037037036757e+00 4.257173976678875960e+01
3.547297297297296925e+00 4.260794919958359372e+01
3.557557557557557537e+00 4.264415662697213349e+01
3.567817817817817705e+00 4.268036208183445268e+01
3.578078078078077873e+00 4.271656559689998289e+01
3.588338338338338041e+00 4.275276720474634828e+01
3.598598598598598652e+00 4.278896693779876870e+01
3.608858858858858820e+00 4.282516482832860305e+01
3.619119119119118988e+00 4.286136090845283064e+01
3.629379379379379156e+00 4.289755521013275796e+01
3.639639639639639324e+00 4.293374776517312341e+01
3.649899899899899935e+00 4.296993860522123043e+01
3.660160160160160103e+00 4.300612776176568275e+01
3.670420420420420271e+00 4.304231526613557435e+01
3.680680680680680439e+00 4.307850114949928155e+01
3.690940940940940607e+00 4.311468544286361038e+01
3.701201201201201219e+00 4.315086817707253886e+01
3.711461461461461386e+00 4.318704938280642835e+01
3.721721721721721554e+00 4.322322909058068063e+01
3.731981981981981722e+00 4.325940733074472888e+01
3.742242242242241890e+00 4.329558413348114243e+01
3.752502502502502502e+00 4.333175952880432646e+01
3.762762762762762669e+00 4.336793354655928567e+01
3.773023023023022837e+00 4.340410621642115530e+01
3.783283283283283005e+00 4.344027756789306949e+01
3.793543543543543173e+00 4.347644763030591974e+01
3.803803803803803785e+00 4.351261643281665670e+01
3.814064064064063952e+00 4.354878400440743746e+01
3.824324324324324120e+00 4.358495037388424720e+01
3.834584584584584288e+00 4.362111556987580485e+01
3.844844844844844456e+00 4.365727962083251867e+01
3.855105105105105068e+00 4.369344255502488750e+01
3.865365365365365236e+00 4.372960440054270492e+01
3.875625625625625403e+00 4.376576518529365956e+01
3.885885885885885571e+00 4.380192493700193523e+01
3.896146146146146183e+00 4.383808368320723758e+01
3.906406406406406351e+00 4.387424145126336583e+01
3.916666666666666519e+00 4.391039826833705462e+01
3.926926926926926686e+00 4.394655416140643922e+01
3.937187187187186854e+00 4.398270915726005370e+01
3.947447447447447466e+00 4.401886328249540270e+01
3.957707707707707634e+00 4.405501656351760431e+01
3.967967967967967802e+00 4.409116902653794767e+01
3.978228228228227970e+00 4.412732069757288400e+01
3.988488488488488137e+00 4.416347160244223602e+01
3.998748748748748749e+00 4.419962176676820320e+01
4.009009009009009361e+00 4.423577121597358541e+01
4.019269269269269529e+00 4.427191997528077394e+01
4.029529529529529697e+00 4.430806806971005329e+01
4.039789789789789864e+00 4.434421552407831513e+01
4.050050050050050032e+00 4.438036236299753057e+01
4.060310310310310200e+00 4.441650861087323676e+01
4.070570570570570368e+00 4.445265429190324369e+01
4.080830830830830536e+00 4.448879943007607807e+01
4.091091091091090703e+00 4.452494404916920701e+01
4.101351351351350871e+00 4.456108817274804323e+01
4.111611611611611039e+00 4.459723182416393428e+01
4.121871871871871207e+00 4.463337502655284084e+01
4.132132132132131375e+00 4.466951780283372386e+01
4.142392392392391542e+00 4.470566017570693873e+01
4.152652652652652598e+00 4.474180216765273599e+01
4.162912912912912766e+00 4.477794380092946369e+01
4.173173173173172934e+00 4.481408509757219605e+01
4.183433433433433102e+00 4.485022607939074391e+01
4.193693693693694158e+00 4.488636676796835445e+01
4.203953953953954326e+00 4.492250718465979986e+01
4.214214214214214493e+00 4.495864735058975015e+01
4.224474474474474661e+00 4.499478728665084049e+01
4.234734734734734829e+00 4.503092701350262672e+01
4.244994994994994997e+00 4.506706655156894925e+01
4.255255255255255165e+00 4.510320592103669668e+01
4.265515515515515332e+00 4.513934514185388025e+01
4.275775775775775500e+00 4.517548423372799249e+01
4.286036036036035668e+00 4.521162321612376189e+01
4.296296296296295836e+00 4.524776210826193079e+01
4.306556556556556004e+00 4.528390092911666898e+01
4.316816816816816171e+00 4.532003969741449367e+01
4.327077077077076339e+00 4.535617843163163343e+01
4.337337337337336507e+00 4.539231714999262124e+01
4.347597597597597563e+00 4.542845587046807054e+01
4.357857857857857731e+00 4.546459461077287045e+01
4.368118118118117899e+00 4.550073338836418912e+01
4.378378378378378066e+00 4.553687222043936345e+01
4.388638638638638234e+00 4.557301112393403031e+01
4.398898898898899290e+00 4.560915011551997367e+01
4.409159159159159458e+00 4.564528921160307817e+01
4.419419419419419626e+00 4.568142842832142492e+01
4.429679679679679793e+00 4.571756778154287559e+01
4.439939939939939961e+00 4.575370728686314692e+01
4.450200200200200129e+00 4.578984695960367191e+01
4.460460460460460297e+00 4.582598681480936165e+01
4.470720720720720465e+00 4.586212686724648080e+01
4.480980980980980632e+00 4.589826713140022463e+01
4.491241241241240800e+00 4.593440762147282896e+01
4.501501501501500968e+00 4.597054835138103357e+01
4.511761761761761136e+00 4.600668933475387234e+01
4.522022022022022192e+00 4.604283058493042091e+01
4.532282282282282360e+00 4.607897211495737366e+01
4.542542542542542527e+00 4.611511393758679844e+01
4.552802802802802695e+00 4.615125606527348623e+01
4.563063063063062863e+00 4.618739851017303266e+01
4.573323323323323031e+00 4.622354128413898167e+01
4.583583583583583199e+00 4.625968439872028881e+01
4.593843843843843366e+00 4.629582786515948811e+01
4.604104104104103534e+00 4.633197169438928142e+01
4.614364364364364590e+00 4.636811589703084735e+01
4.624624624624624758e+00 4.640426048339065801e+01
4.634884884884884926e+00 4.644040546345812714e+01
4.645145145145145094e+00 4.647655084690309479e+01
4.655405405405405261e+00 4.651269664307312723e+01
4.665665665665665429e+00 4.654884286099066770e+01
4.675925925925925597e+00 4.658498950935047844e+01
4.686186186186185765e+00 4.662113659651691222e+01
4.696446446446445933e+00 4.665728413052122647e+01
4.706706706706706100e+00 4.669343211905864166e+01
4.716966966966967156e+00 4.672958056948569805e+01
4.727227227227227324e+00 4.676572948881707248e+01
4.737487487487487492e+00 4.680187888372326910e+01
4.747747747747747660e+00 4.683802876052718034e+01
4.758008008008007828e+00 4.687417912520146501e+01
4.768268268268267995e+00 4.691032998336545035e+01
4.778528528528528163e+00 4.694648134028221875e+01
4.788788788788788331e+00 4.698263320085543171e+01
4.799049049049048499e+00 4.701878556962647338e+01
4.809309309309308667e+00 4.705493845077135973e+01
4.819569569569569722e+00 4.709109184809732795e+01
4.829829829829829890e+00 4.712724576503997298e+01
4.840090090090090058e+00 4.716340020465988658e+01
4.850350350350350226e+00 4.719955516963971576e+01
4.860610610610610394e+00 4.723571066228056026e+01
4.870870870870870561e+00 4.727186668449880358e+01
4.881131131131130729e+00 4.730802323782290841e+01
4.891391391391390897e+00 4.734418032339007709e+01
4.901651651651651065e+00 4.738033794194242176e+01
4.911911911911912121e+00 4.741649609382429986e+01
4.922172172172172289e+00 4.745265477897815742e+01
4.932432432432432456e+00 4.748881399694140981e+01
4.942692692692692624e+00 4.752497374684284637e+01
4.952952952952952792e+00 4.756113402739890716e+01
4.963213213213212960e+00 4.759729483691031504e+01
4.973473473473473128e+00 4.763345617325835235e+01
4.983733733733733295e+00 4.766961803390103114e+01
4.993993993993993463e+00 4.770578041586956175e+01
5.004254254254253631e+00 4.774194331576457273e+01
5.014514514514514687e+00 4.777810672975225259e+01
5.024774774774774855e+00 4.781427065356049866e+01
5.035035035035035023e+00 4.785043508247505173e+01
5.045295295295295190e+00 4.788660001133593624e+01
5.055555555555555358e+00 4.792276543453286308e+01
5.065815815815815526e+00 4.795893134600173369e+01
5.076076076076075694e+00 4.799509773922049760e+01
5.086336336336335862e+00 4.803126460720503843e+01
5.096596596596596029e+00 4.806743194250507401e+01
5.106856856856856197e+00 4.810359973719997129e+01
5.117117117117117253e+00 4.813976798289462522e+01
5.127377377377377421e+00 4.817593667071531627e+01
5.137637637637637589e+00 4.821210579130511320e+01
5.147897897897897757e+00 4.824827533481985853e+01
5.158158158158157924e+00 4.828444529092376314e+01
5.168418418418418092e+00 4.832061564878488014e+01
5.178678678678678260e+00 4.835678639707068527e+01
5.188938938938938428e+00 4.839295752394374261e+01
5.199199199199198596e+00 4.842912901705697237e+01
5.209459459459459651e+00 4.846530086354913180e+01
5.219719719719719819e+00 4.850147305004029619e+01
5.229979979979979987e+00 4.853764556262697027e+01
5.240240240240240155e+00 4.857381838687771847e+01
5.250500500500500323e+00 4.860999150782791389e+01
5.260760760760760490e+00 4.864616490997540410e+01
5.271021021021020658e+00 4.868233857727539515e+01
5.281281281281280826e+00 4.871851249313564836e+01
5.291541541541540994e+00 4.875468664041146383e+01
5.301801801801801162e+00 4.879086100140071380e+01
5.312062062062062218e+00 4.882703555783891858e+01
5.322322322322322385e+00 4.886321029089399559e+01
5.332582582582582553e+00 4.889938518116103694e+01
5.342842842842842721e+00 4.893556020865749190e+01
5.353103103103102889e+00 4.897173535281755363e+01
5.363363363363363057e+00 4.900791059248700066e+01
5.373623623623623224e+00 4.904408590591796724e+01
5.383883883883883392e+00 4.908026127076345801e+01
5.394144144144143560e+00 4.911643666407192654e+01
5.404404404404403728e+00 4.915261206228170465e+01
5.414664664664664784e+00 4.918878744121568758e+01
5.424924924924924952e+00 4.922496277607557147e+01
5.435185185185185119e+00 4.926113804143618324e+01
5.445445445445445287e+00 4.929731321123993837e+01
5.455705705705705455e+00 4.933348825879107835e+01
5.465965965965965623e+00 4.936966315674971639e+01
5.476226226226225791e+00 4.940583787712612462e+01
5.486486486486485958e+00 4.944201239127493608e+01
5.496746746746746126e+00 4.947818666988887060e+01
5.507007007007007182e+00 4.951436068299308602e+01
5.517267267267267350e+00 4.955053439993888276e+01
5.527527527527527518e+00 4.958670778939771395e+01
5.537787787787787686e+00 4.962288081935496109e+01
5.548048048048047853e+00 4.965905345710373808e+01
5.558308308308308021e+00 4.969522566923862428e+01
5.568568568568568189e+00 4.973139742164925536e+01
5.578828828828828357e+00 4.976756867951410612e+01
5.589089089089088525e+00 4.980373940729391080e+01
5.599349349349348692e+00 4.983990956872519718e+01
5.609609609609609748e+00 4.987607912681371403e+01
5.619869869869869916e+00 4.991224804382803626e+01
5.630130130130130084e+00 4.994841628129242395e+01
5.640390390390390252e+00 4.998458379998067613e+01
5.650650650650650419e+00 5.002075055990891173e+01
5.660910910910910587e+00 5.005691652032916750e+01
5.671171171171170755e+00 5.009308163972192318e+01
5.681431431431430923e+00 5.012924587578967106e+01
5.691691691691691091e+00 5.016540918544980343e+01
5.701951951951951258e+00 5.020157152482735796e+01
5.712212212212212314e+00 5.023773284924814675e+01
5.722472472472472482e+00 5.027389311323133825e+01
5.732732732732732650e+00 5.031005227048240869e+01
5.742992992992992818e+00 5.034621027388591585e+01
5.753253253253252986e+00 5.038236707549785365e+01
5.763513513513513153e+00 5.041852262653852534e+01
5.773773773773773321e+00 5.045467687738496210e+01
5.784034034034033489e+00 5.049082977756351909e+01
5.794294294294293657e+00 5.052698127574206666e+01
5.804554554554554713e+00 5.056313131972260067e+01
5.814814814814814881e+00 5.059927985643326309e+01
5.825075075075075048e+00 5.063542683192106608e+01
5.835335335335335216e+00 5.067157219134342938e+01
5.845595595595595384e+00 5.070771587896090438e+01
5.855855855855855552e+00 5.074385783812884654e+01
5.866116116116115720e+00 5.077999801128964208e+01
5.876376376376375887e+00 5.081613633996465751e+01
5.886636636636636055e+00 5.085227276474590496e+01
5.896896896896896223e+00 5.088840722528813387e+01
5.907157157157157279e+00 5.092453966030051049e+01
5.917417417417417447e+00 5.096067000753833298e+01
5.927677677677677615e+00 5.099679820379466832e+01
5.937937937937937782e+00 5.103292418489201054e+01
5.948198198198197950e+00 5.106904788567377551e+01
5.958458458458458118e+00 5.110516923999590233e+01
5.968718718718718286e+00 5.114128818071793603e+01
5.978978978978978454e+00 5.117740463969494158e+01
5.989239239239238621e+00 5.121351854776830237e+01
5.999499499499498789e+00 5.124962983475723632e+01
6.009759759759759845e+00 5.128573842944999228e+01
6.020020020020020013e+00 5.132184425959474083e+01
6.030280280280280181e+00 5.135794725189111887e+01
6.040540540540540349e+00 5.139404733198086461e+01
6.050800800800800516e+00 5.143014442443872980e+01
6.061061061061060684e+00 5.146623845276365472e+01
6.071321321321320852e+00 5.150232933936970880e+01
6.081581581581581020e+00 5.153841700557636329e+01
6.091841841841841187e+00 5.157450137159965209e+01
6.102102102102102243e+00 5.161058235654300574e+01
6.112362362362362411e+00 5.164665987838721151e+01
6.122622622622622579e+00 5.168273385398170205e+01
6.132882882882882747e+00 5.171880419903462212e+01
6.143143143143142915e+00 5.175487082810356299e+01
6.153403403403403082e+00 5.179093365458572151e+01
6.163663663663663250e+00 5.182699259070841435e+01
6.173923923923923418e+00 5.186304754751937196e+01
6.184184184184183586e+00 5.189909843487683361e+01
6.194444444444443754e+00 5.193514516143998350e+01
6.204704704704704810e+00 5.197118763465891789e+01
6.214964964964964977e+00 5.200722576076474724e+01
6.225225225225225145e+00 5.204325944475973387e+01
6.235485485485485313e+00 5.207928859040704594e+01
6.245745745745745481e+00 5.211531310022098040e+01
6.256006006006005649e+00 5.215133287545680218e+01
6.266266266266265816e+00 5.218734781610022111e+01
6.276526526526525984e+00 5.222335782085775691e+01
6.286786786786786152e+00 5.225936278714585370e+01
6.297047047047046320e+00 5.229536261108123796e+01
6.307307307307307376e+00 5.233135718746978426e+01
6.317567567567567544e+00 5.236734640979696565e+01
6.327827827827827711e+00 5.240333017021666961e+01
6.338088088088087879e+00 5.243930835954108716e+01
6.348348348348348047e+00 5.247528086723013274e+01
6.358608608608608215e+00 5.251124758138072224e+01
6.368868868868868383e+00 5.254720838871634925e+01
6.379129129129128550e+00 5.258316317457614275e+01
6.389389389389388718e+00 5.261911182290435107e+01
6.399649649649649774e+00 5.265505421623965532e+01
6.409909909909909942e+00 5.269099023570413465e+01
6.420170170170170110e+00 5.272691976099266498e+01
6.430430430430430278e+00 5.276284267036171372e+01
6.440690690690690445e+00 5.279875884061890901e+01
6.450950950950950613e+00 5.283466814711168524e+01
6.461211211211210781e+00 5.287057046371653257e+01
6.471471471471470949e+00 5.290646566282783425e+01
6.481731731731731116e+00 5.294235361534689588e+01
6.491991991991991284e+00 5.297823419067081829e+01
6.502252252252252340e+00 5.301410725668135626e+01
6.512512512512512508e+00 5.304997267973386954e+01
6.522772772772772676e+00 5.308583032464598972e+01
6.533033033033032844e+00 5.312168005468675602e+01
6.543293293293293011e+00 5.315752173156464977e+01
6.553553553553553179e+00 5.319335521541729150e+01
6.563813813813813347e+00 5.322918036479929071e+01
6.574074074074073515e+00 5.326499703667148111e+01
6.584334334334333683e+00 5.330080508638933168e+01
6.594594594594593850e+00 5.333660436769172719e+01
6.604854854854854906e+00 5.337239473268945744e+01
6.615115115115115074e+00 5.340817603185378459e+01
6.625375375375375242e+00 5.344394811400515977e+01
6.635635635635635410e+00 5.347971082630181172e+01
6.645895895895895578e+00 5.351546401422819343e+01
6.656156156156155745e+00 5.355120752158331499e+01
6.666416416416415913e+00 5.358694119046975857e+01
6.676676676676676081e+00 5.362266486128178400e+01
6.686936936936936249e+00 5.365837837269376820e+01
6.697197197197197305e+00 5.369408156164914203e+01
6.707457457457457473e+00 5.372977426334851003e+01
6.717717717717717640e+00 5.376545631123808278e+01
6.727977977977977808e+00 5.380112753699823713e+01
6.738238238238237976e+00 5.383678777053223996e+01
6.748498498498498144e+00 5.387243683995426125e+01
6.758758758758758312e+00 5.390807457157800542e+01
6.769019019019018479e+00 5.394370078990561268e+01
6.779279279279278647e+00 5.397931531761523871e+01
6.789539539539538815e+00 5.401491797555021179e+01
6.799799799799799871e+00 5.405050858270737280e+01
6.810060060060060039e+00 5.408608695622552887e+01
6.820320320320320207e+00 5.412165291137390000e+01
6.830580580580580374e+00 5.415720626154056561e+01
6.840840840840840542e+00 5.419274681822110296e+01
6.851101101101100710e+00 5.422827439100731794e+01
6.861361361361360878e+00 5.426378878757528668e+01
6.871621621621621046e+00 5.429928981367439889e+01
6.881881881881881213e+00 5.433477727311561267e+01
6.892142142142141381e+00 5.437025096776060451e+01
6.902402402402402437e+00 5.440571069750951949e+01
6.912662662662662605e+00 5.444115626029064714e+01
6.922922922922922773e+00 5.447658745204843456e+01
6.933183183183182940e+00 5.451200406673238064e+01
6.943443443443443108e+00 5.454740589628582370e+01
6.953703703703703276e+00 5.458279273063492099e+01
6.963963963963963444e+00 5.461816435767705968e+01
6.974224224224223612e+00 5.465352056327017038e+01
6.984484484484483779e+00 5.468886113122140813e+01
6.994744744744744835e+00 5.472418584327619584e+01
7.005005005005005003e+00 5.475949447910691248e+01
7.015265265265265171e+00 5.479478681630244807e+01
7.025525525525525339e+00 5.483006263035706951e+01
7.035785785785785507e+00 5.486532169465946396e+01
7.046046046046045674e+00 5.490056378048200969e+01
7.056306306306305842e+00 5.493578865697023161e+01
7.066566566566566010e+00 5.497099609113183760e+01
7.076826826826826178e+00 5.500618584782607456e+01
7.087087087087086346e+00 5.504135768975376664e+01
7.097347347347347402e+00 5.507651137744578307e+01
7.107607607607607569e+00 5.511164666925380118e+01
7.117867867867867737e+00 5.514676332133883108e+01
7.128128128128127905e+00 5.518186108766188624e+01
7.138388388388388073e+00 5.521693971997317618e+01
7.148648648648648241e+00 5.525199896780227249e+01
7.158908908908908408e+00 5.528703857844788416e+01
7.169169169169168576e+00 5.532205829696800947e+01
7.179429429429428744e+00 5.535705786617015178e+01
7.189689689689688912e+00 5.539203702660125828e+01
7.199949949949949968e+00 5.542699551653838341e+01
7.210210210210210136e+00 5.546193307197872002e+01
7.220470470470470303e+00 5.549684942663046883e+01
7.230730730730730471e+00 5.553174431190299032e+01
7.240990990990990639e+00 5.556661745689805798e+01
7.251251251251250807e+00 5.560146858840017359e+01
7.261511511511510975e+00 5.563629743086762147e+01
7.271771771771771142e+00 5.567110370642374306e+01
7.282032032032031310e+00 5.570588713484758614e+01
7.292292292292292366e+00 5.574064743356549911e+01
7.302552552552552534e+00 5.577538431764260451e+01
7.312812812812812702e+00 5.581009749977391010e+01
7.323073073073072869e+00 5.584478669027603104e+01
7.333333333333333037e+00 5.587945159707916787e+01
7.343593593593593205e+00 5.591409192571870079e+01
7.353853853853853373e+00 5.594870737932721738e+01
7.364114114114113541e+00 5.598329765862695950e+01
7.374374374374373708e+00 5.601786246192150998e+01
7.384634634634633876e+00 5.605240148508877240e+01
7.394894894894894932e+00 5.608691442157314810e+01
7.405155155155155100e+00 5.612140096237847331e+01
7.415415415415415268e+00 5.615586079606063663e+01
7.425675675675675436e+00 5.619029360872091416e+01
7.435935935935935603e+00 5.622469908399875749e+01
7.446196196196195771e+00 5.625907690306523534e+01
7.456456456456455939e+00 5.629342674461683060e+01
7.466716716716716107e+00 5.632774828486855512e+01
7.476976976976976275e+00 5.636204119754803799e+01
7.487237237237236442e+00 5.639630515388972043e+01
7.497497497497497498e+00 5.643053982262834722e+01
7.507757757757757666e+00 5.646474486999409947e+01
7.518018018018017834e+00 5.649891995970646974e+01
7.528278278278278002e+00 5.653306475296943034e+01
7.538538538538538170e+00 5.656717890846586272e+01
7.548798798798798337e+00 5.660126208235308098e+01
7.559059059059058505e+00 5.663531392825763078e+01
7.569319319319318673e+00 5.666933409727106152e+01
7.579579579579578841e+00 5.670332223794547133e+01
7.589839839839839897e+00 5.673727799628956348e+01
7.600100100100100065e+00 5.677120101576416999e+01
7.610360360360360232e+00 5.680509093727903291e+01
7.620620620620620400e+00 5.683894739918903127e+01
7.630880880880880568e+00 5.687277003729100500e+01
7.641141141141140736e+00 5.690655848482060009e+01
7.651401401401400904e+00 5.694031237244920618e+01
7.661661661661661071e+00 5.697403132828150518e+01
7.671921921921921239e+00 5.700771497785308384e+01
7.682182182182181407e+00 5.704136294412818842e+01
7.692442442442442463e+00 5.707497484749740835e+01
7.702702702702702631e+00 5.710855030577652514e+01
7.712962962962962798e+00 5.714208893420460100e+01
7.723223223223222966e+00 5.717559034544278518e+01
7.733483483483483134e+00 5.720905414957336177e+01
7.743743743743743302e+00 5.724247995409904632e+01
7.754004004004003470e+00 5.727586736394216160e+01
7.764264264264263637e+00 5.730921598144485785e+01
7.774524524524523805e+00 5.734252540636855855e+01
7.784784784784783973e+00 5.737579523589462838e+01
7.795045045045045029e+00 5.740902506462467869e+01
7.805305305305305197e+00 5.744221448458115020e+01
7.815565565565565365e+00 5.747536308520905379e+01
7.825825825825825532e+00 5.750847045337638264e+01
7.836086086086085700e+00 5.754153617337623672e+01
7.846346346346345868e+00 5.757455982692840735e+01
7.856606606606606036e+00 5.760754099318192090e+01
7.866866866866866204e+00 5.764047924871693596e+01
7.877127127127126371e+00 5.767337416754789814e+01
7.887387387387387427e+00 5.770622532112591330e+01
7.897647647647647595e+00 5.773903227834300367e+01
7.907907907907907763e+00 5.777179460553448820e+01
7.918168168168167931e+00 5.780451186648386397e+01
7.928428428428428099e+00 5.783718362242635180e+01
7.938688688688688266e+00 5.786980943205375638e+01
7.948948948948948434e+00 5.790238885151886450e+01
7.959209209209208602e+00 5.793492143444078124e+01
7.969469469469468770e+00 5.796740673191013826e+01
7.979729729729728938e+00 5.799984429249480655e+01
7.989989989989989994e+00 5.803223366224615631e+01
8.000250250250250161e+00 5.806457438470513210e+01
8.010510510510510329e+00 5.809686600090898168e+01
8.020770770770770497e+00 5.812910804939787823e+01
8.031031031031030665e+00 5.816130006622305615e+01
8.041291291291290833e+00 5.819344158495312058e+01
8.051551551551551000e+00 5.822553213668339822e+01
8.061811811811811168e+00 5.825757125004344772e+01
8.072072072072071336e+00 5.828955845120547252e+01
8.082332332332331504e+00 5.832149326389371424e+01
8.092592592592591672e+00 5.835337520939366840e+01
8.102852852852851839e+00 5.838520380656147779e+01
8.113113113113112007e+00 5.841697857183405063e+01
8.123373373373372175e+00 5.844869901923932076e+01
8.133633633633632343e+00 5.848036466040682768e+01
8.143893893893892511e+00 5.851197500457887912e+01
8.154154154154152678e+00 5.854352955862174213e+01
8.164414414414412846e+00 5.857502782703738120e+01
8.174674674674673014e+00 5.860646931197580045e+01
8.184934934934934958e+00 5.863785351324634121e+01
8.195195195195195126e+00 5.866917992833246132e+01
8.205455455455455294e+00 5.870044805240290486e+01
8.215715715715715461e+00 5.873165737832598410e+01
8.225975975975975629e+00 5.876280739668356290e+01
8.236236236236235797e+00 5.879389759578516816e+01
8.246496496496495965e+00 5.882492746168237119e+01
8.256756756756756133e+00 5.885589647818365933e+01
8.267017017017016300e+00 5.888680412687048005e+01
8.277277277277276468e+00 5.891764988711181417e+01
8.287537537537538412e+00 5.894843323608100860e+01
8.297797797797798580e+00 5.897915364877226807e+01
8.308058058058058748e+00 5.900981059801658546e+01
8.318318318318318916e+00 5.904040355450004540e+01
8.328578578578579084e+00 5.907093198678052914e+01
8.338838838838839251e+00 5.910139536130583338e+01
8.349099099099099419e+00 5.913179314243260620e+01
8.359359359359359587e+00 5.916212479244373412e+01
8.369619619619619755e+00 5.919238977156886250e+01
8.379879879879879923e+00 5.922258753800259967e+01
8.390140140140140090e+00 5.925271754792521506e+01
8.400400400400400258e+00 5.928277925552268357e+01
8.410660660660660426e+00 5.931277211300635344e+01
8.420920920920920594e+00 5.934269557063545619e+01
8.431181181181180762e+00 5.937254907673719373e+01
8.441441441441440929e+00 5.940233207772902801e+01
8.451701701701701097e+00 5.943204401814101345e+01
8.461961961961961265e+00 5.946168434063793740e+01
8.472222222222221433e+00 5.949125248604154592e+01
8.482482482482481601e+00 5.952074789335546257e+01
8.492742742742741768e+00 5.955016999978764858e+01
8.503003003003001936e+00 5.957951824077490244e+01
8.513263263263262104e+00 5.960879205000671277e+01
8.523523523523522272e+00 5.963799085945075973e+01
8.533783783783784216e+00 5.966711409937775557e+01
8.544044044044044384e+00 5.969616119838757839e+01
8.554304304304304551e+00 5.972513158343404882e+01
8.564564564564564719e+00 5.975402467985234978e+01
8.574824824824824887e+00 5.978283991138543030e+01
8.585085085085085055e+00 5.981157670021141826e+01
8.595345345345345223e+00 5.984023446697035098e+01
8.605605605605605390e+00 5.986881263079271065e+01
8.615865865865865558e+00 5.989731060932746232e+01
8.626126126126125726e+00 5.992572781877066035e+01
8.636386386386385894e+00 5.995406367389478675e+01
8.646646646646646062e+00 5.998231758807772707e+01
8.656906906906906229e+00 6.001048897333254217e+01
8.667167167167166397e+00 6.003857724033802867e+01
8.677427427427426565e+00 6.006658179846906620e+01
8.687687687687686733e+00 6.009450205582684390e+01
8.697947947947946901e+00 6.012233741927125408e+01
8.708208208208207068e+00 6.015008729445180080e+01
8.718468468468467236e+00 6.017775108583977328e+01
8.728728728728729180e+00 6.020532819676063241e+01
8.738988988988989348e+00 6.023281802942656782e+01
8.749249249249249516e+00 6.026021998496963761e+01
8.759509509509509684e+00 6.028753346347595965e+01
8.769769769769769852e+00 6.031475786401792760e+01
8.780030030030030019e+00 6.034189258469022121e+01
8.790290290290290187e+00 6.036893702264251971e+01
8.800550550550550355e+00 6.039589057411610895e+01
8.810810810810810523e+00 6.042275263447798750e+01
8.821071071071070691e+00 6.044952259825613794e+01
8.831331331331330858e+00 6.047619985917694407e+01
8.841591591591591026e+00 6.050278381020009277e+01
8.851851851851851194e+00 6.052927384355534457e+01
8.862112112112111362e+00 6.055566935078006452e+01
8.872372372372371530e+00 6.058196972275613490e+01
8.882632632632631697e+00 6.060817434974740792e+01
8.892892892892891865e+00 6.063428262143772685e+01
8.903153153153152033e+00 6.066029392696925271e+01
8.913413413413412201e+00 6.068620765498138070e+01
8.923673673673672369e+00 6.071202319364843447e+01
8.933933933933934313e+00 6.073773993072057920e+01
8.944194194194194480e+00 6.076335725356155137e+01
8.954454454454454648e+00 6.078887454919023270e+01
8.964714714714714816e+00 6.081429120431948832e+01
8.974974974974974984e+00 6.083960660539664644e+01
8.985235235235235152e+00 6.086482013864522855e+01
8.995495495495495319e+00 6.088993119010492450e+01
9.005755755755755487e+00 6.091493914567358559e+01
9.016016016016015655e+00 6.093984339114809501e+01
9.026276276276275823e+00 6.096464331226695776e+01
9.036536536536535991e+00 6.098933829475213031e+01
9.046796796796796158e+00 6.101392772435170286e+01
9.057057057057056326e+00 6.103841098688207012e+01
9.067317317317316494e+00 6.106278746827111803e+01
9.077577577577576662e+00 6.108705655460146033e+01
9.087837837837836830e+00 6.111121763215470537e+01
9.098098098098096997e+00 6.113527008745285229e+01
9.108358358358357165e+00 6.115921330730589034e+01
9.118618618618617333e+00 6.118304667885249870e+01
9.128878878878879277e+00 6.120676958960589076e+01
9.139139139139139445e+00 6.123038142749895485e+01
9.149399399399399613e+00 6.125388158092931690e+01
9.159659659659659781e+00 6.127726943880220745e+01
9.169919919919919948e+00 6.130054439057925464e+01
9.180180180180180116e+00 6.132370582632105993e+01
9.190440440440440284e+00 6.134675313673484709e+01
9.200700700700700452e+00 6.136968571321914823e+01
9.210960960960960620e+00 6.139250294791075646e+01
9.221221221221220787e+00 6.141520423373093251e+01
9.231481481481480955e+00 6.143778896443114235e+01
9.241741741741741123e+00 6.146025653464127458e+01
9.252002002002001291e+00 6.148260633991552027e+01
9.262262262262261459e+00 6.150483777677904840e+01
9.272522522522521626e+00 6.152695024277551994e+01
9.282782782782781794e+00 6.154894313651570315e+01
9.293043043043041962e+00 6.157081585772285592e+01
9.303303303303302130e+00 6.159256780728200198e+01
9.313563563563562298e+00 6.161419838728640030e+01
9.323823823823824242e+00 6.163570700108694922e+01
9.334084084084084409e+00 6.165709305333894008e+01
9.344344344344344577e+00 6.167835595005107763e+01
9.354604604604604745e+00 6.169949509863291581e+01
9.364864864864864913e+00 6.172050990794379999e+01
9.375125125125125081e+00 6.174139978834170961e+01
9.385385385385385248e+00 6.176216415173040986e+01
9.395645645645645416e+00 6.178280241160993569e+01
9.405905905905905584e+00 6.180331398312385005e+01
9.416166166166165752e+00 6.182369828310901738e+01
9.426426426426425920e+00 6.184395473014297551e+01
9.436686686686686087e+00 6.186408274459503076e+01
9.446946946946946255e+00 6.188408174867409883e+01
9.457207207207206423e+00 6.190395116647658114e+01
9.467467467467466591e+00 6.192369042403782942e+01
9.477727727727726759e+00 6.194329894937963132e+01
9.487987987987986926e+00 6.196277617255919523e+01
9.498248248248247094e+00 6.198212152571916533e+01
9.508508508508507262e+00 6.200133444313649278e+01
9.518768768768767430e+00 6.202041436127142759e+01
9.529029029029029374e+00 6.203936071881580006e+01
9.539289289289289542e+00 6.205817295674398082e+01
9.549549549549549710e+00 6.207685051836158863e+01
9.559809809809809877e+00 6.209539284935197401e+01
9.570070070070070045e+00 6.211379939782975868e+01
9.580330330330330213e+00 6.213206961438505971e+01
9.590590590590590381e+00 6.215020295213683710e+01
9.600850850850850549e+00 6.216819886677838269e+01
9.611111111111110716e+00 6.218605681662888429e+01
9.621371371371370884e+00 6.220377626267919169e+01
9.631631631631631052e+00 6.222135666864397763e+01
9.641891891891891220e+00 6.223879750100714148e+01
9.652152152152151388e+00 6.225609822907259172e+01
9.662412412412411555e+00 6.227325832501222891e+01
9.672672672672671723e+00 6.229027726391294095e+01
9.682932932932931891e+00 6.230715452382636244e+01
9.693193193193192059e+00 6.232388958581633887e+01
9.703453453453452227e+00 6.234048193400684568e+01
9.713713713713712394e+00 6.235693105563065330e+01
9.723973973973974338e+00 6.237323644107479481e+01
9.734234234234234506e+00 6.238939758393077994e+01
9.744494494494494674e+00 6.240541398103992776e+01
9.754754754754754842e+00 6.242128513254245803e+01
9.765015015015015010e+00 6.243701054192261779e+01
9.775275275275275177e+00 6.245258971605602483e+01
9.785535535535535345e+00 6.246802216525772877e+01
9.795795795795795513e+00 6.248330740332701794e+01
9.806056056056055681e+00 6.249844494759394564e+01
9.816316316316315849e+00 6.251343431896623315e+01
9.826576576576576016e+00 6.252827504197460939e+01
9.836836836836836184e+00 6.254296664481764623e+01
9.847097097097096352e+00 6.255750865940883187e+01
9.857357357357356520e+00 6.257190062141951614e+01
9.867617617617616688e+00 6.258614207032609755e+01
9.877877877877876855e+00 6.260023254945312488e+01
9.888138138138137023e+00 6.261417160601750709e+01
9.898398398398397191e+00 6.262795879117336995e+01
9.908658658658657359e+00 6.264159366005659990e+01
9.918918918918919303e+00 6.265507577182627585e+01
9.929179179179179471e+00 6.266840468970900702e+01
9.939439439439439639e+00 6.268157998104262418e+01
9.949699699699699806e+00 6.269460121731723490e+01
9.959959959959959974e+00 6.270746797421887209e+01
9.970220220220220142e+00 6.272017983167089028e+01
9.980480480480480310e+00 6.273273637387517709e+01
9.990740740740740478e+00 6.274513718935452289e+01
1.000100100100100065e+01 6.275738187099265275e+01
1.001126126126126081e+01 6.276947001607555165e+01
1.002152152152152098e+01 6.278140122633122644e+01
1.003178178178178115e+01 6.279317510796944646e+01
1.004204204204204132e+01 6.280479127172234399e+01
1.005230230230230148e+01 6.281624933288253487e+01
1.006256256256256165e+01 6.282754891134172937e+01
1.007282282282282182e+01 6.283868963163025256e+01
1.008308308308308199e+01 6.284967112295427683e+01
1.009334334334334216e+01 6.286049301923322474e+01
1.010360360360360232e+01 6.287115495913732843e+01
1.011386386386386249e+01 6.288165658612397380e+01
1.012412412412412444e+01 6.289199754847492585e+01
1.013438438438438460e+01 6.290217749933085400e+01
1.014464464464464477e+01 6.291219609672823765e+01
1.015490490490490494e+01 6.292205300363333009e+01
1.016516516516516511e+01 6.293174788797686858e+01
1.017542542542542527e+01 6.294128042268866352e+01
1.018568568568568544e+01 6.295065028573122845e+01
1.019594594594594561e+01 6.295985716013233713e+01
1.020620620620620578e+01 6.296890073401807086e+01
1.021646646646646595e+01 6.297778070064605060e+01
1.022672672672672611e+01 6.298649675843479656e+01
1.023698698698698628e+01 6.299504861099686792e+01
1.024724724724724645e+01 6.300343596717060990e+01
1.025750750750750662e+01 6.301165854104685593e+01
1.026776776776776678e+01 6.301971605200244397e+01
1.027802802802802695e+01 6.302760822472682634e+01
1.028828828828828712e+01 6.303533478925260880e+01
1.029854854854854729e+01 6.304289548098193308e+01
1.030880880880880746e+01 6.305029004071714382e+01
1.031906906906906940e+01 6.305751821468393814e+01
1.032932932932932957e+01 6.306457975456049070e+01
1.033958958958958974e+01 6.307147441750401384e+01
1.034984984984984990e+01 6.307820196617456787e+01
1.036011011011011007e+01 6.308476216876071874e+01
1.037037037037037024e+01 6.309115479900444257e+01
1.038063063063063041e+01 6.309737963622407619e+01
1.039089089089089057e+01 6.310343646533860351e+01
1.040115115115115074e+01 6.310932507688909965e+01
1.041141141141141091e+01 6.311504526706261942e+01
1.042167167167167108e+01 6.312059683771182250e+01
1.043193193193193125e+01 6.312597959637785294e+01
1.044219219219219141e+01 6.313119335630938167e+01
1.045245245245245158e+01 6.313623793648157800e+01
1.046271271271271175e+01 6.314111316161961440e+01
1.047297297297297192e+01 6.314581886221082385e+01
1.048323323323323208e+01 6.315035487452875884e+01
1.049349349349349225e+01 6.315472104064713932e+01
1.050375375375375242e+01 6.315891720845760204e+01
1.051401401401401436e+01 6.316294323168528990e+01
1.052427427427427453e+01 6.316679896990668652e+01
1.053453453453453470e+01 6.317048428856106312e+01
1.054479479479479487e+01 6.317399905896835577e+01
1.055505505505505504e+01 6.317734315834032088e+01
1.056531531531531520e+01 6.318051646979444769e+01
1.057557557557557537e+01 6.318351888236788483e+01
1.058583583583583554e+01 6.318635029102732403e+01
1.059609609609609571e+01 6.318901059668083775e+01
1.060635635635635587e+01 6.319149970618897072e+01
1.061661661661661604e+01 6.319381753237471600e+01
1.062687687687687621e+01 6.319596399403209119e+01
1.063713713713713638e+01 6.319793901593551055e+01
1.064739739739739655e+01 6.319974252884741617e+01
1.065765765765765671e+01 6.320137446952657001e+01
1.066791791791791688e+01 6.320283478073361749e+01
1.067817817817817705e+01 6.320412341123834210e+01
1.068843843843843722e+01 6.320524031582438340e+01
1.069869869869869738e+01 6.320618545529444532e+01
1.070895895895895755e+01 6.320695879647471571e+01
1.071921921921921950e+01 6.320756031221724669e+01
1.072947947947947966e+01 6.320798998140514868e+01
1.073973973973973983e+01 6.320824778895237017e+01
1.075000000000000000e+01 6.320833372580759857e+01
