5.000000000000000000e-01 8.430647012609009117e-02
5.102602602602602788e-01 8.440257517746363458e-02
5.205205205205205576e-01 8.449867403673011479e-02
5.307807807807807254e-01 8.459476682837348271e-02
5.410410410410410043e-01 8.469085367679168863e-02
5.513013013013012831e-01 8.478693470629559970e-02
5.615615615615615619e-01 8.488301004110826442e-02
5.718218218218218407e-01 8.497907980536395511e-02
5.820820820820821195e-01 8.507514412310705765e-02
5.923423423423423984e-01 8.517120311829146084e-02
6.026026026026025662e-01 8.526725691477915481e-02
6.128628628628628450e-01 8.536330563633967583e-02
6.231231231231231238e-01 8.545934940664902391e-02
6.333833833833834026e-01 8.555538834928858027e-02
6.436436436436436814e-01 8.565142258774427475e-02
6.539039039039038492e-01 8.574745224540541999e-02
6.641641641641641280e-01 8.584347744556404536e-02
6.744244244244244069e-01 8.593949831141385609e-02
6.846846846846846857e-01 8.603551496604874838e-02
6.949449449449449645e-01 8.613152753246242077e-02
7.052052052052051323e-01 8.622753613354709745e-02
7.154654654654655221e-01 8.632354089209273718e-02
7.257257257257256899e-01 8.641954193078547897e-02
7.359859859859859688e-01 8.651553937220726742e-02
7.462462462462462476e-01 8.661153333883436778e-02
7.565065065065064154e-01 8.670752395303661653e-02
7.667667667667668052e-01 8.680351133707622791e-02
7.770270270270269730e-01 8.689949561310691961e-02
7.872872872872872518e-01 8.699547690317237236e-02
7.975475475475475307e-01 8.709145532920603561e-02
8.078078078078078095e-01 8.718743101302917076e-02
8.180680680680680883e-01 8.728340407635030995e-02
8.283283283283282561e-01 8.737937464076411809e-02
8.385885885885886459e-01 8.747534282775006054e-02
8.488488488488488137e-01 8.757130875867157049e-02
8.591091091091090926e-01 8.766727255477498038e-02
8.693693693693693714e-01 8.776323433718800915e-02
8.796296296296295392e-01 8.785919422691929048e-02
8.898898898898899290e-01 8.795515234485679068e-02
9.001501501501500968e-01 8.805110881176653193e-02
9.104104104104103756e-01 8.814706374829216207e-02
9.206706706706706544e-01 8.824301727495302561e-02
9.309309309309309333e-01 8.833896951214362248e-02
9.411911911911912121e-01 8.843492058013210921e-02
9.514514514514513799e-01 8.853087059905921652e-02
9.617117117117117697e-01 8.862681968893715290e-02
9.719719719719719375e-01 8.872276796964830015e-02
9.822322322322322163e-01 8.881871556094395048e-02
9.924924924924924952e-01 8.891466258244387633e-02
1.002752752752752663e+00 8.901060915363384618e-02
1.013013013013012831e+00 8.910655539386533319e-02
1.023273273273273221e+00 8.920250142235422453e-02
1.033533533533533610e+00 8.929844735817915602e-02
1.043793793793793778e+00 8.939439332028076279e-02
1.054054054054053946e+00 8.949033942746019432e-02
1.064314314314314336e+00 8.958628579837782380e-02
1.074574574574574504e+00 8.968223255155212403e-02
1.084834834834834894e+00 8.977817980535841846e-02
1.095095095095095061e+00 8.987412767802739622e-02
1.105355355355355229e+00 8.997007628764407128e-02
1.115615615615615619e+00 9.006602575214654738e-02
1.125875875875876009e+00 9.016197618932422775e-02
1.136136136136136177e+00 9.025792771681702409e-02
1.146396396396396344e+00 9.035388045211417696e-02
1.156656656656656512e+00 9.044983451255192430e-02
1.166916916916916902e+00 9.054579001531347371e-02
1.177177177177177292e+00 9.064174707742683745e-02
1.187437437437437460e+00 9.073770581576345862e-02
1.197697697697697627e+00 9.083366634703754494e-02
1.207957957957957795e+00 9.092962878780380676e-02
1.218218218218218185e+00 9.102559325445669369e-02
1.228478478478478575e+00 9.112155986322897916e-02
1.238738738738738743e+00 9.121752873018965091e-02
1.248998998998998911e+00 9.131349997124363349e-02
1.259259259259259078e+00 9.140947370212934575e-02
1.269519519519519468e+00 9.150545003841785430e-02
1.279779779779779858e+00 9.160142909551133306e-02
1.290040040040040026e+00 9.169741098864152284e-02
1.300300300300300194e+00 9.179339583286827420e-02
1.310560560560560361e+00 9.188938374307800694e-02
1.320820820820820751e+00 9.198537483398254444e-02
1.331081081081081141e+00 9.208136922011730952e-02
1.341341341341341309e+00 9.217736701583971459e-02
1.351601601601601477e+00 9.227336833532832905e-02
1.361861861861861867e+00 9.236937329258031182e-02
1.372122122122122034e+00 9.246538200141084241e-02
1.382382382382382424e+00 9.256139457545105309e-02
1.392642642642642592e+00 9.265741112814659952e-02
1.402902902902902760e+00 9.275343177275617579e-02
1.413163163163163150e+00 9.284945662234952990e-02
1.423423423423423539e+00 9.294548578980660336e-02
1.433683683683683707e+00 9.304151938781539399e-02
1.443943943943943875e+00 9.313755752887045714e-02
1.454204204204204043e+00 9.323360032527110153e-02
1.464464464464464433e+00 9.332964788912027909e-02
1.474724724724724823e+00 9.342570033232247551e-02
1.484984984984984990e+00 9.352175776658208650e-02
1.495245245245245158e+00 9.361782030340187744e-02
1.505505505505505548e+00 9.371388805408148448e-02
1.515765765765765716e+00 9.380996112971520806e-02
1.526026026026025884e+00 9.390603964119072222e-02
1.536286286286286273e+00 9.400212369918729827e-02
1.546546546546546441e+00 9.409821341417395901e-02
1.556806806806806831e+00 9.419430889640768856e-02
1.567067067067066999e+00 9.429041025593193348e-02
1.577327327327327167e+00 9.438651760257453505e-02
1.587587587587587556e+00 9.448263104594624429e-02
1.597847847847847724e+00 9.457875069543854318e-02
1.608108108108108114e+00 9.467487666022214587e-02
1.618368368368368282e+00 9.477100904924523617e-02
1.628628628628628672e+00 9.486714797123114995e-02
1.638888888888888840e+00 9.496329353467723722e-02
1.649149149149149007e+00 9.505944584785248896e-02
1.659409409409409397e+00 9.515560501879570532e-02
1.669669669669669565e+00 9.525177115531370531e-02
1.679929929929929955e+00 9.534794436497950887e-02
1.690190190190190123e+00 9.544412475513015803e-02
1.700450450450450290e+00 9.554031243286527364e-02
1.710710710710710680e+00 9.563650750504446019e-02
1.720970970970970848e+00 9.573271007828600132e-02
1.731231231231231238e+00 9.582892025896419530e-02
1.741491491491491406e+00 9.592513815320803661e-02
1.751751751751751796e+00 9.602136386689889835e-02
1.762012012012011963e+00 9.611759750566821470e-02
1.772272272272272131e+00 9.621383917489625959e-02
1.782532532532532521e+00 9.631008897970927407e-02
1.792792792792792689e+00 9.640634702497775932e-02
1.803053053053053079e+00 9.650261341531461701e-02
1.813313313313313246e+00 9.659888825507249865e-02
1.823573573573573414e+00 9.669517164834227907e-02
1.833833833833833804e+00 9.679146369895061386e-02
1.844094094094093972e+00 9.688776451045789939e-02
1.854354354354354362e+00 9.698407418615603848e-02
1.864614614614614529e+00 9.708039282906621992e-02
1.874874874874874697e+00 9.717672054193704501e-02
1.885135135135135087e+00 9.727305742724220994e-02
1.895395395395395255e+00 9.736940358717784127e-02
1.905655655655655645e+00 9.746575912366066408e-02
1.915915915915915813e+00 9.756212413832619779e-02
1.926176176176176202e+00 9.765849873252542557e-02
1.936436436436436370e+00 9.775488300732354530e-02
1.946696696696696538e+00 9.785127706349695809e-02
1.956956956956956928e+00 9.794768100153122825e-02
1.967217217217217096e+00 9.804409492161883510e-02
1.977477477477477485e+00 9.814051892365671659e-02
1.987737737737737653e+00 9.823695310724385454e-02
1.997997997997997821e+00 9.833339757167901263e-02
2.008258258258257989e+00 9.842985241595826607e-02
2.018518518518518157e+00 9.852631773877260080e-02
2.028778778778778769e+00 9.862279363850533220e-02
2.039039039039038936e+00 9.871928021323016222e-02
2.049299299299299548e+00 9.881577756070777929e-02
2.059559559559559716e+00 9.891228577838438729e-02
2.069819819819819884e+00 9.900880496338856918e-02
2.080080080080080052e+00 9.910533521252912204e-02
2.090340340340340219e+00 9.920187662229189296e-02
2.100600600600600387e+00 9.929842928883804432e-02
2.110860860860860555e+00 9.939499330800090349e-02
2.121121121121120723e+00 9.949156877528346488e-02
2.131381381381381335e+00 9.958815578585603068e-02
2.141641641641641503e+00 9.968475443455335205e-02
2.151901901901902114e+00 9.978136481587196460e-02
2.162162162162162282e+00 9.987798702396732953e-02
2.172422422422422450e+00 9.997462115265164095e-02
2.182682682682682618e+00 1.000712672953909810e-01
2.192942942942942786e+00 1.001679255453019890e-01
2.203203203203202953e+00 1.002645959951498356e-01
2.213463463463463121e+00 1.003612787373451692e-01
2.223723723723723733e+00 1.004579738639413550e-01
2.233983983983983901e+00 1.005546814666312266e-01
2.244244244244244069e+00 1.006514016367453385e-01
2.254504504504504681e+00 1.007481344652477878e-01
2.264764764764764848e+00 1.008448800427343695e-01
2.275025025025025016e+00 1.009416384594292171e-01
2.285285285285285184e+00 1.010384098051818474e-01
2.295545545545545352e+00 1.011351941694645651e-01
2.305805805805805520e+00 1.012319916413688126e-01
2.316066066066065687e+00 1.013288023096032275e-01
2.326326326326326299e+00 1.014256262624895766e-01
2.336586586586586467e+00 1.015224635879606596e-01
2.346846846846847079e+00 1.016193143735565074e-01
2.357107107107107247e+00 1.017161787064215089e-01
2.367367367367367414e+00 1.018130566733020242e-01
2.377627627627627582e+00 1.019099483605421658e-01
2.387887887887887750e+00 1.020068538540815362e-01
2.398148148148147918e+00 1.021037732394514674e-01
2.408408408408408086e+00 1.022007066017722038e-01
2.418668668668668253e+00 1.022976540257496958e-01
2.428928928928928865e+00 1.023946155956724224e-01
2.439189189189189033e+00 1.024915913954077412e-01
2.449449449449449645e+00 1.025885815083990849e-01
2.459709709709709813e+00 1.026855860176622004e-01
2.469969969969969981e+00 1.027826050057825402e-01
2.480230230230230148e+00 1.028796385549112791e-01
2.490490490490490316e+00 1.029766867467623026e-01
2.500750750750750484e+00 1.030737496626084881e-01
2.511011011011011096e+00 1.031708273832787903e-01
2.521271271271271264e+00 1.032679199891541888e-01
2.531531531531531432e+00 1.033650275601648155e-01
2.541791791791791599e+00 1.034621501757863327e-01
2.552052052052051767e+00 1.035592879150360190e-01
2.562312312312312379e+00 1.036564408564696477e-01
2.572572572572572547e+00 1.037536090781779052e-01
2.582832832832832715e+00 1.038507926577826590e-01
2.593093093093092882e+00 1.039479916724336678e-01
2.603353353353353050e+00 1.040452061988043353e-01
2.613613613613613662e+00 1.041424363130887265e-01
2.623873873873873830e+00 1.042396820909973626e-01
2.634134134134133998e+00 1.043369436077539042e-01
2.644394394394394165e+00 1.044342209380913350e-01
2.654654654654654333e+00 1.045315141562479094e-01
2.664914914914914945e+00 1.046288233359639608e-01
2.675175175175175113e+00 1.047261485504772799e-01
2.685435435435435281e+00 1.048234898725199649e-01
2.695695695695695449e+00 1.049208473743141884e-01
2.705955955955956060e+00 1.050182211275688671e-01
2.716216216216216228e+00 1.051156112034747903e-01
2.726476476476476396e+00 1.052130176727014699e-01
2.736736736736736564e+00 1.053104406053927966e-01
2.746996996996996732e+00 1.054078800711633623e-01
2.757257257257257343e+00 1.055053361390939498e-01
2.767517517517517511e+00 1.056028088777281326e-01
2.777777777777777679e+00 1.057002983550675290e-01
2.788038038038037847e+00 1.057978046385681242e-01
2.798298298298298015e+00 1.058953277951358435e-01
2.808558558558558627e+00 1.059928678911228189e-01
2.818818818818818794e+00 1.060904249923229209e-01
2.829079079079078962e+00 1.061879991639672893e-01
2.839339339339339130e+00 1.062855904707206423e-01
2.849599599599599298e+00 1.063831989766765157e-01
2.859859859859859910e+00 1.064808247453533085e-01
2.870120120120120077e+00 1.065784678396898832e-01
2.880380380380380245e+00 1.066761283220406392e-01
2.890640640640640413e+00 1.067738062541723348e-01
2.900900900900900581e+00 1.068715016972583143e-01
2.911161161161161193e+00 1.069692147118749409e-01
2.921421421421421361e+00 1.070669453579970454e-01
2.931681681681681528e+00 1.071646936949928325e-01
2.941941941941941696e+00 1.072624597816200648e-01
2.952202202202201864e+00 1.073602436760209416e-01
2.962462462462462476e+00 1.074580454357179776e-01
2.972722722722722644e+00 1.075558651176089231e-01
2.982982982982982811e+00 1.076537027779624484e-01
2.993243243243242979e+00 1.077515584724132169e-01
3.003503503503503591e+00 1.078494322559571811e-01
3.013763763763763759e+00 1.079473241829473629e-01
3.024024024024023927e+00 1.080452343070878729e-01
3.034284284284284094e+00 1.081431626814306490e-01
3.044544544544544262e+00 1.082411093583691142e-01
3.054804804804804874e+00 1.083390743896345959e-01
3.065065065065065042e+00 1.084370578262903312e-01
3.075325325325325210e+00 1.085350597187271227e-01
3.085585585585585378e+00 1.086330801166585924e-01
3.095845845845845545e+00 1.087311190691154089e-01
3.106106106106106157e+00 1.088291766244410957e-01
3.116366366366366325e+00 1.089272528302861059e-01
3.126626626626626493e+00 1.090253477336035476e-01
3.136886886886886661e+00 1.091234613806434800e-01
3.147147147147146828e+00 1.092215938169479872e-01
3.157407407407407440e+00 1.093197450873460846e-01
3.167667667667667608e+00 1.094179152359480017e-01
3.177927927927927776e+00 1.095161043061405742e-01
3.188188188188187944e+00 1.096143123405816239e-01
3.198448448448448111e+00 1.097125393811943794e-01
3.208708708708708723e+00 1.098107854691624807e-01
3.218968968968968891e+00 1.099090506449247329e-01
3.229229229229229059e+00 1.100073349481690554e-01
3.239489489489489227e+00 1.101056384178275421e-01
3.249749749749749395e+00 1.102039610920708401e-01
3.260010010010010006e+00 1.103023030083023909e-01
3.270270270270270174e+00 1.104006642031532259e-01
3.280530530530530342e+00 1.104990447124762493e-01
3.290790790790790510e+00 1.105974445713401449e-01
3.301051051051051122e+00 1.106958638140245893e-01
3.311311311311311290e+00 1.107943024740135896e-01
3.321571571571571457e+00 1.108927605839906960e-01
3.331831831831831625e+00 1.109912381758324657e-01
3.342092092092091793e+00 1.110897352806028276e-01
3.352352352352352405e+00 1.111882519285476434e-01
3.362612612612612573e+00 1.112867881490883643e-01
3.372872872872872740e+00 1.113853439708160226e-01
3.383133133133132908e+00 1.114839194214860274e-01
3.393393393393393076e+00 1.115825145280113090e-01
3.403653653653653688e+00 1.116811293164569480e-01
3.413913913913913856e+00 1.117797638120335696e-01
3.424174174174174023e+00 1.118784180390917232e-01
3.434434434434434191e+00 1.119770920211154985e-01
3.444694694694694359e+00 1.120757857807161834e-01
3.454954954954954971e+00 1.121744993396267959e-01
3.465215215215215139e+00 1.122732327186948126e-01
3.475475475475475307e+00 1.123719859378767422e-01
3.485735735735735474e+00 1.124707590162312976e-01
3.495995995995995642e+00 1.125695519719134285e-01
3.506256256256256254e+00 1.126683648221675493e-01
3.516516516516516422e+00 1.127671975833215434e-01
3.526776776776776590e+00 1.128660502707798524e-01
3.537037037037036757e+00 1.129649228990173698e-01
3.547297297297296925e+00 1.130638154815725993e-01
3.557557557557557537e+00 1.131627280310413541e-01
3.567817817817817705e+00 1.132616605590698600e-01
3.578078078078077873e+00 1.133606130763485514e-01
3.588338338338338041e+00 1.134595855926048558e-01
3.598598598598598652e+00 1.135585781165966285e-01
3.608858858858858820e+00 1.136575906561057420e-01
3.619119119119118988e+00 1.137566232179311465e-01
3.629379379379379156e+00 1.138556758078815567e-01
3.639639639639639324e+00 1.139547484307692204e-01
3.649899899899899935e+00 1.140538410904023969e-01
3.660160160160160103e+00 1.141529537895794311e-01
3.670420420420420271e+00 1.142520865300802740e-01
3.680680680680680439e+00 1.143512393126609322e-01
3.690940940940940607e+00 1.144504121370453487e-01
3.701201201201201219e+00 1.145496050019188944e-01
3.711461461461461386e+00 1.146488179049209299e-01
3.721721721721721554e+00 1.147480508426379359e-01
3.731981981981981722e+00 1.148473038105957411e-01
3.742242242242241890e+00 1.149465768032530422e-01
3.752502502502502502e+00 1.150458698139933122e-01
3.762762762762762669e+00 1.151451828351182094e-01
3.773023023023022837e+00 1.152445158578395551e-01
3.783283283283283005e+00 1.153438688722723676e-01
3.793543543543543173e+00 1.154432418674271599e-01
3.803803803803803785e+00 1.155426348312029033e-01
3.814064064064063952e+00 1.156420477503784933e-01
3.824324324324324120e+00 1.157414806106066840e-01
3.834584584584584288e+00 1.158409333964049576e-01
3.844844844844844456e+00 1.159404060911490564e-01
3.855105105105105068e+00 1.160398986770645319e-01
3.865365365365365236e+00 1.161394111352192920e-01
3.875625625625625403e+00 1.162389434455163018e-01
3.885885885885885571e+00 1.163384955866848119e-01
3.896146146146146183e+00 1.164380675362736706e-01
3.906406406406406351e+00 1.165376592706420938e-01
3.916666666666666519e+00 1.166372707649529633e-01
3.926926926926926686e+00 1.167369019931646656e-01
3.937187187187186854e+00 1.168365529280222664e-01
3.947447447447447466e+00 1.169362235410505435e-01
3.957707707707707634e+00 1.170359138025451190e-01
3.967967967967967802e+00 1.171356236815649238e-01
3.978228228228227970e+00 1.172353531459234682e-01
3.988488488488488137e+00 1.173351021621814594e-01
3.998748748748748749e+00 1.174348706956376692e-01
4.009009009009009361e+00 1.175346587103213020e-01
4.019269269269269529e+00 1.176344661689834731e-01
4.029529529529529697e+00 1.177342930330888132e-01
4.039789789789789864e+00 1.178341392628071832e-01
4.050050050050050032e+00 1.179340048170053890e-01
4.060310310310310200e+00 1.180338896532382581e-01
4.070570570570570368e+00 1.181337937277407713e-01
4.080830830830830536e+00 1.182337169954190553e-01
4.091091091091090703e+00 1.183336594098418348e-01
4.101351351351350871e+00 1.184336209232322995e-01
4.111611611611611039e+00 1.185336014864586951e-01
4.121871871871871207e+00 1.186336010490262327e-01
4.132132132132131375e+00 1.187336195590682209e-01
4.142392392392391542e+00 1.188336569633373224e-01
4.152652652652652598e+00 1.189337132071962705e-01
4.162912912912912766e+00 1.190337882346097359e-01
4.173173173173172934e+00 1.191338819881351402e-01
4.183433433433433102e+00 1.192339944089138570e-01
4.193693693693694158e+00 1.193341254366617338e-01
4.203953953953954326e+00 1.194342750096610284e-01
4.214214214214214493e+00 1.195344430647501677e-01
4.224474474474474661e+00 1.196346295373161839e-01
4.234734734734734829e+00 1.197348343612841537e-01
4.244994994994994997e+00 1.198350574691090104e-01
4.255255255255255165e+00 1.199352987917657737e-01
4.265515515515515332e+00 1.200355582587410708e-01
4.275775775775775500e+00 1.201358357980229080e-01
4.286036036036035668e+00 1.202361313360922196e-01
4.296296296296295836e+00 1.203364447979130836e-01
4.306556556556556004e+00 1.204367761069235071e-01
4.316816816816816171e+00 1.205371251850259895e-01
4.327077077077076339e+00 1.206374919525779327e-01
4.337337337337336507e+00 1.207378763283829121e-01
4.347597597597597563e+00 1.208382782296797686e-01
4.357857857857857731e+00 1.209386975721346846e-01
4.368118118118117899e+00 1.210391342698301648e-01
4.378378378378378066e+00 1.211395882352565706e-01
4.388638638638638234e+00 1.212400593793015596e-01
4.398898898898899290e+00 1.213405476112411618e-01
4.409159159159159458e+00 1.214410528387292881e-01
4.419419419419419626e+00 1.215415749677889456e-01
4.429679679679679793e+00 1.216421139028014825e-01
4.439939939939939961e+00 1.217426695464973729e-01
4.450200200200200129e+00 1.218432417999459894e-01
4.460460460460460297e+00 1.219438305625462904e-01
4.470720720720720465e+00 1.220444357320158435e-01
4.480980980980980632e+00 1.221450572043823041e-01
4.491241241241240800e+00 1.222456948739720078e-01
4.501501501501500968e+00 1.223463486334011585e-01
4.511761761761761136e+00 1.224470183735646561e-01
4.522022022022022192e+00 1.225477039836271459e-01
4.532282282282282360e+00 1.226484053510117495e-01
4.542542542542542527e+00 1.227491223613906696e-01
4.552802802802802695e+00 1.228498548986753369e-01
4.563063063063062863e+00 1.229506028450049471e-01
4.573323323323323031e+00 1.230513660807375093e-01
4.583583583583583199e+00 1.231521444844384250e-01
4.593843843843843366e+00 1.232529379328715924e-01
4.604104104104103534e+00 1.233537463009875823e-01
4.614364364364364590e+00 1.234545694619142292e-01
4.624624624624624758e+00 1.235554072869461117e-01
4.634884884884884926e+00 1.236562596455336033e-01
4.645145145145145094e+00 1.237571264052732684e-01
4.655405405405405261e+00 1.238580074318965801e-01
4.665665665665665429e+00 1.239589025892598451e-01
4.675925925925925597e+00 1.240598117393336836e-01
4.686186186186185765e+00 1.241607347421923024e-01
4.696446446446445933e+00 1.242616714560028507e-01
4.706706706706706100e+00 1.243626217370153025e-01
4.716966966966967156e+00 1.244635854395511609e-01
4.727227227227227324e+00 1.245645624159931047e-01
4.737487487487487492e+00 1.246655525167742334e-01
4.747747747747747660e+00 1.247665555903676865e-01
4.758008008008007828e+00 1.248675714832751249e-01
4.768268268268267995e+00 1.249686000400168501e-01
4.778528528528528163e+00 1.250696411031207711e-01
4.788788788788788331e+00 1.251706945131107196e-01
4.799049049049048499e+00 1.252717601084972487e-01
4.809309309309308667e+00 1.253728377257651572e-01
4.819569569569569722e+00 1.254739271993638439e-01
4.829829829829829890e+00 1.255750283616955398e-01
4.840090090090090058e+00 1.256761410431047332e-01
4.850350350350350226e+00 1.257772650718677332e-01
4.860610610610610394e+00 1.258784002741805130e-01
4.870870870870870561e+00 1.259795464741493287e-01
4.881131131131130729e+00 1.260807034937776183e-01
4.891391391391390897e+00 1.261818711529574255e-01
4.901651651651651065e+00 1.262830492694563267e-01
4.911911911911912121e+00 1.263842376589076610e-01
4.922172172172172289e+00 1.264854361347987899e-01
4.932432432432432456e+00 1.265866445084600500e-01
4.942692692692692624e+00 1.266878625890541787e-01
4.952952952952952792e+00 1.267890901835645179e-01
4.963213213213212960e+00 1.268903270967846053e-01
4.973473473473473128e+00 1.269915731313063234e-01
4.983733733733733295e+00 1.270928280875090743e-01
4.993993993993993463e+00 1.271940917635484836e-01
5.004254254254253631e+00 1.272953639553456029e-01
5.014514514514514687e+00 1.273966444565755307e-01
5.024774774774774855e+00 1.274979330586554771e-01
5.035035035035035023e+00 1.275992295507347163e-01
5.045295295295295190e+00 1.277005337196829848e-01
5.055555555555555358e+00 1.278018453500784080e-01
5.065815815815815526e+00 1.279031642241973132e-01
5.076076076076075694e+00 1.280044901220029618e-01
5.086336336336335862e+00 1.281058228211331418e-01
5.096596596596596029e+00 1.282071620968905090e-01
5.106856856856856197e+00 1.283085077222296255e-01
5.117117117117117253e+00 1.284098594677474670e-01
5.127377377377377421e+00 1.285112171016705163e-01
5.137637637637637589e+00 1.286125803898443276e-01
5.147897897897897757e+00 1.287139490957226740e-01
5.158158158158157924e+00 1.288153229803546129e-01
5.168418418418418092e+00 1.289167018023754663e-01
5.178678678678678260e+00 1.290180853179932197e-01
5.188938938938938428e+00 1.291194732809791412e-01
5.199199199199198596e+00 1.292208654426550696e-01
5.209459459459459651e+00 1.293222615518829777e-01
5.219719719719719819e+00 1.294236613550538428e-01
5.229979979979979987e+00 1.295250645960751290e-01
5.240240240240240155e+00 1.296264710163606837e-01
5.250500500500500323e+00 1.297278803548195525e-01
5.260760760760760490e+00 1.298292923478435723e-01
5.271021021021020658e+00 1.299307067292970741e-01
5.281281281281280826e+00 1.300321232305050034e-01
5.291541541541540994e+00 1.301335415802427620e-01
5.301801801801801162e+00 1.302349615047233566e-01
5.312062062062062218e+00 1.303363827275872133e-01
5.322322322322322385e+00 1.304378049698908804e-01
5.332582582582582553e+00 1.305392279500958708e-01
5.342842842842842721e+00 1.306406513840567829e-01
5.353103103103102889e+00 1.307420749850102260e-01
5.363363363363363057e+00 1.308434984635652443e-01
5.373623623623623224e+00 1.309449215276897727e-01
5.383883883883883392e+00 1.310463438827010330e-01
5.394144144144143560e+00 1.311477652312540432e-01
5.404404404404403728e+00 1.312491852733303765e-01
5.414664664664664784e+00 1.313506037062266707e-01
5.424924924924924952e+00 1.314520202245449132e-01
5.435185185185185119e+00 1.315534345201796185e-01
5.445445445445445287e+00 1.316548462823083632e-01
5.455705705705705455e+00 1.317562551973797125e-01
5.465965965965965623e+00 1.318576609491022844e-01
5.476226226226225791e+00 1.319590632184345080e-01
5.486486486486485958e+00 1.320604616835732992e-01
5.496746746746746126e+00 1.321618560199428472e-01
5.507007007007007182e+00 1.322632459001842620e-01
5.517267267267267350e+00 1.323646309941438892e-01
5.527527527527527518e+00 1.324660109688633736e-01
5.537787787787787686e+00 1.325673854885685843e-01
5.548048048048047853e+00 1.326687542146590126e-01
5.558308308308308021e+00 1.327701168056958647e-01
5.568568568568568189e+00 1.328714729173932629e-01
5.578828828828828357e+00 1.329728222026057560e-01
5.589089089089088525e+00 1.330741643113191319e-01
5.599349349349348692e+00 1.331754988906392045e-01
5.609609609609609748e+00 1.332768255847806560e-01
5.619869869869869916e+00 1.333781440350573777e-01
5.630130130130130084e+00 1.334794538798720898e-01
5.640390390390390252e+00 1.335807547547050722e-01
5.650650650650650419e+00 1.336820462921044783e-01
5.660910910910910587e+00 1.337833281216753156e-01
5.671171171171170755e+00 1.338845998700700091e-01
5.681431431431430923e+00 1.339858611609769379e-01
5.691691691691691091e+00 1.340871116151119702e-01
5.701951951951951258e+00 1.341883508502064726e-01
5.712212212212212314e+00 1.342895784809979287e-01
5.722472472472472482e+00 1.343907941192201416e-01
5.732732732732732650e+00 1.344919973735931307e-01
5.742992992992992818e+00 1.345931878498125844e-01
5.753253253253252986e+00 1.346943651505403128e-01
5.763513513513513153e+00 1.347955288753947822e-01
5.773773773773773321e+00 1.348966786209407631e-01
5.784034034034033489e+00 1.349978139806799482e-01
5.794294294294293657e+00 1.350989345450405721e-01
5.804554554554554713e+00 1.352000399013683352e-01
5.814814814814814881e+00 1.353011296339176328e-01
5.825075075075075048e+00 1.354022033238398703e-01
5.835335335335335216e+00 1.355032605491765796e-01
5.845595595595595384e+00 1.356043008848477338e-01
5.855855855855855552e+00 1.357053239026444202e-01
5.866116116116115720e+00 1.358063291712179876e-01
5.876376376376375887e+00 1.359073162560715253e-01
5.886636636636636055e+00 1.360082847195513422e-01
5.896896896896896223e+00 1.361092341208370304e-01
5.907157157157157279e+00 1.362101640159331384e-01
5.917417417417417447e+00 1.363110739576591512e-01
5.927677677677677615e+00 1.364119634956421356e-01
5.937937937937937782e+00 1.365128321763073582e-01
5.948198198198197950e+00 1.366136795428697093e-01
5.958458458458458118e+00 1.367145051353244045e-01
5.968718718718718286e+00 1.368153084904404626e-01
5.978978978978978454e+00 1.369160891417490755e-01
5.989239239239238621e+00 1.370168466195387513e-01
5.999499499499498789e+00 1.371175804508449891e-01
6.009759759759759845e+00 1.372182901594420634e-01
6.020020020020020013e+00 1.373189752658359464e-01
6.030280280280280181e+00 1.374196352872560922e-01
6.040540540540540349e+00 1.375202697376465277e-01
6.050800800800800516e+00 1.376208781276597459e-01
6.061061061061060684e+00 1.377214599646471582e-01
6.071321321321320852e+00 1.378220147526529604e-01
6.081581581581581020e+00 1.379225419924057783e-01
6.091841841841841187e+00 1.380230411813115621e-01
6.102102102102102243e+00 1.381235118134460371e-01
6.112362362362362411e+00 1.382239533795483755e-01
6.122622622622622579e+00 1.383243653670120088e-01
6.132882882882882747e+00 1.384247472598801043e-01
6.143143143143142915e+00 1.385250985388365719e-01
6.153403403403403082e+00 1.386254186812010403e-01
6.163663663663663250e+00 1.387257071609204473e-01
6.173923923923923418e+00 1.388259634485637939e-01
6.184184184184183586e+00 1.389261870113148445e-01
6.194444444444443754e+00 1.390263773129658820e-01
6.204704704704704810e+00 1.391265338139125174e-01
6.214964964964964977e+00 1.392266559711453633e-01
6.225225225225225145e+00 1.393267432382458981e-01
6.235485485485485313e+00 1.394267950653801935e-01
6.245745745745745481e+00 1.395268108992922251e-01
6.256006006006005649e+00 1.396267901832996539e-01
6.266266266266265816e+00 1.397267323572863873e-01
6.276526526526525984e+00 1.398266368576991936e-01
6.286786786786786152e+00 1.399265031175410123e-01
6.297047047047046320e+00 1.400263305663660141e-01
6.307307307307307376e+00 1.401261186302753259e-01
6.317567567567567544e+00 1.402258667319107588e-01
6.327827827827827711e+00 1.403255742904517822e-01
6.338088088088087879e+00 1.404252407216088627e-01
6.348348348348348047e+00 1.405248654376206052e-01
6.358608608608608215e+00 1.406244478472487014e-01
6.368868868868868383e+00 1.407239873557736554e-01
6.379129129129128550e+00 1.408234833649907314e-01
6.389389389389388718e+00 1.409229352732053464e-01
6.399649649649649774e+00 1.410223424752317101e-01
6.409909909909909942e+00 1.411217043623852752e-01
6.420170170170170110e+00 1.412210203224825711e-01
6.430430430430430278e+00 1.413202897398360414e-01
6.440690690690690445e+00 1.414195119952514901e-01
6.450950950950950613e+00 1.415186864660246402e-01
6.461211211211210781e+00 1.416178125259380249e-01
6.471471471471470949e+00 1.417168895452589616e-01
6.481731731731731116e+00 1.418159168907366652e-01
6.491991991991991284e+00 1.419148939255989172e-01
6.502252252252252340e+00 1.420138200095505121e-01
6.512512512512512508e+00 1.421126944987716190e-01
6.522772772772772676e+00 1.422115167459142571e-01
6.533033033033032844e+00 1.423102861001018238e-01
6.543293293293293011e+00 1.424090019069267632e-01
6.553553553553553179e+00 1.425076635084497334e-01
6.563813813813813347e+00 1.426062702431966922e-01
6.574074074074073515e+00 1.427048214461594799e-01
6.584334334334333683e+00 1.428033164487940432e-01
6.594594594594593850e+00 1.429017545790194910e-01
6.604854854854854906e+00 1.430001351612173732e-01
6.615115115115115074e+00 1.430984575162315697e-01
6.625375375375375242e+00 1.431967209613683178e-01
6.635635635635635410e+00 1.432949248103942697e-01
6.645895895895895578e+00 1.433930683735389344e-01
6.656156156156155745e+00 1.434911509574933464e-01
6.666416416416415913e+00 1.435891718654106197e-01
6.676676676676676081e+00 1.436871303969071423e-01
6.686936936936936249e+00 1.437850258480625198e-01
6.697197197197197305e+00 1.438828575114213526e-01
6.707457457457457473e+00 1.439806246759938735e-01
6.717717717717717640e+00 1.440783266272570584e-01
6.727977977977977808e+00 1.441759626471565969e-01
6.738238238238237976e+00 1.442735320141088906e-01
6.748498498498498144e+00 1.443710340030018857e-01
6.758758758758758312e+00 1.444684678851977377e-01
6.769019019019018479e+00 1.445658329285358090e-01
6.779279279279278647e+00 1.446631283973335846e-01
6.789539539539538815e+00 1.447603535523910578e-01
6.799799799799799871e+00 1.448575076509918125e-01
6.810060060060060039e+00 1.449545899469079357e-01
6.820320320320320207e+00 1.450515996904022942e-01
6.830580580580580374e+00 1.451485361282316422e-01
6.840840840840840542e+00 1.452453985036512851e-01
6.851101101101100710e+00 1.453421860564183821e-01
6.861361361361360878e+00 1.454388980227960537e-01
6.871621621621621046e+00 1.455355336355581286e-01
6.881881881881881213e+00 1.456320921239935284e-01
6.892142142142141381e+00 1.457285727139098208e-01
6.902402402402402437e+00 1.458249746276401027e-01
6.912662662662662605e+00 1.459212970840472468e-01
6.922922922922922773e+00 1.460175392985290088e-01
6.933183183183182940e+00 1.461137004830239672e-01
6.943443443443443108e+00 1.462097798460171849e-01
6.953703703703703276e+00 1.463057765925465104e-01
6.963963963963963444e+00 1.464016899242085168e-01
6.974224224224223612e+00 1.464975190391656357e-01
6.984484484484483779e+00 1.465932631321513469e-01
6.994744744744744835e+00 1.466889213944790882e-01
7.005005005005005003e+00 1.467844930140480286e-01
7.015265265265265171e+00 1.468799771753508399e-01
7.025525525525525339e+00 1.469753730594809960e-01
7.035785785785785507e+00 1.470706798441416829e-01
7.046046046046045674e+00 1.471658967036529042e-01
7.056306306306305842e+00 1.472610228089595574e-01
7.066566566566566010e+00 1.473560573276412600e-01
7.076826826826826178e+00 1.474509994239188160e-01
7.087087087087086346e+00 1.475458482586662901e-01
7.097347347347347402e+00 1.476406029894178351e-01
7.107607607607607569e+00 1.477352627703782395e-01
7.117867867867867737e+00 1.478298267524316700e-01
7.128128128128127905e+00 1.479242940831536901e-01
7.138388388388388073e+00 1.480186639068189758e-01
7.148648648648648241e+00 1.481129353644132784e-01
7.158908908908908408e+00 1.482071075936436388e-01
7.169169169169168576e+00 1.483011797289496003e-01
7.179429429429428744e+00 1.483951509015140890e-01
7.189689689689688912e+00 1.484890202392745440e-01
7.199949949949949968e+00 1.485827868669358787e-01
7.210210210210210136e+00 1.486764499059803624e-01
7.220470470470470303e+00 1.487700084746816920e-01
7.230730730730730471e+00 1.488634616881163997e-01
7.240990990990990639e+00 1.489568086581764261e-01
7.251251251251250807e+00 1.490500484935823877e-01
7.261511511511510975e+00 1.491431802998972322e-01
7.271771771771771142e+00 1.492362031795385069e-01
7.282032032032031310e+00 1.493291162317928744e-01
7.292292292292292366e+00 1.494219185528295468e-01
7.302552552552552534e+00 1.495146092357151901e-01
7.312812812812812702e+00 1.496071873704273025e-01
7.323073073073072869e+00 1.496996520438699241e-01
7.333333333333333037e+00 1.497920023398878475e-01
7.343593593593593205e+00 1.498842373392825778e-01
7.353853853853853373e+00 1.499763561198267925e-01
7.364114114114113541e+00 1.500683577562811066e-01
7.374374374374373708e+00 1.501602413204090047e-01
7.384634634634633876e+00 1.502520058809944936e-01
7.394894894894894932e+00 1.503436505038573956e-01
7.405155155155155100e+00 1.504351742518701407e-01
7.415415415415415268e+00 1.505265761849758077e-01
7.425675675675675436e+00 1.506178553602044445e-01
7.435935935935935603e+00 1.507090108316915533e-01
7.446196196196195771e+00 1.508000416506942443e-01
7.456456456456455939e+00 1.508909468656116637e-01
7.466716716716716107e+00 1.509817255220018140e-01
7.476976976976976275e+00 1.510723766625998721e-01
7.487237237237236442e+00 1.511628993273383126e-01
7.497497497497497498e+00 1.512532925533656147e-01
7.507757757757757666e+00 1.513435553750649143e-01
7.518018018018017834e+00 1.514336868240751810e-01
7.528278278278278002e+00 1.515236859293096205e-01
7.538538538538538170e+00 1.516135517169767966e-01
7.548798798798798337e+00 1.517032832106013640e-01
7.559059059059058505e+00 1.517928794310435814e-01
7.569319319319318673e+00 1.518823393965216262e-01
7.579579579579578841e+00 1.519716621226331055e-01
7.589839839839839897e+00 1.520608466223746513e-01
7.600100100100100065e+00 1.521498919061661237e-01
7.610360360360360232e+00 1.522387969818715103e-01
7.620620620620620400e+00 1.523275608548209092e-01
7.630880880880880568e+00 1.524161825278348148e-01
7.641141141141140736e+00 1.525046610012446013e-01
7.651401401401400904e+00 1.525929952729178640e-01
7.661661661661661071e+00 1.526811843382817335e-01
7.671921921921921239e+00 1.527692271903445531e-01
7.682182182182181407e+00 1.528571228197221910e-01
7.692442442442442463e+00 1.529448702146615491e-01
7.702702702702702631e+00 1.530324683610642666e-01
7.712962962962962798e+00 1.531199162425128657e-01
7.723223223223222966e+00 1.532072128402947597e-01
7.733483483483483134e+00 1.532943571334282884e-01
7.743743743743743302e+00 1.533813480986879474e-01
7.754004004004003470e+00 1.534681847106302566e-01
7.764264264264263637e+00 1.535548659416203499e-01
7.774524524524523805e+00 1.536413907618578711e-01
7.784784784784783973e+00 1.537277581394040082e-01
7.795045045045045029e+00 1.538139670402079995e-01
7.805305305305305197e+00 1.539000164281354721e-01
7.815565565565565365e+00 1.539859052649935334e-01
7.825825825825825532e+00 1.540716325105620232e-01
7.836086086086085700e+00 1.541571971226183557e-01
7.846346346346345868e+00 1.542425980569674393e-01
7.856606606606606036e+00 1.543278342674700987e-01
7.866866866866866204e+00 1.544129047060708304e-01
7.877127127127126371e+00 1.544978083228289445e-01
7.887387387387387427e+00 1.545825440659456262e-01
7.897647647647647595e+00 1.546671108817947171e-01
7.907907907907907763e+00 1.547515077149526630e-01
7.918168168168167931e+00 1.548357335082285458e-01
7.928428428428428099e+00 1.549197872026939760e-01
7.938688688688688266e+00 1.550036677377139849e-01
7.948948948948948434e+00 1.550873740509780829e-01
7.959209209209208602e+00 1.551709050785321231e-01
7.969469469469468770e+00 1.552542597548073333e-01
7.979729729729728938e+00 1.553374370126553716e-01
7.989989989989989994e+00 1.554204357833772476e-01
8.000250250250250161e+00 1.555032549967565736e-01
8.010510510510510329e+00 1.555858935810938148e-01
8.020770770770770497e+00 1.556683504632351833e-01
8.031031031031030665e+00 1.557506245686093582e-01
8.041291291291290833e+00 1.558327148212576840e-01
8.051551551551551000e+00 1.559146201438703361e-01
8.061811811811811168e+00 1.559963394578172402e-01
8.072072072072071336e+00 1.560778716831847934e-01
8.082332332332331504e+00 1.561592157388072555e-01
8.092592592592591672e+00 1.562403705423034694e-01
8.102852852852851839e+00 1.563213350101096411e-01
8.113113113113112007e+00 1.564021080575166700e-01
8.123373373373372175e+00 1.564826885987023741e-01
8.133633633633632343e+00 1.565630755467693480e-01
8.143893893893892511e+00 1.566432678137784917e-01
8.154154154154152678e+00 1.567232643107872303e-01
8.164414414414412846e+00 1.568030639478833754e-01
8.174674674674673014e+00 1.568826656342227621e-01
8.184934934934934958e+00 1.569620682780651366e-01
8.195195195195195126e+00 1.570412707868116264e-01
8.205455455455455294e+00 1.571202720670416830e-01
8.215715715715715461e+00 1.571990710245486644e-01
8.225975975975975629e+00 1.572776665643803584e-01
8.236236236236235797e+00 1.573560575908739823e-01
8.246496496496495965e+00 1.574342430076955401e-01
8.256756756756756133e+00 1.575122217178771822e-01
8.267017017017016300e+00 1.575899926238560345e-01
8.277277277277276468e+00 1.576675546275131401e-01
8.287537537537538412e+00 1.577449066302112346e-01
8.297797797797798580e+00 1.578220475328342143e-01
8.308058058058058748e+00 1.578989762358269655e-01
8.318318318318318916e+00 1.579756916392337784e-01
8.328578578578579084e+00 1.580521926427388701e-01
8.338838838838839251e+00 1.581284781457051869e-01
8.349099099099099419e+00 1.582045470472156212e-01
8.359359359359359587e+00 1.582803982461129799e-01
8.369619619619619755e+00 1.583560306410390361e-01
8.379879879879879923e+00 1.584314431304774118e-01
8.390140140140140090e+00 1.585066346127928516e-01
8.400400400400400258e+00 1.585816039862730509e-01
8.410660660660660426e+00 1.586563501491688455e-01
8.420920920920920594e+00 1.587308719997365392e-01
8.431181181181180762e+00 1.588051684362802862e-01
8.441441441441440929e+00 1.588792383571911160e-01
8.451701701701701097e+00 1.589530806609926183e-01
8.461961961961961265e+00 1.590266942463792743e-01
8.472222222222221433e+00 1.591000780122618363e-01
8.482482482482481601e+00 1.591732308578079624e-01
8.492742742742741768e+00 1.592461516824867918e-01
8.503003003003001936e+00 1.593188393861084684e-01
8.513263263263262104e+00 1.593912928688713537e-01
8.523523523523522272e+00 1.594635110314013837e-01
8.533783783783784216e+00 1.595354927747985319e-01
8.544044044044044384e+00 1.596072370006781094e-01
8.554304304304304551e+00 1.596787426112149244e-01
8.564564564564564719e+00 1.597500085091883848e-01
8.574824824824824887e+00 1.598210335980243535e-01
8.585085085085085055e+00 1.598918167818416392e-01
8.595345345345345223e+00 1.599623569654933242e-01
8.605605605605605390e+00 1.600326530546146153e-01
8.615865865865865558e+00 1.601027039556643661e-01
8.626126126126125726e+00 1.601725085759715395e-01
8.636386386386385894e+00 1.602420658237793394e-01
8.646646646646646062e+00 1.603113746082906188e-01
8.656906906906906229e+00 1.603804338397123719e-01
8.667167167167166397e+00 1.604492424293013919e-01
8.677427427427426565e+00 1.605177992894095962e-01
8.687687687687686733e+00 1.605861033335290733e-01
8.697947947947946901e+00 1.606541534763385459e-01
8.708208208208207068e+00 1.607219486337481129e-01
8.718468468468467236e+00 1.607894877229450459e-01
8.728728728728729180e+00 1.608567696624413068e-01
8.738988988988989348e+00 1.609237933721170133e-01
8.749249249249249516e+00 1.609905577732690662e-01
8.759509509509509684e+00 1.610570617886552258e-01
8.769769769769769852e+00 1.611233043425421563e-01
8.780030030030030019e+00 1.611892843607522219e-01
8.790290290290290187e+00 1.612550007707054811e-01
8.800550550550550355e+00 1.613204525014742263e-01
8.810810810810810523e+00 1.613856384838219526e-01
8.821071071071070691e+00 1.614505576502545670e-01
8.831331331331330858e+00 1.615152089350658238e-01
8.841591591591591026e+00 1.615795912743846763e-01
8.851851851851851194e+00 1.616437036062222110e-01
8.862112112112111362e+00 1.617075448705178609e-01
8.872372372372371530e+00 1.617711140091877831e-01
8.882632632632631697e+00 1.618344099661715441e-01
8.892892892892891865e+00 1.618974316874787212e-01
8.903153153153152033e+00 1.619601781212383351e-01
8.913413413413412201e+00 1.620226482177424820e-01
8.923673673673672369e+00 1.620848409294976533e-01
8.933933933933934313e+00 1.621467552112694221e-01
8.944194194194194480e+00 1.622083900201317375e-01
8.954454454454454648e+00 1.622697443155131647e-01
8.964714714714714816e+00 1.623308170592454580e-01
8.974974974974974984e+00 1.623916072156098012e-01
8.985235235235235152e+00 1.624521137513864344e-01
8.995495495495495319e+00 1.625123356358998405e-01
9.005755755755755487e+00 1.625722718410686218e-01
9.016016016016015655e+00 1.626319213414522402e-01
9.026276276276275823e+00 1.626912831142984239e-01
9.036536536536535991e+00 1.627503561395903797e-01
9.046796796796796158e+00 1.628091394000971415e-01
9.057057057057056326e+00 1.628676318814178403e-01
9.067317317317316494e+00 1.629258325720310541e-01
9.077577577577576662e+00 1.629837404633432407e-01
9.087837837837836830e+00 1.630413545497360339e-01
9.098098098098096997e+00 1.630986738286113735e-01
9.108358358358357165e+00 1.631556973004429367e-01
9.118618618618617333e+00 1.632124239688216294e-01
9.128878878878879277e+00 1.632688528405038531e-01
9.139139139139139445e+00 1.633249829254588559e-01
9.149399399399399613e+00 1.633808132369162225e-01
9.159659659659659781e+00 1.634363427914138911e-01
9.169919919919919948e+00 1.634915706088444498e-01
9.180180180180180116e+00 1.635464957125041252e-01
9.190440440440440284e+00 1.636011171291388011e-01
9.200700700700700452e+00 1.636554338889928129e-01
9.210960960960960620e+00 1.637094450258545497e-01
9.221221221221220787e+00 1.637631495771047496e-01
9.231481481481480955e+00 1.638165465837633783e-01
9.241741741741741123e+00 1.638696350905374244e-01
9.252002002002001291e+00 1.639224141458653916e-01
9.262262262262261459e+00 1.639748828019680638e-01
9.272522522522521626e+00 1.640270401148932744e-01
9.282782782782781794e+00 1.640788851445613428e-01
9.293043043043041962e+00 1.641304169548145064e-01
9.303303303303302130e+00 1.641816346134619686e-01
9.313563563563562298e+00 1.642325371923263611e-01
9.323823823823824242e+00 1.642831237672914280e-01
9.334084084084084409e+00 1.643333934183468237e-01
9.344344344344344577e+00 1.643833452296348252e-01
9.354604604604604745e+00 1.644329782894971559e-01
9.364864864864864913e+00 1.644822916905198940e-01
9.375125125125125081e+00 1.645312845295800186e-01
9.385385385385385248e+00 1.645799559078913177e-01
9.395645645645645416e+00 1.646283049310491853e-01
9.405905905905905584e+00 1.646763307090773343e-01
9.416166166166165752e+00 1.647240323564716502e-01
9.426426426426425920e+00 1.647714089922467373e-01
9.436686686686686087e+00 1.648184597399803553e-01
9.446946946946946255e+00 1.648651837278594379e-01
9.457207207207206423e+00 1.649115800887221428e-01
9.467467467467466591e+00 1.649576479601057022e-01
9.477727727727726759e+00 1.650033864842899989e-01
9.487987987987986926e+00 1.650487948083403378e-01
9.498248248248247094e+00 1.650938720841533536e-01
9.508508508508507262e+00 1.651386174685000874e-01
9.518768768768767430e+00 1.651830301230710618e-01
9.529029029029029374e+00 1.652271092145174147e-01
9.539289289289289542e+00 1.652708539144973343e-01
9.549549549549549710e+00 1.653142633997182198e-01
9.559809809809809877e+00 1.653573368519776765e-01
9.570070070070070045e+00 1.654000734582110610e-01
9.580330330330330213e+00 1.654424724105290623e-01
9.590590590590590381e+00 1.654845329062639148e-01
9.600850850850850549e+00 1.655262541480104210e-01
9.611111111111110716e+00 1.655676353436679182e-01
9.621371371371370884e+00 1.656086757064821058e-01
9.631631631631631052e+00 1.656493744550877889e-01
9.641891891891891220e+00 1.656897308135484581e-01
9.652152152152151388e+00 1.657297440113994769e-01
9.662412412412411555e+00 1.657694132836882439e-01
9.672672672672671723e+00 1.658087378710156046e-01
9.682932932932931891e+00 1.658477170195742645e-01
9.693193193193192059e+00 1.658863499811921716e-01
9.703453453453452227e+00 1.659246360133709020e-01
9.713713713713712394e+00 1.659625743793253227e-01
9.723973973973974338e+00 1.660001643480248090e-01
9.734234234234234506e+00 1.660374051942302420e-01
9.744494494494494674e+00 1.660742961985346433e-01
9.754754754754754842e+00 1.661108366474026432e-01
9.765015015015015010e+00 1.661470258332069516e-01
9.775275275275275177e+00 1.661828630542686869e-01
9.785535535535535345e+00 1.662183476148947070e-01
9.795795795795795513e+00 1.662534788254148299e-01
9.806056056056055681e+00 1.662882560022195255e-01
9.816316316316315849e+00 1.663226784677987735e-01
9.826576576576576016e+00 1.663567455507767301e-01
9.836836836836836184e+00 1.663904565859493090e-01
9.847097097097096352e+00 1.664238109143209021e-01
9.857357357357356520e+00 1.664568078831408782e-01
9.867617617617616688e+00 1.664894468459366395e-01
9.877877877877876855e+00 1.665217271625534790e-01
9.888138138138137023e+00 1.665536481991861384e-01
9.898398398398397191e+00 1.665852093284150848e-01
9.908658658658657359e+00 1.666164099292409273e-01
9.918918918918919303e+00 1.666472493871191674e-01
9.929179179179179471e+00 1.666777270939928113e-01
9.939439439439439639e+00 1.667078424483287580e-01
9.949699699699699806e+00 1.667375948551465259e-01
9.959959959959959974e+00 1.667669837260557231e-01
9.970220220220220142e+00 1.667960084792865783e-01
9.980480480480480310e+00 1.668246685397229701e-01
9.990740740740740478e+00 1.668529633389323752e-01
1.000100100100100065e+01 1.668808923152021451e-01
1.001126126126126081e+01 1.669084549135636253e-01
1.002152152152152098e+01 1.669356505858318185e-01
1.003178178178178115e+01 1.669624787906280883e-01
1.004204204204204132e+01 1.669889389934157697e-01
1.005230230230230148e+01 1.670150306665276474e-01
1.006256256256256165e+01 1.670407532891955427e-01
1.007282282282282182e+01 1.670661063475806785e-01
1.008308308308308199e+01 1.670910893348013793e-01
1.009334334334334216e+01 1.671157017509620757e-01
1.010360360360360232e+01 1.671399431031824201e-01
1.011386386386386249e+01 1.671638129056222388e-01
1.012412412412412444e+01 1.671873106795113695e-01
1.013438438438438460e+01 1.672104359531768336e-01
1.014464464464464477e+01 1.672331882620667343e-01
1.015490490490490494e+01 1.672555671487803708e-01
1.016516516516516511e+01 1.672775721630904711e-01
1.017542542542542527e+01 1.672992028619711136e-01
1.018568568568568544e+01 1.673204588096216250e-01
1.019594594594594561e+01 1.673413395774917267e-01
1.020620620620620578e+01 1.673618447443055712e-01
1.021646646646646595e+01 1.673819738960860559e-01
1.022672672672672611e+01 1.674017266261783043e-01
1.023698698698698628e+01 1.674211025352717042e-01
1.024724724724724645e+01 1.674401012314244153e-01
1.025750750750750662e+01 1.674587223300842975e-01
1.026776776776776678e+01 1.674769654541118924e-01
1.027802802802802695e+01 1.674948302338004624e-01
1.028828828828828712e+01 1.675123163068983068e-01
1.029854854854854729e+01 1.675294233186301607e-01
1.030880880880880746e+01 1.675461509217143208e-01
1.031906906906906940e+01 1.675624987763865703e-01
1.032932932932932957e+01 1.675784665504159443e-01
1.033958958958958974e+01 1.675940539191270451e-01
1.034984984984984990e+01 1.676092605654164180e-01
1.036011011011011007e+01 1.676240861797703707e-01
1.037037037037037024e+01 1.676385304602842075e-01
1.038063063063063041e+01 1.676525931126811864e-01
1.039089089089089057e+01 1.676662738503227335e-01
1.040115115115115074e+01 1.676795723942341165e-01
1.041141141141141091e+01 1.676924884731120502e-01
1.042167167167167108e+01 1.677050218233464840e-01
1.043193193193193125e+01 1.677171721890322320e-01
1.044219219219219141e+01 1.677289393219852653e-01
1.045245245245245158e+01 1.677403229817557573e-01
1.046271271271271175e+01 1.677513229356435986e-01
1.047297297297297192e+01 1.677619389587081955e-01
1.048323323323323208e+01 1.677721708337885920e-01
1.049349349349349225e+01 1.677820183515089658e-01
1.050375375375375242e+01 1.677914813102924785e-01
1.051401401401401436e+01 1.678005595163751806e-01
1.052427427427427453e+01 1.678092527838141723e-01
1.053453453453453470e+01 1.678175609345022024e-01
1.054479479479479487e+01 1.678254837981734138e-01
1.055505505505505504e+01 1.678330212124161946e-01
1.056531531531531520e+01 1.678401730226813937e-01
1.057557557557557537e+01 1.678469390822933116e-01
1.058583583583583554e+01 1.678533192524534756e-01
1.059609609609609571e+01 1.678593134022540179e-01
1.060635635635635587e+01 1.678649214086821717e-01
1.061661661661661604e+01 1.678701431566282654e-01
1.062687687687687621e+01 1.678749785388917726e-01
1.063713713713713638e+01 1.678794274561888622e-01
1.064739739739739655e+01 1.678834898171562007e-01
1.065765765765765671e+01 1.678871655383578076e-01
1.066791791791791688e+01 1.678904545442900798e-01
1.067817817817817705e+01 1.678933567673845384e-01
1.068843843843843722e+01 1.678958721480126592e-01
1.069869869869869738e+01 1.678980006344897857e-01
1.070895895895895755e+01 1.678997421830780434e-01
1.071921921921921950e+01 1.679010967579875613e-01
1.072947947947947966e+01 1.679020643313805239e-01
1.073973973973973983e+01 1.679026448833710883e-01
1.075000000000000000e+01 1.679028384020265496e-01
