5.000000000000000000e-01 4.035041936781071570e+01
6.523437500000000000e-01 3.918529751711242426e+01
8.046875000000000000e-01 4.044960881477544490e+01
9.570312500000000000e-01 4.322593000146036246e+01
1.109375000000000000e+00 4.980385804706702402e+01
1.261718750000000000e+00 4.591790616813872816e+01
1.414062500000000000e+00 5.059718598364544562e+01
1.566406250000000000e+00 5.105190871598178148e+01
1.718750000000000000e+00 5.465496681367230991e+01
1.871093750000000000e+00 5.743638604218699584e+01
2.023437500000000000e+00 5.757104330657575986e+01
2.175781250000000000e+00 5.980891164809960969e+01
2.328125000000000000e+00 6.628055888215934033e+01
2.480468750000000000e+00 6.875779984528669786e+01
2.632812500000000000e+00 7.292068529918469721e+01
2.785156250000000000e+00 7.642652267297579272e+01
2.937500000000000000e+00 7.937886767852330649e+01
3.089843750000000000e+00 8.254137727385823098e+01
3.242187500000000000e+00 8.761745978659141088e+01
3.394531250000000000e+00 9.279458533429914269e+01
3.546875000000000000e+00 9.350026853851399267e+01
3.699218750000000000e+00 9.896182638994105218e+01
3.851562500000000000e+00 1.053544705524514029e+02
4.003906250000000000e+00 1.099656800165965223e+02
4.156250000000000000e+00 1.112836770940446911e+02
4.308593750000000000e+00 1.186150018555378125e+02
4.460937500000000000e+00 1.223436038063938156e+02
4.613281250000000000e+00 1.239355877257990102e+02
4.765625000000000000e+00 1.266022604394876225e+02
4.917968750000000000e+00 1.288519142921372236e+02
5.070312500000000000e+00 1.317067087410275406e+02
5.222656250000000000e+00 1.328421046513055899e+02
5.375000000000000000e+00 1.318728227124614136e+02
