5.000000000000000000e-01 2.471945406161912473e+01
8.203125000000000000e-01 2.484199470511606833e+01
1.140625000000000000e+00 2.735332625364311454e+01
1.460937500000000000e+00 2.732035897633879884e+01
1.781250000000000000e+00 2.979918659325291586e+01
2.101562500000000000e+00 2.878461171355336745e+01
2.421875000000000000e+00 3.082197692777009834e+01
2.742187500000000000e+00 3.046461092454689634e+01
3.062500000000000000e+00 3.203048875719539978e+01
3.382812500000000000e+00 3.249085555610994902e+01
3.703125000000000000e+00 3.349418538670389012e+01
4.023437500000000000e+00 3.477406999768652440e+01
4.343750000000000000e+00 3.554544369409529736e+01
4.664062500000000000e+00 3.531807546933319486e+01
4.984375000000000000e+00 3.726067523778110768e+01
5.304687500000000000e+00 3.767770844575908740e+01
5.625000000000000000e+00 3.962221962836792244e+01
5.945312500000000000e+00 4.039124184738390255e+01
6.265625000000000000e+00 4.064585724356710017e+01
6.585937500000000000e+00 4.208684733677976908e+01
6.906250000000000000e+00 4.386798575823965507e+01
7.226562500000000000e+00 4.430657878007320249e+01
7.546875000000000000e+00 4.391515125565930333e+01
7.867187500000000000e+00 4.472256798605395289e+01
8.187500000000000000e+00 4.502582166864716129e+01
8.507812500000000000e+00 4.691571288947680785e+01
8.828125000000000000e+00 4.881850594295293178e+01
9.148437500000000000e+00 4.690432339803615491e+01
9.468750000000000000e+00 4.895790357382070823e+01
9.789062500000000000e+00 4.805747612119670720e+01
1.010937500000000000e+01 4.797964210078851721e+01
1.042968750000000000e+01 4.946440129182930434e+01
1.075000000000000000e+01 4.939425090340652247e+01
