5.000000000000000000e-01 3.383966111045023695e+01
8.203125000000000000e-01 3.525565333529560519e+01
1.140625000000000000e+00 3.579948446286381625e+01
1.460937500000000000e+00 3.781552786241799424e+01
1.781250000000000000e+00 3.818528793991687564e+01
2.101562500000000000e+00 3.930303036672030714e+01
2.421875000000000000e+00 3.832506950535419321e+01
2.742187500000000000e+00 4.075722072438087906e+01
3.062500000000000000e+00 4.371173507329892516e+01
3.382812500000000000e+00 4.440364198225718440e+01
3.703125000000000000e+00 4.586387611130449216e+01
4.023437500000000000e+00 4.618510031487004142e+01
4.343750000000000000e+00 4.846456444355273874e+01
4.664062500000000000e+00 4.954985529562514301e+01
4.984375000000000000e+00 5.026122571434566311e+01
5.304687500000000000e+00 5.165848682262460301e+01
5.625000000000000000e+00 5.387987913943983642e+01
5.945312500000000000e+00 5.590735104521962739e+01
6.265625000000000000e+00 5.670962228080719569e+01
6.585937500000000000e+00 5.753246600818556544e+01
6.906250000000000000e+00 6.064795077536273027e+01
7.226562500000000000e+00 6.044774714778484537e+01
7.546875000000000000e+00 6.185539814461917274e+01
7.867187500000000000e+00 6.081330340434395509e+01
8.187500000000000000e+00 6.231676352725912693e+01
8.507812500000000000e+00 6.446321492102727291e+01
8.828125000000000000e+00 6.330285554716823526e+01
9.148437500000000000e+00 6.400091138944472391e+01
9.468750000000000000e+00 6.539503937737421779e+01
9.789062500000000000e+00 6.732544522515397034e+01
1.010937500000000000e+01 6.813916894980420125e+01
1.042968750000000000e+01 6.773009947030556077e+01
1.075000000000000000e+01 6.526439963217099205e+01
