5.000000000000000000e-01 1.058321245514377296e+02
5.102602602602602788e-01 1.058911203197478983e+02
5.205205205205205576e-01 1.059500638083295030e+02
5.307807807807807254e-01 1.060089551530327867e+02
5.410410410410410043e-01 1.060677944890505984e+02
5.513013013013012831e-01 1.061265819509212633e+02
5.615615615615615619e-01 1.061853176725306156e+02
5.718218218218218407e-01 1.062440017871144562e+02
5.820820820820821195e-01 1.063026344272609691e+02
5.923423423423423984e-01 1.063612157249124976e+02
6.026026026026025662e-01 1.064197458113688697e+02
6.128628628628628450e-01 1.064782248172878099e+02
6.231231231231231238e-01 1.065366528726893165e+02
6.333833833833834026e-01 1.065950301069560453e+02
6.436436436436436814e-01 1.066533566488367057e+02
6.539039039039038492e-01 1.067116326264469990e+02
6.641641641641641280e-01 1.067698581672732132e+02
6.744244244244244069e-01 1.068280333981729626e+02
6.846846846846846857e-01 1.068861584453780011e+02
6.949449449449449645e-01 1.069442334344960130e+02
7.052052052052051323e-01 1.070022584905129008e+02
7.154654654654655221e-01 1.070602337377944480e+02
7.257257257257256899e-01 1.071181593000885215e+02
7.359859859859859688e-01 1.071760353005270048e+02
7.462462462462462476e-01 1.072338618616276875e+02
7.565065065065064154e-01 1.072916391052964258e+02
7.667667667667668052e-01 1.073493671528286626e+02
7.770270270270269730e-01 1.074070461249115596e+02
7.872872872872872518e-01 1.074646761416261569e+02
7.975475475475475307e-01 1.075222573224484819e+02
8.078078078078078095e-01 1.075797897862519648e+02
8.180680680680680883e-01 1.076372736513093429e+02
8.283283283283282561e-01 1.076947090352938972e+02
8.385885885885886459e-01 1.077520960552816689e+02
8.488488488488488137e-01 1.078094348277532504e+02
8.591091091091090926e-01 1.078667254685950496e+02
8.693693693693693714e-01 1.079239680931016920e+02
8.796296296296295392e-01 1.079811628159773562e+02
8.898898898898899290e-01 1.080383097513371524e+02
9.001501501501500968e-01 1.080954090127095810e+02
9.104104104104103756e-01 1.081524607130375841e+02
9.206706706706706544e-01 1.082094649646800093e+02
9.309309309309309333e-01 1.082664218794141391e+02
9.411911911911912121e-01 1.083233315684363163e+02
9.514514514514513799e-01 1.083801941423641466e+02
9.617117117117117697e-01 1.084370097112378772e+02
9.719719719719719375e-01 1.084937783845214199e+02
9.822322322322322163e-01 1.085505002711055198e+02
9.924924924924924952e-01 1.086071754793069744e+02
1.002752752752752663e+00 1.086638041168720576e+02
1.013013013013012831e+00 1.087203862909772312e+02
1.023273273273273221e+00 1.087769221082303233e+02
1.033533533533533610e+00 1.088334116746727034e+02
1.043793793793793778e+00 1.088898550957802911e+02
1.054054054054053946e+00 1.089462524764649629e+02
1.064314314314314336e+00 1.090026039210762718e+02
1.074574574574574504e+00 1.090589095334025274e+02
1.084834834834834894e+00 1.091151694166722166e+02
1.095095095095095061e+00 1.091713836735557379e+02
1.105355355355355229e+00 1.092275524061663248e+02
1.115615615615615619e+00 1.092836757160614383e+02
1.125875875875876009e+00 1.093397537042445578e+02
1.136136136136136177e+00 1.093957864711657777e+02
1.146396396396396344e+00 1.094517741167238398e+02
1.156656656656656512e+00 1.095077167402667300e+02
1.166916916916916902e+00 1.095636144405935823e+02
1.177177177177177292e+00 1.096194673159552622e+02
1.187437437437437460e+00 1.096752754640565826e+02
1.197697697697697627e+00 1.097310389820564183e+02
1.207957957957957795e+00 1.097867579665696951e+02
1.218218218218218185e+00 1.098424325136683848e+02
1.228478478478478575e+00 1.098980627188825139e+02
1.238738738738738743e+00 1.099536486772014570e+02
1.248998998998998911e+00 1.100091904830755567e+02
1.259259259259259078e+00 1.100646882304164507e+02
1.269519519519519468e+00 1.101201420125990609e+02
1.279779779779779858e+00 1.101755519224615369e+02
1.290040040040040026e+00 1.102309180523081977e+02
1.300300300300300194e+00 1.102862404939085934e+02
1.310560560560560361e+00 1.103415193385002624e+02
1.320820820820820751e+00 1.103967546767887740e+02
1.331081081081081141e+00 1.104519465989491351e+02
1.341341341341341309e+00 1.105070951946272118e+02
1.351601601601601477e+00 1.105622005529400980e+02
1.361861861861861867e+00 1.106172627624775657e+02
1.372122122122122034e+00 1.106722819113031306e+02
1.382382382382382424e+00 1.107272580869548051e+02
1.392642642642642592e+00 1.107821913764462209e+02
1.402902902902902760e+00 1.108370818662677095e+02
1.413163163163163150e+00 1.108919296423868843e+02
1.423423423423423539e+00 1.109467347902506447e+02
1.433683683683683707e+00 1.110014973947846357e+02
1.443943943943943875e+00 1.110562175403951812e+02
1.454204204204204043e+00 1.111108953109701645e+02
1.464464464464464433e+00 1.111655307898797389e+02
1.474724724724724823e+00 1.112201240599772092e+02
1.484984984984984990e+00 1.112746752035998981e+02
1.495245245245245158e+00 1.113291843025701979e+02
1.505505505505505548e+00 1.113836514381965941e+02
1.515765765765765716e+00 1.114380766912739205e+02
1.526026026026025884e+00 1.114924601420851360e+02
1.536286286286286273e+00 1.115468018704012962e+02
1.546546546546546441e+00 1.116011019554827897e+02
1.556806806806806831e+00 1.116553604760802330e+02
1.567067067067066999e+00 1.117095775104352668e+02
1.577327327327327167e+00 1.117637531362809540e+02
1.587587587587587556e+00 1.118178874308434558e+02
1.597847847847847724e+00 1.118719804708418053e+02
1.608108108108108114e+00 1.119260323324892283e+02
1.618368368368368282e+00 1.119800430914941103e+02
1.628628628628628672e+00 1.120340128230603369e+02
1.638888888888888840e+00 1.120879416018880477e+02
1.649149149149149007e+00 1.121418295021747866e+02
1.659409409409409397e+00 1.121956765976158721e+02
1.669669669669669565e+00 1.122494829614050644e+02
1.679929929929929955e+00 1.123032486662357883e+02
1.690190190190190123e+00 1.123569737843011751e+02
1.700450450450450290e+00 1.124106583872952712e+02
1.710710710710710680e+00 1.124643025464133217e+02
1.720970970970970848e+00 1.125179063323529505e+02
1.731231231231231238e+00 1.125714698153142876e+02
1.741491491491491406e+00 1.126249930650009787e+02
1.751751751751751796e+00 1.126784761506206110e+02
1.762012012012011963e+00 1.127319191408858217e+02
1.772272272272272131e+00 1.127853221040141563e+02
1.782532532532532521e+00 1.128386851077295461e+02
1.792792792792792689e+00 1.128920082192620100e+02
1.803053053053053079e+00 1.129452915053492461e+02
1.813313313313313246e+00 1.129985350322365747e+02
1.823573573573573414e+00 1.130517388656776916e+02
1.833833833833833804e+00 1.131049030709352650e+02
1.844094094094093972e+00 1.131580277127817311e+02
1.854354354354354362e+00 1.132111128554990955e+02
1.864614614614614529e+00 1.132641585628809651e+02
1.874874874874874697e+00 1.133171648982311694e+02
1.885135135135135087e+00 1.133701319243662056e+02
1.895395395395395255e+00 1.134230597036143138e+02
1.905655655655655645e+00 1.134759482978167853e+02
1.915915915915915813e+00 1.135287977683285874e+02
1.926176176176176202e+00 1.135816081760181220e+02
1.936436436436436370e+00 1.136343795812684334e+02
1.946696696696696538e+00 1.136871120439775495e+02
1.956956956956956928e+00 1.137398056235587092e+02
1.967217217217217096e+00 1.137924603789412714e+02
1.977477477477477485e+00 1.138450763685707301e+02
1.987737737737737653e+00 1.138976536504096941e+02
1.997997997997997821e+00 1.139501922819377597e+02
2.008258258258257989e+00 1.140026923201526756e+02
2.018518518518518157e+00 1.140551538215700162e+02
2.028778778778778769e+00 1.141075768422243613e+02
2.039039039039038936e+00 1.141599614376691960e+02
2.049299299299299548e+00 1.142123076629775227e+02
2.059559559559559716e+00 1.142646155727425565e+02
2.069819819819819884e+00 1.143168852210775981e+02
2.080080080080080052e+00 1.143691166616168147e+02
2.090340340340340219e+00 1.144213099475156667e+02
2.100600600600600387e+00 1.144734651314511922e+02
2.110860860860860555e+00 1.145255822656222762e+02
2.121121121121120723e+00 1.145776614017502624e+02
2.131381381381381335e+00 1.146297025910793792e+02
2.141641641641641503e+00 1.146817058843766830e+02
2.151901901901902114e+00 1.147336713319328823e+02
2.162162162162162282e+00 1.147855989835626218e+02
2.172422422422422450e+00 1.148374888886046108e+02
2.182682682682682618e+00 1.148893410959221484e+02
2.192942942942942786e+00 1.149411556539034081e+02
2.203203203203202953e+00 1.149929326104617218e+02
2.213463463463463121e+00 1.150446720130363474e+02
2.223723723723723733e+00 1.150963739085918434e+02
2.233983983983983901e+00 1.151480383436194472e+02
2.244244244244244069e+00 1.151996653641366635e+02
2.254504504504504681e+00 1.152512550156880735e+02
2.264764764764764848e+00 1.153028073433449663e+02
2.275025025025025016e+00 1.153543223917065603e+02
2.285285285285285184e+00 1.154058002048993927e+02
2.295545545545545352e+00 1.154572408265781860e+02
2.305805805805805520e+00 1.155086442999258054e+02
2.316066066066065687e+00 1.155600106676538843e+02
2.326326326326326299e+00 1.156113399720027957e+02
2.336586586586586467e+00 1.156626322547418653e+02
2.346846846846847079e+00 1.157138875571697980e+02
2.357107107107107247e+00 1.157651059201152748e+02
2.367367367367367414e+00 1.158162873839361851e+02
2.377627627627627582e+00 1.158674319885211190e+02
2.387887887887887750e+00 1.159185397732886997e+02
2.398148148148147918e+00 1.159696107771879809e+02
2.408408408408408086e+00 1.160206450386992572e+02
2.418668668668668253e+00 1.160716425958334668e+02
2.428928928928928865e+00 1.161226034861327605e+02
2.439189189189189033e+00 1.161735277466713114e+02
2.449449449449449645e+00 1.162244154140541497e+02
2.459709709709709813e+00 1.162752665244187398e+02
2.469969969969969981e+00 1.163260811134345829e+02
2.480230230230230148e+00 1.163768592163030746e+02
2.490490490490490316e+00 1.164276008677586134e+02
2.500750750750750484e+00 1.164783061020677906e+02
2.511011011011011096e+00 1.165289749530302714e+02
2.521271271271271264e+00 1.165796074539787099e+02
2.531531531531531432e+00 1.166302036377790188e+02
2.541791791791791599e+00 1.166807635368302272e+02
2.552052052052051767e+00 1.167312871830650352e+02
2.562312312312312379e+00 1.167817746079499841e+02
2.572572572572572547e+00 1.168322258424851725e+02
2.582832832832832715e+00 1.168826409172050660e+02
2.593093093093092882e+00 1.169330198621779289e+02
2.603353353353353050e+00 1.169833627070064921e+02
2.613613613613613662e+00 1.170336694808280527e+02
2.623873873873873830e+00 1.170839402123142321e+02
2.634134134134133998e+00 1.171341749296713886e+02
2.644394394394394165e+00 1.171843736606410715e+02
2.654654654654654333e+00 1.172345364324993824e+02
2.664914914914914945e+00 1.172846632720577844e+02
2.675175175175175113e+00 1.173347542056630033e+02
2.685435435435435281e+00 1.173848092591968850e+02
2.695695695695695449e+00 1.174348284580768649e+02
2.705955955955956060e+00 1.174848118272558963e+02
2.716216216216216228e+00 1.175347593912226500e+02
2.726476476476476396e+00 1.175846711740015422e+02
2.736736736736736564e+00 1.176345471991529763e+02
2.746996996996996732e+00 1.176843874897730160e+02
2.757257257257257343e+00 1.177341920684942096e+02
2.767517517517517511e+00 1.177839609574849646e+02
2.777777777777777679e+00 1.178336941784499885e+02
2.788038038038037847e+00 1.178833917526303594e+02
2.798298298298298015e+00 1.179330537008035975e+02
2.808558558558558627e+00 1.179826800432836791e+02
2.818818818818818794e+00 1.180322707999210934e+02
2.829079079079078962e+00 1.180818259901032121e+02
2.839339339339339130e+00 1.181313456327536500e+02
2.849599599599599298e+00 1.181808297463332877e+02
2.859859859859859910e+00 1.182302783488393203e+02
2.870120120120120077e+00 1.182796914578065071e+02
2.880380380380380245e+00 1.183290690903061062e+02
2.890640640640640413e+00 1.183784112629465284e+02
2.900900900900900581e+00 1.184277179918731946e+02
2.911161161161161193e+00 1.184769892927687067e+02
2.921421421421421361e+00 1.185262251808529754e+02
2.931681681681681528e+00 1.185754256708827938e+02
2.941941941941941696e+00 1.186245907771525623e+02
2.952202202202201864e+00 1.186737205134937909e+02
2.962462462462462476e+00 1.187228148932756397e+02
2.972722722722722644e+00 1.187718739294041796e+02
2.982982982982982811e+00 1.188208976343234013e+02
2.993243243243242979e+00 1.188698860200142065e+02
3.003503503503503591e+00 1.189188390979956012e+02
3.013763763763763759e+00 1.189677568793237583e+02
3.024024024024023927e+00 1.190166393745925859e+02
3.034284284284284094e+00 1.190654865939330591e+02
3.044544544544544262e+00 1.191142985470144851e+02
3.054804804804804874e+00 1.191630752430435081e+02
3.065065065065065042e+00 1.192118166907643086e+02
3.075325325325325210e+00 1.192605228984586887e+02
3.085585585585585378e+00 1.193091938739464268e+02
3.095845845845845545e+00 1.193578296245847667e+02
3.106106106106106157e+00 1.194064301572688294e+02
3.116366366366366325e+00 1.194549954784312149e+02
3.126626626626626493e+00 1.195035255940425287e+02
3.136886886886886661e+00 1.195520205096110402e+02
3.147147147147146828e+00 1.196004802301827254e+02
3.157407407407407440e+00 1.196489047603413951e+02
3.167667667667667608e+00 1.196972941042085239e+02
3.177927927927927776e+00 1.197456482654436343e+02
3.188188188188187944e+00 1.197939672472436570e+02
3.198448448448448111e+00 1.198422510523434994e+02
3.208708708708708723e+00 1.198904996830161167e+02
3.218968968968968891e+00 1.199387131410718013e+02
3.229229229229229059e+00 1.199868914278588505e+02
3.239489489489489227e+00 1.200350345442635387e+02
3.249749749749749395e+00 1.200831424907094629e+02
3.260010010010010006e+00 1.201312152671582538e+02
3.270270270270270174e+00 1.201792528731097320e+02
3.280530530530530342e+00 1.202272553076006858e+02
3.290790790790790510e+00 1.202752225692062922e+02
3.301051051051051122e+00 1.203231546560393639e+02
3.311311311311311290e+00 1.203710515657502640e+02
3.321571571571571457e+00 1.204189132955271901e+02
3.331831831831831625e+00 1.204667398420964872e+02
3.342092092092091793e+00 1.205145312017217094e+02
3.352352352352352405e+00 1.205622873702043449e+02
3.362612612612612573e+00 1.206100083428836172e+02
3.372872872872872740e+00 1.206576941146365840e+02
3.383133133133132908e+00 1.207053446798777685e+02
3.393393393393393076e+00 1.207529600325596419e+02
3.403653653653653688e+00 1.208005401661719276e+02
3.413913913913913856e+00 1.208480850737428085e+02
3.424174174174174023e+00 1.208955947478373787e+02
3.434434434434434191e+00 1.209430691805588225e+02
3.444694694694694359e+00 1.209905083635477183e+02
3.454954954954954971e+00 1.210379122879825644e+02
3.465215215215215139e+00 1.210852809445793099e+02
3.475475475475475307e+00 1.211326143235915822e+02
3.485735735735735474e+00 1.211799124148105449e+02
3.495995995995995642e+00 1.212271752075652529e+02
3.506256256256256254e+00 1.212744026907220984e+02
3.516516516516516422e+00 1.213215948526850667e+02
3.526776776776776590e+00 1.213687516813958354e+02
3.537037037037036757e+00 1.214158731643338598e+02
3.547297297297296925e+00 1.214629592885157479e+02
3.557557557557557537e+00 1.215100100404959136e+02
3.567817817817817705e+00 1.215570254063664208e+02
3.578078078078077873e+00 1.216040053717567986e+02
3.588338338338338041e+00 1.216509499218340977e+02
3.598598598598598652e+00 1.216978590413029906e+02
3.608858858858858820e+00 1.217447327144058278e+02
3.619119119119118988e+00 1.217915709249222544e+02
3.629379379379379156e+00 1.218383736561697930e+02
3.639639639639639324e+00 1.218851408910032035e+02
3.649899899899899935e+00 1.219318726118149669e+02
3.660160160160160103e+00 1.219785688005352995e+02
3.670420420420420271e+00 1.220252294386317686e+02
3.680680680680680439e+00 1.220718545071094780e+02
3.690940940940940607e+00 1.221184439865114228e+02
3.701201201201201219e+00 1.221649978569179069e+02
3.711461461461461386e+00 1.222115160979467987e+02
3.721721721721721554e+00 1.222579986887539718e+02
3.731981981981981722e+00 1.223044456080325091e+02
3.742242242242241890e+00 1.223508568340133564e+02
3.752502502502502502e+00 1.223972323444651948e+02
3.762762762762762669e+00 1.224435721166940851e+02
3.773023023023022837e+00 1.224898761275443348e+02
3.783283283283283005e+00 1.225361443533971055e+02
3.793543543543543173e+00 1.225823767701721181e+02
3.803803803803803785e+00 1.226285733533264306e+02
3.814064064064063952e+00 1.226747340778552768e+02
3.824324324324324120e+00 1.227208589182911567e+02
3.834584584584584288e+00 1.227669478487049020e+02
3.844844844844844456e+00 1.228130008427049802e+02
3.855105105105105068e+00 1.228590178734378782e+02
3.865365365365365236e+00 1.229049989135879599e+02
3.875625625625625403e+00 1.229509439353776656e+02
3.885885885885885571e+00 1.229968529105674548e+02
3.896146146146146183e+00 1.230427258104559058e+02
3.906406406406406351e+00 1.230885626058795452e+02
3.916666666666666519e+00 1.231343632672131605e+02
3.926926926926926686e+00 1.231801277643699990e+02
3.937187187187186854e+00 1.232258560668012848e+02
3.947447447447447466e+00 1.232715481434965312e+02
3.957707707707707634e+00 1.233172039629840242e+02
3.967967967967967802e+00 1.233628234933299694e+02
3.978228228228227970e+00 1.234084067021395725e+02
3.988488488488488137e+00 1.234539535565563284e+02
3.998748748748748749e+00 1.234994640232624334e+02
4.009009009009009361e+00 1.235449380684789702e+02
4.019269269269269529e+00 1.235903756579654953e+02
4.029529529529529697e+00 1.236357767570205510e+02
4.039789789789789864e+00 1.236811413304818075e+02
4.050050050050050032e+00 1.237264693427260056e+02
4.060310310310310200e+00 1.237717607576685737e+02
4.070570570570570368e+00 1.238170155387644940e+02
4.080830830830830536e+00 1.238622336490080187e+02
4.091091091091090703e+00 1.239074150509324710e+02
4.101351351351350871e+00 1.239525597066113249e+02
4.111611611611611039e+00 1.239976675776571966e+02
4.121871871871871207e+00 1.240427386252223556e+02
4.132132132132131375e+00 1.240877728099990094e+02
4.142392392392391542e+00 1.241327700922194452e+02
4.152652652652652598e+00 1.241777304316556609e+02
4.162912912912912766e+00 1.242226537876201604e+02
4.173173173173172934e+00 1.242675401189654281e+02
4.183433433433433102e+00 1.243123893840845255e+02
4.193693693693694158e+00 1.243572015409110492e+02
4.203953953953954326e+00 1.244019765469192862e+02
4.214214214214214493e+00 1.244467143591243570e+02
4.224474474474474661e+00 1.244914149340820302e+02
4.234734734734734829e+00 1.245360782278897176e+02
4.244994994994994997e+00 1.245807041961858346e+02
4.255255255255255165e+00 1.246252927941500417e+02
4.265515515515515332e+00 1.246698439765037421e+02
4.275775775775775500e+00 1.247143576975100387e+02
4.286036036036035668e+00 1.247588339109740616e+02
4.296296296296295836e+00 1.248032725702427257e+02
4.306556556556556004e+00 1.248476736282055981e+02
4.316816816816816171e+00 1.248920370372941022e+02
4.327077077077076339e+00 1.249363627494828677e+02
4.337337337337336507e+00 1.249806507162888778e+02
4.347597597597597563e+00 1.250249008887724784e+02
4.357857857857857731e+00 1.250691132175368807e+02
4.368118118118117899e+00 1.251132876527288857e+02
4.378378378378378066e+00 1.251574241440388278e+02
4.388638638638638234e+00 1.252015226407009294e+02
4.398898898898899290e+00 1.252455830914932449e+02
4.409159159159159458e+00 1.252896054447383705e+02
4.419419419419419626e+00 1.253335896483030325e+02
4.429679679679679793e+00 1.253775356495989399e+02
4.439939939939939961e+00 1.254214433955827701e+02
4.450200200200200129e+00 1.254653128327562257e+02
4.460460460460460297e+00 1.255091439071664468e+02
4.470720720720720465e+00 1.255529365644063375e+02
4.480980980980980632e+00 1.255966907496147797e+02
4.491241241241240800e+00 1.256404064074766183e+02
4.501501501501500968e+00 1.256840834822236133e+02
4.511761761761761136e+00 1.257277219176338008e+02
4.522022022022022192e+00 1.257713216570323738e+02
4.532282282282282360e+00 1.258148826432922363e+02
4.542542542542542527e+00 1.258584048188331224e+02
4.552802802802802695e+00 1.259018881256234721e+02
4.563063063063062863e+00 1.259453325051791808e+02
4.573323323323323031e+00 1.259887378985652333e+02
4.583583583583583199e+00 1.260321042463949937e+02
4.593843843843843366e+00 1.260754314888311995e+02
4.604104104104103534e+00 1.261187195655860052e+02
4.614364364364364590e+00 1.261619684159211516e+02
4.624624624624624758e+00 1.262051779786486350e+02
4.634884884884884926e+00 1.262483481921309760e+02
4.645145145145145094e+00 1.262914789942813627e+02
4.655405405405405261e+00 1.263345703225643177e+02
4.665665665665665429e+00 1.263776221139953577e+02
4.675925925925925597e+00 1.264206343051425421e+02
4.686186186186185765e+00 1.264636068321259614e+02
4.696446446446445933e+00 1.265065396306177945e+02
4.706706706706706100e+00 1.265494326358440134e+02
4.716966966966967156e+00 1.265922857825836303e+02
4.727227227227227324e+00 1.266350990051692520e+02
4.737487487487487492e+00 1.266778722374879322e+02
4.747747747747747660e+00 1.267206054129814135e+02
4.758008008008007828e+00 1.267632984646461125e+02
4.768268268268267995e+00 1.268059513250341581e+02
4.778528528528528163e+00 1.268485639262534619e+02
4.788788788788788331e+00 1.268911361999680878e+02
4.799049049049048499e+00 1.269336680773993322e+02
4.809309309309308667e+00 1.269761594893249708e+02
4.819569569569569722e+00 1.270186103660811057e+02
4.829829829829829890e+00 1.270610206375614268e+02
4.840090090090090058e+00 1.271033902332186472e+02
4.850350350350350226e+00 1.271457190820641188e+02
4.860610610610610394e+00 1.271880071126689558e+02
4.870870870870870561e+00 1.272302542531644178e+02
4.881131131131130729e+00 1.272724604312420240e+02
4.891391391391390897e+00 1.273146255741545474e+02
4.901651651651651065e+00 1.273567496087162283e+02
4.911911911911912121e+00 1.273988324613032148e+02
4.922172172172172289e+00 1.274408740578546286e+02
4.932432432432432456e+00 1.274828743238722950e+02
4.942692692692692624e+00 1.275248331844220360e+02
4.952952952952952792e+00 1.275667505641335993e+02
4.963213213213212960e+00 1.276086263872017952e+02
4.973473473473473128e+00 1.276504605773864824e+02
4.983733733733733295e+00 1.276922530580137902e+02
4.993993993993993463e+00 1.277340037519758624e+02
5.004254254254253631e+00 1.277757125817322930e+02
5.014514514514514687e+00 1.278173794693102820e+02
5.024774774774774855e+00 1.278590043363050910e+02
5.035035035035035023e+00 1.279005871038810938e+02
5.045295295295295190e+00 1.279421276927720328e+02
5.055555555555555358e+00 1.279836260232817438e+02
5.065815815815815526e+00 1.280250820152849371e+02
5.076076076076075694e+00 1.280664955882277525e+02
5.086336336336335862e+00 1.281078666611281847e+02
5.096596596596596029e+00 1.281491951525770503e+02
5.106856856856856197e+00 1.281904809807384424e+02
5.117117117117117253e+00 1.282317240633505548e+02
5.127377377377377421e+00 1.282729243177263356e+02
5.137637637637637589e+00 1.283140816607541410e+02
5.147897897897897757e+00 1.283551960088982185e+02
5.158158158158157924e+00 1.283962672782001562e+02
5.168418418418418092e+00 1.284372953842784852e+02
5.178678678678678260e+00 1.284782802423305839e+02
5.188938938938938428e+00 1.285192217671321941e+02
5.199199199199198596e+00 1.285601198730390706e+02
5.209459459459459651e+00 1.286009744739876055e+02
5.219719719719719819e+00 1.286417854834952550e+02
5.229979979979979987e+00 1.286825528146615341e+02
5.240240240240240155e+00 1.287232763801684712e+02
5.250500500500500323e+00 1.287639560922819726e+02
5.260760760760760490e+00 1.288045918628523054e+02
5.271021021021020658e+00 1.288451836033148084e+02
5.281281281281280826e+00 1.288857312246904598e+02
5.291541541541540994e+00 1.289262346375877826e+02
5.301801801801801162e+00 1.289666937522020191e+02
5.312062062062062218e+00 1.290071084783173774e+02
5.322322322322322385e+00 1.290474787253073146e+02
5.332582582582582553e+00 1.290878044021352480e+02
5.342842842842842721e+00 1.291280854173561465e+02
5.353103103103102889e+00 1.291683216791155928e+02
5.363363363363363057e+00 1.292085130951535916e+02
5.373623623623623224e+00 1.292486595728026089e+02
5.383883883883883392e+00 1.292887610189898453e+02
5.394144144144143560e+00 1.293288173402384018e+02
5.404404404404403728e+00 1.293688284426676489e+02
5.414664664664664784e+00 1.294087942319936246e+02
5.424924924924924952e+00 1.294487146135314788e+02
5.435185185185185119e+00 1.294885894921947909e+02
5.445445445445445287e+00 1.295284187724979859e+02
5.455705705705705455e+00 1.295682023585561353e+02
5.465965965965965623e+00 1.296079401540864922e+02
5.476226226226225791e+00 1.296476320624097127e+02
5.486486486486485958e+00 1.296872779864494873e+02
5.496746746746746126e+00 1.297268778287362352e+02
5.507007007007007182e+00 1.297664314914047452e+02
5.517267267267267350e+00 1.298059388761980415e+02
5.527527527527527518e+00 1.298453998844667296e+02
5.537787787787787686e+00 1.298848144171709578e+02
5.548048048048047853e+00 1.299241823748808997e+02
5.558308308308308021e+00 1.299635036577777214e+02
5.568568568568568189e+00 1.300027781656558261e+02
5.578828828828828357e+00 1.300420057979219450e+02
5.589089089089088525e+00 1.300811864535980931e+02
5.599349349349348692e+00 1.301203200313217963e+02
5.609609609609609748e+00 1.301594064293471433e+02
5.619869869869869916e+00 1.301984455455461500e+02
5.630130130130130084e+00 1.302374372774098674e+02
5.640390390390390252e+00 1.302763815220496610e+02
5.650650650650650419e+00 1.303152781761975518e+02
5.660910910910910587e+00 1.303541271362087741e+02
5.671171171171170755e+00 1.303929282980618325e+02
5.681431431431430923e+00 1.304316815573600365e+02
5.691691691691691091e+00 1.304703868093326662e+02
5.701951951951951258e+00 1.305090439488362506e+02
5.712212212212212314e+00 1.305476528703553925e+02
5.722472472472472482e+00 1.305862134680050985e+02
5.732732732732732650e+00 1.306247256355303534e+02
5.742992992992992818e+00 1.306631892663089900e+02
5.753253253253252986e+00 1.307016042533516043e+02
5.763513513513513153e+00 1.307399704893034595e+02
5.773773773773773321e+00 1.307782878664465045e+02
5.784034034034033489e+00 1.308165562766985204e+02
5.794294294294293657e+00 1.308547756116171286e+02
5.804554554554554713e+00 1.308929457623985968e+02
5.814814814814814881e+00 1.309310666198808804e+02
5.825075075075075048e+00 1.309691380745443325e+02
5.835335335335335216e+00 1.310071600165128416e+02
5.845595595595595384e+00 1.310451323355554791e+02
5.855855855855855552e+00 1.310830549210878928e+02
5.866116116116115720e+00 1.311209276621733295e+02
5.876376376376375887e+00 1.311587504475242270e+02
5.886636636636636055e+00 1.311965231655039759e+02
5.896896896896896223e+00 1.312342457041274031e+02
5.907157157157157279e+00 1.312719179510632728e+02
5.917417417417417447e+00 1.313095397936348832e+02
5.927677677677677615e+00 1.313471111188216582e+02
5.937937937937937782e+00 1.313846318132607109e+02
5.948198198198197950e+00 1.314221017632489463e+02
5.958458458458458118e+00 1.314595208547428911e+02
5.968718718718718286e+00 1.314968889733619335e+02
5.978978978978978454e+00 1.315342060043884942e+02
5.989239239239238621e+00 1.315714718327703281e+02
5.999499499499498789e+00 1.316086863431219456e+02
6.009759759759759845e+00 1.316458494197253515e+02
6.020020020020020013e+00 1.316829609465329156e+02
6.030280280280280181e+00 1.317200208071674012e+02
6.040540540540540349e+00 1.317570288849249209e+02
6.050800800800800516e+00 1.317939850627753344e+02
6.061061061061060684e+00 1.318308892233645224e+02
6.071321321321320852e+00 1.318677412490159782e+02
6.081581581581581020e+00 1.319045410217319159e+02
6.091841841841841187e+00 1.319412884231954024e+02
6.102102102102102243e+00 1.319779833347715510e+02
6.112362362362362411e+00 1.320146256375095390e+02
6.122622622622622579e+00 1.320512152121434895e+02
6.132882882882882747e+00 1.320877519390953125e+02
6.143143143143142915e+00 1.321242356984753883e+02
6.153403403403403082e+00 1.321606663700848117e+02
6.163663663663663250e+00 1.321970438334167000e+02
6.173923923923923418e+00 1.322333679676574434e+02
6.184184184184183586e+00 1.322696386516899167e+02
6.194444444444443754e+00 1.323058557640936783e+02
6.204704704704704810e+00 1.323420191831473005e+02
6.214964964964964977e+00 1.323781287868303025e+02
6.225225225225225145e+00 1.324141844528243155e+02
6.235485485485485313e+00 1.324501860585158113e+02
6.245745745745745481e+00 1.324861334809964148e+02
6.256006006006005649e+00 1.325220265970657749e+02
6.266266266266265816e+00 1.325578652832338946e+02
6.276526526526525984e+00 1.325936494157210745e+02
6.286786786786786152e+00 1.326293788704609824e+02
6.297047047047046320e+00 1.326650535231028698e+02
6.307307307307307376e+00 1.327006732490121408e+02
6.317567567567567544e+00 1.327362379232730518e+02
6.327827827827827711e+00 1.327717474206909287e+02
6.338088088088087879e+00 1.328072016157925646e+02
6.348348348348348047e+00 1.328426003828298860e+02
6.358608608608608215e+00 1.328779435957802377e+02
6.368868868868868383e+00 1.329132311283494801e+02
6.379129129129128550e+00 1.329484628539732398e+02
6.389389389389388718e+00 1.329836386458194681e+02
6.399649649649649774e+00 1.330187583767891510e+02
6.409909909909909942e+00 1.330538219195197485e+02
6.420170170170170110e+00 1.330888291463858764e+02
6.430430430430430278e+00 1.331237799295025468e+02
6.440690690690690445e+00 1.331586741407257364e+02
6.450950950950950613e+00 1.331935116516553421e+02
6.461211211211210781e+00 1.332282923336370573e+02
6.471471471471470949e+00 1.332630160577641050e+02
6.481731731731731116e+00 1.332976826948790290e+02
6.491991991991991284e+00 1.333322921155767631e+02
6.502252252252252340e+00 1.333668441902056543e+02
6.512512512512512508e+00 1.334013387888696229e+02
6.522772772772772676e+00 1.334357757814308343e+02
6.533033033033032844e+00 1.334701550375110628e+02
6.543293293293293011e+00 1.335044764264946195e+02
6.553553553553553179e+00 1.335387398175293754e+02
6.563813813813813347e+00 1.335729450795292905e+02
6.574074074074073515e+00 1.336070920811775125e+02
6.584334334334333683e+00 1.336411806909271718e+02
6.594594594594593850e+00 1.336752107770033433e+02
6.604854854854854906e+00 1.337091822074071672e+02
6.615115115115115074e+00 1.337430948499157921e+02
6.625375375375375242e+00 1.337769485720857290e+02
6.635635635635635410e+00 1.338107432412547837e+02
6.645895895895895578e+00 1.338444787245439613e+02
6.656156156156155745e+00 1.338781548888602799e+02
6.666416416416415913e+00 1.339117716008986179e+02
6.676676676676676081e+00 1.339453287271436182e+02
6.686936936936936249e+00 1.339788261338723601e+02
6.697197197197197305e+00 1.340122636871568886e+02
6.707457457457457473e+00 1.340456412528658063e+02
6.717717717717717640e+00 1.340789586966663478e+02
6.727977977977977808e+00 1.341122158840279326e+02
6.738238238238237976e+00 1.341454126802233304e+02
6.748498498498498144e+00 1.341785489503308781e+02
6.758758758758758312e+00 1.342116245592378903e+02
6.769019019019018479e+00 1.342446393716417674e+02
6.779279279279278647e+00 1.342775932520526396e+02
6.789539539539538815e+00 1.343104860647963790e+02
6.799799799799799871e+00 1.343433176740165038e+02
6.810060060060060039e+00 1.343760879436758557e+02
6.820320320320320207e+00 1.344087967375598964e+02
6.830580580580580374e+00 1.344414439192792088e+02
6.840840840840840542e+00 1.344740293522708043e+02
6.851101101101100710e+00 1.345065528998015623e+02
6.861361361361360878e+00 1.345390144249703326e+02
6.871621621621621046e+00 1.345714137907099825e+02
6.881881881881881213e+00 1.346037508597901535e+02
6.892142142142141381e+00 1.346360254948199042e+02
6.902402402402402437e+00 1.346682375582498992e+02
6.912662662662662605e+00 1.347003869123745972e+02
6.922922922922922773e+00 1.347324734193351787e+02
6.933183183183182940e+00 1.347644969411217915e+02
6.943443443443443108e+00 1.347964573395764489e+02
6.953703703703703276e+00 1.348283544763948214e+02
6.963963963963963444e+00 1.348601882131290779e+02
6.974224224224223612e+00 1.348919584111903021e+02
6.984484484484483779e+00 1.349236649318522723e+02
6.994744744744744835e+00 1.349553076362510353e+02
7.005005005005005003e+00 1.349868863853908181e+02
7.015265265265265171e+00 1.350184010401443118e+02
7.025525525525525339e+00 1.350498514612558267e+02
7.035785785785785507e+00 1.350812375093446178e+02
7.046046046046045674e+00 1.351125590449066465e+02
7.056306306306305842e+00 1.351438159283171387e+02
7.066566566566566010e+00 1.351750080198336263e+02
7.076826826826826178e+00 1.352061351795983910e+02
7.087087087087086346e+00 1.352371972676409939e+02
7.097347347347347402e+00 1.352681941438809190e+02
7.107607607607607569e+00 1.352991256681304719e+02
7.117867867867867737e+00 1.353299917000968549e+02
7.128128128128127905e+00 1.353607920993857761e+02
7.138388388388388073e+00 1.353915267255027288e+02
7.148648648648648241e+00 1.354221954378570274e+02
7.158908908908908408e+00 1.354527980957639386e+02
7.169169169169168576e+00 1.354833345584471260e+02
7.179429429429428744e+00 1.355138046850414923e+02
7.189689689689688912e+00 1.355442083345963908e+02
7.199949949949949968e+00 1.355745453660770750e+02
7.210210210210210136e+00 1.356048156383695300e+02
7.220470470470470303e+00 1.356350190102808995e+02
7.230730730730730471e+00 1.356651553405437767e+02
7.240990990990990639e+00 1.356952244878179954e+02
7.251251251251250807e+00 1.357252263106946089e+02
7.261511511511510975e+00 1.357551606676973392e+02
7.271771771771771142e+00 1.357850274172857326e+02
7.282032032032031310e+00 1.358148264178584554e+02
7.292292292292292366e+00 1.358445575277561090e+02
7.302552552552552534e+00 1.358742206052625932e+02
7.312812812812812702e+00 1.359038155086102790e+02
7.323073073073072869e+00 1.359333420959803505e+02
7.333333333333333037e+00 1.359628002255076922e+02
7.343593593593593205e+00 1.359921897552820269e+02
7.353853853853853373e+00 1.360215105433526048e+02
7.364114114114113541e+00 1.360507624477290278e+02
7.374374374374373708e+00 1.360799453263853707e+02
7.384634634634633876e+00 1.361090590372628810e+02
7.394894894894894932e+00 1.361381034382730491e+02
7.405155155155155100e+00 1.361670783872993411e+02
7.415415415415415268e+00 1.361959837422010366e+02
7.425675675675675436e+00 1.362248193608167810e+02
7.435935935935935603e+00 1.362535851009657222e+02
7.446196196196195771e+00 1.362822808204521152e+02
7.456456456456455939e+00 1.363109063770667149e+02
7.466716716716716107e+00 1.363394616285910956e+02
7.476976976976976275e+00 1.363679464327993855e+02
7.487237237237236442e+00 1.363963606474624726e+02
7.497497497497497498e+00 1.364247041303493972e+02
7.507757757757757666e+00 1.364529767392318718e+02
7.518018018018017834e+00 1.364811783318856442e+02
7.528278278278278002e+00 1.365093087660950744e+02
7.538538538538538170e+00 1.365373678996548961e+02
7.548798798798798337e+00 1.365653555903735992e+02
7.559059059059058505e+00 1.365932716960764139e+02
7.569319319319318673e+00 1.366211160746086648e+02
7.579579579579578841e+00 1.366488885838376177e+02
7.589839839839839897e+00 1.366765890816571698e+02
7.600100100100100065e+00 1.367042174259889578e+02
7.610360360360360232e+00 1.367317734747871043e+02
7.620620620620620400e+00 1.367592570860397814e+02
7.630880880880880568e+00 1.367866681177734733e+02
7.641141141141140736e+00 1.368140064280549950e+02
7.651401401401400904e+00 1.368412718749952717e+02
7.661661661661661071e+00 1.368684643167517265e+02
7.671921921921921239e+00 1.368955836115318050e+02
7.682182182182181407e+00 1.369226296175960726e+02
7.692442442442442463e+00 1.369496021932598921e+02
7.702702702702702631e+00 1.369765011968997328e+02
7.712962962962962798e+00 1.370033264869520053e+02
7.723223223223222966e+00 1.370300779219197125e+02
7.733483483483483134e+00 1.370567553603731596e+02
7.743743743743743302e+00 1.370833586609541612e+02
7.754004004004003470e+00 1.371098876823789396e+02
7.764264264264263637e+00 1.371363422834415360e+02
7.774524524524523805e+00 1.371627223230154300e+02
7.784784784784783973e+00 1.371890276600590823e+02
7.795045045045045029e+00 1.372152581536165030e+02
7.805305305305305197e+00 1.372414136628220547e+02
7.815565565565565365e+00 1.372674940469030673e+02
7.825825825825825532e+00 1.372934991651824248e+02
7.836086086086085700e+00 1.373194288770827995e+02
7.846346346346345868e+00 1.373452830421280453e+02
7.856606606606606036e+00 1.373710615199486540e+02
7.866866866866866204e+00 1.373967641702829212e+02
7.877127127127126371e+00 1.374223908529806977e+02
7.887387387387387427e+00 1.374479414280067999e+02
7.897647647647647595e+00 1.374734157554438525e+02
7.907907907907907763e+00 1.374988136954952722e+02
7.918168168168167931e+00 1.375241351084888777e+02
7.928428428428428099e+00 1.375493798548800157e+02
7.938688688688688266e+00 1.375745477952537499e+02
7.948948948948948434e+00 1.375996387903293510e+02
7.959209209209208602e+00 1.376246527009626277e+02
7.969469469469468770e+00 1.376495893881491668e+02
7.979729729729728938e+00 1.376744487130278856e+02
7.989989989989989994e+00 1.376992305368836753e+02
8.000250250250250161e+00 1.377239347211510960e+02
8.010510510510510329e+00 1.377485611274166786e+02
8.020770770770770497e+00 1.377731096174231311e+02
8.031031031031030665e+00 1.377975800530719255e+02
8.041291291291290833e+00 1.378219722964265941e+02
8.051551551551551000e+00 1.378462862097156005e+02
8.061811811811811168e+00 1.378705216553366313e+02
8.072072072072071336e+00 1.378946784958572493e+02
8.082332332332331504e+00 1.379187565940219713e+02
8.092592592592591672e+00 1.379427558127514430e+02
8.102852852852851839e+00 1.379666760151479821e+02
8.113113113113112007e+00 1.379905170644990449e+02
8.123373373373372175e+00 1.380142788242777954e+02
8.133633633633632343e+00 1.380379611581495283e+02
8.143893893893892511e+00 1.380615639299728343e+02
8.154154154154152678e+00 1.380850870038029825e+02
8.164414414414412846e+00 1.381085302438961833e+02
8.174674674674673014e+00 1.381318935147115781e+02
8.184934934934934958e+00 1.381551766809144510e+02
8.195195195195195126e+00 1.381783796073808901e+02
8.205455455455455294e+00 1.382015021591990944e+02
8.215715715715715461e+00 1.382245442016738082e+02
8.225975975975975629e+00 1.382475056003285090e+02
8.236236236236235797e+00 1.382703862209101828e+02
8.246496496496495965e+00 1.382931859293906882e+02
8.256756756756756133e+00 1.383159045919709911e+02
8.267017017017016300e+00 1.383385420750842059e+02
8.277277277277276468e+00 1.383610982453985798e+02
8.287537537537538412e+00 1.383835729698210457e+02
8.297797797797798580e+00 1.384059661154996377e+02
8.308058058058058748e+00 1.384282775498278966e+02
8.318318318318318916e+00 1.384505071404468595e+02
8.328578578578579084e+00 1.384726547552488967e+02
8.338838838838839251e+00 1.384947202623806675e+02
8.349099099099099419e+00 1.385167035302466445e+02
8.359359359359359587e+00 1.385386044275115864e+02
8.369619619619619755e+00 1.385604228231043180e+02
8.379879879879879923e+00 1.385821585862209417e+02
8.390140140140140090e+00 1.386038115863273958e+02
8.400400400400400258e+00 1.386253816931633480e+02
8.410660660660660426e+00 1.386468687767452934e+02
8.420920920920920594e+00 1.386682727073684873e+02
8.431181181181180762e+00 1.386895933556122884e+02
8.441441441441440929e+00 1.387108305923414093e+02
8.451701701701701097e+00 1.387319842887097820e+02
8.461961961961961265e+00 1.387530543161643095e+02
8.472222222222221433e+00 1.387740405464470541e+02
8.482482482482481601e+00 1.387949428515983357e+02
8.492742742742741768e+00 1.388157611039613641e+02
8.503003003003001936e+00 1.388364951761836608e+02
8.513263263263262104e+00 1.388571449412209802e+02
8.523523523523522272e+00 1.388777102723401526e+02
8.533783783783784216e+00 1.388981910431231483e+02
8.544044044044044384e+00 1.389185871274687543e+02
8.554304304304304551e+00 1.389388983995969511e+02
8.564564564564564719e+00 1.389591247340511870e+02
8.574824824824824887e+00 1.389792660057018736e+02
8.585085085085085055e+00 1.389993220897501089e+02
8.595345345345345223e+00 1.390192928617290988e+02
8.605605605605605390e+00 1.390391781975092726e+02
8.615865865865865558e+00 1.390589779732997897e+02
8.626126126126125726e+00 1.390786920656528025e+02
8.636386386386385894e+00 1.390983203514659863e+02
8.646646646646646062e+00 1.391178627079853243e+02
8.656906906906906229e+00 1.391373190128090584e+02
8.667167167167166397e+00 1.391566891438894800e+02
8.677427427427426565e+00 1.391759729795382157e+02
8.687687687687686733e+00 1.391951703984265691e+02
8.697947947947946901e+00 1.392142812795907503e+02
8.708208208208207068e+00 1.392333055024335806e+02
8.718468468468467236e+00 1.392522429467282166e+02
8.728728728728729180e+00 1.392710934926213611e+02
8.738988988988989348e+00 1.392898570206357647e+02
8.749249249249249516e+00 1.393085334116736931e+02
8.759509509509509684e+00 1.393271225470195702e+02
8.769769769769769852e+00 1.393456243083433606e+02
8.780030030030030019e+00 1.393640385777032407e+02
8.790290290290290187e+00 1.393823652375492088e+02
8.800550550550550355e+00 1.394006041707255577e+02
8.810810810810810523e+00 1.394187552604737732e+02
8.821071071071070691e+00 1.394368183904364571e+02
8.831331331331330858e+00 1.394547934446586908e+02
8.841591591591591026e+00 1.394726803075930093e+02
8.851851851851851194e+00 1.394904788641004245e+02
8.862112112112111362e+00 1.395081889994549726e+02
8.872372372372371530e+00 1.395258105993460447e+02
8.882632632632631697e+00 1.395433435498806034e+02
8.892892892892891865e+00 1.395607877375877877e+02
8.903153153153152033e+00 1.395781430494203619e+02
8.913413413413412201e+00 1.395954093727580982e+02
8.923673673673672369e+00 1.396125865954113294e+02
8.933933933933934313e+00 1.396296746056227391e+02
8.944194194194194480e+00 1.396466732920713980e+02
8.954454454454454648e+00 1.396635825438746394e+02
8.964714714714714816e+00 1.396804022505919249e+02
8.974974974974974984e+00 1.396971323022270894e+02
8.985235235235235152e+00 1.397137725892312403e+02
8.995495495495495319e+00 1.397303230025056564e+02
9.005755755755755487e+00 1.397467834334052839e+02
9.016016016016015655e+00 1.397631537737405267e+02
9.026276276276275823e+00 1.397794339157805439e+02
9.036536536536535991e+00 1.397956237522570007e+02
9.046796796796796158e+00 1.398117231763651489e+02
9.057057057057056326e+00 1.398277320817676639e+02
9.067317317317316494e+00 1.398436503625975433e+02
9.077577577577576662e+00 1.398594779134607791e+02
9.087837837837836830e+00 1.398752146294388581e+02
9.098098098098096997e+00 1.398908604060913490e+02
9.108358358358357165e+00 1.399064151394600231e+02
9.118618618618617333e+00 1.399218787260693091e+02
9.128878878878879277e+00 1.399372510629314377e+02
9.139139139139139445e+00 1.399525320475476917e+02
9.149399399399399613e+00 1.399677215779112487e+02
9.159659659659659781e+00 1.399828195525104491e+02
9.169919919919919948e+00 1.399978258703312406e+02
9.180180180180180116e+00 1.400127404308597079e+02
9.190440440440440284e+00 1.400275631340850850e+02
9.200700700700700452e+00 1.400422938805019726e+02
9.210960960960960620e+00 1.400569325711133786e+02
9.221221221221220787e+00 1.400714791074332197e+02
9.231481481481480955e+00 1.400859333914891351e+02
9.241741741741741123e+00 1.401002953258246180e+02
9.252002002002001291e+00 1.401145648135021702e+02
9.262262262262261459e+00 1.401287417581059742e+02
9.272522522522521626e+00 1.401428260637434278e+02
9.282782782782781794e+00 1.401568176350495492e+02
9.293043043043041962e+00 1.401707163771877163e+02
9.303303303303302130e+00 1.401845221958532193e+02
9.313563563563562298e+00 1.401982349972758470e+02
9.323823823823824242e+00 1.402118546882217345e+02
9.334084084084084409e+00 1.402253811759964890e+02
9.344344344344344577e+00 1.402388143684478052e+02
9.354604604604604745e+00 1.402521541739671989e+02
9.364864864864864913e+00 1.402654005014933318e+02
9.375125125125125081e+00 1.402785532605137178e+02
9.385385385385385248e+00 1.402916123610681893e+02
9.395645645645645416e+00 1.403045777137500920e+02
9.405905905905905584e+00 1.403174492297093252e+02
9.416166166166165752e+00 1.403302268206555823e+02
9.426426426426425920e+00 1.403429103988588906e+02
9.436686686686686087e+00 1.403554998771539601e+02
9.446946946946946255e+00 1.403679951689409222e+02
9.457207207207206423e+00 1.403803961881887972e+02
9.467467467467466591e+00 1.403927028494374838e+02
9.477727727727726759e+00 1.404049150678002604e+02
9.487987987987986926e+00 1.404170327589652914e+02
9.498248248248247094e+00 1.404290558391990658e+02
9.508508508508507262e+00 1.404409842253480463e+02
9.518768768768767430e+00 1.404528178348411700e+02
9.529029029029029374e+00 1.404645565856918950e+02
9.539289289289289542e+00 1.404762003965010422e+02
9.549549549549549710e+00 1.404877491864579895e+02
9.559809809809809877e+00 1.404992028753435136e+02
9.570070070070070045e+00 1.405105613835325755e+02
9.580330330330330213e+00 1.405218246319948889e+02
9.590590590590590381e+00 1.405329925422993256e+02
9.600850850850850549e+00 1.405440650366140858e+02
9.611111111111110716e+00 1.405550420377096827e+02
9.621371371371370884e+00 1.405659234689610457e+02
9.631631631631631052e+00 1.405767092543498791e+02
9.641891891891891220e+00 1.405873993184659412e+02
9.652152152152151388e+00 1.405979935865105972e+02
9.662412412412411555e+00 1.406084919842968191e+02
9.672672672672671723e+00 1.406188944382532497e+02
9.682932932932931891e+00 1.406292008754247433e+02
9.693193193193192059e+00 1.406394112234758609e+02
9.703453453453452227e+00 1.406495254106911830e+02
9.713713713713712394e+00 1.406595433659786352e+02
9.723973973973974338e+00 1.406694650188708238e+02
9.734234234234234506e+00 1.406792902995270254e+02
9.744494494494494674e+00 1.406890191387355458e+02
9.754754754754754842e+00 1.406986514679154823e+02
9.765015015015015010e+00 1.407081872191179173e+02
9.775275275275275177e+00 1.407176263250288741e+02
9.785535535535535345e+00 1.407269687189706246e+02
9.795795795795795513e+00 1.407362143349037069e+02
9.806056056056055681e+00 1.407453631074285454e+02
9.816316316316315849e+00 1.407544149717873267e+02
9.826576576576576016e+00 1.407633698638666147e+02
9.836836836836836184e+00 1.407722277201970655e+02
9.847097097097096352e+00 1.407809884779585445e+02
9.857357357357356520e+00 1.407896520749785054e+02
9.867617617617616688e+00 1.407982184497350602e+02
9.877877877877876855e+00 1.408066875413596790e+02
9.888138138138137023e+00 1.408150592896372757e+02
9.898398398398397191e+00 1.408233336350094476e+02
9.908658658658657359e+00 1.408315105185744471e+02
9.918918918918919303e+00 1.408395898820902516e+02
9.929179179179179471e+00 1.408475716679753589e+02
9.939439439439439639e+00 1.408554558193108903e+02
9.949699699699699806e+00 1.408632422798421828e+02
9.959959959959959974e+00 1.408709309939799539e+02
9.970220220220220142e+00 1.408785219068021775e+02
9.980480480480480310e+00 1.408860149640555335e+02
9.990740740740740478e+00 1.408934101121571416e+02
1.000100100100100065e+01 1.409007072981958117e+02
1.001126126126126081e+01 1.409079064699332662e+02
1.002152152152152098e+01 1.409150075758067260e+02
1.003178178178178115e+01 1.409220105649289394e+02
1.004204204204204132e+01 1.409289153870907967e+02
1.005230230230230148e+01 1.409357219927616427e+02
1.006256256256256165e+01 1.409424303330917496e+02
1.007282282282282182e+01 1.409490403599131696e+02
1.008308308308308199e+01 1.409555520257409569e+02
1.009334334334334216e+01 1.409619652837752426e+02
1.010360360360360232e+01 1.409682800879010927e+02
1.011386386386386249e+01 1.409744963926911794e+02
1.012412412412412444e+01 1.409806141534072310e+02
1.013438438438438460e+01 1.409866333260000033e+02
1.014464464464464477e+01 1.409925538671111553e+02
1.015490490490490494e+01 1.409983757340750401e+02
1.016516516516516511e+01 1.410040988849190171e+02
1.017542542542542527e+01 1.410097232783652998e+02
1.018568568568568544e+01 1.410152488738317516e+02
1.019594594594594561e+01 1.410206756314330789e+02
1.020620620620620578e+01 1.410260035119823954e+02
1.021646646646646595e+01 1.410312324769915335e+02
1.022672672672672611e+01 1.410363624886729212e+02
1.023698698698698628e+01 1.410413935099401215e+02
1.024724724724724645e+01 1.410463255044092534e+02
1.025750750750750662e+01 1.410511584363997883e+02
1.026776776776776678e+01 1.410558922709354590e+02
1.027802802802802695e+01 1.410605269737459082e+02
1.028828828828828712e+01 1.410650625112667171e+02
1.029854854854854729e+01 1.410694988506412813e+02
1.030880880880880746e+01 1.410738359597206113e+02
1.031906906906906940e+01 1.410780738070659197e+02
1.032932932932932957e+01 1.410822123619473700e+02
1.033958958958958974e+01 1.410862515943472602e+02
1.034984984984984990e+01 1.410901914749590844e+02
1.036011011011011007e+01 1.410940319751889831e+02
1.037037037037037024e+01 1.410977730671572203e+02
1.038063063063063041e+01 1.411014147236975589e+02
1.039089089089089057e+01 1.411049569183592496e+02
1.040115115115115074e+01 1.411083996254074577e+02
1.041141141141141091e+01 1.411117428198236041e+02
1.042167167167167108e+01 1.411149864773063598e+02
1.043193193193193125e+01 1.411181305742733514e+02
1.044219219219219141e+01 1.411211750878592852e+02
1.045245245245245158e+01 1.411241199959192443e+02
1.046271271271271175e+01 1.411269652770278640e+02
1.047297297297297192e+01 1.411297109104805259e+02
1.048323323323323208e+01 1.411323568762936134e+02
1.049349349349349225e+01 1.411349031552050519e+02
1.050375375375375242e+01 1.411373497286755025e+02
1.051401401401401436e+01 1.411396965788880209e+02
1.052427427427427453e+01 1.411419436887488246e+02
1.053453453453453470e+01 1.411440910418886574e+02
1.054479479479479487e+01 1.411461386226614536e+02
1.055505505505505504e+01 1.411480864161468674e+02
1.056531531531531520e+01 1.411499344081489085e+02
1.057557557557557537e+01 1.411516825851975625e+02
1.058583583583583554e+01 1.411533309345487055e+02
1.059609609609609571e+01 1.411548794441843029e+02
1.060635635635635587e+01 1.411563281028132906e+02
1.061661661661661604e+01 1.411576768998711202e+02
1.062687687687687621e+01 1.411589258255208676e+02
1.063713713713713638e+01 1.411600748706527497e+02
1.064739739739739655e+01 1.411611240268853749e+02
1.065765765765765671e+01 1.411620732865649757e+02
1.066791791791791688e+01 1.411629226427660910e+02
1.067817817817817705e+01 1.411636720892915662e+02
1.068843843843843722e+01 1.411643216206732632e+02
1.069869869869869738e+01 1.411648712321715777e+02
1.070895895895895755e+01 1.411653209197760930e+02
1.071921921921921950e+01 1.411656706802050110e+02
1.072947947947947966e+01 1.411659205109063748e+02
1.073973973973973983e+01 1.411660704100561361e+02
1.075000000000000000e+01 1.411661203765609969e+02
