1.000000000000000021e-02 1.001150519090242938e-59
5.003003003003003712e-02 2.174013804429440737e-33
9.006006006006006537e-02 9.896627513552651122e-26
1.300900900900901214e-01 1.794036116214354992e-21
1.701201201201201496e-01 1.264098344215100977e-18
2.101501501501501779e-01 1.554147881664084634e-16
2.501801801801802339e-01 6.513689831949975386e-15
2.902102102102102621e-01 1.325114617354900762e-13
3.302402402402402903e-01 1.610574138940970880e-12
3.702702702702703186e-01 1.334170707658324958e-11
4.103003003003003468e-01 8.228529652356303136e-11
4.503303303303303751e-01 4.019844186947060302e-10
4.903603603603604588e-01 1.627012738397364606e-09
5.303903903903904871e-01 5.642113419521310170e-09
5.704204204204205153e-01 1.719910919607280032e-08
6.104504504504505435e-01 4.701947056215204683e-08
6.504804804804805718e-01 1.171273327244417502e-07
6.905105105105106000e-01 2.692822862084017304e-07
7.305405405405406283e-01 5.773848454535525252e-07
7.705705705705706565e-01 1.164607424226243212e-06
8.106006006006006848e-01 2.225758349712065804e-06
8.506306306306307130e-01 4.055035306712429346e-06
8.906606606606607413e-01 7.078903350508851418e-06
9.306906906906907695e-01 1.189338625483150750e-05
9.707207207207209088e-01 1.930463511056776819e-05
1.010750750750750937e+00 3.037127644903814155e-05
1.050780780780780965e+00 4.644677577882425258e-05
1.090810810810810993e+00 6.921990122133085481e-05
1.130840840840841022e+00 1.007513432564559450e-04
1.170870870870871050e+00 1.435046363602885473e-04
1.210900900900901078e+00 2.003697231977360365e-04
1.250930930930931106e+00 2.746777821454309682e-04
1.290960960960961135e+00 3.702062806209989714e-04
1.330990990990991163e+00 4.911735951162927473e-04
1.371021021021021191e+00 6.422229299855496338e-04
1.411051051051051219e+00 8.283956493891896653e-04
1.451081081081081248e+00 1.055094492296853367e-03
1.491111111111111276e+00 1.328037455107358494e-03
1.531141141141141304e+00 1.653203390425971942e-03
1.571171171171171332e+00 2.036770578029801788e-03
1.611201201201201361e+00 2.485049672828139582e-03
1.651231231231231389e+00 3.004412525523499859e-03
1.691261261261261417e+00 3.601218407990570362e-03
1.731291291291291445e+00 4.281739162240004969e-03
1.771321321321321474e+00 5.052084735600129509e-03
1.811351351351351502e+00 5.918130472536589463e-03
1.851381381381381530e+00 6.885447412719928814e-03
1.891411411411411558e+00 7.959236702838578745e-03
1.931441441441441809e+00 9.144269073159154090e-03
1.971471471471471837e+00 1.044483016529931807e-02
2.011501501501501643e+00 1.186467233072451347e-02
2.051531531531531449e+00 1.340697335493857938e-02
2.091561561561561700e+00 1.507430240421533778e-02
2.131591591591591506e+00 1.686859334321041265e-02
2.171621621621621756e+00 1.879112543531698612e-02
2.211651651651651562e+00 2.084251131489869152e-02
2.251681681681681813e+00 2.302269201261640530e-02
2.291711711711711619e+00 2.533093872247655504e-02
2.331741741741741869e+00 2.776586092201135253e-02
2.371771771771771675e+00 3.032542039480347687e-02
2.411801801801801926e+00 3.300695065673557582e-02
2.451831831831831732e+00 3.580718125297534943e-02
2.491861861861861982e+00 3.872226637073728633e-02
2.531891891891891788e+00 4.174781720210146013e-02
2.571921921921922038e+00 4.487893749037708685e-02
2.611951951951952289e+00 4.811026170139559577e-02
2.651981981981982095e+00 5.143599527645160291e-02
2.692012012012012345e+00 5.484995644515632679e-02
2.732042042042042151e+00 5.834561910306675786e-02
2.772072072072072402e+00 6.191615628952597261e-02
2.812102102102102208e+00 6.555448383469050788e-02
2.852132132132132458e+00 6.925330378033343892e-02
2.892162162162162264e+00 7.300514721588198530e-02
2.932192192192192515e+00 7.680241620857303220e-02
2.972222222222222321e+00 8.063742454396272130e-02
3.012252252252252571e+00 8.450243702979123861e-02
3.052282282282282377e+00 8.838970715193732175e-02
3.092312312312312628e+00 9.229151290553863629e-02
3.132342342342342434e+00 9.620019065702087313e-02
3.172372372372372684e+00 1.001081669235540511e-01
3.212402402402402490e+00 1.040079879851691785e-01
3.252432432432432741e+00 1.078923472713325948e-01
3.292462462462462547e+00 1.117541104881128872e-01
3.332492492492492797e+00 1.155863384741779715e-01
3.372522522522522603e+00 1.193823077937346405e-01
3.412552552552552854e+00 1.231355290922191287e-01
3.452582582582582660e+00 1.268397632561169552e-01
3.492612612612612910e+00 1.304890354318400947e-01
3.532642642642642716e+00 1.340776469701916163e-01
3.572672672672672967e+00 1.376001853727344681e-01
3.612702702702702773e+00 1.410515323244550256e-01
3.652732732732733023e+00 1.444268699036024284e-01
3.692762762762762829e+00 1.477216850646123625e-01
3.732792792792793080e+00 1.509317724937133398e-01
3.772822822822822886e+00 1.540532359392938755e-01
3.812852852852853136e+00 1.570824881204894719e-01
3.852882882882883386e+00 1.600162493178567402e-01
3.892912912912913193e+00 1.628515447495436363e-01
3.932942942942943443e+00 1.655857008351463988e-01
3.972972972972973249e+00 1.682163404475686130e-01
4.013003003003003499e+00 1.707413772507549166e-01
4.053033033033033306e+00 1.731590092182540286e-01
4.093063063063063112e+00 1.754677114242497726e-01
4.133093093093093806e+00 1.776662281950581457e-01
4.173123123123123612e+00 1.797535647051966279e-01
4.213153153153153418e+00 1.817289780980436698e-01
4.253183183183183225e+00 1.835919682068814507e-01
4.293213213213213919e+00 1.853422679477983448e-01
4.333243243243243725e+00 1.869798334515728466e-01
4.373273273273273531e+00 1.885048339972932863e-01
4.413303303303303338e+00 1.899176418061331306e-01
4.453333333333334032e+00 1.912188217494229237e-01
4.493363363363363838e+00 1.924091210209676051e-01
4.533393393393393644e+00 1.934894588194635834e-01
4.573423423423423451e+00 1.944609160829067485e-01
4.613453453453454145e+00 1.953247253130492023e-01
4.653483483483483951e+00 1.960822605242825423e-01
4.693513513513513757e+00 1.967350273477997402e-01
4.733543543543543564e+00 1.972846533185315387e-01
4.773573573573574258e+00 1.977328783691600089e-01
4.813603603603604064e+00 1.980815455524965463e-01
4.853633633633633870e+00 1.983325920106656648e-01
4.893663663663663677e+00 1.984880402068621152e-01
4.933693693693694371e+00 1.985499894329507686e-01
4.973723723723724177e+00 1.985206076038420198e-01
5.013753753753753983e+00 1.984021233474115020e-01
5.053783783783783790e+00 1.981968183967205699e-01
5.093813813813814484e+00 1.979070202894467334e-01
5.133843843843844290e+00 1.975350953777285923e-01
5.173873873873874096e+00 1.970834421500723965e-01
5.213903903903904791e+00 1.965544848655498000e-01
5.253933933933934597e+00 1.959506674992261555e-01
5.293963963963964403e+00 1.952744479965995983e-01
5.333993993993994209e+00 1.945282928337849770e-01
5.374024024024024904e+00 1.937146718792477074e-01
5.414054054054054710e+00 1.928360535520649011e-01
5.454084084084084516e+00 1.918949002709681162e-01
5.494114114114114322e+00 1.908936641877851392e-01
5.534144144144145017e+00 1.898347831983544787e-01
5.574174174174174823e+00 1.887206772235188734e-01
5.614204204204204629e+00 1.875537447524142642e-01
5.654234234234234435e+00 1.863363596399472411e-01
5.694264264264265130e+00 1.850708681500989883e-01
5.734294294294294936e+00 1.837595862364919397e-01
5.774324324324324742e+00 1.824047970515114137e-01
5.814354354354354548e+00 1.810087486751787988e-01
5.854384384384385243e+00 1.795736520549207349e-01
5.894414414414415049e+00 1.781016791473668814e-01
5.934444444444444855e+00 1.765949612533370683e-01
5.974474474474474661e+00 1.750555875372333536e-01
6.014504504504505356e+00 1.734856037221431113e-01
6.054534534534535162e+00 1.718870109520706513e-01
6.094564564564564968e+00 1.702617648128529892e-01
6.134594594594594774e+00 1.686117745034695081e-01
6.174624624624625469e+00 1.669389021496324177e-01
6.214654654654655275e+00 1.652449622517309924e-01
6.254684684684685081e+00 1.635317212594045722e-01
6.294714714714714887e+00 1.618008972652337785e-01
6.334744744744745581e+00 1.600541598102570573e-01
6.374774774774775388e+00 1.582931297942494209e-01
6.414804804804805194e+00 1.565193794839331298e-01
6.454834834834835888e+00 1.547344326125263403e-01
6.494864864864865694e+00 1.529397645642761039e-01
6.534894894894895501e+00 1.511368026378619722e-01
6.574924924924925307e+00 1.493269263827981252e-01
6.614954954954956001e+00 1.475114680032022785e-01
6.654984984984985807e+00 1.456917128235372672e-01
6.695015015015015614e+00 1.438688998111689321e-01
6.735045045045045420e+00 1.420442221508158298e-01
6.775075075075076114e+00 1.402188278661963550e-01
6.815105105105105920e+00 1.383938204844046282e-01
6.855135135135135727e+00 1.365702597387651596e-01
6.895165165165165533e+00 1.347491623061351784e-01
6.935195195195196227e+00 1.329315025748303292e-01
6.975225225225226033e+00 1.311182134395562915e-01
7.015255255255255840e+00 1.293101871199263675e-01
7.055285285285285646e+00 1.275082759993388659e-01
7.095315315315316340e+00 1.257132934811736324e-01
7.135345345345346146e+00 1.239260148594472088e-01
7.175375375375375953e+00 1.221471782012415325e-01
7.215405405405405759e+00 1.203774852383870664e-01
7.255435435435436453e+00 1.186176022660431484e-01
7.295465465465466259e+00 1.168681610459734455e-01
7.335495495495496066e+00 1.151297597124623928e-01
7.375525525525525872e+00 1.134029636789623402e-01
7.415555555555556566e+00 1.116883065436946876e-01
7.455585585585586372e+00 1.099862909925631294e-01
7.495615615615616179e+00 1.082973896978552536e-01
7.535645645645645985e+00 1.066220462113336154e-01
7.575675675675676679e+00 1.049606758504262466e-01
7.615705705705706485e+00 1.033136665763353668e-01
7.655735735735736291e+00 1.016813798629840615e-01
7.695765765765766986e+00 1.000641515558197275e-01
7.735795795795796792e+00 9.846229271958292784e-02
7.775825825825826598e+00 9.687609047423566266e-02
7.815855855855856404e+00 9.530580881833047857e-02
7.855885885885887099e+00 9.375168943917226716e-02
7.895915915915916905e+00 9.221395250920430553e-02
7.935945945945946711e+00 9.069279746811283183e-02
7.975975975975976517e+00 8.918840379021543419e-02
8.016006006006007212e+00 8.770093173675326537e-02
8.056036036036037018e+00 8.623052309276853233e-02
8.096066066066066824e+00 8.477730188829986357e-02
8.136096096096096630e+00 8.334137510367910229e-02
8.176126126126126437e+00 8.192283335875874539e-02
8.216156156156156243e+00 8.052175158594389315e-02
8.256186186186187825e+00 7.913818968694244504e-02
8.296216216216217632e+00 7.777219317318398439e-02
8.336246246246247438e+00 7.642379378989445915e-02
8.376276276276277244e+00 7.509301012384494989e-02
8.416306306306307050e+00 7.377984819482155676e-02
8.456336336336336856e+00 7.248430203089367696e-02
8.496366366366366663e+00 7.120635422757991273e-02
8.536396396396396469e+00 6.994597649103623249e-02
8.576426426426428051e+00 6.870313016541113038e-02
8.616456456456457857e+00 6.747776674453144496e-02
8.656486486486487664e+00 6.626982836810087207e-02
8.696516516516517470e+00 6.507924830260833349e-02
8.736546546546547276e+00 6.390595140715685241e-02
8.776576576576577082e+00 6.274985458443815833e-02
8.816606606606606888e+00 6.161086721708673025e-02
8.856636636636636695e+00 6.048889158966008067e-02
8.896666666666668277e+00 5.938382329649773139e-02
8.936696696696698083e+00 5.829555163572133769e-02
8.976726726726727890e+00 5.722395998964291408e-02
9.016756756756757696e+00 5.616892619185512997e-02
9.056786786786787502e+00 5.513032288128118935e-02
9.096816816816817308e+00 5.410801784346586790e-02
9.136846846846847114e+00 5.310187433939101559e-02
9.176876876876878697e+00 5.211175142210340561e-02
9.216906906906908503e+00 5.113750424144068024e-02
9.256936936936938309e+00 5.017898433714461370e-02
9.296966966966968116e+00 4.923603992064978785e-02
9.336996996996997922e+00 4.830851614583542286e-02
9.377027027027027728e+00 4.739625536902710573e-02
9.417057057057057534e+00 4.649909739853332058e-02
9.457087087087087340e+00 4.561687973400103263e-02
9.497117117117118923e+00 4.474943779587067100e-02
9.537147147147148729e+00 4.389660514520907914e-02
9.577177177177178535e+00 4.305821369419632338e-02
9.617207207207208342e+00 4.223409390753778830e-02
9.657237237237238148e+00 4.142407499507085727e-02
9.697267267267267954e+00 4.062798509583066126e-02
9.737297297297297760e+00 3.984565145383573564e-02
9.777327327327327566e+00 3.907690058585081005e-02
9.817357357357359149e+00 3.832155844137796752e-02
9.857387387387388955e+00 3.757945055512579291e-02
9.897417417417418761e+00 3.685040219219736651e-02
9.937447447447448567e+00 3.613423848623867340e-02
9.977477477477478374e+00 3.543078457077795951e-02
1.001750750750750818e+01 3.473986570398818197e-02
1.005753753753753799e+01 3.406130738709352290e-02
1.009756756756756779e+01 3.339493547664156015e-02
1.013759759759759937e+01 3.274057629085351528e-02
1.017762762762762918e+01 3.209805671026222385e-02
1.021765765765765899e+01 3.146720427284203231e-02
1.025768768768768879e+01 3.084784726382927902e-02
1.029771771771771860e+01 3.023981480042756131e-02
1.033774774774774841e+01 2.964293691158709915e-02
1.037777777777777821e+01 2.905704461304205871e-02
1.041780780780780979e+01 2.848196997778495998e-02
1.045783783783783960e+01 2.791754620215330940e-02
1.049786786786786941e+01 2.736360766769651773e-02
1.053789789789789921e+01 2.681998999898999037e-02
1.057792792792792902e+01 2.628653011755450325e-02
1.061795795795795883e+01 2.576306629203765214e-02
1.065798798798798863e+01 2.524943818480774801e-02
1.069801801801801844e+01 2.474548689510702379e-02
1.073804804804805002e+01 2.425105499890510205e-02
1.077807807807807983e+01 2.376598658559217828e-02
1.081810810810810963e+01 2.329012729164324155e-02
1.085813813813813944e+01 2.282332433138434258e-02
1.089816816816816925e+01 2.236542652498486189e-02
1.093819819819819905e+01 2.191628432379724364e-02
1.097822822822822886e+01 2.147574983316142064e-02
1.101825825825825866e+01 2.104367683278740228e-02
1.105828828828829025e+01 2.061992079482464005e-02
1.109831831831832005e+01 2.020433889972539018e-02
1.113834834834834986e+01 1.979679005000311437e-02
1.117837837837837967e+01 1.939713488198558863e-02
1.121840840840840947e+01 1.900523577565710678e-02
1.125843843843843928e+01 1.862095686268287406e-02
1.129846846846846908e+01 1.824416403270330209e-02
1.133849849849849889e+01 1.787472493798444168e-02
1.137852852852853047e+01 1.751250899650671350e-02
1.141855855855856028e+01 1.715738739357169917e-02
1.145858858858859008e+01 1.680923308200315061e-02
1.149861861861861989e+01 1.646792078101625909e-02
1.153864864864864970e+01 1.613332697382635281e-02
1.157867867867867950e+01 1.580532990406462862e-02
1.161870870870870931e+01 1.548380957106744622e-02
1.165873873873874089e+01 1.516864772410153953e-02
1.169876876876877070e+01 1.485972785558681633e-02
1.173879879879880050e+01 1.455693519337387248e-02
1.177882882882883031e+01 1.426015669213345424e-02
1.181885885885886012e+01 1.396928102391109018e-02
1.185888888888888992e+01 1.368419856789830288e-02
1.189891891891891973e+01 1.340480139947061201e-02
1.193894894894894954e+01 1.313098327853924607e-02
1.197897897897898112e+01 1.286263963726246191e-02
1.201900900900901092e+01 1.259966756716017142e-02
1.205903903903904073e+01 1.234196580567313746e-02
1.209906906906907054e+01 1.208943472220781572e-02
1.213909909909910034e+01 1.184197630370391677e-02
1.217912912912913015e+01 1.159949413976261653e-02
1.221915915915915996e+01 1.136189340736939481e-02
1.225918918918918976e+01 1.112908085524567069e-02
1.229921921921922134e+01 1.090096478786131001e-02
1.233924924924925115e+01 1.067745504913792352e-02
1.237927927927928096e+01 1.045846300587299077e-02
1.241930930930931076e+01 1.024390153091200677e-02
1.245933933933934057e+01 1.003368498609567838e-02
1.249936936936937038e+01 9.827729205007039448e-03
1.253939939939940018e+01 9.625951475543025743e-03
1.257942942942942999e+01 9.428270522333154907e-03
1.261945945945946157e+01 9.234606489027307602e-03
1.265948948948949138e+01 9.044880920473254843e-03
1.269951951951952118e+01 8.859016744803778487e-03
1.273954954954955099e+01 8.676938255452093865e-03
1.277957957957958079e+01 8.498571093113216693e-03
1.281960960960961060e+01 8.323842227668401192e-03
1.285963963963964041e+01 8.152679940088421520e-03
1.289966966966967199e+01 7.985013804330764325e-03
1.293969969969970180e+01 7.820774669245354402e-03
1.297972972972973160e+01 7.659894640501977402e-03
1.301975975975976141e+01 7.502307062552416098e-03
1.305978978978979121e+01 7.347946500639252441e-03
1.309981981981982102e+01 7.196748722862760309e-03
1.313984984984985083e+01 7.048650682316484617e-03
1.317987987987988063e+01 6.903590499301633272e-03
1.321990990990991222e+01 6.761507443629704954e-03
1.325993993993994202e+01 6.622341917022305652e-03
1.329996996996997183e+01 6.486035435616131946e-03
1.334000000000000163e+01 6.352530612581431223e-03
1.338003003003003144e+01 6.221771140860596697e-03
1.342006006006006125e+01 6.093701776034052102e-03
1.346009009009009105e+01 5.968268319319549632e-03
1.350012012012012086e+01 5.845417600710718468e-03
1.354015015015015244e+01 5.725097462260352564e-03
1.358018018018018225e+01 5.607256741513252409e-03
1.362021021021021205e+01 5.491845255093387793e-03
1.366024024024024186e+01 5.378813782449615166e-03
1.370027027027027167e+01 5.268114049763565621e-03
1.374030030030030147e+01 5.159698714023571928e-03
1.378033033033033128e+01 5.053521347267574126e-03
1.382036036036036108e+01 4.949536420998009063e-03
1.386039039039039267e+01 4.847699290771207044e-03
1.390042042042042247e+01 4.747966180963721604e-03
1.394045045045045228e+01 4.650294169717473711e-03
1.398048048048048209e+01 4.554641174065635068e-03
1.402051051051051189e+01 4.460965935240708558e-03
1.406054054054054170e+01 4.369228004166243913e-03
1.410057057057057150e+01 4.279387727133068114e-03
1.414060060060060309e+01 4.191406231661142477e-03
1.418063063063063289e+01 4.105245412547698682e-03
1.422066066066066270e+01 4.020867918101950385e-03
1.426069069069069251e+01 3.938237136567059558e-03
1.430072072072072231e+01 3.857317182729288162e-03
1.434075075075075212e+01 3.778072884714291785e-03
1.438078078078078192e+01 3.700469770970724829e-03
1.442081081081081173e+01 3.624474057440490657e-03
1.446084084084084331e+01 3.550052634915506610e-03
1.450087087087087312e+01 3.477173056580355054e-03
1.454090090090090293e+01 3.405803525740077557e-03
1.458093093093093273e+01 3.335912883732519794e-03
1.462096096096096254e+01 3.267470598024210197e-03
1.466099099099099234e+01 3.200446750488918427e-03
1.470102102102102215e+01 3.134812025867681536e-03
1.474105105105105196e+01 3.070537700409417883e-03
1.478108108108108354e+01 3.007595630690562769e-03
1.482111111111111335e+01 2.945958242612776914e-03
1.486114114114114315e+01 2.885598520577136155e-03
1.490117117117117296e+01 2.826489996833395513e-03
1.494120120120120276e+01 2.768606741003021374e-03
1.498123123123123257e+01 2.711923349774195482e-03
1.502126126126126238e+01 2.656414936767410775e-03
1.506129129129129218e+01 2.602057122569892671e-03
1.510132132132132377e+01 2.548826024937242071e-03
1.514135135135135357e+01 2.496698249160549284e-03
1.518138138138138338e+01 2.445650878597194731e-03
1.522141141141141318e+01 2.395661465363673696e-03
1.526144144144144299e+01 2.346708021188490499e-03
1.530147147147147280e+01 2.298769008423316718e-03
1.534150150150150260e+01 2.251823331210699945e-03
1.538153153153153418e+01 2.205850326806180293e-03
1.542156156156156399e+01 2.160829757053191365e-03
1.546159159159159380e+01 2.116741800008621957e-03
1.550162162162162360e+01 2.073567041717265177e-03
1.554165165165165341e+01 2.031286468133111037e-03
1.558168168168168322e+01 1.989881457185617691e-03
1.562171171171171302e+01 1.949333770989008239e-03
1.566174174174174283e+01 1.909625548192572797e-03
1.570177177177177441e+01 1.870739296470124878e-03
1.574180180180180422e+01 1.832657885146568143e-03
1.578183183183183402e+01 1.795364537959707628e-03
1.582186186186186383e+01 1.758842825955274705e-03
1.586189189189189364e+01 1.723076660513261525e-03
1.590192192192192344e+01 1.688050286503671449e-03
1.594195195195195325e+01 1.653748275569632891e-03
1.598198198198198305e+01 1.620155519536079815e-03
1.602201201201201641e+01 1.587257223942000698e-03
1.606204204204204444e+01 1.555038901694405246e-03
1.610207207207207603e+01 1.523486366842030822e-03
1.614210210210210406e+01 1.492585728467043897e-03
1.618213213213213564e+01 1.462323384692692163e-03
1.622216216216216722e+01 1.432686016805233926e-03
1.626219219219219525e+01 1.403660583488153778e-03
1.630222222222222683e+01 1.375234315166900742e-03
1.634225225225225486e+01 1.347394708462380797e-03
1.638228228228228645e+01 1.320129520751282337e-03
1.642231231231231448e+01 1.293426764831617391e-03
1.646234234234234606e+01 1.267274703691565613e-03
1.650237237237237764e+01 1.241661845379994763e-03
1.654240240240240567e+01 1.216576937976865912e-03
1.658243243243243725e+01 1.192008964661809894e-03
1.662246246246246528e+01 1.167947138879260431e-03
1.666249249249249686e+01 1.144380899598368851e-03
1.670252252252252489e+01 1.121299906666148923e-03
1.674255255255255648e+01 1.098694036252143100e-03
1.678258258258258806e+01 1.076553376383070602e-03
1.682261261261261609e+01 1.054868222565783116e-03
1.686264264264264767e+01 1.033629073497032130e-03
1.690267267267267570e+01 1.012826626858474291e-03
1.694270270270270728e+01 9.924517751953398741e-04
1.698273273273273531e+01 9.724956018773431906e-04
1.702276276276276690e+01 9.529493771402432157e-04
1.706279279279279493e+01 9.338045542066662286e-04
1.710282282282282651e+01 9.150527654847043441e-04
1.714285285285285809e+01 8.966858188428659471e-04
1.718288288288288612e+01 8.786956939599676990e-04
1.722291291291291770e+01 8.610745387485934559e-04
1.726294294294294573e+01 8.438146658507447891e-04
1.730297297297297732e+01 8.269085492043149518e-04
1.734300300300300535e+01 8.103488206791345820e-04
1.738303303303303693e+01 7.941282667811508378e-04
1.742306306306306851e+01 7.782398254236161904e-04
1.746309309309309654e+01 7.626765827638712315e-04
1.750312312312312812e+01 7.474317701045708317e-04
1.754315315315315615e+01 7.324987608581105033e-04
1.758318318318318774e+01 7.178710675729939924e-04
1.762321321321321577e+01 7.035423390210263474e-04
1.766324324324324735e+01 6.895063573441243378e-04
1.770327327327327538e+01 6.757570352595804403e-04
1.774330330330330696e+01 6.622884133227082250e-04
1.778333333333333854e+01 6.490946572456908308e-04
1.782336336336336657e+01 6.361700552715857321e-04
1.786339339339339816e+01 6.235090156023775270e-04
1.790342342342342619e+01 6.111060638800810615e-04
1.794345345345345777e+01 5.989558407197578902e-04
1.798348348348348580e+01 5.870530992935456402e-04
1.802351351351351738e+01 5.753927029645884315e-04
1.806354354354354896e+01 5.639696229699595748e-04
1.810357357357357699e+01 5.527789361515740921e-04
1.814360360360360858e+01 5.418158227341410846e-04
1.818363363363363661e+01 5.310755641492404455e-04
1.822366366366366819e+01 5.205535409045716636e-04
1.826369369369369622e+01 5.102452304975339196e-04
1.830372372372372780e+01 5.001462053721742688e-04
1.834375375375375938e+01 4.902521309186997581e-04
1.838378378378378741e+01 4.805587635146832425e-04
1.842381381381381900e+01 4.710619486070890334e-04
1.846384384384384703e+01 4.617576188343676781e-04
1.850387387387387861e+01 4.526417921877318542e-04
1.854390390390390664e+01 4.437105702108980220e-04
1.858393393393393822e+01 4.349601362374475077e-04
1.862396396396396625e+01 4.263867536651067295e-04
1.866399399399399783e+01 4.179867642661398144e-04
1.870402402402402942e+01 4.097565865331736449e-04
1.874405405405405745e+01 4.016927140596918979e-04
1.878408408408408903e+01 3.937917139545053227e-04
1.882411411411411706e+01 3.860502252895280594e-04
1.886414414414414864e+01 3.784649575801315763e-04
1.890417417417417667e+01 3.710326892974563336e-04
1.894420420420420825e+01 3.637502664119940604e-04
1.898423423423423984e+01 3.566146009678196143e-04
1.902426426426426787e+01 3.496226696868202206e-04
1.906429429429429945e+01 3.427715126023336422e-04
1.910432432432432748e+01 3.360582317215642730e-04
1.914435435435435906e+01 3.294799897161930957e-04
1.918438438438438709e+01 3.230340086406041124e-04
1.922441441441441867e+01 3.167175686771479576e-04
1.926444444444445026e+01 3.105280069078893189e-04
1.930447447447447828e+01 3.044627161122819134e-04
1.934450450450450987e+01 2.985191435902440440e-04
1.938453453453453790e+01 2.926947900101010925e-04
1.942456456456456948e+01 2.869872082808675915e-04
1.946459459459459751e+01 2.813940024483941585e-04
1.950462462462462909e+01 2.759128266148419615e-04
1.954465465465465712e+01 2.705413838810309234e-04
1.958468468468468870e+01 2.652774253111620092e-04
1.962471471471472029e+01 2.601187489194691838e-04
1.966474474474474832e+01 2.550631986783160753e-04
1.970477477477477990e+01 2.501086635473133120e-04
1.974480480480480793e+01 2.452530765229994354e-04
1.978483483483483951e+01 2.404944137086646619e-04
1.982486486486486754e+01 2.358306934038948192e-04
1.986489489489489912e+01 2.312599752134050822e-04
1.990492492492493071e+01 2.267803591747941756e-04
1.994495495495495874e+01 2.223899849047756032e-04
1.998498498498499032e+01 2.180870307635416445e-04
2.002501501501501835e+01 2.138697130368454914e-04
2.006504504504504993e+01 2.097362851354456898e-04
2.010507507507507796e+01 2.056850368115439593e-04
2.014510510510510954e+01 2.017142933918545939e-04
2.018513513513513757e+01 1.978224150269616952e-04
2.022516516516516916e+01 1.940077959566072121e-04
2.026519519519520074e+01 1.902688637905934166e-04
2.030522522522522877e+01 1.866040788049491022e-04
2.034525525525526035e+01 1.830119332530532467e-04
2.038528528528528838e+01 1.794909506913883830e-04
2.042531531531531996e+01 1.760396853196219739e-04
2.046534534534534799e+01 1.726567213347078480e-04
2.050537537537537958e+01 1.693406722987102209e-04
2.054540540540541116e+01 1.660901805200692201e-04
2.058543543543543919e+01 1.629039164480027674e-04
2.062546546546547077e+01 1.597805780797909231e-04
2.066549549549549880e+01 1.567188903806508000e-04
2.070552552552553038e+01 1.537176047159400478e-04
2.074555555555555841e+01 1.507754982954346917e-04
2.078558558558559000e+01 1.478913736294109769e-04
2.082561561561562158e+01 1.450640579962928325e-04
2.086564564564564961e+01 1.422924029216126858e-04
2.090567567567568119e+01 1.395752836680457225e-04
2.094570570570570922e+01 1.369115987362857069e-04
2.098573573573574080e+01 1.343002693765238658e-04
2.102576576576576883e+01 1.317402391103154327e-04
2.106579579579580042e+01 1.292304732626045692e-04
2.110582582582582845e+01 1.267699585036946195e-04
2.114585585585586003e+01 1.243577024009515455e-04
2.118588588588589161e+01 1.219927329800346799e-04
2.122591591591591964e+01 1.196740982954460351e-04
2.126594594594595122e+01 1.174008660102099214e-04
2.130597597597597925e+01 1.151721229844746290e-04
2.134600600600601084e+01 1.129869748728600014e-04
2.138603603603603887e+01 1.108445457303544590e-04
2.142606606606607045e+01 1.087439776265801796e-04
2.146609609609610203e+01 1.066844302682546839e-04
2.150612612612613006e+01 1.046650806296654215e-04
2.154615615615616164e+01 1.026851225909916897e-04
2.158618618618618967e+01 1.007437665843047633e-04
2.162621621621622126e+01 9.884023924708061127e-05
2.166624624624624929e+01 9.697378308307029308e-05
2.170627627627628087e+01 9.514365613036102835e-05
2.174630630630630890e+01 9.334913163648760255e-05
2.178633633633634048e+01 9.158949774043085538e-05
2.182636636636637206e+01 8.986405716136226481e-05
2.186639639639640009e+01 8.817212689399450719e-05
2.190642642642643168e+01 8.651303791038433486e-05
2.194645645645645970e+01 8.488613486806569010e-05
2.198648648648649129e+01 8.329077582436359827e-05
2.202651651651651932e+01 8.172633195676753124e-05
2.206654654654655090e+01 8.019218728922683222e-05
2.210657657657658248e+01 7.868773842424792327e-05
2.214660660660661051e+01 7.721239428066312344e-05
2.218663663663664209e+01 7.576557583695682973e-05
2.222666666666667012e+01 7.434671588002355095e-05
2.226669669669670171e+01 7.295525875924562019e-05
2.230672672672672974e+01 7.159066014577762562e-05
2.234675675675676132e+01 7.025238679692134662e-05
2.238678678678679290e+01 6.893991632549026968e-05
2.242681681681682093e+01 6.765273697404699670e-05
2.246684684684685251e+01 6.639034739391942350e-05
2.250687687687688054e+01 6.515225642888671257e-05
2.254690690690691213e+01 6.393798290343784784e-05
2.258693693693694016e+01 6.274705541550642651e-05
2.262696696696697174e+01 6.157901213358077592e-05
2.266699699699699977e+01 6.043340059810387211e-05
2.270702702702703135e+01 5.930977752706339488e-05
2.274705705705706293e+01 5.820770862568841534e-05
2.278708708708709096e+01 5.712676840016197525e-05
2.282711711711712255e+01 5.606653997526250989e-05
2.286714714714715058e+01 5.502661491585660118e-05
2.290717717717718216e+01 5.400659305215105261e-05
2.294720720720721019e+01 5.300608230863265436e-05
2.298723723723724177e+01 5.202469853661359820e-05
2.302726726726727335e+01 5.106206535030272461e-05
2.306729729729730138e+01 5.011781396633316587e-05
2.310732732732733297e+01 4.919158304666769216e-05
2.314735735735736100e+01 4.828301854481243288e-05
2.318738738738739258e+01 4.739177355526609444e-05
2.322741741741742061e+01 4.651750816613966296e-05
2.326744744744745219e+01 4.565988931487273753e-05
2.330747747747748377e+01 4.481859064698726259e-05
2.334750750750751180e+01 4.399329237780859293e-05
2.338753753753754339e+01 4.318368115709264734e-05
2.342756756756757142e+01 4.238944993649939805e-05
2.346759759759760300e+01 4.161029783984621371e-05
2.350762762762763103e+01 4.084593003608917035e-05
2.354765765765766261e+01 4.009605761496703411e-05
2.358768768768769064e+01 3.936039746525739184e-05
2.362771771771772222e+01 3.863867215558418740e-05
2.366774774774775381e+01 3.793060981772674261e-05
2.370777777777778184e+01 3.723594403237309177e-05
2.374780780780781342e+01 3.655441371726769533e-05
2.378783783783784145e+01 3.588576301770389661e-05
2.382786786786787303e+01 3.522974119930658617e-05
2.386789789789790106e+01 3.458610254306296626e-05
2.390792792792793264e+01 3.395460624254595817e-05
2.394795795795796423e+01 3.333501630329153997e-05
2.398798798798799226e+01 3.272710144427694269e-05
2.402801801801802384e+01 3.213063500146103973e-05
2.406804804804805187e+01 3.154539483333903486e-05
2.410807807807808345e+01 3.097116322846971370e-05
2.414810810810811148e+01 3.040772681493543472e-05
2.418813813813814306e+01 2.985487647169039041e-05
2.422816816816817109e+01 2.931240724175984217e-05
2.426819819819820268e+01 2.878011824724976606e-05
2.430822822822823426e+01 2.825781260612778009e-05
2.434825825825826229e+01 2.774529735074025857e-05
2.438828828828829387e+01 2.724238334802595181e-05
2.442831831831832190e+01 2.674888522139199276e-05
2.446834834834835348e+01 2.626462127421634571e-05
2.450837837837838151e+01 2.578941341494274820e-05
2.454840840840841310e+01 2.532308708373296694e-05
2.458843843843844468e+01 2.486547118064577310e-05
2.462846846846847271e+01 2.441639799530821682e-05
2.466849849849850429e+01 2.397570313804793190e-05
2.470852852852853232e+01 2.354322547245738025e-05
2.474855855855856390e+01 2.311880704935701517e-05
2.478858858858859193e+01 2.270229304212952685e-05
2.482861861861862351e+01 2.229353168339620467e-05
2.486864864864865510e+01 2.189237420300567548e-05
2.490867867867868313e+01 2.149867476730945093e-05
2.494870870870871471e+01 2.111229041969441407e-05
2.498873873873874274e+01 2.073308102234846400e-05
2.502876876876877432e+01 2.036090919923104451e-05
2.506879879879880235e+01 1.999564028022456202e-05
2.510882882882883393e+01 1.963714224644102775e-05
2.514885885885886196e+01 1.928528567665984116e-05
2.518888888888889355e+01 1.893994369487290644e-05
2.522891891891892513e+01 1.860099191891332766e-05
2.526894894894895316e+01 1.826830841014577509e-05
2.530897897897898474e+01 1.794177362419489374e-05
2.534900900900901277e+01 1.762127036269097816e-05
2.538903903903904435e+01 1.730668372601093126e-05
2.542906906906907238e+01 1.699790106699366343e-05
2.546909909909910397e+01 1.669481194560973523e-05
2.550912912912913555e+01 1.639730808456452184e-05
2.554915915915916358e+01 1.610528332581601053e-05
2.558918918918919516e+01 1.581863358798743418e-05
2.562921921921922319e+01 1.553725682465650258e-05
2.566924924924925477e+01 1.526105298350203103e-05
2.570927927927928280e+01 1.498992396629088483e-05
2.574930930930931439e+01 1.472377358968687445e-05
2.578933933933934597e+01 1.446250754686489441e-05
2.582936936936937400e+01 1.420603336991299081e-05
2.586939939939940558e+01 1.395426039300569986e-05
2.590942942942943361e+01 1.370709971633382399e-05
2.594945945945946519e+01 1.346446417077246848e-05
2.598948948948949322e+01 1.322626828327451590e-05
2.602951951951952481e+01 1.299242824297166798e-05
2.606954954954955284e+01 1.276286186797111827e-05
2.610957957957958442e+01 1.253748857283044579e-05
2.614960960960961600e+01 1.231622933669896612e-05
2.618963963963964403e+01 1.209900667210973415e-05
2.622966966966967561e+01 1.188574459441006745e-05
2.626969969969970364e+01 1.167636859181626513e-05
2.630972972972973523e+01 1.147080559608009280e-05
2.634975975975976326e+01 1.126898395375348466e-05
2.638978978978979484e+01 1.107083339804035792e-05
2.642981981981982642e+01 1.087628502122184654e-05
2.646984984984985445e+01 1.068527124764370903e-05
2.650987987987988603e+01 1.049772580725415182e-05
2.654990990990991406e+01 1.031358370968076367e-05
2.658993993993994565e+01 1.013278121883471460e-05
2.662996996996997368e+01 9.955255828032190285e-06
2.667000000000000526e+01 9.780946235621119022e-06
2.671003003003003329e+01 9.609792321104085395e-06
2.675006006006006487e+01 9.441735121745614711e-06
2.679009009009009645e+01 9.276716809655142650e-06
2.683012012012012448e+01 9.114680669334931465e-06
2.687015015015015607e+01 8.955571075683371428e-06
2.691018018018018410e+01 8.799333472444592402e-06
2.695021021021021568e+01 8.645914351094868280e-06
2.699024024024024371e+01 8.495261230156632459e-06
2.703027027027027529e+01 8.347322634931620460e-06
2.707030030030030687e+01 8.202048077644083225e-06
2.711033033033033490e+01 8.059388037985782012e-06
2.715036036036036649e+01 7.919293944054353875e-06
2.719039039039039451e+01 7.781718153677129638e-06
2.723042042042042610e+01 7.646613936112044171e-06
2.727045045045045413e+01 7.513935454118080028e-06
2.731048048048048571e+01 7.383637746387810901e-06
2.735051051051051729e+01 7.255676710334038720e-06
2.739054054054054532e+01 7.130009085223747301e-06
2.743057057057057690e+01 7.006592435651759402e-06
2.747060060060060493e+01 6.885385135347631788e-06
2.751063063063063652e+01 6.766346351308109950e-06
2.755066066066066455e+01 6.649436028249480063e-06
2.759069069069069613e+01 6.534614873372077998e-06
2.763072072072072416e+01 6.421844341431586886e-06
2.767075075075075574e+01 6.311086620110021721e-06
2.771078078078078732e+01 6.202304615680753825e-06
2.775081081081081535e+01 6.095461938961130103e-06
2.779084084084084694e+01 5.990522891547047542e-06
2.783087087087087497e+01 5.887452452323677397e-06
2.787090090090090655e+01 5.786216264246375091e-06
2.791093093093093458e+01 5.686780621386824940e-06
2.795096096096096616e+01 5.589112456238142320e-06
2.799099099099099774e+01 5.493179327274433016e-06
2.803102102102102577e+01 5.398949406759016864e-06
2.807105105105105736e+01 5.306391468796676517e-06
2.811108108108108539e+01 5.215474877624367154e-06
2.815111111111111697e+01 5.126169576136218045e-06
2.819114114114114500e+01 5.038446074637393949e-06
2.823117117117117658e+01 4.952275439822311818e-06
2.827120120120120816e+01 4.867629283973105561e-06
2.831123123123123619e+01 4.784479754372994061e-06
2.835126126126126778e+01 4.702799522930873814e-06
2.839129129129129581e+01 4.622561776012437672e-06
2.843132132132132739e+01 4.543740204473760721e-06
2.847135135135135542e+01 4.466308993893227400e-06
2.851138138138138700e+01 4.390242814997584160e-06
2.855141141141141503e+01 4.315516814278461046e-06
2.859144144144144661e+01 4.242106604795127863e-06
2.863147147147147820e+01 4.169988257160130689e-06
2.867150150150150623e+01 4.099138290703450746e-06
2.871153153153153781e+01 4.029533664812355691e-06
2.875156156156156584e+01 3.961151770442614141e-06
2.879159159159159742e+01 3.893970421798129148e-06
2.883162162162162545e+01 3.827967848175372104e-06
2.887165165165165703e+01 3.763122685969027333e-06
2.891168168168168862e+01 3.699413970836105123e-06
2.895171171171171665e+01 3.636821130014931338e-06
2.899174174174174823e+01 3.575323974795792780e-06
2.903177177177177626e+01 3.514902693140611635e-06
2.907180180180180784e+01 3.455537842448066074e-06
2.911183183183183587e+01 3.397210342461774716e-06
2.915186186186186745e+01 3.339901468318098374e-06
2.919189189189189548e+01 3.283592843731273798e-06
2.923192192192192707e+01 3.228266434312639937e-06
2.927195195195195865e+01 3.173904541021442712e-06
2.931198198198198668e+01 3.120489793744786067e-06
2.935201201201201826e+01 3.068005145003597798e-06
2.939204204204204629e+01 3.016433863782630653e-06
2.943207207207207787e+01 2.965759529481493431e-06
2.947210210210210590e+01 2.915966025984762633e-06
2.951213213213213749e+01 2.867037535848262979e-06
2.955216216216216907e+01 2.818958534599710087e-06
2.959219219219219710e+01 2.771713785150878591e-06
2.963222222222222868e+01 2.725288332319562242e-06
2.967225225225225671e+01 2.679667497458615070e-06
2.971228228228228829e+01 2.634836873190425276e-06
2.975231231231231632e+01 2.590782318244311678e-06
2.979234234234234791e+01 2.547489952394908929e-06
2.983237237237237949e+01 2.504946151499598834e-06
2.987240240240240752e+01 2.463137542632917202e-06
2.991243243243243910e+01 2.422050999315882604e-06
2.995246246246246713e+01 2.381673636838700762e-06
2.999249249249249871e+01 2.341992807674449601e-06
3.003252252252252674e+01 2.302996096982443911e-06
3.007255255255255832e+01 2.264671318199120961e-06
3.011258258258258635e+01 2.227006508714898262e-06
3.015261261261261794e+01 2.189989925635096387e-06
3.019264264264264952e+01 2.153610041623561002e-06
3.023267267267267755e+01 2.117855540826931328e-06
3.027270270270270913e+01 2.082715314878241717e-06
3.031273273273273716e+01 2.048178458978227054e-06
3.035276276276276874e+01 2.014234268052611680e-06
3.039279279279279677e+01 1.980872232984101538e-06
3.043282282282282836e+01 1.948082036917423170e-06
3.047285285285285994e+01 1.915853551636005604e-06
3.051288288288288797e+01 1.884176834008933158e-06
3.055291291291291955e+01 1.853042122506671389e-06
3.059294294294294758e+01 1.822439833784263235e-06
3.063297297297297916e+01 1.792360559330661923e-06
3.067300300300300719e+01 1.762795062182867601e-06
3.071303303303303878e+01 1.733734273703513316e-06
3.075306306306307036e+01 1.705169290420808702e-06
3.079309309309309839e+01 1.677091370929432350e-06
3.083312312312312997e+01 1.649491932851218351e-06
3.087315315315315800e+01 1.622362549854572929e-06
3.091318318318318958e+01 1.595694948731237739e-06
3.095321321321321761e+01 1.569481006529428513e-06
3.099324324324324920e+01 1.543712747742200453e-06
3.103327327327327723e+01 1.518382341549911302e-06
3.107330330330330881e+01 1.493482099115759487e-06
3.111333333333334039e+01 1.469004470933256826e-06
3.115336336336336842e+01 1.444942044224796585e-06
3.119339339339340000e+01 1.421287540390061809e-06
3.123342342342342803e+01 1.398033812503515814e-06
3.127345345345345962e+01 1.375173842859828821e-06
3.131348348348348765e+01 1.352700740566489832e-06
3.135351351351351923e+01 1.330607739182404765e-06
3.139354354354355081e+01 1.308888194401893658e-06
3.143357357357357884e+01 1.287535581782918864e-06
3.147360360360361042e+01 1.266543494518837836e-06
3.151363363363363845e+01 1.245905641252753607e-06
3.155366366366367004e+01 1.225615843933668477e-06
3.159369369369369807e+01 1.205668035713608464e-06
3.163372372372372965e+01 1.186056258884834862e-06
3.167375375375375768e+01 1.166774662856530286e-06
3.171378378378378926e+01 1.147817502169993380e-06
3.175381381381382084e+01 1.129179134551731254e-06
3.179384384384384887e+01 1.110854019003621905e-06
3.183387387387388046e+01 1.092836713929456689e-06
3.187390390390390849e+01 1.075121875297168308e-06
3.191393393393394007e+01 1.057704254835982795e-06
3.195396396396396810e+01 1.040578698267883334e-06
3.199399399399399968e+01 1.023740143572682651e-06
3.203402402402402771e+01 1.007183619286053874e-06
3.207405405405405929e+01 9.909042428298282734e-07
3.211408408408408377e+01 9.748972188740586398e-07
3.215411411411411535e+01 9.591578377300635299e-07
3.219414414414414694e+01 9.436814737739904243e-07
3.223417417417417852e+01 9.284635839002136108e-07
3.227420420420420299e+01 9.134997060040150550e-07
3.231423423423423458e+01 8.987854574930020285e-07
3.235426426426426616e+01 8.843165338266669831e-07
3.239429429429429774e+01 8.700887070835457705e-07
3.243432432432432933e+01 8.560978245554649277e-07
3.247435435435435380e+01 8.423398073683269291e-07
3.251438438438438538e+01 8.288106491289413836e-07
3.255441441441441697e+01 8.155064145973603939e-07
3.259444444444444855e+01 8.024232383842529508e-07
3.263447447447448013e+01 7.895573236728487886e-07
3.267450450450450461e+01 7.769049409649082243e-07
3.271453453453453619e+01 7.644624268503471920e-07
3.275456456456456777e+01 7.522261827999726177e-07
3.279459459459459936e+01 7.401926739809458066e-07
3.283462462462462383e+01 7.283584280944862676e-07
3.287465465465465542e+01 7.167200342354170243e-07
3.291468468468468700e+01 7.052741417731311770e-07
3.295471471471471858e+01 6.940174592535298361e-07
3.299474474474475016e+01 6.829467533215910253e-07
3.303477477477477464e+01 6.720588476640977564e-07
3.307480480480480622e+01 6.613506219721767238e-07
3.311483483483483781e+01 6.508190109232982147e-07
3.315486486486486939e+01 6.404610031822815343e-07
3.319489489489489387e+01 6.302736404210102229e-07
3.323492492492492545e+01 6.202540163564613966e-07
3.327495495495495703e+01 6.103992758067350672e-07
3.331498498498498861e+01 6.007066137646639489e-07
3.335501501501502020e+01 5.911732744887510176e-07
3.339504504504504467e+01 5.817965506110614933e-07
3.343507507507507626e+01 5.725737822617217515e-07
3.347510510510510784e+01 5.635023562097653337e-07
3.351513513513513942e+01 5.545797050199582358e-07
3.355516516516517100e+01 5.458033062253195044e-07
3.359519519519519548e+01 5.371706815150628091e-07
3.363522522522522706e+01 5.286793959375858737e-07
3.367525525525525865e+01 5.203270571183333808e-07
3.371528528528529023e+01 5.121113144921384241e-07
3.375531531531531471e+01 5.040298585498466288e-07
3.379534534534534629e+01 4.960804200988921760e-07
3.383537537537537787e+01 4.882607695376169364e-07
3.387540540540540945e+01 4.805687161430117943e-07
3.391543543543544104e+01 4.730021073716768201e-07
3.395546546546546551e+01 4.655588281736961014e-07
3.399549549549549710e+01 4.582368003192363332e-07
3.403552552552552868e+01 4.510339817375852505e-07
3.407555555555556026e+01 4.439483658684134881e-07
3.411558558558558474e+01 4.369779810250208976e-07
3.415561561561561632e+01 4.301208897693422763e-07
3.419564564564564790e+01 4.233751882984791488e-07
3.423567567567567949e+01 4.167390058425636327e-07
3.427570570570571107e+01 4.102105040737150477e-07
3.431573573573573555e+01 4.037878765258811092e-07
3.435576576576576713e+01 3.974693480253678846e-07
3.439579579579579871e+01 3.912531741318623161e-07
3.443582582582583029e+01 3.851376405897207840e-07
3.447585585585585477e+01 3.791210627893640958e-07
3.451588588588588635e+01 3.732017852385511561e-07
3.455591591591591794e+01 3.673781810433826625e-07
3.459594594594594952e+01 3.616486513988192057e-07
3.463597597597598110e+01 3.560116250885601416e-07
3.467600600600600558e+01 3.504655579940739138e-07
3.471603603603603716e+01 3.450089326126486943e-07
3.475606606606606874e+01 3.396402575842564553e-07
3.479609609609610033e+01 3.343580672270918230e-07
3.483612612612613191e+01 3.291609210815956068e-07
3.487615615615615638e+01 3.240474034628300215e-07
3.491618618618618797e+01 3.190161230210262947e-07
3.495621621621621955e+01 3.140657123101754868e-07
3.499624624624625113e+01 3.091948273644830597e-07
3.503627627627627561e+01 3.044021472825536266e-07
3.507630630630630719e+01 2.996863738191717348e-07
3.511633633633633877e+01 2.950462309845137740e-07
3.515636636636637036e+01 2.904804646506689851e-07
3.519639639639640194e+01 2.859878421653226091e-07
3.523642642642642642e+01 2.815671519724748089e-07
3.527645645645645800e+01 2.772172032400524810e-07
3.531648648648648958e+01 2.729368254942987599e-07
3.535651651651652116e+01 2.687248682608062257e-07
3.539654654654654564e+01 2.645802007120677117e-07
3.543657657657657722e+01 2.605017113214179241e-07
3.547660660660660881e+01 2.564883075232734915e-07
3.551663663663664039e+01 2.525389153795164390e-07
3.555666666666667197e+01 2.486524792519269074e-07
3.559669669669669645e+01 2.448279614805616722e-07
3.563672672672672803e+01 2.410643420679362150e-07
3.567675675675675961e+01 2.373606183689437764e-07
3.571678678678679120e+01 2.337158047863614631e-07
3.575681681681682278e+01 2.301289324718764172e-07
3.579684684684684726e+01 2.265990490325046995e-07
3.583687687687687884e+01 2.231252182423158548e-07
3.587690690690691042e+01 2.197065197593537864e-07
3.591693693693694200e+01 2.163420488476746356e-07
3.595696696696696648e+01 2.130309161043869209e-07
3.599699699699699806e+01 2.097722471916087292e-07
3.603702702702702965e+01 2.065651825732633710e-07
3.607705705705706123e+01 2.034088772566002626e-07
3.611708708708709281e+01 2.003025005383734561e-07
3.615711711711711729e+01 1.972452357555798017e-07
3.619714714714714887e+01 1.942362800406813278e-07
3.623717717717718045e+01 1.912748440812180854e-07
3.627720720720721204e+01 1.883601518837431094e-07
3.631723723723723651e+01 1.854914405419856361e-07
3.635726726726726810e+01 1.826679600091810087e-07
3.639729729729729968e+01 1.798889728744702582e-07
3.643732732732733126e+01 1.771537541433161023e-07
3.647735735735736284e+01 1.744615910218446516e-07
3.651738738738738732e+01 1.718117827050419888e-07
3.655741741741741890e+01 1.692036401687542702e-07
3.659744744744745049e+01 1.666364859653840400e-07
3.663747747747748207e+01 1.641096540232594658e-07
3.667750750750751365e+01 1.616224894495691325e-07
3.671753753753753813e+01 1.591743483368238541e-07
3.675756756756756971e+01 1.567645975727640844e-07
3.679759759759760129e+01 1.543926146536636907e-07
3.683762762762763288e+01 1.520577875009553945e-07
3.687765765765765735e+01 1.497595142811226876e-07
3.691768768768768894e+01 1.474972032288002310e-07
3.695771771771772052e+01 1.452702724730183865e-07
3.699774774774775210e+01 1.430781498665406358e-07
3.703777777777778368e+01 1.409202728182341195e-07
3.707780780780780816e+01 1.387960881284116994e-07
3.711783783783783974e+01 1.367050518271052054e-07
3.715786786786787133e+01 1.346466290152049880e-07
3.719789789789790291e+01 1.326202937084167299e-07
3.723792792792792739e+01 1.306255286839855135e-07
3.727795795795795897e+01 1.286618253301326179e-07
3.731798798798799055e+01 1.267286834981604689e-07
3.735801801801802213e+01 1.248256113571778067e-07
3.739804804804805372e+01 1.229521252513873663e-07
3.743807807807807819e+01 1.211077495599054187e-07
3.747810810810810978e+01 1.192920165590474748e-07
3.751813813813814136e+01 1.175044662870587255e-07
3.755816816816817294e+01 1.157446464112223146e-07
3.759819819819820452e+01 1.140121120973149649e-07
3.763822822822822900e+01 1.123064258813681753e-07
3.767825825825826058e+01 1.106271575436812815e-07
3.771828828828829216e+01 1.089738839850659188e-07
3.775831831831832375e+01 1.073461891052543501e-07
3.779834834834834822e+01 1.057436636834602630e-07
3.783837837837837981e+01 1.041659052610310109e-07
3.787840840840841139e+01 1.026125180261709017e-07
3.791843843843844297e+01 1.010831127006799628e-07
3.795846846846847455e+01 9.957730642869023408e-08
3.799849849849849903e+01 9.809472266734940299e-08
3.803852852852853061e+01 9.663499107942302222e-08
3.807855855855856220e+01 9.519774742778238163e-08
3.811858858858859378e+01 9.378263347173682076e-08
3.815861861861861826e+01 9.238929686518313885e-08
3.819864864864864984e+01 9.101739105654080174e-08
3.823867867867868142e+01 8.966657519043140139e-08
3.827870870870871300e+01 8.833651401108677727e-08
3.831873873873874459e+01 8.702687776743312481e-08
3.835876876876876906e+01 8.573734211984318963e-08
3.839879879879880065e+01 8.446758804851291216e-08
3.843882882882883223e+01 8.321730176343487499e-08
3.847885885885886381e+01 8.198617461594377708e-08
3.851888888888889539e+01 8.077390301180420951e-08
3.855891891891891987e+01 7.958018832581139085e-08
3.859894894894895145e+01 7.840473681787930556e-08
3.863897897897898304e+01 7.724725955058902139e-08
3.867900900900901462e+01 7.610747230817205262e-08
3.871903903903903910e+01 7.498509551690186263e-08
3.875906906906907068e+01 7.387985416686700957e-08
3.879909909909910226e+01 7.279147773510498423e-08
3.883912912912913384e+01 7.171970011007091901e-08
3.887915915915916543e+01 7.066425951741371858e-08
3.891918918918918990e+01 6.962489844704138801e-08
3.895921921921922149e+01 6.860136358145066345e-08
3.899924924924925307e+01 6.759340572529646074e-08
3.903927927927928465e+01 6.660077973618207067e-08
3.907930930930930913e+01 6.562324445664724398e-08
3.911933933933934071e+01 6.466056264733055531e-08
3.915936936936937229e+01 6.371250092128976703e-08
3.919939939939940388e+01 6.277882967945447753e-08
3.923942942942943546e+01 6.185932304719599286e-08
3.927945945945945994e+01 6.095375881198890461e-08
3.931948948948949152e+01 6.006191836215133783e-08
3.935951951951952310e+01 5.918358662663784915e-08
3.939954954954955468e+01 5.831855201587343425e-08
3.943957957957957916e+01 5.746660636360459695e-08
3.947960960960961074e+01 5.662754486974994355e-08
3.951963963963964233e+01 5.580116604423847065e-08
3.955966966966967391e+01 5.498727165180941396e-08
3.959969969969970549e+01 5.418566665776263351e-08
3.963972972972972997e+01 5.339615917464144320e-08
3.967975975975976155e+01 5.261856040982977272e-08
3.971978978978979313e+01 5.185268461404875269e-08
3.975981981981982472e+01 5.109834903073822423e-08
3.979984984984985630e+01 5.035537384630373762e-08
3.983987987987988078e+01 4.962358214121892177e-08
3.987990990990991236e+01 4.890279984196023569e-08
3.991993993993994394e+01 4.819285567377253351e-08
3.995996996996997552e+01 4.749358111423325589e-08
4.000000000000000000e+01 4.680481034761923804e-08
