2.500000000000000000e+01 2.862290884421792025e+00
2.622622622622622757e+01 3.145986706764209107e+00
2.745245245245245158e+01 3.442492100305354796e+00
2.867867867867867915e+01 3.751700659201588905e+00
2.990490490490490316e+01 4.073501551861301806e+00
3.113113113113113073e+01 4.407779577760646994e+00
3.235735735735735830e+01 4.754415226405088291e+00
3.358358358358358231e+01 5.113284738394806794e+00
3.480980980980980632e+01 5.484260168551536196e+00
3.603603603603603744e+01 5.867209451062024961e+00
3.726226226226226146e+01 6.261996466592748334e+00
3.848848848848848547e+01 6.668481111328969924e+00
3.971471471471471659e+01 7.086519367889742682e+00
4.094094094094094061e+01 7.515963378069844936e+00
4.216716716716716462e+01 7.956661517357766833e+00
4.339339339339339574e+01 8.408458471178503757e+00
4.461961961961961975e+01 8.871195312808168865e+00
4.584584584584584377e+01 9.344709582906808976e+00
4.707207207207207489e+01 9.828835370615051303e+00
4.829829829829829890e+01 1.032340339615846680e+01
4.952452452452452292e+01 1.082824109490384679e+01
5.075075075075075404e+01 1.134317270280952883e+01
5.197697697697697805e+01 1.186801934321228913e+01
5.320320320320320207e+01 1.240259911489168587e+01
5.442942942942943318e+01 1.294672718135258727e+01
5.565565565565565720e+01 1.350021586126601036e+01
5.688188188188188121e+01 1.406287472000743932e+01
5.810810810810810523e+01 1.463451066223169583e+01
5.933433433433433635e+01 1.521492802542297262e+01
6.056056056056056036e+01 1.580392867435770654e+01
6.178678678678678438e+01 1.640131209641839050e+01
6.301301301301301550e+01 1.700687549769565621e+01
6.423923923923923951e+01 1.762041389981549244e+01
6.546546546546545642e+01 1.824172023742923798e+01
6.669169169169168754e+01 1.887058545630244666e+01
6.791791791791791866e+01 1.950679861193997411e+01
6.914414414414414978e+01 2.015014696868368560e+01
7.037037037037038090e+01 2.080041609921982726e+01
7.159659659659659781e+01 2.145738998443248491e+01
7.282282282282281471e+01 2.212085111354053879e+01
7.404904904904904583e+01 2.279058058445488300e+01
7.527527527527527695e+01 2.346635820429347774e+01
7.650150150150150807e+01 2.414796258999166767e+01
7.772772772772772498e+01 2.483517126894593474e+01
7.895395395395395610e+01 2.552776077962930756e+01
8.018018018018017301e+01 2.622550677211703984e+01
8.140640640640640413e+01 2.692818410846199484e+01
8.263263263263263525e+01 2.763556696285925440e+01
8.385885885885886637e+01 2.834742892154051219e+01
8.508508508508508328e+01 2.906354308233871464e+01
8.631131131131131440e+01 2.978368215386516482e+01
8.753753753753753131e+01 3.050761855424029179e+01
8.876376376376376243e+01 3.123512450932236106e+01
8.998998998998999355e+01 3.196597215037663986e+01
9.121621621621621046e+01 3.269993361113050412e+01
9.244244244244244157e+01 3.343678112415939552e+01
9.366866866866867269e+01 3.417628711654978702e+01
9.489489489489488960e+01 3.491822430478743655e+01
9.612112112112112072e+01 3.566236578881760977e+01
9.734734734734735184e+01 3.640848514522784285e+01
9.857357357357356875e+01 3.715635651950235996e+01
9.979979979979979987e+01 3.790575471730081603e+01
1.010260260260260310e+02 3.865645529471208874e+01
1.022522522522522479e+02 3.940823464743822768e+01
1.034784784784784790e+02 4.016087009886216919e+01
1.047047047047047101e+02 4.091413998695569632e+01
1.059309309309309270e+02 4.166782374998431493e+01
1.071571571571571582e+02 4.242170201096774207e+01
1.083833833833833893e+02 4.317555666085539201e+01
1.096096096096096062e+02 4.392917094037716197e+01
1.108358358358358373e+02 4.468232952053306661e+01
1.120620620620620684e+02 4.543481858168343734e+01
1.132882882882882853e+02 4.618642589120563002e+01
1.145145145145145165e+02 4.693694087968329143e+01
1.157407407407407476e+02 4.768615471559481023e+01
1.169669669669669645e+02 4.843386037847085390e+01
1.181931931931931956e+02 4.917985273049074380e+01
1.194194194194194267e+02 4.992392858648921816e+01
1.206456456456456436e+02 5.066588678234672471e+01
1.218718718718718748e+02 5.140552824173817470e+01
1.230980980980980917e+02 5.214265604121502662e+01
1.243243243243243228e+02 5.287707547359898541e+01
1.255505505505505539e+02 5.360859410966553895e+01
1.267767767767767708e+02 5.433702185809778484e+01
1.280030030030030161e+02 5.506217102369156180e+01
1.292292292292292473e+02 5.578385636379559998e+01
1.304554554554554500e+02 5.650189514297078119e+01
1.316816816816816811e+02 5.721610718585473876e+01
1.329079079079079122e+02 5.792631492821787020e+01
1.341341341341341149e+02 5.863234346620139092e+01
1.353603603603603460e+02 5.933402060372606712e+01
1.365865865865865771e+02 6.003117689806340707e+01
1.378128128128128083e+02 6.072364570356266711e+01
1.390390390390390394e+02 6.141126321352759732e+01
1.402652652652652705e+02 6.209386850023858528e+01
1.414914914914915016e+02 6.277130355311693677e+01
1.427177177177177327e+02 6.344341331503038361e+01
1.439439439439439639e+02 6.411004571673885266e+01
1.451701701701701666e+02 6.477105170948111379e+01
1.463963963963963977e+02 6.542628529570578166e+01
1.476226226226226288e+02 6.607560355794883833e+01
1.488488488488488315e+02 6.671886668586334679e+01
1.500750750750750626e+02 6.735593800140705412e+01
1.513013013013012937e+02 6.798668398219504638e+01
1.525275275275275249e+02 6.861097428302591084e+01
1.537537537537537560e+02 6.922868175559136716e+01
1.549799799799799871e+02 6.983968246637913069e+01
1.562062062062062182e+02 7.044385571278229463e+01
1.574324324324324209e+02 7.104108403742665701e+01
1.586586586586586520e+02 7.163125324073118350e+01
1.598848848848848831e+02 7.221425239171600197e+01
1.611111111111111143e+02 7.278997383707445579e+01
1.623373373373373454e+02 7.335831320852571480e+01
1.635635635635635765e+02 7.391916942846675909e+01
1.647897897897897792e+02 7.447244471394213861e+01
1.660160160160160103e+02 7.501804457895154599e+01
1.672422422422422414e+02 7.555587783511580824e+01
1.684684684684684726e+02 7.608585659072383578e+01
1.696946946946947037e+02 7.660789624818110610e+01
1.709209209209209348e+02 7.712191549988502004e+01
1.721471471471471375e+02 7.762783632254989641e+01
1.733733733733733686e+02 7.812558397000596244e+01
1.745995995995995997e+02 7.861508696449939748e+01
1.758258258258258309e+02 7.909627708651755995e+01
1.770520520520520620e+02 7.956908936316759196e+01
1.782782782782782931e+02 8.003346205513494738e+01
1.795045045045044958e+02 8.048933664224992413e+01
1.807307307307307269e+02 8.093665780769113383e+01
1.819569569569569580e+02 8.137537342085360592e+01
1.831831831831831892e+02 8.180543451891261952e+01
1.844094094094094203e+02 8.222679528711167052e+01
1.856356356356356230e+02 8.263941303780595149e+01
1.868618618618618541e+02 8.304324818829154253e+01
1.880880880880880852e+02 8.343826423745088050e+01
1.893143143143143163e+02 8.382442774124737639e+01
1.905405405405405475e+02 8.420170828709852628e+01
1.917667667667667786e+02 8.457007846716287247e+01
1.929929929929929813e+02 8.492951385056856850e+01
1.942192192192192124e+02 8.527999295461971485e+01
1.954454454454454435e+02 8.562149721501150168e+01
1.966716716716716746e+02 8.595401095508638889e+01
1.978978978978979058e+02 8.627752135416530166e+01
1.991241241241241369e+02 8.659201841498547481e+01
2.003503503503503396e+02 8.689749493027915150e+01
2.015765765765765707e+02 8.719394644852518184e+01
2.028028028028028018e+02 8.748137123890758460e+01
2.040290290290290329e+02 8.775977025551220834e+01
2.052552552552552640e+02 8.802914710079701877e+01
2.064814814814814952e+02 8.828950798836662273e+01
2.077077077077076979e+02 8.854086170508517739e+01
2.089339339339339290e+02 8.878321957255955965e+01
2.101601601601601601e+02 8.901659540802630488e+01
2.113863863863863912e+02 8.924100548467313843e+01
2.126126126126126223e+02 8.945646849142917745e+01
2.138388388388388535e+02 8.966300549225415750e+01
2.150650650650650562e+02 8.986063988495935462e+01
2.162912912912912873e+02 9.004939735959131042e+01
2.175175175175175184e+02 9.022930585640970946e+01
2.187437437437437495e+02 9.040039552348997631e+01
2.199699699699699806e+02 9.056269867398221152e+01
2.211961961961961833e+02 9.071624974305547084e+01
2.224224224224224145e+02 9.086108524455760005e+01
2.236486486486486456e+02 9.099724372742163325e+01
2.248748748748748767e+02 9.112476573184559925e+01
2.261011011011011078e+02 9.124369374527643117e+01
2.273273273273273389e+02 9.135407215822513649e+01
2.285535535535535416e+02 9.145594721994243059e+01
2.297797797797797728e+02 9.154936699398096778e+01
2.310060060060060039e+02 9.163438131367188078e+01
2.322322322322322350e+02 9.171104173754319788e+01
2.334584584584584661e+02 9.177940150470345770e+01
2.346846846846846972e+02 9.183951549022009431e+01
2.359109109109108999e+02 9.189144016051452013e+01
2.371371371371371310e+02 9.193523352879917354e+01
2.383633633633633622e+02 9.197095511058232375e+01
2.395895895895895933e+02 9.199866587926265993e+01
2.408158158158158244e+02 9.201842822183606074e+01
2.420420420420420555e+02 9.203030589473996770e+01
2.432682682682682582e+02 9.203436397985409201e+01
2.444944944944944893e+02 9.203066884068040565e+01
2.457207207207207205e+02 9.201928807872380389e+01
2.469469469469469516e+02 9.200029049009260973e+01
2.481731731731731827e+02 9.197374602233924179e+01
2.493993993993994138e+02 9.193972573156021610e+01
2.506256256256256165e+02 9.189830173977394168e+01
2.518518518518518476e+02 9.184954719259432920e+01
2.530780780780780788e+02 9.179353621721800494e+01
2.543043043043043099e+02 9.173034388074158585e+01
2.555305305305305410e+02 9.166004614882510282e+01
2.567567567567567721e+02 9.158271984471907956e+01
2.579829829829830032e+02 9.149844260866677814e+01
2.592092092092092344e+02 9.140729285770090939e+01
2.604354354354354655e+02 9.130934974584441477e+01
2.616616616616616966e+02 9.120469312473179002e+01
2.628878878878879277e+02 9.109340350466233360e+01
2.641141141141141020e+02 9.097556201609823745e+01
2.653403403403403331e+02 9.085125037161857620e+01
2.665665665665665642e+02 9.072055082834158668e+01
2.677927927927927954e+02 9.058354615082417638e+01
2.690190190190190265e+02 9.044031957445042735e+01
2.702452452452452576e+02 9.029095476931783537e+01
2.714714714714714319e+02 9.013553580462948389e+01
2.726976976976976630e+02 8.997414711360265471e+01
2.739239239239238941e+02 8.980687345889953122e+01
2.751501501501501252e+02 8.963379989858925967e+01
2.763763763763763563e+02 8.945501175264674032e+01
2.776026026026025875e+02 8.927059456999579368e+01
2.788288288288288186e+02 8.908063409610184635e+01
2.800550550550550497e+02 8.888521624111970709e+01
2.812812812812812808e+02 8.868442704860122205e+01
2.825075075075075119e+02 8.847835266476803895e+01
2.837337337337337431e+02 8.826707930835158322e+01
2.849599599599599742e+02 8.805069324100591643e+01
2.861861861861862053e+02 8.782928073829553739e+01
2.874124124124124364e+02 8.760292806125963239e+01
2.886386386386386675e+02 8.737172142855749257e+01
2.898648648648648418e+02 8.713574698919452999e+01
2.910910910910910729e+02 8.689509079583103812e+01
2.923173173173173041e+02 8.664983877867506123e+01
2.935435435435435352e+02 8.640007671995917349e+01
2.947697697697697663e+02 8.614589022900163684e+01
2.959959959959959974e+02 8.588736471785206561e+01
2.972222222222222285e+02 8.562458537751983556e+01
2.984484484484484597e+02 8.535763715478583435e+01
2.996746746746746908e+02 8.508660472959449805e+01
3.009009009009009219e+02 8.481157249302681578e+01
3.021271271271271530e+02 8.453262452584959874e+01
3.033533533533533273e+02 8.424984457763990520e+01
3.045795795795795584e+02 8.396331604648395341e+01
3.058058058058057895e+02 8.367312195924350249e+01
3.070320320320320207e+02 8.337934495239041155e+01
3.082582582582582518e+02 8.308206725340355092e+01
3.094844844844844829e+02 8.278137066272527989e+01
3.107107107107107140e+02 8.247733653627331307e+01
3.119369369369369451e+02 8.217004576850362696e+01
3.131631631631631763e+02 8.185957877601984478e+01
3.143893893893894074e+02 8.154601548172504977e+01
3.156156156156156385e+02 8.122943529951004393e+01
3.168418418418418696e+02 8.090991711947337706e+01
3.180680680680680439e+02 8.058753929366872626e+01
3.192942942942942750e+02 8.026237962237223655e+01
3.205205205205205061e+02 7.993451534086555910e+01
3.217467467467467372e+02 7.960402310672859016e+01
3.229729729729729684e+02 7.927097898763484807e+01
3.241991991991991995e+02 7.893545844964472735e+01
3.254254254254254306e+02 7.859753634598897065e+01
3.266516516516516617e+02 7.825728690633660278e+01
3.278778778778778928e+02 7.791478372654115958e+01
3.291041041041041240e+02 7.757009975885702602e+01
3.303303303303303551e+02 7.722330730262041243e+01
3.315565565565565862e+02 7.687447799538763604e+01
3.327827827827827605e+02 7.652368280452350291e+01
3.340090090090089916e+02 7.617099201923272744e+01
3.352352352352352227e+02 7.581647524302748309e+01
3.364614614614614538e+02 7.546020138662302656e+01
3.376876876876876850e+02 7.510223866125542713e+01
3.389139139139139161e+02 7.474265457241300226e+01
3.401401401401401472e+02 7.438151591397365792e+01
3.413663663663663783e+02 7.401888876274198026e+01
3.425925925925926094e+02 7.365483847337782208e+01
3.438188188188188406e+02 7.328942967370844030e+01
3.450450450450450717e+02 7.292272626041744843e+01
3.462712712712712460e+02 7.255479139510264019e+01
3.474974974974974771e+02 7.218568750069486839e+01
3.487237237237237082e+02 7.181547625823085923e+01
3.499499499499499393e+02 7.144421860397213209e+01
3.511761761761761704e+02 7.107197472686233652e+01
3.524024024024024015e+02 7.069880406631570224e+01
3.536286286286286327e+02 7.032476531032892808e+01
3.548548548548548638e+02 6.994991639390875093e+01
3.560810810810810949e+02 6.957431449780850130e+01
3.573073073073073260e+02 6.919801604756470681e+01
3.585335335335335571e+02 6.882107671282849992e+01
3.597597597597597883e+02 6.844355140698158380e+01
3.609859859859859625e+02 6.806549428703257831e+01
3.622122122122121937e+02 6.768695875378352866e+01
3.634384384384384248e+02 6.730799745226201480e+01
3.646646646646646559e+02 6.692866227240878629e+01
3.658908908908908870e+02 6.654900435001690084e+01
3.671171171171171181e+02 6.616907406791277424e+01
3.683433433433433493e+02 6.578892105737338625e+01
3.695695695695695804e+02 6.540859419977246603e+01
3.707957957957958115e+02 6.502814162844917689e+01
3.720220220220220426e+02 6.464761073079138498e+01
3.732482482482482737e+02 6.426704815052832487e+01
3.744744744744745049e+02 6.388649979022470404e+01
3.757007007007006791e+02 6.350601081397088166e+01
3.769269269269269103e+02 6.312562565026124162e+01
3.781531531531531414e+02 6.274538799505635467e+01
3.793793793793793725e+02 6.236534081502036031e+01
3.806056056056056036e+02 6.198552635092931240e+01
3.818318318318318347e+02 6.160598612124297091e+01
3.830580580580580659e+02 6.122676092583541418e+01
3.842842842842842970e+02 6.084789084987715313e+01
3.855105105105105281e+02 6.046941526786370247e+01
3.867367367367367592e+02 6.009137284778477550e+01
3.879629629629629903e+02 5.971380155542874490e+01
3.891891891891891646e+02 5.933673865881570464e+01
3.904154154154153957e+02 5.896022073275531739e+01
3.916416416416416268e+02 5.858428366352297445e+01
3.928678678678678580e+02 5.820896265364914512e+01
3.940940940940940891e+02 5.783429222681731829e+01
3.953203203203203202e+02 5.746030623286488748e+01
3.965465465465465513e+02 5.708703785288250998e+01
3.977727727727727824e+02 5.671451960440651874e+01
3.989989989989990136e+02 5.634278334670048594e+01
4.002252252252252447e+02 5.597186028612043884e+01
4.014514514514514758e+02 5.560178098155953563e+01
4.026776776776777069e+02 5.523257534996822926e+01
4.039039039039038812e+02 5.486427267194450508e+01
4.051301301301301123e+02 5.449690159739076734e+01
4.063563563563563434e+02 5.413049015123358032e+01
4.075825825825825746e+02 5.376506573920047316e+01
4.088088088088088057e+02 5.340065515365214566e+01
4.100350350350350368e+02 5.303728457946444053e+01
4.112612612612612679e+02 5.267497959995718304e+01
4.124874874874874990e+02 5.231376520286590903e+01
4.137137137137137302e+02 5.195366578635324828e+01
4.149399399399399613e+02 5.159470516505581372e+01
4.161661661661661924e+02 5.123690657616388222e+01
4.173923923923923667e+02 5.088029268553049889e+01
4.186186186186185978e+02 5.052488559380616095e+01
4.198448448448448289e+02 5.017070684259668667e+01
4.210710710710710600e+02 4.981777742064084435e+01
4.222972972972972912e+02 4.946611777000527610e+01
4.235235235235235223e+02 4.911574779229287202e+01
4.247497497497497534e+02 4.876668685486297505e+01
4.259759759759759845e+02 4.841895379705992042e+01
4.272022022022022156e+02 4.807256693644784207e+01
4.284284284284284468e+02 4.772754407504851315e+01
4.296546546546546779e+02 4.738390250558071415e+01
4.308808808808809090e+02 4.704165901769820124e+01
4.321071071071070833e+02 4.670082990422358904e+01
4.333333333333333144e+02 4.636143096737698954e+01
4.345595595595595455e+02 4.602347752499643008e+01
4.357857857857857766e+02 4.568698441674822419e+01
4.370120120120120077e+02 4.535196601032536279e+01
4.382382382382382389e+02 4.501843620763190046e+01
4.394644644644644700e+02 4.468640845095175251e+01
4.406906906906907011e+02 4.435589572909970713e+01
4.419169169169169322e+02 4.402691058355296860e+01
4.431431431431431633e+02 4.369946511456240756e+01
4.443693693693693945e+02 4.337357098724058346e+01
4.455955955955956256e+02 4.304923943762603500e+01
4.468218218218217999e+02 4.272648127872206203e+01
4.480480480480480310e+02 4.240530690650833634e+01
4.492742742742742621e+02 4.208572630592481545e+01
4.505005005005004932e+02 4.176774905682520256e+01
4.517267267267267243e+02 4.145138433990063476e+01
4.529529529529529555e+02 4.113664094257045178e+01
4.541791791791791866e+02 4.082352726484072747e+01
4.554054054054054177e+02 4.051205132512789930e+01
4.566316316316316488e+02 4.020222076604784434e+01
4.578578578578578799e+02 3.989404286016829815e+01
4.590840840840841111e+02 3.958752451572463826e+01
4.603103103103102853e+02 3.928267228229730534e+01
4.615365365365365165e+02 3.897949235645086929e+01
4.627627627627627476e+02 3.867799058733301365e+01
4.639889889889889787e+02 3.837817248223395694e+01
4.652152152152152098e+02 3.808004321210392362e+01
4.664414414414414409e+02 3.778360761702979431e+01
4.676676676676676720e+02 3.748887021166907374e+01
4.688938938938939032e+02 3.719583519064094190e+01
4.701201201201201343e+02 3.690450643387408292e+01
4.713463463463463654e+02 3.661488751191046731e+01
4.725725725725725965e+02 3.632698169116491016e+01
4.737987987987988276e+02 3.604079193913950263e+01
4.750250250250250019e+02 3.575632092959327935e+01
4.762512512512512330e+02 3.547357104766557256e+01
4.774774774774774642e+02 3.519254439495431086e+01
4.787037037037036953e+02 3.491324279454738644e+01
4.799299299299299264e+02 3.463566779600762402e+01
4.811561561561561575e+02 3.435982068031120207e+01
4.823823823823823886e+02 3.408570246473883714e+01
4.836086086086086198e+02 3.381331390771972423e+01
4.848348348348348509e+02 3.354265551362819053e+01
4.860610610610610820e+02 3.327372753753287782e+01
4.872872872872873131e+02 3.300652998989794185e+01
4.885135135135135442e+02 3.274106264123682308e+01
4.897397397397397185e+02 3.247732502671798471e+01
4.909659659659659496e+02 3.221531645072259664e+01
4.921921921921921808e+02 3.195503599135459538e+01
4.934184184184184119e+02 3.169648250490248031e+01
4.946446446446446430e+02 3.143965463025319096e+01
4.958708708708708741e+02 3.118455079325798351e+01
4.970970970970971052e+02 3.093116921105045591e+01
4.983233233233233364e+02 3.067950789631661834e+01
4.995495495495495675e+02 3.042956466151714778e+01
5.007757757757757986e+02 3.018133712306172711e+01
5.020020020020020297e+02 2.993482270543616153e+01
5.032282282282282040e+02 2.969001864528140899e+01
5.044544544544544351e+02 2.944692199542557276e+01
5.056806806806806662e+02 2.920552962886851844e+01
5.069069069069068973e+02 2.896583824271919028e+01
5.081331331331331285e+02 2.872784436208617365e+01
5.093593593593593596e+02 2.849154434392130852e+01
5.105855855855855907e+02 2.825693438081657760e+01
5.118118118118118218e+02 2.802401050475503652e+01
5.130380380380380529e+02 2.779276859081467776e+01
5.142642642642642841e+02 2.756320436082707914e+01
5.154904904904905152e+02 2.733531338698983149e+01
5.167167167167167463e+02 2.710909109543335660e+01
5.179429429429428637e+02 2.688453276974259154e+01
5.191691691691692085e+02 2.666163355443338645e+01
5.203953953953953260e+02 2.644038845838414176e+01
5.216216216216216708e+02 2.622079235822275223e+01
5.228478478478477882e+02 2.600284000166950449e+01
5.240740740740741330e+02 2.578652601083527074e+01
5.253003003003002505e+02 2.557184488547676082e+01
5.265265265265265953e+02 2.535879100620751458e+01
5.277527527527527127e+02 2.514735863766610535e+01
5.289789789789790575e+02 2.493754193164118149e+01
5.302052052052051749e+02 2.472933493015401041e+01
5.314314314314315197e+02 2.452273156849848590e+01
5.326576576576576372e+02 2.431772567823932718e+01
5.338838838838838683e+02 2.411431099016825641e+01
5.351101101101100994e+02 2.391248113721895052e+01
5.363363363363363305e+02 2.371222965734077448e+01
5.375625625625625617e+02 2.351354999633169385e+01
5.387887887887887928e+02 2.331643551063064024e+01
5.400150150150150239e+02 2.312087947006982702e+01
5.412412412412412550e+02 2.292687506058705438e+01
5.424674674674674861e+02 2.273441538689855435e+01
5.436936936936937173e+02 2.254349347513256774e+01
5.449199199199199484e+02 2.235410227542408279e+01
5.461461461461461795e+02 2.216623466447098423e+01
5.473723723723724106e+02 2.197988344805178329e+01
5.485985985985986417e+02 2.179504136350585952e+01
5.498248248248248728e+02 2.161170108217557839e+01
5.510510510510511040e+02 2.142985521181158859e+01
5.522772772772773351e+02 2.124949629894092595e+01
5.535035035035034525e+02 2.107061683119869855e+01
5.547297297297296836e+02 2.089320923962329601e+01
5.559559559559559148e+02 2.071726590091590126e+01
5.571821821821821459e+02 2.054277913966424052e+01
5.584084084084083770e+02 2.036974123053110119e+01
5.596346346346346081e+02 2.019814440040788739e+01
5.608608608608608392e+02 2.002798083053355072e+01
5.620870870870870704e+02 1.985924265857931559e+01
5.633133133133133015e+02 1.969192198069940147e+01
5.645395395395395326e+02 1.952601085354797306e+01
5.657657657657657637e+02 1.936150129626312122e+01
5.669919919919919948e+02 1.919838529241754799e+01
5.682182182182182260e+02 1.903665479193670151e+01
5.694444444444444571e+02 1.887630171298478743e+01
5.706706706706706882e+02 1.871731794381838654e+01
5.718968968968969193e+02 1.855969534460882997e+01
5.731231231231231504e+02 1.840342574923295160e+01
5.743493493493493816e+02 1.824850096703280045e+01
5.755755755755756127e+02 1.809491278454484942e+01
5.768018018018018438e+02 1.794265296719865788e+01
5.780280280280280749e+02 1.779171326098544270e+01
5.792542542542543060e+02 1.764208539409697707e+01
5.804804804804805372e+02 1.749376107853501239e+01
5.817067067067066546e+02 1.734673201169159640e+01
5.829329329329328857e+02 1.720098987790048994e+01
5.841591591591591168e+02 1.705652634996024020e+01
5.853853853853853479e+02 1.691333309062882861e+01
5.866116116116115791e+02 1.677140175409072853e+01
5.878378378378378102e+02 1.663072398739602065e+01
5.890640640640640413e+02 1.649129143187259317e+01
5.902902902902902724e+02 1.635309572451107485e+01
5.915165165165165035e+02 1.621612849932333233e+01
5.927427427427427347e+02 1.608038138867435052e+01
5.939689689689689658e+02 1.594584602458826161e+01
5.951951951951951969e+02 1.581251404002847494e+01
5.964214214214214280e+02 1.568037707015231064e+01
5.976476476476476591e+02 1.554942675354052639e+01
5.988738738738738903e+02 1.541965473340189874e+01
6.001001001001001214e+02 1.529105265875310948e+01
6.013263263263263525e+02 1.516361218557449497e+01
6.025525525525525836e+02 1.503732497794158007e+01
6.037787787787788147e+02 1.491218270913296173e+01
6.050050050050050459e+02 1.478817706271470378e+01
6.062312312312312770e+02 1.466529973360150407e+01
6.074574574574575081e+02 1.454354242909500705e+01
6.086836836836837392e+02 1.442289686989942510e+01
6.099099099099099703e+02 1.430335479111489683e+01
6.111361361361360878e+02 1.418490794320862491e+01
6.123623623623623189e+02 1.406754809296427666e+01
6.135885885885885500e+02 1.395126702440995281e+01
6.148148148148147811e+02 1.383605653972460381e+01
6.160410410410410122e+02 1.372190846012378707e+01
6.172672672672672434e+02 1.360881462672432107e+01
6.184934934934934745e+02 1.349676690138878499e+01
6.197197197197197056e+02 1.338575716754956524e+01
6.209459459459459367e+02 1.327577733101306379e+01
6.221721721721721678e+02 1.316681932074422257e+01
6.233983983983983990e+02 1.305887508963145294e+01
6.246246246246246301e+02 1.295193661523250661e+01
6.258508508508508612e+02 1.284599590050142659e+01
6.270770770770770923e+02 1.274104497449666518e+01
6.283033033033033234e+02 1.263707589307092505e+01
6.295295295295295546e+02 1.253408073954262392e+01
6.307557557557557857e+02 1.243205162534964003e+01
6.319819819819820168e+02 1.233098069068510050e+01
6.332082082082082479e+02 1.223086010511585364e+01
6.344344344344344790e+02 1.213168206818375872e+01
6.356606606606607102e+02 1.203343880998977866e+01
6.368868868868869413e+02 1.193612259176152790e+01
6.381131131131131724e+02 1.183972570640419164e+01
6.393393393393392898e+02 1.174424047903520751e+01
6.405655655655655210e+02 1.164965926750284098e+01
6.417917917917917521e+02 1.155597446288893515e+01
6.430180180180179832e+02 1.146317848999616373e+01
6.442442442442442143e+02 1.137126380781969637e+01
6.454704704704704454e+02 1.128022291000394439e+01
6.466966966966966766e+02 1.119004832528420224e+01
6.479229229229229077e+02 1.110073261791365162e+01
6.491491491491491388e+02 1.101226838807583164e+01
6.503753753753753699e+02 1.092464827228293345e+01
6.516016016016016010e+02 1.083786494375981313e+01
6.528278278278278322e+02 1.075191111281442069e+01
6.540540540540540633e+02 1.066677952719435396e+01
6.552802802802802944e+02 1.058246297243018574e+01
6.565065065065065255e+02 1.049895427216531374e+01
6.577327327327327566e+02 1.041624628847308642e+01
6.589589589589589878e+02 1.033433192216085317e+01
6.601851851851852189e+02 1.025320411306157631e+01
6.614114114114114500e+02 1.017285584031295365e+01
6.626376376376376811e+02 1.009328012262428764e+01
6.638638638638639122e+02 1.001447001853143703e+01
6.650900900900901433e+02 9.936418626639889951e+00
6.663163163163163745e+02 9.859119085856171694e+00
6.675425425425424919e+02 9.782564575607887392e+00
6.687687687687687230e+02 9.706748316052474124e+00
6.699949949949949541e+02 9.631663568274884568e+00
6.712212212212211853e+02 9.557303634474459741e+00
6.724474474474474164e+02 9.483661858140973067e+00
6.736736736736736475e+02 9.410731624220385783e+00
6.748998998998998786e+02 9.338506359270050794e+00
6.761261261261261097e+02 9.266979531603908526e+00
6.773523523523523409e+02 9.196144651427708538e+00
6.785785785785785720e+02 9.125995270964372352e+00
6.798048048048048031e+02 9.056524984569815473e+00
6.810310310310310342e+02 8.987727428839246357e+00
6.822572572572572653e+02 8.919596282704313595e+00
6.834834834834834965e+02 8.852125267520969842e+00
6.847097097097097276e+02 8.785308147148620961e+00
6.859359359359359587e+02 8.719138728020302764e+00
6.871621621621621898e+02 8.653610859204402317e+00
6.883883883883884209e+02 8.588718432457824292e+00
6.896146146146146521e+02 8.524455382270973658e+00
6.908408408408408832e+02 8.460815685904560013e+00
6.920670670670671143e+02 8.397793363418424306e+00
6.932932932932933454e+02 8.335382477692647285e+00
6.945195195195195765e+02 8.273577134440881053e+00
6.957457457457456940e+02 8.212371482216283880e+00
6.969719719719719251e+02 8.151759712410060033e+00
6.981981981981981562e+02 8.091736059242780499e+00
6.994244244244243873e+02 8.032294799748726177e+00
7.006506506506506184e+02 7.973430253753228669e+00
7.018768768768768496e+02 7.915136783843375490e+00
7.031031031031030807e+02 7.857408795331937590e+00
7.043293293293293118e+02 7.800240736214954396e+00
7.055555555555555429e+02 7.743627097122966596e+00
7.067817817817817740e+02 7.687562411265966844e+00
7.080080080080080052e+02 7.632041254372396111e+00
7.092342342342342363e+02 7.577058244622127070e+00
7.104604604604604674e+02 7.522608042573732945e+00
7.116866866866866985e+02 7.468685351086052471e+00
7.129129129129129296e+02 7.415284915234177099e+00
7.141391391391391608e+02 7.362401522220184624e+00
7.153653653653653919e+02 7.310030001278442491e+00
7.165915915915916230e+02 7.258165223575857361e+00
7.178178178178178541e+02 7.206802102107061181e+00
7.190440440440440852e+02 7.155935591584742461e+00
7.202702702702703164e+02 7.105560688325134322e+00
7.214964964964965475e+02 7.055672430128884898e+00
7.227227227227227786e+02 7.006265896157371387e+00
7.239489489489490097e+02 6.957336206804622947e+00
7.251751751751751272e+02 6.908878523564878193e+00
7.264014014014013583e+02 6.860888048895975366e+00
7.276276276276275894e+02 6.813360026078704834e+00
7.288538538538538205e+02 6.766289739072076870e+00
7.300800800800800516e+02 6.719672512364859074e+00
7.313063063063062827e+02 6.673503710823221802e+00
7.325325325325325139e+02 6.627778739534862851e+00
7.337587587587587450e+02 6.582493043649494169e+00
7.349849849849849761e+02 6.537642108215946379e+00
7.362112112112112072e+02 6.493221458015855596e+00
7.374374374374374383e+02 6.449226657394226514e+00
7.386636636636636695e+02 6.405653310086763419e+00
7.398898898898899006e+02 6.362497059044168068e+00
7.411161161161161317e+02 6.319753586253566091e+00
7.423423423423423628e+02 6.277418612556970423e+00
7.435685685685685939e+02 6.235487897467074880e+00
7.447947947947948251e+02 6.193957238980335234e+00
7.460210210210210562e+02 6.152822473387541180e+00
7.472472472472472873e+02 6.112079475081769075e+00
7.484734734734735184e+02 6.071724156364119551e+00
7.496996996996997495e+02 6.031752467246967342e+00
7.509259259259259807e+02 5.992160395255118566e+00
7.521521521521522118e+02 5.952943965224777756e+00
7.533783783783783292e+02 5.914099239100414351e+00
7.546046046046045603e+02 5.875622315729729372e+00
7.558308308308307915e+02 5.837509330656698303e+00
7.570570570570570226e+02 5.799756455912759456e+00
7.582832832832832537e+02 5.762359899806309471e+00
7.595095095095094848e+02 5.725315906710531699e+00
7.607357357357357159e+02 5.688620756849592119e+00
7.619619619619619471e+02 5.652270766083378639e+00
7.631881881881881782e+02 5.616262285690770462e+00
7.644144144144144093e+02 5.580591702151542322e+00
7.656406406406406404e+02 5.545255436926938231e+00
7.668668668668668715e+02 5.510249946239052399e+00
7.680930930930931027e+02 5.475571720849089274e+00
7.693193193193193338e+02 5.441217285834382800e+00
7.705455455455455649e+02 5.407183200364560349e+00
7.717717717717717960e+02 5.373466057476593782e+00
7.729979979979980271e+02 5.340062483849047581e+00
7.742242242242242583e+02 5.306969139575427263e+00
7.754504504504504894e+02 5.274182717936763076e+00
7.766766766766767205e+02 5.241699945173490249e+00
7.779029029029029516e+02 5.209517580256624925e+00
7.791291291291291827e+02 5.177632414658402737e+00
7.803553553553554138e+02 5.146041272122278798e+00
7.815815815815815313e+02 5.114741008432510228e+00
7.828078078078077624e+02 5.083728511183247534e+00
7.840340340340339935e+02 5.053000699547319563e+00
7.852602602602602246e+02 5.022554524044557489e+00
7.864864864864864558e+02 4.992386966309950935e+00
7.877127127127126869e+02 4.962495038861485241e+00
7.889389389389389180e+02 4.932875784867926328e+00
7.901651651651651491e+02 4.903526277916264497e+00
7.913913913913913802e+02 4.874443621779262159e+00
7.926176176176176114e+02 4.845624950182849666e+00
7.938438438438438425e+02 4.817067426573585109e+00
7.950700700700700736e+02 4.788768243886095455e+00
7.962962962962963047e+02 4.760724624310650022e+00
7.975225225225225358e+02 4.732933819060900937e+00
7.987487487487487670e+02 4.705393108141688430e+00
7.999749749749749981e+02 4.678099800117178297e+00
8.012012012012012292e+02 4.651051231879161030e+00
8.024274274274274603e+02 4.624244768415706197e+00
8.036536536536536914e+02 4.597677802580107276e+00
8.048798798798799226e+02 4.571347754860217272e+00
8.061061061061061537e+02 4.545252073148157379e+00
8.073323323323323848e+02 4.519388232510485714e+00
8.085585585585586159e+02 4.493753734958822577e+00
8.097847847847847333e+02 4.468346109220994400e+00
8.110110110110109645e+02 4.443162910512693742e+00
8.122372372372371956e+02 4.418201720309744118e+00
8.134634634634634267e+02 4.393460146120895082e+00
8.146896896896896578e+02 4.368935821261353603e+00
8.159159159159158889e+02 4.344626404626832361e+00
8.171421421421421201e+02 4.320529580468432940e+00
8.183683683683683512e+02 4.296643058168122309e+00
8.195945945945945823e+02 4.272964572015039764e+00
8.208208208208208134e+02 4.249491880982505521e+00
8.220470470470470445e+02 4.226222768505854432e+00
8.232732732732732757e+02 4.203155042261102814e+00
8.244994994994995068e+02 4.180286533944420846e+00
8.257257257257257379e+02 4.157615099052474505e+00
8.269519519519519690e+02 4.135138616663703637e+00
8.281781781781782001e+02 4.112854989220440238e+00
8.294044044044044313e+02 4.090762142312006411e+00
8.306306306306306624e+02 4.068858024458758216e+00
8.318568568568568935e+02 4.047140606897060344e+00
8.330830830830831246e+02 4.025607883365339035e+00
8.343093093093093557e+02 4.004257869891003629e+00
8.355355355355355869e+02 3.983088604578586267e+00
8.367617617617618180e+02 3.962098147398726677e+00
8.379879879879880491e+02 3.941284579978379110e+00
8.392142142142141665e+02 3.920646005391994482e+00
8.404404404404403977e+02 3.900180547953846055e+00
8.416666666666666288e+02 3.879886353011463562e+00
8.428928928928928599e+02 3.859761586740146022e+00
8.441191191191190910e+02 3.839804435938679816e+00
8.453453453453453221e+02 3.820013107826151000e+00
8.465715715715715532e+02 3.800385829839940666e+00
8.477977977977977844e+02 3.780920849434902919e+00
8.490240240240240155e+02 3.761616433883725907e+00
8.502502502502502466e+02 3.742470870078485223e+00
8.514764764764764777e+02 3.723482464333393693e+00
8.527027027027027088e+02 3.704649542188813705e+00
8.539289289289289400e+02 3.685970448216466355e+00
8.551551551551551711e+02 3.667443545825872064e+00
8.563813813813814022e+02 3.649067217072051506e+00
8.576076076076076333e+02 3.630839862464509959e+00
8.588338338338338644e+02 3.612759900777406941e+00
8.600600600600600956e+02 3.594825768861096282e+00
8.612862862862863267e+02 3.577035921454863932e+00
8.625125125125125578e+02 3.559388831000988240e+00
8.637387387387387889e+02 3.541882987460092558e+00
8.649649649649650200e+02 3.524516898127767472e+00
8.661911911911912512e+02 3.507289087452526655e+00
8.674174174174173686e+02 3.490198096855040344e+00
8.686436436436435997e+02 3.473242484548704212e+00
8.698698698698698308e+02 3.456420825361512073e+00
8.710960960960960620e+02 3.439731710559233768e+00
8.723223223223222931e+02 3.423173747669952860e+00
8.735485485485485242e+02 3.406745560309889065e+00
8.747747747747747553e+02 3.390445788010564065e+00
8.760010010010009864e+02 3.374273086047312464e+00
8.772272272272272176e+02 3.358226125269093032e+00
8.784534534534534487e+02 3.342303591929676632e+00
8.796796796796796798e+02 3.326504187520116673e+00
8.809059059059059109e+02 3.310826628602620669e+00
8.821321321321321420e+02 3.295269646645685668e+00
8.833583583583583732e+02 3.279831987860619247e+00
8.845845845845846043e+02 3.264512413039406979e+00
8.858108108108108354e+02 3.249309697393871321e+00
8.870370370370370665e+02 3.234222630396202280e+00
8.882632632632632976e+02 3.219250015620819028e+00
8.894894894894895288e+02 3.204390670587568657e+00
8.907157157157157599e+02 3.189643426606227461e+00
8.919419419419419910e+02 3.175007128622392649e+00
8.931681681681682221e+02 3.160480635064648158e+00
8.943943943943944532e+02 3.146062817693096481e+00
8.956206206206205707e+02 3.131752561449195671e+00
8.968468468468468018e+02 3.117548764306930842e+00
8.980730730730730329e+02 3.103450337125322367e+00
8.992992992992992640e+02 3.089456203502191745e+00
9.005255255255254951e+02 3.075565299629336558e+00
9.017517517517517263e+02 3.061776574148918240e+00
9.029779779779779574e+02 3.048088988011253164e+00
9.042042042042041885e+02 3.034501514333820094e+00
9.054304304304304196e+02 3.021013138261620323e+00
9.066566566566566507e+02 3.007622856828862101e+00
9.078828828828828819e+02 2.994329678821825880e+00
9.091091091091091130e+02 2.981132624643154649e+00
9.103353353353353441e+02 2.968030726177326883e+00
9.115615615615615752e+02 2.955023026657456420e+00
9.127877877877878063e+02 2.942108580533356221e+00
9.140140140140140375e+02 2.929286453340855356e+00
9.152402402402402686e+02 2.916555721572388737e+00
9.164664664664664997e+02 2.903915472548864063e+00
9.176926926926927308e+02 2.891364804292746449e+00
9.189189189189189619e+02 2.878902825402412713e+00
9.201451451451451931e+02 2.866528654927737563e+00
9.213713713713714242e+02 2.854241422246905469e+00
9.225975975975976553e+02 2.842040266944473093e+00
9.238238238238238864e+02 2.829924338690644525e+00
9.250500500500500038e+02 2.817892797121738457e+00
9.262762762762762350e+02 2.805944811721913013e+00
9.275025025025024661e+02 2.794079561706042103e+00
9.287287287287286972e+02 2.782296235903830794e+00
9.299549549549549283e+02 2.770594032645089744e+00
9.311811811811811594e+02 2.758972159646202460e+00
9.324074074074073906e+02 2.747429833897777840e+00
9.336336336336336217e+02 2.735966281553471102e+00
9.348598598598598528e+02 2.724580737819934040e+00
9.360860860860860839e+02 2.713272446847969199e+00
9.373123123123123150e+02 2.702040661624788509e+00
9.385385385385385462e+02 2.690884643867453185e+00
9.397647647647647773e+02 2.679803663917395884e+00
9.409909909909910084e+02 2.668797000636116135e+00
9.422172172172172395e+02 2.657863941301976229e+00
9.434434434434434706e+02 2.647003781508075360e+00
9.446696696696697018e+02 2.636215825061300588e+00
9.458958958958959329e+02 2.625499383882377025e+00
9.471221221221221640e+02 2.614853777907097498e+00
9.483483483483483951e+02 2.604278334988570087e+00
9.495745745745746262e+02 2.593772390800559879e+00
9.508008008008008574e+02 2.583335288741900104e+00
9.520270270270270885e+02 2.572966379841931772e+00
9.532532532532532059e+02 2.562665022667029557e+00
9.544794794794794370e+02 2.552430583228142869e+00
9.557057057057056682e+02 2.542262434889381861e+00
9.569319319319318993e+02 2.532159958277591105e+00
9.581581581581581304e+02 2.522122541193017486e+00
9.593843843843843615e+02 2.512149578520903592e+00
9.606106106106105926e+02 2.502240472144116268e+00
9.618368368368368237e+02 2.492394630856789473e+00
9.630630630630630549e+02 2.482611470278905053e+00
9.642892892892892860e+02 2.472890412771878044e+00
9.655155155155155171e+02 2.463230887355118970e+00
9.667417417417417482e+02 2.453632329623514519e+00
9.679679679679679793e+02 2.444094181665912746e+00
9.691941941941942105e+02 2.434615891984504898e+00
9.704204204204204416e+02 2.425196915415175347e+00
9.716466466466466727e+02 2.415836713048754358e+00
9.728728728728729038e+02 2.406534752153215440e+00
9.740990990990991349e+02 2.397290506096753759e+00
9.753253253253253661e+02 2.388103454271798931e+00
9.765515515515515972e+02 2.378973082019892438e+00
9.777777777777778283e+02 2.369898880557481657e+00
9.790040040040040594e+02 2.360880346902551441e+00
9.802302302302302905e+02 2.351916983802186056e+00
9.814564564564564080e+02 2.343008299660923388e+00
9.826826826826826391e+02 2.334153808470030622e+00
9.839089089089088702e+02 2.325353029737565969e+00
9.851351351351351013e+02 2.316605488419325454e+00
9.863613613613613325e+02 2.307910714850609057e+00
9.875875875875875636e+02 2.299268244678779993e+00
9.888138138138137947e+02 2.290677618796675308e+00
9.900400400400400258e+02 2.282138383276804294e+00
9.912662662662662569e+02 2.273650089306351596e+00
9.924924924924924881e+02 2.265212293122978782e+00
9.937187187187187192e+02 2.256824555951376432e+00
9.949449449449449503e+02 2.248486443940643564e+00
9.961711711711711814e+02 2.240197528102391367e+00
9.973973973973974125e+02 2.231957384249615206e+00
9.986236236236236437e+02 2.223765592936334023e+00
9.998498498498498748e+02 2.215621739397972245e+00
1.001076076076076106e+03 2.207525413492456678e+00
1.002302302302302337e+03 2.199476209642069247e+00
1.003528528528528568e+03 2.191473726776000053e+00
1.004754754754754799e+03 2.183517568273636744e+00
1.005980980980981030e+03 2.175607341908534220e+00
1.007207207207207261e+03 2.167742659793113980e+00
1.008433433433433493e+03 2.159923138324019387e+00
1.009659659659659610e+03 2.152148398128193474e+00
1.010885885885885841e+03 2.144418064009607328e+00
1.012112112112112072e+03 2.136731764896664831e+00
1.013338338338338303e+03 2.129089133790279309e+00
1.014564564564564535e+03 2.121489807712593212e+00
1.015790790790790766e+03 2.113933427656355057e+00
1.017017017017016997e+03 2.106419638534926086e+00
1.018243243243243228e+03 2.098948089132946393e+00
1.019469469469469459e+03 2.091518432057584143e+00
1.020695695695695690e+03 2.084130323690470910e+00
1.021921921921921921e+03 2.076783424140169920e+00
1.023148148148148152e+03 2.069477397195325530e+00
1.024374374374374383e+03 2.062211910278357152e+00
1.025600600600600501e+03 2.054986634399792678e+00
1.026826826826826846e+03 2.047801244113136132e+00
1.028053053053053191e+03 2.040655417470361943e+00
1.029279279279279308e+03 2.033548835977963876e+00
1.030505505505505425e+03 2.026481184553555082e+00
1.031731731731731770e+03 2.019452151483049018e+00
1.032957957957958115e+03 2.012461428378407025e+00
1.034184184184184232e+03 2.005508710135879280e+00
1.035410410410410350e+03 1.998593694894849726e+00
1.036636636636636695e+03 1.991716083997159492e+00
1.037862862862863039e+03 1.984875581947008749e+00
1.039089089089089157e+03 1.978071896371351279e+00
1.040315315315315274e+03 1.971304737980792199e+00
1.041541541541541392e+03 1.964573820531038129e+00
1.042767767767767737e+03 1.957878860784796560e+00
1.043993993993994081e+03 1.951219578474238325e+00
1.045220220220220199e+03 1.944595696263885065e+00
1.046446446446446316e+03 1.938006939714019383e+00
1.047672672672672661e+03 1.931453037244576398e+00
1.048898898898899006e+03 1.924933720099489376e+00
1.050125125125125123e+03 1.918448722311520749e+00
1.051351351351351468e+03 1.911997780667551439e+00
1.052577577577577586e+03 1.905580634674316487e+00
1.053803803803803703e+03 1.899197026524604315e+00
1.055030030030030048e+03 1.892846701063909176e+00
1.056256256256256165e+03 1.886529405757488620e+00
1.057482482482482510e+03 1.880244890657898349e+00
1.058708708708708627e+03 1.873992908372935640e+00
1.059934934934934972e+03 1.867773214033996210e+00
1.061161161161161090e+03 1.861585565264884723e+00
1.062387387387387435e+03 1.855429722150985672e+00
1.063613613613613552e+03 1.849305447208909658e+00
1.064839839839839897e+03 1.843212505356468300e+00
1.066066066066066014e+03 1.837150663883117430e+00
1.067292292292292359e+03 1.831119692420744682e+00
1.068518518518518476e+03 1.825119362914864762e+00
1.069744744744744821e+03 1.819149449596198176e+00
1.070970970970970939e+03 1.813209728952617894e+00
1.072197197197197283e+03 1.807299979701485038e+00
1.073423423423423401e+03 1.801419982762346716e+00
1.074649649649649746e+03 1.795569521229979815e+00
1.075875875875875863e+03 1.789748380347826018e+00
1.077102102102102208e+03 1.783956347481760130e+00
1.078328328328328325e+03 1.778193212094218545e+00
1.079554554554554670e+03 1.772458765718648799e+00
1.080780780780780788e+03 1.766752801934362349e+00
1.082007007007006905e+03 1.761075116341629831e+00
1.083233233233233250e+03 1.755425506537192870e+00
1.084459459459459367e+03 1.749803772090065435e+00
1.085685685685685712e+03 1.744209714517662935e+00
1.086911911911911830e+03 1.738643137262252836e+00
1.088138138138138174e+03 1.733103845667708809e+00
1.089364364364364292e+03 1.727591646956607496e+00
1.090590590590590637e+03 1.722106350207591507e+00
1.091816816816816754e+03 1.716647766333073033e+00
1.093043043043043099e+03 1.711215708057204576e+00
1.094269269269269216e+03 1.705809989894158996e+00
1.095495495495495561e+03 1.700430428126709970e+00
1.096721721721721678e+03 1.695076840785083583e+00
1.097947947947948023e+03 1.689749047626095013e+00
1.099174174174174141e+03 1.684446870112572769e+00
1.100400400400400486e+03 1.679170131393054932e+00
1.101626626626626603e+03 1.673918656281754958e+00
1.102852852852852948e+03 1.668692271238797487e+00
1.104079079079079065e+03 1.663490804350724162e+00
1.105305305305305410e+03 1.658314085311239028e+00
1.106531531531531527e+03 1.653161945402258803e+00
1.107757757757757872e+03 1.648034217475148999e+00
1.108983983983983990e+03 1.642930735932277342e+00
1.110210210210210107e+03 1.637851336708770811e+00
1.111436436436436452e+03 1.632795857254536687e+00
1.112662662662662569e+03 1.627764136516515192e+00
1.113888888888888914e+03 1.622756014921174605e+00
1.115115115115115032e+03 1.617771334357236412e+00
1.116341341341341376e+03 1.612809938158644263e+00
1.117567567567567494e+03 1.607871671087730103e+00
1.118793793793793839e+03 1.602956379318646096e+00
1.120020020020019956e+03 1.598063910420979727e+00
1.121246246246246301e+03 1.593194113343613161e+00
1.122472472472472418e+03 1.588346838398791316e+00
1.123698698698698763e+03 1.583521937246396671e+00
1.124924924924924881e+03 1.578719262878437890e+00
1.126151151151151225e+03 1.573938669603739404e+00
1.127377377377377343e+03 1.569180013032853260e+00
1.128603603603603688e+03 1.564443150063148824e+00
1.129829829829829805e+03 1.559727938864109209e+00
1.131056056056056150e+03 1.555034238862837981e+00
1.132282282282282267e+03 1.550361910729731285e+00
1.133508508508508612e+03 1.545710816364356477e+00
1.134734734734734729e+03 1.541080818881520598e+00
1.135960960960961074e+03 1.536471782597518043e+00
1.137187187187187192e+03 1.531883573016570965e+00
1.138413413413413309e+03 1.527316056817408230e+00
1.139639639639639654e+03 1.522769101840087513e+00
1.140865865865865771e+03 1.518242577072951516e+00
1.142092092092092116e+03 1.513736352639741822e+00
1.143318318318318234e+03 1.509250299786929039e+00
1.144544544544544578e+03 1.504784290871171493e+00
1.145770770770770696e+03 1.500338199346953116e+00
1.146996996996997041e+03 1.495911899754390317e+00
1.148223223223223158e+03 1.491505267707189164e+00
1.149449449449449503e+03 1.487118179880757562e+00
1.150675675675675620e+03 1.482750514000497510e+00
1.151901901901901965e+03 1.478402148830219698e+00
1.153128128128128083e+03 1.474072964160724863e+00
1.154354354354354427e+03 1.469762840798542580e+00
1.155580580580580545e+03 1.465471660554807931e+00
1.156806806806806890e+03 1.461199306234279405e+00
1.158033033033033007e+03 1.456945661624507560e+00
1.159259259259259352e+03 1.452710611485146019e+00
1.160485485485485469e+03 1.448494041537396360e+00
1.161711711711711814e+03 1.444295838453591996e+00
1.162937937937937932e+03 1.440115889846925290e+00
1.164164164164164276e+03 1.435954084261293007e+00
1.165390390390390394e+03 1.431810311161286542e+00
1.166616616616616511e+03 1.427684460922309606e+00
1.167842842842842856e+03 1.423576424820807595e+00
1.169069069069068973e+03 1.419486095024662387e+00
1.170295295295295318e+03 1.415413364583657074e+00
1.171521521521521436e+03 1.411358127420121900e+00
1.172747747747747781e+03 1.407320278319639018e+00
1.173973973973973898e+03 1.403299712921930009e+00
1.175200200200200243e+03 1.399296327711810894e+00
1.176426426426426360e+03 1.395310020010284591e+00
1.177652652652652705e+03 1.391340687965754830e+00
1.178878878878878822e+03 1.387388230545324008e+00
1.180105105105105167e+03 1.383452547526245802e+00
1.181331331331331285e+03 1.379533539487432181e+00
1.182557557557557629e+03 1.375631107801127628e+00
1.183783783783783747e+03 1.371745154624636642e+00
1.185010010010010092e+03 1.367875582892197128e+00
1.186236236236236209e+03 1.364022296306921955e+00
1.187462462462462554e+03 1.360185199332886397e+00
1.188688688688688671e+03 1.356364197187251763e+00
1.189914914914915016e+03 1.352559195832560901e+00
1.191141141141141134e+03 1.348770101969079427e+00
1.192367367367367478e+03 1.344996823027253985e+00
1.193593593593593596e+03 1.341239267160258208e+00
1.194819819819819941e+03 1.337497343236637271e+00
1.196046046046046058e+03 1.333770960833047914e+00
1.197272272272272176e+03 1.330060030227076862e+00
1.198498498498498520e+03 1.326364462390155596e+00
1.199724724724724638e+03 1.322684168980571062e+00
1.200950950950950983e+03 1.319019062336554082e+00
1.202177177177177100e+03 1.315369055469455484e+00
1.203403403403403445e+03 1.311734062057001049e+00
1.204629629629629562e+03 1.308113996436654158e+00
1.205855855855855907e+03 1.304508773599015736e+00
1.207082082082082024e+03 1.300918309181366084e+00
1.208308308308308369e+03 1.297342519461222476e+00
1.209534534534534487e+03 1.293781321350022218e+00
1.210760760760760832e+03 1.290234632386871638e+00
1.211986986986986949e+03 1.286702370732348610e+00
1.213213213213213294e+03 1.283184455162427184e+00
1.214439439439439411e+03 1.279680805062424209e+00
1.215665665665665756e+03 1.276191340421056086e+00
1.216891891891891873e+03 1.272715981824556586e+00
1.218118118118118218e+03 1.269254650450869937e+00
1.219344344344344336e+03 1.265807268063895430e+00
1.220570570570570681e+03 1.262373757007836605e+00
1.221796796796796798e+03 1.258954040201580415e+00
1.223023023023023143e+03 1.255548041133173864e+00
1.224249249249249260e+03 1.252155683854354384e+00
1.225475475475475378e+03 1.248776892975141051e+00
1.226701701701701722e+03 1.245411593658504401e+00
1.227927927927927840e+03 1.242059711615087991e+00
1.229154154154154185e+03 1.238721173097998118e+00
1.230380380380380302e+03 1.235395904897651276e+00
1.231606606606606647e+03 1.232083834336699546e+00
1.232832832832832764e+03 1.228784889264981528e+00
1.234059059059059109e+03 1.225498998054576294e+00
1.235285285285285227e+03 1.222226089594875109e+00
1.236511511511511571e+03 1.218966093287750407e+00
1.237737737737737689e+03 1.215718939042739644e+00
1.238963963963964034e+03 1.212484557272324404e+00
1.240190190190190151e+03 1.209262878887238601e+00
1.241416416416416496e+03 1.206053835291851284e+00
1.242642642642642613e+03 1.202857358379574082e+00
1.243868868868868958e+03 1.199673380528359035e+00
1.245095095095095076e+03 1.196501834596229941e+00
1.246321321321321420e+03 1.193342653916848795e+00
1.247547547547547538e+03 1.190195772295172150e+00
1.248773773773773883e+03 1.187061124003119694e+00
1.250000000000000000e+03 1.183938643775327870e+00
