5.000000000000000000e-01 1.201571208296313387e+02
8.203125000000000000e-01 1.225162892723539727e+02
1.140625000000000000e+00 1.252646022766322886e+02
1.460937500000000000e+00 1.275869591267374261e+02
1.781250000000000000e+00 1.297756078430018079e+02
2.101562500000000000e+00 1.327978009007156572e+02
2.421875000000000000e+00 1.351634464380024099e+02
2.742187500000000000e+00 1.376634075688947974e+02
3.062500000000000000e+00 1.404949533602877239e+02
3.382812500000000000e+00 1.435391180238996469e+02
3.703125000000000000e+00 1.443701915180291451e+02
4.023437500000000000e+00 1.479282748894327710e+02
4.343750000000000000e+00 1.482836542386058056e+02
4.664062500000000000e+00 1.501520162642655123e+02
4.984375000000000000e+00 1.546931483855787519e+02
5.304687500000000000e+00 1.540013138975800757e+02
5.625000000000000000e+00 1.569404927388060571e+02
5.945312500000000000e+00 1.598651480847879043e+02
6.265625000000000000e+00 1.609208643699387835e+02
6.585937500000000000e+00 1.620745371523400138e+02
6.906250000000000000e+00 1.645608992640380848e+02
7.226562500000000000e+00 1.657623756769465615e+02
7.546875000000000000e+00 1.670003561477849701e+02
7.867187500000000000e+00 1.672024048885842262e+02
8.187500000000000000e+00 1.697177114639306978e+02
8.507812500000000000e+00 1.698783608966159875e+02
8.828125000000000000e+00 1.725293623097819875e+02
9.148437500000000000e+00 1.715286218974527799e+02
9.468750000000000000e+00 1.727678103489510590e+02
9.789062500000000000e+00 1.737916182028589844e+02
1.010937500000000000e+01 1.737173696237060199e+02
1.042968750000000000e+01 1.738713054448895434e+02
1.075000000000000000e+01 1.739375622036004359e+02
