5.000000000000000000e-01 1.033125954308114842e+02
5.102602602602602788e-01 1.034039399253009890e+02
5.205205205205205576e-01 1.034952206905925465e+02
5.307807807807807254e-01 1.035864615215280935e+02
5.410410410410410043e-01 1.036777634882794530e+02
5.513013013013012831e-01 1.037690396903702350e+02
5.615615615615615619e-01 1.038602657498121431e+02
5.718218218218218407e-01 1.039515187945909531e+02
5.820820820820821195e-01 1.040427019199193381e+02
5.923423423423423984e-01 1.041339311043779219e+02
6.026026026026025662e-01 1.042251190251013213e+02
6.128628628628628450e-01 1.043163722320261684e+02
6.231231231231231238e-01 1.044074769733348518e+02
6.333833833833834026e-01 1.044986515526802293e+02
6.436436436436436814e-01 1.045898181395012898e+02
6.539039039039038492e-01 1.046809717024860475e+02
6.641641641641641280e-01 1.047720291827902912e+02
6.744244244244244069e-01 1.048631658672971696e+02
6.846846846846846857e-01 1.049542548393895203e+02
6.949449449449449645e-01 1.050453349409794299e+02
7.052052052052051323e-01 1.051364157992269952e+02
7.154654654654655221e-01 1.052274532255037371e+02
7.257257257257256899e-01 1.053185155471735897e+02
7.359859859859859688e-01 1.054095046066969701e+02
7.462462462462462476e-01 1.055005035573910988e+02
7.565065065065064154e-01 1.055915171664777858e+02
7.667667667667668052e-01 1.056824961750662766e+02
7.770270270270269730e-01 1.057734846571296572e+02
7.872872872872872518e-01 1.058643938264398940e+02
7.975475475475475307e-01 1.059553663374433370e+02
8.078078078078078095e-01 1.060462344255666949e+02
8.180680680680680883e-01 1.061371508060059199e+02
8.283283283283282561e-01 1.062280314312410638e+02
8.385885885885886459e-01 1.063188859710764547e+02
8.488488488488488137e-01 1.064097835508418228e+02
8.591091091091090926e-01 1.065006002451017366e+02
8.693693693693693714e-01 1.065914250027458365e+02
8.796296296296295392e-01 1.066821882069053800e+02
8.898898898898899290e-01 1.067729939125849938e+02
9.001501501501500968e-01 1.068637824203648137e+02
9.104104104104103756e-01 1.069545037837873025e+02
9.206706706706706544e-01 1.070452523472358024e+02
9.309309309309309333e-01 1.071359632379915894e+02
9.411911911911912121e-01 1.072266462070631974e+02
9.514514514514513799e-01 1.073173210297943996e+02
9.617117117117117697e-01 1.074080125479546126e+02
9.719719719719719375e-01 1.074986156212993365e+02
9.822322322322322163e-01 1.075892450544673409e+02
9.924924924924924952e-01 1.076798657051943167e+02
1.002752752752752663e+00 1.077704673907301043e+02
1.013013013013012831e+00 1.078610599769396714e+02
1.023273273273273221e+00 1.079515327942477541e+02
1.033533533533533610e+00 1.080421418284140884e+02
1.043793793793793778e+00 1.081326004725761294e+02
1.054054054054053946e+00 1.082231046346496441e+02
1.064314314314314336e+00 1.083135534910095288e+02
1.074574574574574504e+00 1.084039518212570101e+02
1.084834834834834894e+00 1.084944407618821316e+02
1.095095095095095061e+00 1.085848738336892580e+02
1.105355355355355229e+00 1.086752255072457274e+02
1.115615615615615619e+00 1.087656219863450104e+02
1.125875875875876009e+00 1.088558960985480724e+02
1.136136136136136177e+00 1.089462400608277051e+02
1.146396396396396344e+00 1.090365575177997215e+02
1.156656656656656512e+00 1.091268228907165820e+02
1.166916916916916902e+00 1.092170969136529948e+02
1.177177177177177292e+00 1.093073743976131595e+02
1.187437437437437460e+00 1.093975483204436188e+02
1.197697697697697627e+00 1.094877100140070354e+02
1.207957957957957795e+00 1.095778848218745338e+02
1.218218218218218185e+00 1.096680726517730733e+02
1.228478478478478575e+00 1.097581201883283200e+02
1.238738738738738743e+00 1.098482263238660295e+02
1.248998998998998911e+00 1.099383245690720088e+02
1.259259259259259078e+00 1.100283328672214083e+02
1.269519519519519468e+00 1.101184199740664980e+02
1.279779779779779858e+00 1.102084167241461898e+02
1.290040040040040026e+00 1.102983689697046685e+02
1.300300300300300194e+00 1.103883278482864654e+02
1.310560560560560361e+00 1.104782572720142895e+02
1.320820820820820751e+00 1.105681982127159984e+02
1.331081081081081141e+00 1.106580321354547607e+02
1.341341341341341309e+00 1.107478720456805803e+02
1.351601601601601477e+00 1.108378003624038968e+02
1.361861861861861867e+00 1.109275694077604442e+02
1.372122122122122034e+00 1.110173646579665956e+02
1.382382382382382424e+00 1.111071085044271740e+02
1.392642642642642592e+00 1.111968317501286947e+02
1.402902902902902760e+00 1.112865497648411406e+02
1.413163163163163150e+00 1.113762468723513166e+02
1.423423423423423539e+00 1.114658554752995769e+02
1.433683683683683707e+00 1.115555102126313471e+02
1.443943943943943875e+00 1.116450759960244739e+02
1.454204204204204043e+00 1.117346980878833307e+02
1.464464464464464433e+00 1.118242099898144772e+02
1.474724724724724823e+00 1.119137311013006553e+02
1.484984984984984990e+00 1.120032144189965067e+02
1.495245245245245158e+00 1.120926493114829441e+02
1.505505505505505548e+00 1.121821138705747245e+02
1.515765765765765716e+00 1.122715035187845132e+02
1.526026026026025884e+00 1.123609068786262952e+02
1.536286286286286273e+00 1.124502767636774792e+02
1.546546546546546441e+00 1.125395501476699422e+02
1.556806806806806831e+00 1.126288472314566746e+02
1.567067067067066999e+00 1.127181417250940143e+02
1.577327327327327167e+00 1.128073337806497420e+02
1.587587587587587556e+00 1.128965911524684458e+02
1.597847847847847724e+00 1.129857719254735429e+02
1.608108108108108114e+00 1.130748758087812860e+02
1.618368368368368282e+00 1.131639867642058448e+02
1.628628628628628672e+00 1.132531099681708895e+02
1.638888888888888840e+00 1.133421398468893102e+02
1.649149149149149007e+00 1.134311288681259384e+02
1.659409409409409397e+00 1.135202300081117244e+02
1.669669669669669565e+00 1.136091473709480510e+02
1.679929929929929955e+00 1.136980655963388358e+02
1.690190190190190123e+00 1.137869792710252739e+02
1.700450450450450290e+00 1.138758511959068045e+02
1.710710710710710680e+00 1.139646758533385480e+02
1.720970970970970848e+00 1.140534742575518408e+02
1.731231231231231238e+00 1.141422515499933468e+02
1.741491491491491406e+00 1.142310394615403339e+02
1.751751751751751796e+00 1.143197687629746611e+02
1.762012012012011963e+00 1.144084551775251697e+02
1.772272272272272131e+00 1.144970239016397926e+02
1.782532532532532521e+00 1.145856665209543053e+02
1.792792792792792689e+00 1.146742283442582533e+02
1.803053053053053079e+00 1.147628319064032354e+02
1.813313313313313246e+00 1.148513328959630400e+02
1.823573573573573414e+00 1.149397684140493539e+02
1.833833833833833804e+00 1.150282666708218215e+02
1.844094094094093972e+00 1.151166777098780756e+02
1.854354354354354362e+00 1.152050494783677266e+02
1.864614614614614529e+00 1.152934139654511512e+02
1.874874874874874697e+00 1.153817495808408324e+02
1.885135135135135087e+00 1.154699916906155863e+02
1.895395395395395255e+00 1.155582474894489025e+02
1.905655655655655645e+00 1.156464308121537954e+02
1.915915915915915813e+00 1.157346545009886398e+02
1.926176176176176202e+00 1.158227568417464681e+02
1.936436436436436370e+00 1.159108938863298590e+02
1.946696696696696538e+00 1.159989144623704220e+02
1.956956956956956928e+00 1.160869424500158118e+02
1.967217217217217096e+00 1.161749669544151544e+02
1.977477477477477485e+00 1.162629067084290142e+02
1.987737737737737653e+00 1.163508534697641323e+02
1.997997997997997821e+00 1.164387312917169481e+02
2.008258258258257989e+00 1.165265941456523819e+02
2.018518518518518157e+00 1.166143821991562390e+02
2.028778778778778769e+00 1.167021549239656650e+02
2.039039039039038936e+00 1.167898904470930290e+02
2.049299299299299548e+00 1.168776212229029454e+02
2.059559559559559716e+00 1.169652763771339039e+02
2.069819819819819884e+00 1.170529210041892441e+02
2.080080080080080052e+00 1.171404841224575932e+02
2.090340340340340219e+00 1.172280800067260600e+02
2.100600600600600387e+00 1.173155666906826440e+02
2.110860860860860555e+00 1.174030257887683177e+02
2.121121121121120723e+00 1.174904407333805665e+02
2.131381381381381335e+00 1.175778441605908000e+02
2.141641641641641503e+00 1.176652085646351793e+02
2.151901901901902114e+00 1.177525502072545294e+02
2.162162162162162282e+00 1.178398086213440621e+02
2.172422422422422450e+00 1.179270438833211330e+02
2.182682682682682618e+00 1.180142613483598524e+02
2.192942942942942786e+00 1.181014114093584340e+02
2.203203203203202953e+00 1.181884718301540573e+02
2.213463463463463121e+00 1.182755744062791052e+02
2.223723723723723733e+00 1.183626255021630982e+02
2.233983983983983901e+00 1.184496745203283297e+02
2.244244244244244069e+00 1.185365889728728490e+02
2.254504504504504681e+00 1.186235230342599891e+02
2.264764764764764848e+00 1.187103827434321204e+02
2.275025025025025016e+00 1.187972010130236526e+02
2.285285285285285184e+00 1.188839776622558446e+02
2.295545545545545352e+00 1.189707291106212779e+02
2.305805805805805520e+00 1.190574385918658180e+02
2.316066066066065687e+00 1.191440837435749955e+02
2.326326326326326299e+00 1.192306810025603738e+02
2.336586586586586467e+00 1.193173356237343796e+02
2.346846846846847079e+00 1.194038365189234980e+02
2.357107107107107247e+00 1.194903278300386660e+02
2.367367367367367414e+00 1.195768150133687158e+02
2.377627627627627582e+00 1.196632200146589895e+02
2.387887887887887750e+00 1.197495871362620647e+02
2.398148148148147918e+00 1.198359106341590916e+02
2.408408408408408086e+00 1.199221680042305564e+02
2.418668668668668253e+00 1.200083701805386340e+02
2.428928928928928865e+00 1.200945560750650429e+02
2.439189189189189033e+00 1.201807031957105920e+02
2.449449449449449645e+00 1.202668057650111990e+02
2.459709709709709813e+00 1.203528692130682742e+02
2.469969969969969981e+00 1.204388821494921586e+02
2.480230230230230148e+00 1.205248836383360640e+02
2.490490490490490316e+00 1.206107557126042451e+02
2.500750750750750484e+00 1.206966552509905313e+02
2.511011011011011096e+00 1.207824529746932569e+02
2.521271271271271264e+00 1.208682273119205490e+02
2.531531531531531432e+00 1.209540006450758654e+02
2.541791791791791599e+00 1.210396940242741124e+02
2.552052052052051767e+00 1.211252846567776515e+02
2.562312312312312379e+00 1.212109019592853798e+02
2.572572572572572547e+00 1.212965007498559515e+02
2.582832832832832715e+00 1.213819001562551847e+02
2.593093093093092882e+00 1.214674218631656970e+02
2.603353353353353050e+00 1.215528058447366533e+02
2.613613613613613662e+00 1.216381819177920960e+02
2.623873873873873830e+00 1.217235216526573254e+02
2.634134134134133998e+00 1.218087682135639653e+02
2.644394394394394165e+00 1.218939893827420065e+02
2.654654654654654333e+00 1.219791566462034496e+02
2.664914914914914945e+00 1.220642527902566883e+02
2.675175175175175113e+00 1.221493457391666055e+02
2.685435435435435281e+00 1.222343273663142327e+02
2.695695695695695449e+00 1.223193282626707372e+02
2.705955955955956060e+00 1.224042572524711829e+02
2.716216216216216228e+00 1.224891426053004153e+02
2.726476476476476396e+00 1.225739385186729606e+02
2.736736736736736564e+00 1.226587303441101255e+02
2.746996996996996732e+00 1.227434380165635162e+02
2.757257257257257343e+00 1.228281127406555981e+02
2.767517517517517511e+00 1.229127371940224123e+02
2.777777777777777679e+00 1.229973283679726848e+02
2.788038038038037847e+00 1.230818402887374248e+02
2.798298298298298015e+00 1.231662784487306936e+02
2.808558558558558627e+00 1.232507401138300338e+02
2.818818818818818794e+00 1.233350932529204869e+02
2.829079079079078962e+00 1.234193892621198643e+02
2.839339339339339130e+00 1.235036796488240043e+02
2.849599599599599298e+00 1.235879068307791897e+02
2.859859859859859910e+00 1.236720360642858907e+02
2.870120120120120077e+00 1.237561822397162672e+02
2.880380380380380245e+00 1.238402646478213853e+02
2.890640640640640413e+00 1.239242600065377928e+02
2.900900900900900581e+00 1.240081796011878197e+02
2.911161161161161193e+00 1.240920694059147138e+02
2.921421421421421361e+00 1.241759292792985150e+02
2.931681681681681528e+00 1.242597243879424553e+02
2.941941941941941696e+00 1.243434429469708959e+02
2.952202202202201864e+00 1.244271252671516521e+02
2.962462462462462476e+00 1.245107885762178057e+02
2.972722722722722644e+00 1.245943747818478329e+02
2.982982982982982811e+00 1.246778778447841631e+02
2.993243243243242979e+00 1.247613498059232882e+02
3.003503503503503591e+00 1.248447381955762836e+02
3.013763763763763759e+00 1.249281299880083793e+02
3.024024024024023927e+00 1.250114785872331709e+02
3.034284284284284094e+00 1.250947023289109552e+02
3.044544544544544262e+00 1.251778940917933483e+02
3.054804804804804874e+00 1.252610129378832511e+02
3.065065065065065042e+00 1.253441694649634428e+02
3.075325325325325210e+00 1.254271185535474018e+02
3.085585585585585378e+00 1.255101283563944179e+02
3.095845845845845545e+00 1.255930060719694126e+02
3.106106106106106157e+00 1.256758975967312182e+02
3.116366366366366325e+00 1.257586857981268338e+02
3.126626626626626493e+00 1.258414114033344617e+02
3.136886886886886661e+00 1.259241269627540163e+02
3.147147147147146828e+00 1.260067854754872627e+02
3.157407407407407440e+00 1.260893280796638578e+02
3.167667667667667608e+00 1.261718425605024549e+02
3.177927927927927776e+00 1.262543052717627603e+02
3.188188188188187944e+00 1.263367630782803701e+02
3.198448448448448111e+00 1.264190453206055764e+02
3.208708708708708723e+00 1.265013340336841026e+02
3.218968968968968891e+00 1.265835938432764607e+02
3.229229229229229059e+00 1.266657479906804582e+02
3.239489489489489227e+00 1.267478374971253459e+02
3.249749749749749395e+00 1.268298798559111873e+02
3.260010010010010006e+00 1.269119221553546453e+02
3.270270270270270174e+00 1.269937929700054298e+02
3.280530530530530342e+00 1.270756988440654283e+02
3.290790790790790510e+00 1.271575332711250468e+02
3.301051051051051122e+00 1.272392842193017088e+02
3.311311311311311290e+00 1.273209810687583570e+02
3.321571571571571457e+00 1.274025821549528956e+02
3.331831831831831625e+00 1.274841999314458860e+02
3.342092092092091793e+00 1.275656681722095271e+02
3.352352352352352405e+00 1.276471112288306102e+02
3.362612612612612573e+00 1.277285052469388233e+02
3.372872872872872740e+00 1.278098440989410989e+02
3.383133133133132908e+00 1.278911097682547648e+02
3.393393393393393076e+00 1.279723139429843144e+02
3.403653653653653688e+00 1.280534505060620631e+02
3.413913913913913856e+00 1.281345609820843379e+02
3.424174174174174023e+00 1.282155736751451514e+02
3.434434434434434191e+00 1.282965301085010310e+02
3.444694694694694359e+00 1.283774241568281695e+02
3.454954954954954971e+00 1.284582556458874762e+02
3.465215215215215139e+00 1.285390183749361483e+02
3.475475475475475307e+00 1.286197420862721117e+02
3.485735735735735474e+00 1.287003547834497397e+02
3.495995995995995642e+00 1.287809281215083388e+02
3.506256256256256254e+00 1.288614499464578955e+02
3.516516516516516422e+00 1.289419201089332887e+02
3.526776776776776590e+00 1.290223564518162220e+02
3.537037037037036757e+00 1.291026447222378124e+02
3.547297297297296925e+00 1.291829047987881722e+02
3.557557557557557537e+00 1.292631305459830173e+02
3.567817817817817705e+00 1.293432496174542905e+02
3.578078078078077873e+00 1.294233159678709910e+02
3.588338338338338041e+00 1.295033053232054385e+02
3.598598598598598652e+00 1.295832295189551644e+02
3.608858858858858820e+00 1.296630884028394064e+02
3.619119119119118988e+00 1.297429180097534811e+02
3.629379379379379156e+00 1.298227061284323156e+02
3.639639639639639324e+00 1.299023438340798577e+02
3.649899899899899935e+00 1.299819154672520654e+02
3.660160160160160103e+00 1.300614934569839818e+02
3.670420420420420271e+00 1.301409263814435633e+02
3.680680680680680439e+00 1.302203472012001839e+02
3.690940940940940607e+00 1.302996952192336266e+02
3.701201201201201219e+00 1.303790248422147613e+02
3.711461461461461386e+00 1.304581902842845693e+02
3.721721721721721554e+00 1.305373248198393128e+02
3.731981981981981722e+00 1.306163614652946023e+02
3.742242242242241890e+00 1.306954277130698188e+02
3.752502502502502502e+00 1.307743044937047046e+02
3.762762762762762669e+00 1.308531984133059325e+02
3.773023023023022837e+00 1.309319815195977412e+02
3.783283283283283005e+00 1.310107815578001862e+02
3.793543543543543173e+00 1.310894277154120005e+02
3.803803803803803785e+00 1.311680356233538873e+02
3.814064064064063952e+00 1.312465501858072230e+02
3.824324324324324120e+00 1.313250200762694533e+02
3.834584584584584288e+00 1.314033901223875773e+02
3.844844844844844456e+00 1.314816906833041230e+02
3.855105105105105068e+00 1.315599644185274713e+02
3.865365365365365236e+00 1.316380826154842509e+02
3.875625625625625403e+00 1.317162410506350625e+02
3.885885885885885571e+00 1.317943170858779922e+02
3.896146146146146183e+00 1.318721878313665172e+02
3.906406406406406351e+00 1.319501598161714355e+02
3.916666666666666519e+00 1.320279567096356459e+02
3.926926926926926686e+00 1.321056949648670411e+02
3.937187187187186854e+00 1.321834051724984818e+02
3.947447447447447466e+00 1.322610441439541944e+02
3.957707707707707634e+00 1.323385993857472158e+02
3.967967967967967802e+00 1.324160398949544231e+02
3.978228228228227970e+00 1.324934085658928211e+02
3.988488488488488137e+00 1.325707669141439453e+02
3.998748748748748749e+00 1.326480222731899232e+02
4.009009009009009361e+00 1.327251805991945162e+02
4.019269269269269529e+00 1.328022540157171818e+02
4.029529529529529697e+00 1.328793041699401556e+02
4.039789789789789864e+00 1.329562876485388756e+02
4.050050050050050032e+00 1.330331238167252366e+02
4.060310310310310200e+00 1.331099981851698999e+02
4.070570570570570368e+00 1.331867496301386211e+02
4.080830830830830536e+00 1.332633964897664782e+02
4.091091091091090703e+00 1.333400005881509003e+02
4.101351351351350871e+00 1.334164748839033621e+02
4.111611611611611039e+00 1.334929681653111686e+02
4.121871871871871207e+00 1.335693312703558888e+02
4.132132132132131375e+00 1.336456571986107065e+02
4.142392392392391542e+00 1.337218836252806398e+02
4.152652652652652598e+00 1.337979729647883573e+02
4.162912912912912766e+00 1.338740744304579096e+02
4.173173173173172934e+00 1.339500633593036980e+02
4.183433433433433102e+00 1.340260392572251931e+02
4.193693693693694158e+00 1.341018585895159276e+02
4.203953953953954326e+00 1.341776645779224850e+02
4.214214214214214493e+00 1.342533197608235582e+02
4.224474474474474661e+00 1.343289550725362744e+02
4.234734734734734829e+00 1.344044828839174670e+02
4.244994994994994997e+00 1.344799780620337231e+02
4.255255255255255165e+00 1.345553403219101369e+02
4.265515515515515332e+00 1.346306508284546055e+02
4.275775775775775500e+00 1.347058655757232941e+02
4.286036036036035668e+00 1.347810533449144259e+02
4.296296296296295836e+00 1.348560885445340887e+02
4.306556556556556004e+00 1.349311340980048328e+02
4.316816816816816171e+00 1.350060643571023036e+02
4.327077077077076339e+00 1.350809670643637901e+02
4.337337337337336507e+00 1.351557540880505144e+02
4.347597597597597563e+00 1.352303245222090879e+02
4.357857857857857731e+00 1.353049675561476022e+02
4.368118118118117899e+00 1.353795131974185040e+02
4.378378378378378066e+00 1.354540179519693197e+02
4.388638638638638234e+00 1.355283618928611418e+02
4.398898898898899290e+00 1.356026835286067183e+02
4.409159159159159458e+00 1.356768754466603752e+02
4.419419419419419626e+00 1.357510195094664027e+02
4.429679679679679793e+00 1.358250460781912921e+02
4.439939939939939961e+00 1.358990750512016916e+02
4.450200200200200129e+00 1.359729229140234850e+02
4.460460460460460297e+00 1.360467602389273623e+02
4.470720720720720465e+00 1.361205046565674763e+02
4.480980980980980632e+00 1.361941622582075127e+02
4.491241241241240800e+00 1.362677392535991601e+02
4.501501501501500968e+00 1.363412544688063406e+02
4.511761761761761136e+00 1.364146506435767776e+02
4.522022022022022192e+00 1.364880037391794474e+02
4.532282282282282360e+00 1.365612437723296466e+02
4.542542542542542527e+00 1.366344150038347891e+02
4.552802802802802695e+00 1.367075045641867632e+02
4.563063063063062863e+00 1.367804931915024156e+02
4.573323323323323031e+00 1.368534634510657781e+02
4.583583583583583199e+00 1.369262623835782051e+02
4.593843843843843366e+00 1.369990553947065735e+02
4.604104104104103534e+00 1.370717212561476970e+02
4.614364364364364590e+00 1.371442533531933918e+02
4.624624624624624758e+00 1.372168684978856561e+02
4.634884884884884926e+00 1.372892857183019828e+02
4.645145145145145094e+00 1.373615941359390717e+02
4.655405405405405261e+00 1.374339150361112729e+02
4.665665665665665429e+00 1.375060948524199489e+02
4.675925925925925597e+00 1.375781717265115276e+02
4.686186186186185765e+00 1.376501646706079214e+02
4.696446446446445933e+00 1.377221247720017914e+02
4.706706706706706100e+00 1.377938980653032957e+02
4.716966966966967156e+00 1.378656895367481354e+02
4.727227227227227324e+00 1.379374092531361100e+02
4.737487487487487492e+00 1.380089993046371717e+02
4.747747747747747660e+00 1.380805108425348351e+02
4.758008008008007828e+00 1.381519244300533842e+02
4.768268268268267995e+00 1.382232913067233540e+02
4.778528528528528163e+00 1.382944569516040758e+02
4.788788788788788331e+00 1.383656205983677125e+02
4.799049049049048499e+00 1.384367048932330988e+02
4.809309309309308667e+00 1.385077354668263467e+02
4.819569569569569722e+00 1.385786025615859671e+02
4.829829829829829890e+00 1.386493897887220612e+02
4.840090090090090058e+00 1.387201550587113559e+02
4.850350350350350226e+00 1.387907756086755455e+02
4.860610610610610394e+00 1.388614062386704404e+02
4.870870870870870561e+00 1.389318530134906382e+02
4.881131131131130729e+00 1.390022708202931767e+02
4.891391391391390897e+00 1.390725560614340282e+02
4.901651651651651065e+00 1.391426955297583561e+02
4.911911911911912121e+00 1.392128444539480938e+02
4.922172172172172289e+00 1.392829639138894890e+02
4.932432432432432456e+00 1.393528333725257937e+02
4.942692692692692624e+00 1.394226859659037814e+02
4.952952952952952792e+00 1.394923918220798669e+02
4.963213213213212960e+00 1.395621130163289365e+02
4.973473473473473128e+00 1.396317585958520908e+02
4.983733733733733295e+00 1.397012439120582599e+02
4.993993993993993463e+00 1.397706662148448800e+02
5.004254254254253631e+00 1.398399668543030714e+02
5.014514514514514687e+00 1.399092041992465170e+02
5.024774774774774855e+00 1.399783520341309497e+02
5.035035035035035023e+00 1.400474102178678777e+02
5.045295295295295190e+00 1.401163720513544888e+02
5.055555555555555358e+00 1.401852308633166047e+02
5.065815815815815526e+00 1.402540386480082191e+02
5.076076076076075694e+00 1.403227561198704052e+02
5.086336336336335862e+00 1.403913374079161542e+02
5.096596596596596029e+00 1.404597953487514417e+02
5.106856856856856197e+00 1.405282735711926421e+02
5.117117117117117253e+00 1.405965954373847069e+02
5.127377377377377421e+00 1.406648392361616970e+02
5.137637637637637589e+00 1.407330441008062110e+02
5.147897897897897757e+00 1.408010396200123182e+02
5.158158158158157924e+00 1.408690679748152377e+02
5.168418418418418092e+00 1.409368931022570735e+02
5.178678678678678260e+00 1.410046983779139680e+02
5.188938938938938428e+00 1.410724115382631112e+02
5.199199199199198596e+00 1.411399864416691230e+02
5.209459459459459651e+00 1.412074557492931888e+02
5.219719719719719819e+00 1.412748520831026156e+02
5.229979979979979987e+00 1.413421687727949916e+02
5.240240240240240155e+00 1.414094253822765950e+02
5.250500500500500323e+00 1.414765296716774117e+02
5.260760760760760490e+00 1.415435801692644304e+02
5.271021021021020658e+00 1.416105899400749308e+02
5.281281281281280826e+00 1.416773611331109919e+02
5.291541541541540994e+00 1.417441835858299726e+02
5.301801801801801162e+00 1.418108461670083500e+02
5.312062062062062218e+00 1.418774146555678328e+02
5.322322322322322385e+00 1.419438888852918126e+02
5.332582582582582553e+00 1.420102554813130382e+02
5.342842842842842721e+00 1.420764944324966734e+02
5.353103103103102889e+00 1.421427179540192185e+02
5.363363363363363057e+00 1.422088466102873952e+02
5.373623623623623224e+00 1.422747941710671000e+02
5.383883883883883392e+00 1.423407722923052177e+02
5.394144144144143560e+00 1.424065358220451571e+02
5.404404404404403728e+00 1.424722700413913685e+02
5.414664664664664784e+00 1.425378820597991592e+02
5.424924924924924952e+00 1.426033517494857392e+02
5.435185185185185119e+00 1.426687851077148537e+02
5.445445445445445287e+00 1.427342019885589650e+02
5.455705705705705455e+00 1.427994494827990195e+02
5.465965965965965623e+00 1.428645539827844857e+02
5.476226226226225791e+00 1.429295950303247196e+02
5.486486486486485958e+00 1.429945658526402212e+02
5.496746746746746126e+00 1.430594330752295775e+02
5.507007007007007182e+00 1.431241166341483222e+02
5.517267267267267350e+00 1.431887694005422702e+02
5.527527527527527518e+00 1.432533447204675099e+02
5.537787787787787686e+00 1.433177957712829880e+02
5.548048048048047853e+00 1.433821556946552960e+02
5.558308308308308021e+00 1.434464177026840446e+02
5.568568568568568189e+00 1.435106283511673269e+02
5.578828828828828357e+00 1.435746539466659897e+02
5.589089089089088525e+00 1.436386479320535159e+02
5.599349349349348692e+00 1.437025032766541415e+02
5.609609609609609748e+00 1.437662531856386749e+02
5.619869869869869916e+00 1.438299711302618391e+02
5.630130130130130084e+00 1.438934963485082221e+02
5.640390390390390252e+00 1.439569357222831343e+02
5.650650650650650419e+00 1.440203092276716745e+02
5.660910910910910587e+00 1.440836569898951325e+02
5.671171171171170755e+00 1.441468246767308585e+02
5.681431431431430923e+00 1.442098858396614105e+02
5.691691691691691091e+00 1.442728872893546566e+02
5.701951951951951258e+00 1.443357080559287908e+02
5.712212212212212314e+00 1.443985359886238484e+02
5.722472472472472482e+00 1.444612030645551499e+02
5.732732732732732650e+00 1.445237157432333674e+02
5.742992992992992818e+00 1.445861949060856375e+02
5.753253253253252986e+00 1.446485597080754815e+02
5.763513513513513153e+00 1.447108099970133424e+02
5.773773773773773321e+00 1.447730062268846041e+02
5.784034034034033489e+00 1.448351078614187202e+02
5.794294294294293657e+00 1.448970068896273631e+02
5.804554554554554713e+00 1.449589660764430050e+02
5.814814814814814881e+00 1.450207695305712150e+02
5.825075075075075048e+00 1.450823630492565997e+02
5.835335335335335216e+00 1.451439354461693370e+02
5.845595595595595384e+00 1.452053717911349509e+02
5.855855855855855552e+00 1.452667529930931209e+02
5.866116116116115720e+00 1.453279775716881659e+02
5.876376376376375887e+00 1.453891129228757961e+02
5.886636636636636055e+00 1.454501724597507462e+02
5.896896896896896223e+00 1.455110748004852610e+02
5.907157157157157279e+00 1.455719416799920225e+02
5.917417417417417447e+00 1.456327052328427669e+02
5.927677677677677615e+00 1.456932975500243401e+02
5.937937937937937782e+00 1.457538743599372992e+02
5.948198198198197950e+00 1.458142592221884115e+02
5.958458458458458118e+00 1.458745876337318066e+02
5.968718718718718286e+00 1.459347848087171542e+02
5.978978978978978454e+00 1.459949049124317071e+02
5.989239239239238621e+00 1.460549206263012252e+02
5.999499499499498789e+00 1.461147706336130341e+02
6.009759759759759845e+00 1.461745975383747123e+02
6.020020020020020013e+00 1.462342788318651969e+02
6.030280280280280181e+00 1.462938959521400761e+02
6.040540540540540349e+00 1.463533739522737847e+02
6.050800800800800516e+00 1.464127738842816484e+02
6.061061061061060684e+00 1.464720275560524101e+02
6.071321321321320852e+00 1.465312233479312738e+02
6.081581581581581020e+00 1.465902588983218209e+02
6.091841841841841187e+00 1.466492772601228580e+02
6.102102102102102243e+00 1.467080531520598470e+02
6.112362362362362411e+00 1.467668047595443568e+02
6.122622622622622579e+00 1.468254569197554815e+02
6.132882882882882747e+00 1.468839752860847909e+02
6.143143143143142915e+00 1.469423255454488242e+02
6.153403403403403082e+00 1.470007536555714296e+02
6.163663663663663250e+00 1.470589039123030091e+02
6.173923923923923418e+00 1.471170429349085680e+02
6.184184184184183586e+00 1.471750063085545150e+02
6.194444444444443754e+00 1.472328828910137020e+02
6.204704704704704810e+00 1.472906931492108811e+02
6.214964964964964977e+00 1.473483340926571543e+02
6.225225225225225145e+00 1.474059358444258123e+02
6.235485485485485313e+00 1.474633816940837789e+02
6.245745745745745481e+00 1.475206577220853035e+02
6.256006006006005649e+00 1.475778667148217664e+02
6.266266266266265816e+00 1.476350772342652249e+02
6.276526526526525984e+00 1.476920556892055743e+02
6.286786786786786152e+00 1.477489941938792413e+02
6.297047047047046320e+00 1.478057689742769298e+02
6.307307307307307376e+00 1.478624898822000659e+02
6.317567567567567544e+00 1.479190948478327812e+02
6.327827827827827711e+00 1.479755700103360425e+02
6.338088088088087879e+00 1.480319564792665972e+02
6.348348348348348047e+00 1.480881646161494700e+02
6.358608608608608215e+00 1.481443458253276617e+02
6.368868868868868383e+00 1.482003759282692670e+02
6.379129129129128550e+00 1.482563030278213887e+02
6.389389389389388718e+00 1.483121201002291798e+02
6.399649649649649774e+00 1.483678545911002971e+02
6.409909909909909942e+00 1.484234857134893844e+02
6.420170170170170110e+00 1.484789166097213524e+02
6.430430430430430278e+00 1.485343267006117287e+02
6.440690690690690445e+00 1.485895638684771143e+02
6.450950950950950613e+00 1.486447523977406604e+02
6.461211211211210781e+00 1.486998299330183784e+02
6.471471471471470949e+00 1.487546994579305135e+02
6.481731731731731116e+00 1.488095199558939328e+02
6.491991991991991284e+00 1.488643398571138619e+02
6.502252252252252340e+00 1.489188265553494830e+02
6.512512512512512508e+00 1.489733262527728073e+02
6.522772772772772676e+00 1.490276794314304709e+02
6.533033033033032844e+00 1.490819553280792604e+02
6.543293293293293011e+00 1.491361190974483861e+02
6.553553553553553179e+00 1.491901428762243711e+02
6.563813813813813347e+00 1.492440959405961962e+02
6.574074074074073515e+00 1.492979156519491255e+02
6.584334334334333683e+00 1.493516088191927906e+02
6.594594594594593850e+00 1.494052309035474480e+02
6.604854854854854906e+00 1.494586427548997563e+02
6.615115115115115074e+00 1.495120319119089345e+02
6.625375375375375242e+00 1.495652522230845705e+02
6.635635635635635410e+00 1.496183522227549929e+02
6.645895895895895578e+00 1.496713596303646909e+02
6.656156156156155745e+00 1.497243370093688384e+02
6.666416416416415913e+00 1.497771380092798950e+02
6.676676676676676081e+00 1.498297972706620271e+02
6.686936936936936249e+00 1.498823773664601617e+02
6.697197197197197305e+00 1.499348852143799320e+02
6.707457457457457473e+00 1.499871741537908463e+02
6.717717717717717640e+00 1.500393835695613234e+02
6.727977977977977808e+00 1.500915692328412661e+02
6.738238238238237976e+00 1.501435005796145106e+02
6.748498498498498144e+00 1.501953659898406954e+02
6.758758758758758312e+00 1.502471584196980245e+02
6.769019019019018479e+00 1.502987728761605126e+02
6.779279279279278647e+00 1.503503210956931753e+02
6.789539539539538815e+00 1.504016840400479964e+02
6.799799799799799871e+00 1.504530084712267524e+02
6.810060060060060039e+00 1.505042873864660748e+02
6.820320320320320207e+00 1.505553245599612637e+02
6.830580580580580374e+00 1.506061968480695157e+02
6.840840840840840542e+00 1.506570792616426786e+02
6.851101101101100710e+00 1.507077895252100461e+02
6.861361361361360878e+00 1.507584396773356730e+02
6.871621621621621046e+00 1.508089383974771351e+02
6.881881881881881213e+00 1.508593206860018086e+02
6.892142142142141381e+00 1.509095512315145129e+02
6.902402402402402437e+00 1.509597212066797738e+02
6.912662662662662605e+00 1.510096970824190521e+02
6.922922922922922773e+00 1.510596121145757706e+02
6.933183183183182940e+00 1.511093749333745961e+02
6.943443443443443108e+00 1.511590696893984500e+02
6.953703703703703276e+00 1.512086119292568185e+02
6.963963963963963444e+00 1.512580859072158717e+02
6.974224224224223612e+00 1.513073507841791923e+02
6.984484484484483779e+00 1.513565682894526958e+02
6.994744744744744835e+00 1.514056608926045158e+02
7.005005005005005003e+00 1.514546143559220184e+02
7.015265265265265171e+00 1.515035201864336045e+02
7.025525525525525339e+00 1.515522020263422291e+02
7.035785785785785507e+00 1.516008148483832372e+02
7.046046046046045674e+00 1.516492738945897827e+02
7.056306306306305842e+00 1.516976919174757370e+02
7.066566566566566010e+00 1.517459135940704869e+02
7.076826826826826178e+00 1.517940163703737255e+02
7.087087087087086346e+00 1.518420990205447652e+02
7.097347347347347402e+00 1.518900131586922555e+02
7.107607607607607569e+00 1.519378010001782968e+02
7.117867867867867737e+00 1.519854765512608594e+02
7.128128128128127905e+00 1.520329477569523533e+02
7.138388388388388073e+00 1.520804125329063368e+02
7.148648648648648241e+00 1.521276797527396241e+02
7.158908908908908408e+00 1.521748058709276563e+02
7.169169169169168576e+00 1.522218544715292126e+02
7.179429429429428744e+00 1.522688467569826969e+02
7.189689689689688912e+00 1.523157117892575911e+02
7.199949949949949968e+00 1.523623998085377025e+02
7.210210210210210136e+00 1.524089106495483463e+02
7.220470470470470303e+00 1.524554072905279725e+02
7.230730730730730471e+00 1.525017761833754548e+02
7.240990990990990639e+00 1.525479675027293922e+02
7.251251251251250807e+00 1.525940378888457758e+02
7.261511511511510975e+00 1.526400227407571037e+02
7.271771771771771142e+00 1.526859290592143168e+02
7.282032032032031310e+00 1.527316146752063446e+02
7.292292292292292366e+00 1.527772072949376252e+02
7.302552552552552534e+00 1.528227352681407751e+02
7.312812812812812702e+00 1.528681132117586401e+02
7.323073073073072869e+00 1.529133338424137207e+02
7.333333333333333037e+00 1.529584752808933956e+02
7.343593593593593205e+00 1.530033951327439183e+02
7.353853853853853373e+00 1.530482853904200908e+02
7.364114114114113541e+00 1.530931389535731171e+02
7.374374374374373708e+00 1.531377419914491327e+02
7.384634634634633876e+00 1.531822154708204948e+02
7.394894894894894932e+00 1.532265521286044816e+02
7.405155155155155100e+00 1.532708373972922118e+02
7.415415415415415268e+00 1.533150141667353239e+02
7.425675675675675436e+00 1.533590181169450375e+02
7.435935935935935603e+00 1.534029418780714309e+02
7.446196196196195771e+00 1.534467710920272907e+02
7.456456456456455939e+00 1.534903628830038258e+02
7.466716716716716107e+00 1.535338526982886265e+02
7.476976976976976275e+00 1.535772976794563363e+02
7.487237237237236442e+00 1.536205190357345600e+02
7.497497497497497498e+00 1.536637024794950150e+02
7.507757757757757666e+00 1.537067836060488162e+02
7.518018018018017834e+00 1.537496693341379341e+02
7.528278278278278002e+00 1.537924453581021567e+02
7.538538538538538170e+00 1.538351115664358133e+02
7.548798798798798337e+00 1.538776177673518930e+02
7.559059059059058505e+00 1.539200855256827651e+02
7.569319319319318673e+00 1.539623429443263092e+02
7.579579579579578841e+00 1.540045187611681854e+02
7.589839839839839897e+00 1.540465269432863238e+02
7.600100100100100065e+00 1.540884820132406787e+02
7.610360360360360232e+00 1.541302691973912431e+02
7.620620620620620400e+00 1.541718740238002283e+02
7.630880880880880568e+00 1.542134326340196822e+02
7.641141141141140736e+00 1.542548588822959914e+02
7.651401401401400904e+00 1.542961095663408173e+02
7.661661661661661071e+00 1.543373066739176238e+02
7.671921921921921239e+00 1.543783064023602662e+02
7.682182182182181407e+00 1.544192810777368265e+02
7.692442442442442463e+00 1.544600510191460501e+02
7.702702702702702631e+00 1.545006879178802137e+02
7.712962962962962798e+00 1.545411988483039920e+02
7.723223223223222966e+00 1.545815909199655778e+02
7.733483483483483134e+00 1.546218928098507774e+02
7.743743743743743302e+00 1.546620684475161909e+02
7.754004004004003470e+00 1.547020601409780625e+02
7.764264264264263637e+00 1.547419757605296979e+02
7.774524524524523805e+00 1.547817792334507487e+02
7.784784784784783973e+00 1.548213840226575257e+02
7.795045045045045029e+00 1.548609484779447598e+02
7.805305305305305197e+00 1.549003211889731517e+02
7.815565565565565365e+00 1.549395885643225768e+02
7.825825825825825532e+00 1.549787144368224858e+02
7.836086086086085700e+00 1.550176770520831724e+02
7.846346346346345868e+00 1.550566277942963893e+02
7.856606606606606036e+00 1.550952996513642859e+02
7.866866866866866204e+00 1.551340172018450687e+02
7.877127127127126371e+00 1.551724989435303712e+02
7.887387387387387427e+00 1.552108385328635052e+02
7.897647647647647595e+00 1.552491658853529373e+02
7.907907907907907763e+00 1.552872570397757954e+02
7.918168168168167931e+00 1.553252491074581485e+02
7.928428428428428099e+00 1.553631419828430182e+02
7.938688688688688266e+00 1.554008127313737191e+02
7.948948948948948434e+00 1.554384708776416915e+02
7.959209209209208602e+00 1.554759355799663467e+02
7.969469469469468770e+00 1.555132573113860417e+02
7.979729729729728938e+00 1.555504722228086791e+02
7.989989989989989994e+00 1.555875873884125156e+02
8.000250250250250161e+00 1.556245665781596301e+02
8.010510510510510329e+00 1.556613807005131207e+02
8.020770770770770497e+00 1.556981020842305838e+02
8.031031031031030665e+00 1.557346437119526854e+02
8.041291291291290833e+00 1.557710561825717264e+02
8.051551551551551000e+00 1.558074336332382757e+02
8.061811811811811168e+00 1.558436020329936582e+02
8.072072072072071336e+00 1.558796700089184526e+02
8.082332332332331504e+00 1.559156302315336688e+02
8.092592592592591672e+00 1.559513520161277143e+02
8.102852852852851839e+00 1.559870674376703903e+02
8.113113113113112007e+00 1.560225804891243229e+02
8.123373373373372175e+00 1.560580144760503742e+02
8.133633633633632343e+00 1.560932676433087920e+02
8.143893893893892511e+00 1.561284851578271287e+02
8.154154154154152678e+00 1.561634781054948462e+02
8.164414414414412846e+00 1.561983916242503483e+02
8.174674674674673014e+00 1.562331094150185038e+02
8.184934934934934958e+00 1.562677621776999217e+02
8.195195195195195126e+00 1.563022117001792424e+02
8.205455455455455294e+00 1.563366323958742328e+02
8.215715715715715461e+00 1.563708205736453465e+02
8.225975975975975629e+00 1.564049579694062402e+02
8.236236236236235797e+00 1.564388844412010542e+02
8.246496496496495965e+00 1.564727599958121687e+02
8.256756756756756133e+00 1.565064025503616278e+02
8.267017017017016300e+00 1.565400013365558038e+02
8.277277277277276468e+00 1.565734907152102267e+02
8.287537537537538412e+00 1.566068488523374640e+02
8.297797797797798580e+00 1.566399589476853009e+02
8.308058058058058748e+00 1.566730832970804954e+02
8.318318318318318916e+00 1.567059667166640793e+02
8.328578578578579084e+00 1.567387768097891012e+02
8.338838838838839251e+00 1.567714041224090238e+02
8.349099099099099419e+00 1.568038995204035473e+02
8.359359359359359587e+00 1.568363359732388744e+02
8.369619619619619755e+00 1.568686039461549342e+02
8.379879879879879923e+00 1.569007398333712331e+02
8.390140140140140090e+00 1.569327361950261377e+02
8.400400400400400258e+00 1.569645419387558150e+02
8.410660660660660426e+00 1.569963102237894645e+02
8.420920920920920594e+00 1.570279168860777759e+02
8.431181181181180762e+00 1.570593398982954909e+02
8.441441441441440929e+00 1.570907106688283363e+02
8.451701701701701097e+00 1.571218902968744828e+02
8.461961961961961265e+00 1.571530395615893951e+02
8.472222222222221433e+00 1.571839462577497670e+02
8.482482482482481601e+00 1.572147420324187692e+02
8.492742742742741768e+00 1.572455144932748681e+02
8.503003003003001936e+00 1.572759344151768630e+02
8.513263263263262104e+00 1.573064114199770813e+02
8.523523523523522272e+00 1.573366380920189727e+02
8.533783783783784216e+00 1.573667460813842638e+02
8.544044044044044384e+00 1.573967718898231567e+02
8.554304304304304551e+00 1.574266276069076298e+02
8.564564564564564719e+00 1.574563571298918134e+02
8.574824824824824887e+00 1.574860116026334538e+02
8.585085085085085055e+00 1.575154664273489686e+02
8.595345345345345223e+00 1.575447947988321289e+02
8.605605605605605390e+00 1.575739673278910971e+02
8.615865865865865558e+00 1.576030718528834598e+02
8.626126126126125726e+00 1.576320277500501845e+02
8.636386386386385894e+00 1.576607468441285960e+02
8.646646646646646062e+00 1.576894638322023070e+02
8.656906906906906229e+00 1.577179952024063425e+02
8.667167167167166397e+00 1.577463188680988537e+02
8.677427427427426565e+00 1.577746108693129088e+02
8.687687687687686733e+00 1.578028051411544936e+02
8.697947947947946901e+00 1.578307180208791749e+02
8.708208208208207068e+00 1.578586431763878011e+02
8.718468468468467236e+00 1.578863234714316661e+02
8.728728728728729180e+00 1.579139571452909649e+02
8.738988988988989348e+00 1.579413531346845900e+02
8.749249249249249516e+00 1.579687170962612015e+02
8.759509509509509684e+00 1.579958799243051999e+02
8.769769769769769852e+00 1.580229885837384813e+02
8.780030030030030019e+00 1.580499253543471525e+02
8.790290290290290187e+00 1.580766460877435975e+02
8.800550550550550355e+00 1.581033345026573045e+02
8.810810810810810523e+00 1.581298287413085575e+02
8.821071071071070691e+00 1.581561581610421570e+02
8.831331331331330858e+00 1.581823888820927664e+02
8.841591591591591026e+00 1.582085135313489559e+02
8.851851851851851194e+00 1.582344068388964047e+02
8.862112112112111362e+00 1.582603043842902082e+02
8.872372372372371530e+00 1.582859999157402626e+02
8.882632632632631697e+00 1.583115302024252458e+02
8.892892892892891865e+00 1.583369319492953764e+02
8.903153153153152033e+00 1.583622640506990820e+02
8.913413413413412201e+00 1.583874454083440071e+02
8.923673673673672369e+00 1.584124096654603022e+02
8.933933933933934313e+00 1.584372672576113814e+02
8.944194194194194480e+00 1.584620697086811276e+02
8.954454454454454648e+00 1.584866474100850553e+02
8.964714714714714816e+00 1.585111109299370469e+02
8.974974974974974984e+00 1.585354675431410101e+02
8.985235235235235152e+00 1.585597245536013986e+02
8.995495495495495319e+00 1.585836606365622004e+02
9.005755755755755487e+00 1.586075707675992987e+02
9.016016016016015655e+00 1.586314180225906796e+02
9.026276276276275823e+00 1.586550769537576286e+02
9.036536536536535991e+00 1.586786064691921467e+02
9.046796796796796158e+00 1.587019326797377801e+02
9.057057057057056326e+00 1.587251884698246442e+02
9.067317317317316494e+00 1.587482555883283055e+02
9.077577577577576662e+00 1.587712521304634663e+02
9.087837837837836830e+00 1.587940746816514661e+02
9.098098098098096997e+00 1.588168561434757748e+02
9.108358358358357165e+00 1.588393526448849400e+02
9.118618618618617333e+00 1.588617044429434486e+02
9.128878878878879277e+00 1.588840002572217713e+02
9.139139139139139445e+00 1.589061660675852750e+02
9.149399399399399613e+00 1.589281352604780579e+02
9.159659659659659781e+00 1.589500039568623890e+02
9.169919919919919948e+00 1.589717424637507577e+02
9.180180180180180116e+00 1.589933582011497890e+02
9.190440440440440284e+00 1.590147696588966255e+02
9.200700700700700452e+00 1.590360877527396610e+02
9.210960960960960620e+00 1.590573199050674020e+02
9.221221221221220787e+00 1.590783180201639198e+02
9.231481481481480955e+00 1.590992522292906415e+02
9.241741741741741123e+00 1.591199744743795179e+02
9.252002002002001291e+00 1.591406327651427546e+02
9.262262262262261459e+00 1.591611233627077411e+02
9.272522522522521626e+00 1.591814314197372653e+02
9.282782782782781794e+00 1.592016976068881604e+02
9.293043043043041962e+00 1.592217144696454056e+02
9.303303303303302130e+00 1.592416967451360108e+02
9.313563563563562298e+00 1.592613703281019752e+02
9.323823823823824242e+00 1.592811203872736598e+02
9.334084084084084409e+00 1.593006653490791678e+02
9.344344344344344577e+00 1.593199976865766985e+02
9.354604604604604745e+00 1.593392359815050270e+02
9.364864864864864913e+00 1.593583801479446720e+02
9.375125125125125081e+00 1.593773486761888591e+02
9.385385385385385248e+00 1.593961191554406014e+02
9.395645645645645416e+00 1.594148028297037456e+02
9.405905905905905584e+00 1.594333625272397228e+02
9.416166166166165752e+00 1.594517463301129112e+02
9.426426426426425920e+00 1.594701025333057203e+02
9.436686686686686087e+00 1.594881120537775416e+02
9.446946946946946255e+00 1.595061681112661063e+02
9.457207207207206423e+00 1.595240035083495513e+02
9.467467467467466591e+00 1.595416553194942537e+02
9.477727727727726759e+00 1.595593090232748921e+02
9.487987987987986926e+00 1.595767716245182157e+02
9.498248248248247094e+00 1.595940281887100980e+02
9.508508508508507262e+00 1.596111900572748254e+02
9.518768768768767430e+00 1.596282423246084079e+02
9.529029029029029374e+00 1.596450290131840859e+02
9.539289289289289542e+00 1.596618099788069287e+02
9.549549549549549710e+00 1.596783697970895162e+02
9.559809809809809877e+00 1.596948569982353945e+02
9.570070070070070045e+00 1.597112047020426076e+02
9.580330330330330213e+00 1.597273682484412518e+02
9.590590590590590381e+00 1.597433847422856843e+02
9.600850850850850549e+00 1.597593582074648566e+02
9.611111111111110716e+00 1.597750433397986853e+02
9.621371371371370884e+00 1.597906704962828996e+02
9.631631631631631052e+00 1.598061653257940122e+02
9.641891891891891220e+00 1.598215426294750330e+02
9.652152152152151388e+00 1.598366611068025804e+02
9.662412412412411555e+00 1.598517437926543607e+02
9.672672672672671723e+00 1.598667014353689524e+02
9.682932932932931891e+00 1.598814744763650708e+02
9.693193193193192059e+00 1.598960703053206771e+02
9.703453453453452227e+00 1.599106376552806807e+02
9.713713713713712394e+00 1.599249682189841053e+02
9.723973973973974338e+00 1.599392107376583567e+02
9.734234234234234506e+00 1.599532833128586731e+02
9.744494494494494674e+00 1.599672231539068150e+02
9.754754754754754842e+00 1.599810152732930248e+02
9.765015015015015010e+00 1.599946894688958139e+02
9.775275275275275177e+00 1.600081414621161855e+02
9.785535535535535345e+00 1.600215200992289510e+02
9.795795795795795513e+00 1.600348551068332483e+02
9.806056056056055681e+00 1.600479380332137112e+02
9.816316316316315849e+00 1.600608730900065382e+02
9.826576576576576016e+00 1.600736453155625725e+02
9.836836836836836184e+00 1.600863216479862672e+02
9.847097097097096352e+00 1.600989021635188010e+02
9.857357357357356520e+00 1.601112303664322951e+02
9.867617617617616688e+00 1.601235296305863471e+02
9.877877877877876855e+00 1.601356808037745907e+02
9.888138138138137023e+00 1.601476317189297731e+02
9.898398398398397191e+00 1.601594270149081183e+02
9.908658658658657359e+00 1.601710964454618988e+02
9.918918918918919303e+00 1.601826772604512996e+02
9.929179179179179471e+00 1.601940874432952171e+02
9.939439439439439639e+00 1.602053493475536641e+02
9.949699699699699806e+00 1.602164852733363318e+02
9.959959959959959974e+00 1.602275101346575639e+02
9.970220220220220142e+00 1.602382971576133457e+02
9.980480480480480310e+00 1.602489506716928531e+02
9.990740740740740478e+00 1.602596048115517533e+02
1.000100100100100065e+01 1.602700136212875179e+02
1.001126126126126081e+01 1.602802887905733087e+02
1.002152152152152098e+01 1.602904079979956862e+02
1.003178178178178115e+01 1.603003786462685980e+02
1.004204204204204132e+01 1.603102603719946160e+02
1.005230230230230148e+01 1.603199860574619322e+02
1.006256256256256165e+01 1.603295929158484228e+02
1.007282282282282182e+01 1.603389317934991425e+02
1.008308308308308199e+01 1.603483084609966909e+02
1.009334334334334216e+01 1.603574245150579998e+02
1.010360360360360232e+01 1.603664216612341420e+02
1.011386386386386249e+01 1.603753148247577940e+02
1.012412412412412444e+01 1.603839920645795871e+02
1.013438438438438460e+01 1.603926324197376800e+02
1.014464464464464477e+01 1.604010493120254637e+02
1.015490490490490494e+01 1.604093845219646539e+02
1.016516516516516511e+01 1.604175111911713998e+02
1.017542542542542527e+01 1.604255411429163019e+02
1.018568568568568544e+01 1.604334296688731740e+02
1.019594594594594561e+01 1.604411543207500017e+02
1.020620620620620578e+01 1.604487524182358982e+02
1.021646646646646595e+01 1.604561940799326578e+02
1.022672672672672611e+01 1.604634941898489160e+02
1.023698698698698628e+01 1.604707348704592960e+02
1.024724724724724645e+01 1.604776697022201688e+02
1.025750750750750662e+01 1.604846346698470541e+02
1.026776776776776678e+01 1.604913609761450743e+02
1.027802802802802695e+01 1.604979829686619723e+02
1.028828828828828712e+01 1.605043886596945413e+02
1.029854854854854729e+01 1.605106825611047441e+02
1.030880880880880746e+01 1.605168347893151122e+02
1.031906906906906940e+01 1.605229050477009309e+02
1.032932932932932957e+01 1.605288485219433596e+02
1.033958958958958974e+01 1.605345531886005972e+02
1.034984984984984990e+01 1.605401385210772389e+02
1.036011011011011007e+01 1.605456044687762756e+02
1.037037037037037024e+01 1.605509510766269159e+02
1.038063063063063041e+01 1.605561783040963917e+02
1.039089089089089057e+01 1.605611740876020690e+02
1.040115115115115074e+01 1.605661251834025904e+02
1.041141141141141091e+01 1.605708821375187370e+02
1.042167167167167108e+01 1.605754599068282573e+02
1.043193193193193125e+01 1.605799705312631431e+02
1.044219219219219141e+01 1.605842720639964227e+02
1.045245245245245158e+01 1.605885437610403415e+02
1.046271271271271175e+01 1.605925391098708985e+02
1.047297297297297192e+01 1.605964075248973018e+02
1.048323323323323208e+01 1.606001564226056360e+02
1.049349349349349225e+01 1.606038455673766805e+02
1.050375375375375242e+01 1.606073404872609842e+02
1.051401401401401436e+01 1.606106337389253440e+02
1.052427427427427453e+01 1.606138148972028432e+02
1.053453453453453470e+01 1.606169064035253200e+02
1.054479479479479487e+01 1.606198186039922007e+02
1.055505505505505504e+01 1.606225514792173215e+02
1.056531531531531520e+01 1.606253142135456073e+02
1.057557557557557537e+01 1.606276958605060656e+02
1.058583583583583554e+01 1.606300700188907342e+02
1.059609609609609571e+01 1.606322274565543182e+02
1.060635635635635587e+01 1.606343400217668886e+02
1.061661661661661604e+01 1.606362059612237658e+02
1.062687687687687621e+01 1.606379523321654403e+02
1.063713713713713638e+01 1.606395865770551552e+02
1.064739739739739655e+01 1.606410787698206661e+02
1.065765765765765671e+01 1.606424887227724696e+02
1.066791791791791688e+01 1.606437192669062313e+02
1.067817817817817705e+01 1.606447554954015118e+02
1.068843843843843722e+01 1.606456571631618147e+02
1.069869869869869738e+01 1.606464317439237561e+02
1.070895895895895755e+01 1.606471614229365628e+02
1.071921921921921950e+01 1.606475846406780477e+02
1.072947947947947966e+01 1.606479629786233545e+02
1.073973973973973983e+01 1.606481842998376521e+02
1.075000000000000000e+01 1.606482337108228080e+02
