5.000000000000000000e-01 1.348764771358628956e+01
8.203125000000000000e-01 1.239658532712078198e+01
1.140625000000000000e+00 1.464538102793001961e+01
1.460937500000000000e+00 1.398571886773684092e+01
1.781250000000000000e+00 1.346253744478910264e+01
2.101562500000000000e+00 1.609710743579310233e+01
2.421875000000000000e+00 1.392377994379955020e+01
2.742187500000000000e+00 1.560119453289726721e+01
3.062500000000000000e+00 1.605398492349284112e+01
3.382812500000000000e+00 1.627573865392260899e+01
3.703125000000000000e+00 1.045126795386383023e+01
4.023437500000000000e+00 1.664818451229965035e+01
4.343750000000000000e+00 1.497804576292809919e+01
4.664062500000000000e+00 1.897597605018363609e+01
4.984375000000000000e+00 1.903384551410429637e+01
5.304687500000000000e+00 1.937537735501412683e+01
5.625000000000000000e+00 1.719795565016479699e+01
5.945312500000000000e+00 2.025448038574230125e+01
6.265625000000000000e+00 2.082731762896253613e+01
6.585937500000000000e+00 2.117054471823480100e+01
6.906250000000000000e+00 2.135544749250880514e+01
7.226562500000000000e+00 2.083555374521325376e+01
7.546875000000000000e+00 2.348934710337962528e+01
7.867187500000000000e+00 2.093808239267823268e+01
8.187500000000000000e+00 2.303938208445029900e+01
8.507812500000000000e+00 2.353362276183518276e+01
8.828125000000000000e+00 2.251188289962128053e+01
9.148437500000000000e+00 2.237633015218000310e+01
9.468750000000000000e+00 2.397103849804484099e+01
9.789062500000000000e+00 2.474714517788927282e+01
1.010937500000000000e+01 2.437759497093890104e+01
1.042968750000000000e+01 2.570701052635162753e+01
1.075000000000000000e+01 2.487669536814660276e+01
