5.000000000000000000e-01 1.602425643474279227e+01
5.102602602602602788e-01 1.603738438394396582e+01
5.205205205205205576e-01 1.605050156023452246e+01
5.307807807807807254e-01 1.606360800844403158e+01
5.410410410410410043e-01 1.607670377325861821e+01
5.513013013013012831e-01 1.608978889922206434e+01
5.615615615615615619e-01 1.610286343073671489e+01
5.718218218218218407e-01 1.611592741206449375e+01
5.820820820820821195e-01 1.612898088732772806e+01
5.923423423423423984e-01 1.614202390051030633e+01
6.026026026026025662e-01 1.615505649545843525e+01
6.128628628628628450e-01 1.616807871588163081e+01
6.231231231231231238e-01 1.618109060535377708e+01
6.333833833833834026e-01 1.619409220731366617e+01
6.436436436436436814e-01 1.620708356506643710e+01
6.539039039039038492e-01 1.622006472178397729e+01
6.641641641641641280e-01 1.623303572050607002e+01
6.744244244244244069e-01 1.624599660414117253e+01
6.846846846846846857e-01 1.625894741546746047e+01
6.949449449449449645e-01 1.627188819713335377e+01
7.052052052052051323e-01 1.628481899165872449e+01
7.154654654654655221e-01 1.629773984143552923e+01
7.257257257257256899e-01 1.631065078872872220e+01
7.359859859859859688e-01 1.632355187567706523e+01
7.462462462462462476e-01 1.633644314429393418e+01
7.565065065065064154e-01 1.634932463646818945e+01
7.667667667667668052e-01 1.636219639396495751e+01
7.770270270270269730e-01 1.637505845842636987e+01
7.872872872872872518e-01 1.638791087137247615e+01
7.975475475475475307e-01 1.640075367420191910e+01
8.078078078078078095e-01 1.641358690819282629e+01
8.180680680680680883e-01 1.642641061450344964e+01
8.283283283283282561e-01 1.643922483417307845e+01
8.385885885885886459e-01 1.645202960812268955e+01
8.488488488488488137e-01 1.646482497715577509e+01
8.591091091091090926e-01 1.647761098195902818e+01
8.693693693693693714e-01 1.649038766310309967e+01
8.796296296296295392e-01 1.650315506104343299e+01
8.898898898898899290e-01 1.651591321612082908e+01
9.001501501501500968e-01 1.652866216856230253e+01
9.104104104104103756e-01 1.654140195848175665e+01
9.206706706706706544e-01 1.655413262588064427e+01
9.309309309309309333e-01 1.656685421064883457e+01
9.411911911911912121e-01 1.657956675256506429e+01
9.514514514514513799e-01 1.659227029129792186e+01
9.617117117117117697e-01 1.660496486640627367e+01
9.719719719719719375e-01 1.661765051734017362e+01
9.822322322322322163e-01 1.663032728344134625e+01
9.924924924924924952e-01 1.664299520394404652e+01
1.002752752752752663e+00 1.665565431797557139e+01
1.013013013013012831e+00 1.666830466455705206e+01
1.023273273273273221e+00 1.668094628260404022e+01
1.033533533533533610e+00 1.669357921092718300e+01
1.043793793793793778e+00 1.670620348823286250e+01
1.054054054054053946e+00 1.671881915312387790e+01
1.064314314314314336e+00 1.673142624410007073e+01
1.074574574574574504e+00 1.674402479955890755e+01
1.084834834834834894e+00 1.675661485779627569e+01
1.095095095095095061e+00 1.676919645700680661e+01
1.105355355355355229e+00 1.678176963528487420e+01
1.115615615615615619e+00 1.679433443062494291e+01
1.125875875875876009e+00 1.680689088092232453e+01
1.136136136136136177e+00 1.681943902397366486e+01
1.146396396396396344e+00 1.683197889747768272e+01
1.156656656656656512e+00 1.684451053903569928e+01
1.166916916916916902e+00 1.685703398615219584e+01
1.177177177177177292e+00 1.686954927623556344e+01
1.187437437437437460e+00 1.688205644659851856e+01
1.197697697697697627e+00 1.689455553445878522e+01
1.207957957957957795e+00 1.690704657693965274e+01
1.218218218218218185e+00 1.691952961107061171e+01
1.228478478478478575e+00 1.693200467378773766e+01
1.238738738738738743e+00 1.694447180193460412e+01
1.248998998998998911e+00 1.695693103226248155e+01
1.259259259259259078e+00 1.696938240143117227e+01
1.269519519519519468e+00 1.698182594600935857e+01
1.279779779779779858e+00 1.699426170247541279e+01
1.290040040040040026e+00 1.700668970721772411e+01
1.300300300300300194e+00 1.701910999653533807e+01
1.310560560560560361e+00 1.703152260663849660e+01
1.320820820820820751e+00 1.704392757364920996e+01
1.331081081081081141e+00 1.705632493360179325e+01
1.341341341341341309e+00 1.706871472244332821e+01
1.351601601601601477e+00 1.708109697603431343e+01
1.361861861861861867e+00 1.709347173014899823e+01
1.372122122122122034e+00 1.710583902047626736e+01
1.382382382382382424e+00 1.711819888261979017e+01
1.392642642642642592e+00 1.713055135209867075e+01
1.402902902902902760e+00 1.714289646434813719e+01
1.413163163163163150e+00 1.715523425471976182e+01
1.423423423423423539e+00 1.716756475848222507e+01
1.433683683683683707e+00 1.717988801082168848e+01
1.443943943943943875e+00 1.719220404684234182e+01
1.454204204204204043e+00 1.720451290156691826e+01
1.464464464464464433e+00 1.721681460993708868e+01
1.474724724724724823e+00 1.722910920681420421e+01
1.484984984984984990e+00 1.724139672697950942e+01
1.495245245245245158e+00 1.725367720513487413e+01
1.505505505505505548e+00 1.726595067590308119e+01
1.515765765765765716e+00 1.727821717382843758e+01
1.526026026026025884e+00 1.729047673337725399e+01
1.536286286286286273e+00 1.730272938893827828e+01
1.546546546546546441e+00 1.731497517482320347e+01
1.556806806806806831e+00 1.732721412526712257e+01
1.567067067067066999e+00 1.733944627442914310e+01
1.577327327327327167e+00 1.735167165639250086e+01
1.587587587587587556e+00 1.736389030516551202e+01
1.597847847847847724e+00 1.737610225468167968e+01
1.608108108108108114e+00 1.738830753880026236e+01
1.618368368368368282e+00 1.740050619130678911e+01
1.628628628628628672e+00 1.741269824591348936e+01
1.638888888888888840e+00 1.742488373625970510e+01
1.649149149149149007e+00 1.743706269591245217e+01
1.659409409409409397e+00 1.744923515836671157e+01
1.669669669669669565e+00 1.746140115704608320e+01
1.679929929929929955e+00 1.747356072530304516e+01
1.690190190190190123e+00 1.748571389641953644e+01
1.700450450450450290e+00 1.749786070360734413e+01
1.710710710710710680e+00 1.751000118000855110e+01
1.720970970970970848e+00 1.752213535869595162e+01
1.731231231231231238e+00 1.753426327267355234e+01
1.741491491491491406e+00 1.754638495487697725e+01
1.751751751751751796e+00 1.755850043817392603e+01
1.762012012012011963e+00 1.757060975536450087e+01
1.772272272272272131e+00 1.758271293918181044e+01
1.782532532532532521e+00 1.759481002229222568e+01
1.792792792792792689e+00 1.760690103729599443e+01
1.803053053053053079e+00 1.761898601672743681e+01
1.813313313313313246e+00 1.763106499305561314e+01
1.823573573573573414e+00 1.764313799868454069e+01
1.833833833833833804e+00 1.765520506595380112e+01
1.844094094094093972e+00 1.766726622713873240e+01
1.854354354354354362e+00 1.767932151445107181e+01
1.864614614614614529e+00 1.769137096003921172e+01
1.874874874874874697e+00 1.770341459598869704e+01
1.885135135135135087e+00 1.771545245432262661e+01
1.895395395395395255e+00 1.772748456700201558e+01
1.905655655655655645e+00 1.773951096592622889e+01
1.915915915915915813e+00 1.775153168293345374e+01
1.926176176176176202e+00 1.776354674980101578e+01
1.936436436436436370e+00 1.777555619824576993e+01
1.946696696696696538e+00 1.778756005992459777e+01
1.956956956956956928e+00 1.779955836643473788e+01
1.967217217217217096e+00 1.781155114931418026e+01
1.977477477477477485e+00 1.782353844004214949e+01
1.987737737737737653e+00 1.783552027003928941e+01
1.997997997997997821e+00 1.784749667066843415e+01
2.008258258258257989e+00 1.785946767323453699e+01
2.018518518518518157e+00 1.787143330898544846e+01
2.028778778778778769e+00 1.788339360911206555e+01
2.039039039039038936e+00 1.789534860474887523e+01
2.049299299299299548e+00 1.790729832697422097e+01
2.059559559559559716e+00 1.791924280681075032e+01
2.069819819819819884e+00 1.793118207522582708e+01
2.080080080080080052e+00 1.794311616313184388e+01
2.090340340340340219e+00 1.795504510138664145e+01
2.100600600600600387e+00 1.796696892079387098e+01
2.110860860860860555e+00 1.797888765210340267e+01
2.121121121121120723e+00 1.799080132601173077e+01
2.131381381381381335e+00 1.800270997316222932e+01
2.141641641641641503e+00 1.801461362414564960e+01
2.151901901901902114e+00 1.802651230950046823e+01
2.162162162162162282e+00 1.803840605971320343e+01
2.172422422422422450e+00 1.805029490521889457e+01
2.182682682682682618e+00 1.806217887640129760e+01
2.192942942942942786e+00 1.807405800359343573e+01
2.203203203203202953e+00 1.808593231707790494e+01
2.213463463463463121e+00 1.809780184708720796e+01
2.223723723723723733e+00 1.810966662380410241e+01
2.233983983983983901e+00 1.812152667736208400e+01
2.244244244244244069e+00 1.813338203784566005e+01
2.254504504504504681e+00 1.814523273529063019e+01
2.264764764764764848e+00 1.815707879968470451e+01
2.275025025025025016e+00 1.816892026096755686e+01
2.285285285285285184e+00 1.818075714903141815e+01
2.295545545545545352e+00 1.819258949372131084e+01
2.305805805805805520e+00 1.820441732483546815e+01
2.316066066066065687e+00 1.821624067212566445e+01
2.326326326326326299e+00 1.822805956529755989e+01
2.336586586586586467e+00 1.823987403401108054e+01
2.346846846846847079e+00 1.825168410788072748e+01
2.357107107107107247e+00 1.826348981647600667e+01
2.367367367367367414e+00 1.827529118932177354e+01
2.377627627627627582e+00 1.828708825589842846e+01
2.387887887887887750e+00 1.829888104564249929e+01
2.398148148148147918e+00 1.831066958794679067e+01
2.408408408408408086e+00 1.832245391216093111e+01
2.418668668668668253e+00 1.833423404759152220e+01
2.428928928928928865e+00 1.834601002350253651e+01
2.439189189189189033e+00 1.835778186911581145e+01
2.449449449449449645e+00 1.836954961361117711e+01
2.459709709709709813e+00 1.838131328612702120e+01
2.469969969969969981e+00 1.839307291576037784e+01
2.480230230230230148e+00 1.840482853156747112e+01
2.490490490490490316e+00 1.841658016256405261e+01
2.500750750750750484e+00 1.842832783772554706e+01
2.511011011011011096e+00 1.844007158598764207e+01
2.521271271271271264e+00 1.845181143624647646e+01
2.531531531531531432e+00 1.846354741735898131e+01
2.541791791791791599e+00 1.847527955814327427e+01
2.552052052052051767e+00 1.848700788737900069e+01
2.562312312312312379e+00 1.849873243380757515e+01
2.572572572572572547e+00 1.851045322613262911e+01
2.582832832832832715e+00 1.852217029302029161e+01
2.593093093093092882e+00 1.853388366309946989e+01
2.603353353353353050e+00 1.854559336496231481e+01
2.613613613613613662e+00 1.855729942716444825e+01
2.623873873873873830e+00 1.856900187822532189e+01
2.634134134134133998e+00 1.858070074662850502e+01
2.644394394394394165e+00 1.859239606082216056e+01
2.654654654654654333e+00 1.860408784921912329e+01
2.664914914914914945e+00 1.861577614019755345e+01
2.675175175175175113e+00 1.862746096210090485e+01
2.685435435435435281e+00 1.863914234323852526e+01
2.695695695695695449e+00 1.865082031188589440e+01
2.705955955955956060e+00 1.866249489628489044e+01
2.716216216216216228e+00 1.867416612464418790e+01
2.726476476476476396e+00 1.868583402513958447e+01
2.736736736736736564e+00 1.869749862591427814e+01
2.746996996996996732e+00 1.870915995507918339e+01
2.757257257257257343e+00 1.872081804071325806e+01
2.767517517517517511e+00 1.873247291086392252e+01
2.777777777777777679e+00 1.874412459354723737e+01
2.788038038038037847e+00 1.875577311674829772e+01
2.798298298298298015e+00 1.876741850842147485e+01
2.808558558558558627e+00 1.877906079649087800e+01
2.818818818818818794e+00 1.879070000885054270e+01
2.829079079079078962e+00 1.880233617336483576e+01
2.839339339339339130e+00 1.881396931786859383e+01
2.849599599599599298e+00 1.882559947016772739e+01
2.859859859859859910e+00 1.883722665803926688e+01
2.870120120120120077e+00 1.884885090923176776e+01
2.880380380380380245e+00 1.886047225146574036e+01
2.890640640640640413e+00 1.887209071243372804e+01
2.900900900900900581e+00 1.888370631980079040e+01
2.911161161161161193e+00 1.889531910120476610e+01
2.921421421421421361e+00 1.890692908425655716e+01
2.931681681681681528e+00 1.891853629654052682e+01
2.941941941941941696e+00 1.893014076561459547e+01
2.952202202202201864e+00 1.894174251901080552e+01
2.962462462462462476e+00 1.895334158423541737e+01
2.972722722722722644e+00 1.896493798876934278e+01
2.982982982982982811e+00 1.897653176006840070e+01
2.993243243243242979e+00 1.898812292556358017e+01
3.003503503503503591e+00 1.899971151266143821e+01
3.013763763763763759e+00 1.901129754874427036e+01
3.024024024024023927e+00 1.902288106117050503e+01
3.034284284284284094e+00 1.903446207727501260e+01
3.044544544544544262e+00 1.904604062436930789e+01
3.054804804804804874e+00 1.905761672974188414e+01
3.065065065065065042e+00 1.906919042065855407e+01
3.075325325325325210e+00 1.908076172436272699e+01
3.085585585585585378e+00 1.909233066807566459e+01
3.095845845845845545e+00 1.910389727899669055e+01
3.106106106106106157e+00 1.911546158430377673e+01
3.116366366366366325e+00 1.912702361115345440e+01
3.126626626626626493e+00 1.913858338668136483e+01
3.136886886886886661e+00 1.915014093800237660e+01
3.147147147147146828e+00 1.916169629221107584e+01
3.157407407407407440e+00 1.917324947638184440e+01
3.167667667667667608e+00 1.918480051756917248e+01
3.177927927927927776e+00 1.919634944280809918e+01
3.188188188188187944e+00 1.920789627911426578e+01
3.198448448448448111e+00 1.921944105348439535e+01
3.208708708708708723e+00 1.923098379289650239e+01
3.218968968968968891e+00 1.924252452430998517e+01
3.229229229229229059e+00 1.925406327466622969e+01
3.239489489489489227e+00 1.926560007088855286e+01
3.249749749749749395e+00 1.927713493988280291e+01
3.260010010010010006e+00 1.928866790853732383e+01
3.270270270270270174e+00 1.930019900372337815e+01
3.280530530530530342e+00 1.931172825229537082e+01
3.290790790790790510e+00 1.932325568109122926e+01
3.301051051051051122e+00 1.933478131693244606e+01
3.311311311311311290e+00 1.934630518662443777e+01
3.321571571571571457e+00 1.935782731695692149e+01
3.331831831831831625e+00 1.936934773470401083e+01
3.342092092092091793e+00 1.938086646662455692e+01
3.352352352352352405e+00 1.939238353946230475e+01
3.362612612612612573e+00 1.940389897994631951e+01
3.372872872872872740e+00 1.941541281479102921e+01
3.383133133133132908e+00 1.942692507069658348e+01
3.393393393393393076e+00 1.943843577434912362e+01
3.403653653653653688e+00 1.944994495242096022e+01
3.413913913913913856e+00 1.946145263157082184e+01
3.424174174174174023e+00 1.947295883844412856e+01
3.434434434434434191e+00 1.948446359967321584e+01
3.444694694694694359e+00 1.949596694187747659e+01
3.454954954954954971e+00 1.950746889166381948e+01
3.465215215215215139e+00 1.951896947562654816e+01
3.475475475475475307e+00 1.953046872034797943e+01
3.485735735735735474e+00 1.954196665239835795e+01
3.495995995995995642e+00 1.955346329833622576e+01
3.506256256256256254e+00 1.956495868470858923e+01
3.516516516516516422e+00 1.957645283805121394e+01
3.526776776776776590e+00 1.958794578488871707e+01
3.537037037037036757e+00 1.959943755173480895e+01
3.547297297297296925e+00 1.961092816509259862e+01
3.557557557557557537e+00 1.962241765145463646e+01
3.567817817817817705e+00 1.963390603730326589e+01
3.578078078078077873e+00 1.964539334911074420e+01
3.588338338338338041e+00 1.965687961333945211e+01
3.598598598598598652e+00 1.966836485644202170e+01
3.608858858858858820e+00 1.967984910486163486e+01
3.619119119119118988e+00 1.969133238503219374e+01
3.629379379379379156e+00 1.970281472337829953e+01
3.639639639639639324e+00 1.971429614631582794e+01
3.649899899899899935e+00 1.972577668025164144e+01
3.660160160160160103e+00 1.973725635158417191e+01
3.670420420420420271e+00 1.974873518670324302e+01
3.680680680680680439e+00 1.976021321199046099e+01
3.690940940940940607e+00 1.977169045381931411e+01
3.701201201201201219e+00 1.978316693855526509e+01
3.711461461461461386e+00 1.979464269255598197e+01
3.721721721721721554e+00 1.980611774217145538e+01
3.731981981981981722e+00 1.981759211374410512e+01
3.742242242242241890e+00 1.982906583360897201e+01
3.752502502502502502e+00 1.984053892809379249e+01
3.762762762762762669e+00 1.985201142351920467e+01
3.773023023023022837e+00 1.986348334619883360e+01
3.783283283283283005e+00 1.987495472243935168e+01
3.793543543543543173e+00 1.988642557854068826e+01
3.803803803803803785e+00 1.989789594079604029e+01
3.814064064064063952e+00 1.990936583549213879e+01
3.824324324324324120e+00 1.992083528890917421e+01
3.834584584584584288e+00 1.993230432732093149e+01
3.844844844844844456e+00 1.994377297699496410e+01
3.855105105105105068e+00 1.995524126419259758e+01
3.865365365365365236e+00 1.996670921516903974e+01
3.875625625625625403e+00 1.997817685617344807e+01
3.885885885885885571e+00 1.998964421344891562e+01
3.896146146146146183e+00 2.000111131323270897e+01
3.906406406406406351e+00 2.001257818175621495e+01
3.916666666666666519e+00 2.002404484524494066e+01
3.926926926926926686e+00 2.003551132991859518e+01
3.937187187187186854e+00 2.004697766199121745e+01
3.947447447447447466e+00 2.005844386767113363e+01
3.957707707707707634e+00 2.006990997316091452e+01
3.967967967967967802e+00 2.008137600465746075e+01
3.978228228228227970e+00 2.009284198835204194e+01
3.988488488488488137e+00 2.010430795043027530e+01
3.998748748748748749e+00 2.011577391707209017e+01
4.009009009009009361e+00 2.012723991445174221e+01
4.019269269269269529e+00 2.013870596873780627e+01
4.029529529529529697e+00 2.015017210609312670e+01
4.039789789789789864e+00 2.016163835267475335e+01
4.050050050050050032e+00 2.017310473463402332e+01
4.060310310310310200e+00 2.018457127811639396e+01
4.070570570570570368e+00 2.019603800926141091e+01
4.080830830830830536e+00 2.020750495420266901e+01
4.091091091091090703e+00 2.021897213906769508e+01
4.101351351351350871e+00 2.023043958997793368e+01
4.111611611611611039e+00 2.024190733304867607e+01
4.121871871871871207e+00 2.025337539438879375e+01
4.132132132132131375e+00 2.026484380010077047e+01
4.142392392392391542e+00 2.027631257628067374e+01
4.152652652652652598e+00 2.028778174901772857e+01
4.162912912912912766e+00 2.029925134439452705e+01
4.173173173173172934e+00 2.031072138848670150e+01
4.183433433433433102e+00 2.032219190736270065e+01
4.193693693693694158e+00 2.033366292708377898e+01
4.203953953953954326e+00 2.034513447370388661e+01
4.214214214214214493e+00 2.035660657326915057e+01
4.224474474474474661e+00 2.036807925181802048e+01
4.234734734734734829e+00 2.037955253538095945e+01
4.244994994994994997e+00 2.039102644998013858e+01
4.255255255255255165e+00 2.040250102162934098e+01
4.265515515515515332e+00 2.041397627633363854e+01
4.275775775775775500e+00 2.042545224008918225e+01
4.286036036036035668e+00 2.043692893888292872e+01
4.296296296296295836e+00 2.044840639869240917e+01
4.306556556556556004e+00 2.045988464548536001e+01
4.316816816816816171e+00 2.047136370521954873e+01
4.327077077077076339e+00 2.048284360384234404e+01
4.337337337337336507e+00 2.049432436729049911e+01
4.347597597597597563e+00 2.050580602148976084e+01
4.357857857857857731e+00 2.051728859235457492e+01
4.368118118118117899e+00 2.052877210578764888e+01
4.378378378378378066e+00 2.054025658767969631e+01
4.388638638638638234e+00 2.055174206390896074e+01
4.398898898898899290e+00 2.056322856034086399e+01
4.409159159159159458e+00 2.057471610282756203e+01
4.419419419419419626e+00 2.058620471720764300e+01
4.429679679679679793e+00 2.059769442930549843e+01
4.439939939939939961e+00 2.060918526493100700e+01
4.450200200200200129e+00 2.062067724987903361e+01
4.460460460460460297e+00 2.063217040992900664e+01
4.470720720720720465e+00 2.064366477084426421e+01
4.480980980980980632e+00 2.065516035837172737e+01
4.491241241241240800e+00 2.066665719824126413e+01
4.501501501501500968e+00 2.067815531616521341e+01
4.511761761761761136e+00 2.068965473783782372e+01
4.522022022022022192e+00 2.070115548893458879e+01
4.532282282282282360e+00 2.071265759511171467e+01
4.542542542542542527e+00 2.072416108200568985e+01
4.552802802802802695e+00 2.073566597523230115e+01
4.563063063063062863e+00 2.074717230038635662e+01
4.573323323323323031e+00 2.075868008304081158e+01
4.583583583583583199e+00 2.077018934874616818e+01
4.593843843843843366e+00 2.078170012302982528e+01
4.604104104104103534e+00 2.079321243139523290e+01
4.614364364364364590e+00 2.080472629932137707e+01
4.624624624624624758e+00 2.081624175226186324e+01
4.634884884884884926e+00 2.082775881564423415e+01
4.645145145145145094e+00 2.083927751486917757e+01
4.655405405405405261e+00 2.085079787530969142e+01
4.665665665665665429e+00 2.086231992231034837e+01
4.675925925925925597e+00 2.087384368118638278e+01
4.686186186186185765e+00 2.088536917722286645e+01
4.696446446446445933e+00 2.089689643567382049e+01
4.706706706706706100e+00 2.090842548176136617e+01
4.716966966966967156e+00 2.091995634067470533e+01
4.727227227227227324e+00 2.093148903756932455e+01
4.737487487487487492e+00 2.094302359756589382e+01
4.747747747747747660e+00 2.095456004574934639e+01
4.758008008008007828e+00 2.096609840716792661e+01
4.768268268268267995e+00 2.097763870683216680e+01
4.778528528528528163e+00 2.098918096971367575e+01
4.788788788788788331e+00 2.100072522074434289e+01
4.799049049049048499e+00 2.101227148481501672e+01
4.809309309309308667e+00 2.102381978677448160e+01
4.819569569569569722e+00 2.103537015142838129e+01
4.829829829829829890e+00 2.104692260353795064e+01
4.840090090090090058e+00 2.105847716781891421e+01
4.850350350350350226e+00 2.107003386894027841e+01
4.860610610610610394e+00 2.108159273152303825e+01
4.870870870870870561e+00 2.109315378013904407e+01
4.881131131131130729e+00 2.110471703930950582e+01
4.891391391391390897e+00 2.111628253350400897e+01
4.901651651651651065e+00 2.112785028713888735e+01
4.911911911911912121e+00 2.113942032457607212e+01
4.922172172172172289e+00 2.115099267012155337e+01
4.932432432432432456e+00 2.116256734802415451e+01
4.942692692692692624e+00 2.117414438247395481e+01
4.952952952952952792e+00 2.118572379760088253e+01
4.963213213213212960e+00 2.119730561747325481e+01
4.973473473473473128e+00 2.120888986609628546e+01
4.983733733733733295e+00 2.122047656741042587e+01
4.993993993993993463e+00 2.123206574528993684e+01
5.004254254254253631e+00 2.124365742354119746e+01
5.014514514514514687e+00 2.125525162590126271e+01
5.024774774774774855e+00 2.126684837603588818e+01
5.035035035035035023e+00 2.127844769753820131e+01
5.045295295295295190e+00 2.129004961392678652e+01
5.055555555555555358e+00 2.130165414864397988e+01
5.065815815815815526e+00 2.131326132505413895e+01
5.076076076076075694e+00 2.132487116644181668e+01
5.086336336336335862e+00 2.133648369601005612e+01
5.096596596596596029e+00 2.134809893687829785e+01
5.106856856856856197e+00 2.135971691208070666e+01
5.117117117117117253e+00 2.137133764456414653e+01
5.127377377377377421e+00 2.138296115718625501e+01
5.137637637637637589e+00 2.139458747271354966e+01
5.147897897897897757e+00 2.140621661381925023e+01
5.158158158158157924e+00 2.141784860308136373e+01
5.168418418418418092e+00 2.142948346298052442e+01
5.178678678678678260e+00 2.144112121589799003e+01
5.188938938938938428e+00 2.145276188411342844e+01
5.199199199199198596e+00 2.146440548980273633e+01
5.209459459459459651e+00 2.147605205503585424e+01
5.219719719719719819e+00 2.148770160177459232e+01
5.229979979979979987e+00 2.149935415187021448e+01
5.240240240240240155e+00 2.151100972706116110e+01
5.250500500500500323e+00 2.152266834897084991e+01
5.260760760760760490e+00 2.153433003910517485e+01
5.271021021021020658e+00 2.154599481885013645e+01
5.281281281281280826e+00 2.155766270946924834e+01
5.291541541541540994e+00 2.156933373210131677e+01
5.301801801801801162e+00 2.158100790775771216e+01
5.312062062062062218e+00 2.159268525731990351e+01
5.322322322322322385e+00 2.160436580153690400e+01
5.332582582582582553e+00 2.161604956102251052e+01
5.342842842842842721e+00 2.162773655625271374e+01
5.353103103103102889e+00 2.163942680756307269e+01
5.363363363363363057e+00 2.165112033514580858e+01
5.373623623623623224e+00 2.166281715904717942e+01
5.383883883883883392e+00 2.167451729916463066e+01
5.394144144144143560e+00 2.168622077524386427e+01
5.404404404404403728e+00 2.169792760687612798e+01
5.414664664664664784e+00 2.170963781349490773e+01
5.424924924924924952e+00 2.172135141437346562e+01
5.435185185185185119e+00 2.173306842862156785e+01
5.445445445445445287e+00 2.174478887518226600e+01
5.455705705705705455e+00 2.175651277282922180e+01
5.465965965965965623e+00 2.176824014016321485e+01
5.476226226226225791e+00 2.177997099560915828e+01
5.486486486486485958e+00 2.179170535741296177e+01
5.496746746746746126e+00 2.180344324363800368e+01
5.507007007007007182e+00 2.181518467216222490e+01
5.517267267267267350e+00 2.182692966067445539e+01
5.527527527527527518e+00 2.183867822667128067e+01
5.537787787787787686e+00 2.185043038745356014e+01
5.548048048048047853e+00 2.186218616012285310e+01
5.558308308308308021e+00 2.187394556157826742e+01
5.568568568568568189e+00 2.188570860851250188e+01
5.578828828828828357e+00 2.189747531740859543e+01
5.589089089089088525e+00 2.190924570453600850e+01
5.599349349349348692e+00 2.192101978594742206e+01
5.609609609609609748e+00 2.193279757747464132e+01
5.619869869869869916e+00 2.194457909472492574e+01
5.630130130130130084e+00 2.195636435307721257e+01
5.640390390390390252e+00 2.196815336767854632e+01
5.650650650650650419e+00 2.197994615343976221e+01
5.660910910910910587e+00 2.199174272503183758e+01
5.671171171171170755e+00 2.200354309688199805e+01
5.681431431431430923e+00 2.201534728316954315e+01
5.691691691691691091e+00 2.202715529782190629e+01
5.701951951951951258e+00 2.203896715451043065e+01
5.712212212212212314e+00 2.205078286664638654e+01
5.722472472472472482e+00 2.206260244737693199e+01
5.732732732732732650e+00 2.207442590958032014e+01
5.742992992992992818e+00 2.208625326586233584e+01
5.753253253253252986e+00 2.209808452855151373e+01
5.763513513513513153e+00 2.210991970969505971e+01
5.773773773773773321e+00 2.212175882105428570e+01
5.784034034034033489e+00 2.213360187410008706e+01
5.794294294294293657e+00 2.214544888000874323e+01
5.804554554554554713e+00 2.215729984965713584e+01
5.814814814814814881e+00 2.216915479361833619e+01
5.825075075075075048e+00 2.218101372215700451e+01
5.835335335335335216e+00 2.219287664522450498e+01
5.845595595595595384e+00 2.220474357245422681e+01
5.855855855855855552e+00 2.221661451315693725e+01
5.866116116116115720e+00 2.222848947631634431e+01
5.876376376376375887e+00 2.224036847058347988e+01
5.886636636636636055e+00 2.225225150427237253e+01
5.896896896896896223e+00 2.226413858535491741e+01
5.907157157157157279e+00 2.227602972145603033e+01
5.917417417417417447e+00 2.228792491984822988e+01
5.927677677677677615e+00 2.229982418744735995e+01
5.937937937937937782e+00 2.231172753080657856e+01
5.948198198198197950e+00 2.232363495611176063e+01
5.958458458458458118e+00 2.233554646917601261e+01
5.968718718718718286e+00 2.234746207543494378e+01
5.978978978978978454e+00 2.235938177994030696e+01
5.989239239239238621e+00 2.237130558735596608e+01
5.999499499499498789e+00 2.238323350195154759e+01
6.009759759759759845e+00 2.239516552759767265e+01
6.020020020020020013e+00 2.240710166775967238e+01
6.030280280280280181e+00 2.241904192549305463e+01
6.040540540540540349e+00 2.243098630343734357e+01
6.050800800800800516e+00 2.244293480381040595e+01
6.061061061061060684e+00 2.245488742840328555e+01
6.071321321321320852e+00 2.246684417857403915e+01
6.081581581581581020e+00 2.247880505524237549e+01
6.091841841841841187e+00 2.249077005888352332e+01
6.102102102102102243e+00 2.250273918952275309e+01
6.112362362362362411e+00 2.251471244672931604e+01
6.122622622622622579e+00 2.252668982961067456e+01
6.132882882882882747e+00 2.253867133680621038e+01
6.143143143143142915e+00 2.255065696648197715e+01
6.153403403403403082e+00 2.256264671632381891e+01
6.163663663663663250e+00 2.257464058353178515e+01
6.173923923923923418e+00 2.258663856481405219e+01
6.184184184184183586e+00 2.259864065638062058e+01
6.194444444444443754e+00 2.261064685393675688e+01
6.204704704704704810e+00 2.262265715267773558e+01
6.214964964964964977e+00 2.263467154728172659e+01
6.225225225225225145e+00 2.264669003190344654e+01
6.235485485485485313e+00 2.265871260016877642e+01
6.245745745745745481e+00 2.267073924516700956e+01
6.256006006006005649e+00 2.268276995944560781e+01
6.266266266266265816e+00 2.269480473500295048e+01
6.276526526526525984e+00 2.270684356328222719e+01
6.286786786786786152e+00 2.271888643516458473e+01
6.297047047047046320e+00 2.273093334096308027e+01
6.307307307307307376e+00 2.274298427041570747e+01
6.317567567567567544e+00 2.275503921267812757e+01
6.327827827827827711e+00 2.276709815631852862e+01
6.338088088088087879e+00 2.277916108930919492e+01
6.348348348348348047e+00 2.279122799902122054e+01
6.358608608608608215e+00 2.280329887221667562e+01
6.368868868868868383e+00 2.281537369504183488e+01
6.379129129129128550e+00 2.282745245302127302e+01
6.389389389389388718e+00 2.283953513104995636e+01
6.399649649649649774e+00 2.285162171338661707e+01
6.409909909909909942e+00 2.286371218364687152e+01
6.420170170170170110e+00 2.287580652479642751e+01
6.430430430430430278e+00 2.288790471914375502e+01
6.440690690690690445e+00 2.290000674833276406e+01
6.450950950950950613e+00 2.291211259333671180e+01
6.461211211211210781e+00 2.292422223444997798e+01
6.471471471471470949e+00 2.293633565128157414e+01
6.481731731731731116e+00 2.294845282274807019e+01
6.491991991991991284e+00 2.296057372706577127e+01
6.502252252252252340e+00 2.297269834174362657e+01
6.512512512512512508e+00 2.298482664357736027e+01
6.522772772772772676e+00 2.299695860863988983e+01
6.533033033033032844e+00 2.300909421227556706e+01
6.543293293293293011e+00 2.302123342909347414e+01
6.553553553553553179e+00 2.303337623295722736e+01
6.563813813813813347e+00 2.304552259698127514e+01
6.574074074074073515e+00 2.305767249352092563e+01
6.584334334334333683e+00 2.306982589416610097e+01
6.594594594594593850e+00 2.308198276973304175e+01
6.604854854854854906e+00 2.309414309025807555e+01
6.615115115115115074e+00 2.310630682498925381e+01
6.625375375375375242e+00 2.311847394237932107e+01
6.635635635635635410e+00 2.313064441007687932e+01
6.645895895895895578e+00 2.314281819492193648e+01
6.656156156156155745e+00 2.315499526293482901e+01
6.666416416416415913e+00 2.316717557931147908e+01
6.676676676676676081e+00 2.317935910841385194e+01
6.686936936936936249e+00 2.319154581376369606e+01
6.697197197197197305e+00 2.320373565803431504e+01
6.707457457457457473e+00 2.321592860304347283e+01
6.717717717717717640e+00 2.322812460974505910e+01
6.727977977977977808e+00 2.324032363822233194e+01
6.738238238238237976e+00 2.325252564767994556e+01
6.748498498498498144e+00 2.326473059643587860e+01
6.758758758758758312e+00 2.327693844191488992e+01
6.769019019019018479e+00 2.328914914063976482e+01
6.779279279279278647e+00 2.330136264822477088e+01
6.789539539539538815e+00 2.331357891936702487e+01
6.799799799799799871e+00 2.332579790783878337e+01
6.810060060060060039e+00 2.333801956648177267e+01
6.820320320320320207e+00 2.335024384719735835e+01
6.830580580580580374e+00 2.336247070093931200e+01
6.840840840840840542e+00 2.337470007770754776e+01
6.851101101101100710e+00 2.338693192653846609e+01
6.861361361361360878e+00 2.339916619549977383e+01
6.871621621621621046e+00 2.341140283168021341e+01
6.881881881881881213e+00 2.342364178118443263e+01
6.892142142142141381e+00 2.343588298912410650e+01
6.902402402402402437e+00 2.344812639960935030e+01
6.912662662662662605e+00 2.346037195574442435e+01
6.922922922922922773e+00 2.347261959961663891e+01
6.933183183183182940e+00 2.348486927229172139e+01
6.943443443443443108e+00 2.349712091380263601e+01
6.953703703703703276e+00 2.350937446314687662e+01
6.963963963963963444e+00 2.352162985827527208e+01
6.974224224224223612e+00 2.353388703608647603e+01
6.984484484484483779e+00 2.354614593241764808e+01
6.994744744744744835e+00 2.355840648203994192e+01
7.005005005005005003e+00 2.357066861864808160e+01
7.015265265265265171e+00 2.358293227485491528e+01
7.025525525525525339e+00 2.359519738218304141e+01
7.035785785785785507e+00 2.360746387105908894e+01
7.046046046046045674e+00 2.361973167080439495e+01
7.056306306306305842e+00 2.363200070962914623e+01
7.066566566566566010e+00 2.364427091462467700e+01
7.076826826826826178e+00 2.365654221175561744e+01
7.087087087087086346e+00 2.366881452585491630e+01
7.097347347347347402e+00 2.368108778061501951e+01
7.107607607607607569e+00 2.369336189858005426e+01
7.117867867867867737e+00 2.370563680114041816e+01
7.128128128128127905e+00 2.371791240852645188e+01
7.138388388388388073e+00 2.373018863979854842e+01
7.148648648648648241e+00 2.374246541284263401e+01
7.158908908908908408e+00 2.375474264436383365e+01
7.169169169169168576e+00 2.376702024987667272e+01
7.179429429429428744e+00 2.377929814370196482e+01
7.189689689689688912e+00 2.379157623895735441e+01
7.199949949949949968e+00 2.380385444755115287e+01
7.210210210210210136e+00 2.381613268017832397e+01
7.220470470470470303e+00 2.382841084630936734e+01
7.230730730730730471e+00 2.384068885418868788e+01
7.240990990990990639e+00 2.385296661082432124e+01
7.251251251251250807e+00 2.386524402198358175e+01
7.261511511511510975e+00 2.387752099218605650e+01
7.271771771771771142e+00 2.388979742469924261e+01
7.282032032032031310e+00 2.390207322152759417e+01
7.292292292292292366e+00 2.391434828341275320e+01
7.302552552552552534e+00 2.392662250982298033e+01
7.312812812812812702e+00 2.393889579894779729e+01
7.323073073073072869e+00 2.395116804769435248e+01
7.333333333333333037e+00 2.396343915167913607e+01
7.343593593593593205e+00 2.397570900522367410e+01
7.353853853853853373e+00 2.398797750134778539e+01
7.364114114114113541e+00 2.400024453176550665e+01
7.374374374374373708e+00 2.401250998687906346e+01
7.384634634634633876e+00 2.402477375577133500e+01
7.394894894894894932e+00 2.403703572620302253e+01
7.405155155155155100e+00 2.404929578460755124e+01
7.415415415415415268e+00 2.406155381608372323e+01
7.425675675675675436e+00 2.407380970439297485e+01
7.435935935935935603e+00 2.408606333195278282e+01
7.446196196196195771e+00 2.409831457983205638e+01
7.456456456456455939e+00 2.411056332774771604e+01
7.466716716716716107e+00 2.412280945405685983e+01
7.476976976976976275e+00 2.413505283575584670e+01
7.487237237237236442e+00 2.414729334847368492e+01
7.497497497497497498e+00 2.415953086646788961e+01
7.507757757757757666e+00 2.417176526262074532e+01
7.518018018018017834e+00 2.418399640843436416e+01
7.528278278278278002e+00 2.419622417402636572e+01
7.538538538538538170e+00 2.420844842812731557e+01
7.548798798798798337e+00 2.422066903807527893e+01
7.559059059059058505e+00 2.423288586981433923e+01
7.569319319319318673e+00 2.424509878788751394e+01
7.579579579579578841e+00 2.425730765543487166e+01
7.589839839839839897e+00 2.426951233419247700e+01
7.600100100100100065e+00 2.428171268448539877e+01
7.610360360360360232e+00 2.429390856522524444e+01
7.620620620620620400e+00 2.430609983390993634e+01
7.630880880880880568e+00 2.431828634661661326e+01
7.641141141141140736e+00 2.433046795800403928e+01
7.651401401401400904e+00 2.434264452130377876e+01
7.661661661661661071e+00 2.435481588832119471e+01
7.671921921921921239e+00 2.436698190943385356e+01
7.682182182182181407e+00 2.437914243358697419e+01
7.692442442442442463e+00 2.439129730829290210e+01
7.702702702702702631e+00 2.440344637962749630e+01
7.712962962962962798e+00 2.441558949222835651e+01
7.723223223223222966e+00 2.442772648929647161e+01
7.733483483483483134e+00 2.443985721258969335e+01
7.743743743743743302e+00 2.445198150242485369e+01
7.754004004004003470e+00 2.446409919767381425e+01
7.764264264264263637e+00 2.447621013576590698e+01
7.774524524524523805e+00 2.448831415268012179e+01
7.784784784784783973e+00 2.450041108295392078e+01
7.795045045045045029e+00 2.451250075967290698e+01
7.805305305305305197e+00 2.452458301448000100e+01
7.815565565565565365e+00 2.453665767756362115e+01
7.825825825825825532e+00 2.454872457766637339e+01
7.836086086086085700e+00 2.456078354208284509e+01
7.846346346346345868e+00 2.457283439665574676e+01
7.856606606606606036e+00 2.458487696578185577e+01
7.866866866866866204e+00 2.459691107240932340e+01
7.877127127127126371e+00 2.460893653803595527e+01
7.887387387387387427e+00 2.462095318271703448e+01
7.897647647647647595e+00 2.463296082505553741e+01
7.907907907907907763e+00 2.464495928221543863e+01
7.918168168168167931e+00 2.465694836991233529e+01
7.928428428428428099e+00 2.466892790242088651e+01
7.938688688688688266e+00 2.468089769257363741e+01
7.948948948948948434e+00 2.469285755176467489e+01
7.959209209209208602e+00 2.470480728994952813e+01
7.969469469469468770e+00 2.471674671564987591e+01
7.979729729729728938e+00 2.472867563594926565e+01
7.989989989989989994e+00 2.474059385650642540e+01
8.000250250250250161e+00 2.475250118154814061e+01
8.010510510510510329e+00 2.476439741387630988e+01
8.020770770770770497e+00 2.477628235486782060e+01
8.031031031031030665e+00 2.478815580448825884e+01
8.041291291291290833e+00 2.480001756127284906e+01
8.051551551551551000e+00 2.481186742235705012e+01
8.061811811811811168e+00 2.482370518346068522e+01
8.072072072072071336e+00 2.483553063889885237e+01
8.082332332332331504e+00 2.484734358158545930e+01
8.092592592592591672e+00 2.485914380304178195e+01
8.102852852852851839e+00 2.487093109338825059e+01
8.113113113113112007e+00 2.488270524136367357e+01
8.123373373373372175e+00 2.489446603432210736e+01
8.133633633633632343e+00 2.490621325823773802e+01
8.143893893893892511e+00 2.491794669771591231e+01
8.154154154154152678e+00 2.492966613598680325e+01
8.164414414414412846e+00 2.494137135492930213e+01
8.174674674674673014e+00 2.495306213505465820e+01
8.184934934934934958e+00 2.496473825553172432e+01
8.195195195195195126e+00 2.497639949418336514e+01
8.205455455455455294e+00 2.498804562749380054e+01
8.215715715715715461e+00 2.499967643061567912e+01
8.225975975975975629e+00 2.501129167738084647e+01
8.236236236236235797e+00 2.502289114029662187e+01
8.246496496496495965e+00 2.503447459056937419e+01
8.256756756756756133e+00 2.504604179809408038e+01
8.267017017017016300e+00 2.505759253147815713e+01
8.277277277277276468e+00 2.506912655803536438e+01
8.287537537537538412e+00 2.508064364380063438e+01
8.297797797797798580e+00 2.509214355354491843e+01
8.308058058058058748e+00 2.510362605076660714e+01
8.318318318318318916e+00 2.511509089771674397e+01
8.328578578578579084e+00 2.512653785539790618e+01
8.338838838838839251e+00 2.513796668357587549e+01
8.349099099099099419e+00 2.514937714079204767e+01
8.359359359359359587e+00 2.516076898436921994e+01
8.369619619619619755e+00 2.517214197041940693e+01
8.379879879879879923e+00 2.518349585385963962e+01
8.390140140140140090e+00 2.519483038841654476e+01
8.400400400400400258e+00 2.520614532664254526e+01
8.410660660660660426e+00 2.521744041991950525e+01
8.420920920920920594e+00 2.522871541847234766e+01
8.431181181181180762e+00 2.523997007138238757e+01
8.441441441441440929e+00 2.525120412659440206e+01
8.451701701701701097e+00 2.526241733093023711e+01
8.461961961961961265e+00 2.527360943010490857e+01
8.472222222222221433e+00 2.528478016872255907e+01
8.482482482482481601e+00 2.529592929030960136e+01
8.492742742742741768e+00 2.530705653731097371e+01
8.503003003003001936e+00 2.531816165111078831e+01
8.513263263263262104e+00 2.532924437203834600e+01
8.523523523523522272e+00 2.534030443938696564e+01
8.533783783783784216e+00 2.535134159142953436e+01
8.544044044044044384e+00 2.536235556541653935e+01
8.554304304304304551e+00 2.537334609760572945e+01
8.564564564564564719e+00 2.538431292327365085e+01
8.574824824824824887e+00 2.539525577671606982e+01
8.585085085085085055e+00 2.540617439128340393e+01
8.595345345345345223e+00 2.541706849936689494e+01
8.605605605605605390e+00 2.542793783244283290e+01
8.615865865865865558e+00 2.543878212107224357e+01
8.626126126126125726e+00 2.544960109490928701e+01
8.636386386386385894e+00 2.546039448273106842e+01
8.646646646646646062e+00 2.547116201244062594e+01
8.656906906906906229e+00 2.548190341109049939e+01
8.667167167167166397e+00 2.549261840489655384e+01
8.677427427427426565e+00 2.550330671924903214e+01
8.687687687687686733e+00 2.551396807873394579e+01
8.697947947947946901e+00 2.552460220714899819e+01
8.708208208208207068e+00 2.553520882751521626e+01
8.718468468468467236e+00 2.554578766209631624e+01
8.728728728728729180e+00 2.555633843242333114e+01
8.738988988988989348e+00 2.556686085929657892e+01
8.749249249249249516e+00 2.557735466281305037e+01
8.759509509509509684e+00 2.558781956238382449e+01
8.769769769769769852e+00 2.559825527674009393e+01
8.780030030030030019e+00 2.560866152397538542e+01
8.790290290290290187e+00 2.561903802153337395e+01
8.800550550550550355e+00 2.562938448625026666e+01
8.810810810810810523e+00 2.563970063435760594e+01
8.821071071071070691e+00 2.564998618151058096e+01
8.831331331331330858e+00 2.566024084279951012e+01
8.841591591591591026e+00 2.567046433277641881e+01
8.851851851851851194e+00 2.568065636546531039e+01
8.862112112112111362e+00 2.569081665439249207e+01
8.872372372372371530e+00 2.570094491258559444e+01
8.882632632632631697e+00 2.571104085261957550e+01
8.892892892892891865e+00 2.572110418662374087e+01
8.903153153153152033e+00 2.573113462629030579e+01
8.913413413413412201e+00 2.574113188291870458e+01
8.923673673673672369e+00 2.575109566741382494e+01
8.933933933933934313e+00 2.576102569031824174e+01
8.944194194194194480e+00 2.577092166182879751e+01
8.954454454454454648e+00 2.578078329182151762e+01
8.964714714714714816e+00 2.579061028986791015e+01
8.974974974974974984e+00 2.580040236525343644e+01
8.985235235235235152e+00 2.581015922700873588e+01
8.995495495495495319e+00 2.581988058391796770e+01
9.005755755755755487e+00 2.582956614455737920e+01
9.016016016016015655e+00 2.583921561729793126e+01
9.026276276276275823e+00 2.584882871033314444e+01
9.036536536536535991e+00 2.585840513171912391e+01
9.046796796796796158e+00 2.586794458936592278e+01
9.057057057057056326e+00 2.587744679107766643e+01
9.067317317317316494e+00 2.588691144457514781e+01
9.077577577577576662e+00 2.589633825752326857e+01
9.087837837837836830e+00 2.590572693752891809e+01
9.098098098098096997e+00 2.591507719219080386e+01
9.108358358358357165e+00 2.592438872910735981e+01
9.118618618618617333e+00 2.593366125591445837e+01
9.128878878878879277e+00 2.594289448028373357e+01
9.139139139139139445e+00 2.595208810997116444e+01
9.149399399399399613e+00 2.596124185282257812e+01
9.159659659659659781e+00 2.597035541680908821e+01
9.169919919919919948e+00 2.597942851003945819e+01
9.180180180180180116e+00 2.598846084080433627e+01
9.190440440440440284e+00 2.599745211756101426e+01
9.200700700700700452e+00 2.600640204900265218e+01
9.210960960960960620e+00 2.601531034405858378e+01
9.221221221221220787e+00 2.602417671190626081e+01
9.231481481481480955e+00 2.603300086202662200e+01
9.241741741741741123e+00 2.604178250420269336e+01
9.252002002002001291e+00 2.605052134855889889e+01
9.262262262262261459e+00 2.605921710557370474e+01
9.272522522522521626e+00 2.606786948611487631e+01
9.282782782782781794e+00 2.607647820145187012e+01
9.293043043043041962e+00 2.608504296329375549e+01
9.303303303303302130e+00 2.609356348381037805e+01
9.313563563563562298e+00 2.610203947564005489e+01
9.323823823823824242e+00 2.611047065194846084e+01
9.334084084084084409e+00 2.611885672641674105e+01
9.344344344344344577e+00 2.612719741329130585e+01
9.354604604604604745e+00 2.613549242740403500e+01
9.364864864864864913e+00 2.614374148417955368e+01
9.375125125125125081e+00 2.615194429969332290e+01
9.385385385385385248e+00 2.616010059066342563e+01
9.395645645645645416e+00 2.616821007450067071e+01
9.405905905905905584e+00 2.617627246931757057e+01
9.416166166166165752e+00 2.618428749395834387e+01
9.426426426426425920e+00 2.619225486803349057e+01
9.436686686686686087e+00 2.620017431192756518e+01
9.446946946946946255e+00 2.620804554683264342e+01
9.457207207207206423e+00 2.621586829478896519e+01
9.467467467467466591e+00 2.622364227868261111e+01
9.477727727727726759e+00 2.623136722228795392e+01
9.487987987987986926e+00 2.623904285028218908e+01
9.498248248248247094e+00 2.624666888829530009e+01
9.508508508508507262e+00 2.625424506289887105e+01
9.518768768768767430e+00 2.626177110166347717e+01
9.529029029029029374e+00 2.626924673316694481e+01
9.539289289289289542e+00 2.627667168701571754e+01
9.549549549549549710e+00 2.628404569389016032e+01
9.559809809809809877e+00 2.629136848554794170e+01
9.570070070070070045e+00 2.629863979486553660e+01
9.580330330330330213e+00 2.630585935585173374e+01
9.590590590590590381e+00 2.631302690368239894e+01
9.600850850850850549e+00 2.632014217472046980e+01
9.611111111111110716e+00 2.632720490653958123e+01
9.621371371371370884e+00 2.633421483794553808e+01
9.631631631631631052e+00 2.634117170902532834e+01
9.641891891891891220e+00 2.634807526113709031e+01
9.652152152152151388e+00 2.635492523694979994e+01
9.662412412412411555e+00 2.636172138049235159e+01
9.672672672672671723e+00 2.636846343713234120e+01
9.682932932932931891e+00 2.637515115363397911e+01
9.693193193193192059e+00 2.638178427817887339e+01
9.703453453453452227e+00 2.638836256037434680e+01
9.713713713713712394e+00 2.639488575130132730e+01
9.723973973973974338e+00 2.640135360351341731e+01
9.734234234234234506e+00 2.640776587108697981e+01
9.744494494494494674e+00 2.641412230961584484e+01
9.754754754754754842e+00 2.642042267627051189e+01
9.765015015015015010e+00 2.642666672979953546e+01
9.775275275275275177e+00 2.643285423054905792e+01
9.785535535535535345e+00 2.643898494050373316e+01
9.795795795795795513e+00 2.644505862330679236e+01
9.806056056056055681e+00 2.645107504426391642e+01
9.816316316316315849e+00 2.645703397040509941e+01
9.826576576576576016e+00 2.646293517045309329e+01
9.836836836836836184e+00 2.646877841491441075e+01
9.847097097097096352e+00 2.647456347604844140e+01
9.857357357357356520e+00 2.648029012791180747e+01
9.867617617617616688e+00 2.648595814637501888e+01
9.877877877877876855e+00 2.649156730916289249e+01
9.888138138138137023e+00 2.649711739584231651e+01
9.898398398398397191e+00 2.650260818789054795e+01
9.908658658658657359e+00 2.650803946866795258e+01
9.918918918918919303e+00 2.651341102348344236e+01
9.929179179179179471e+00 2.651872263959241138e+01
9.939439439439439639e+00 2.652397410622941010e+01
9.949699699699699806e+00 2.652916521461319732e+01
9.959959959959959974e+00 2.653429575799133744e+01
9.970220220220220142e+00 2.653936553164587053e+01
9.980480480480480310e+00 2.654437433292533655e+01
9.990740740740740478e+00 2.654932196124984145e+01
1.000100100100100065e+01 2.655420821814754362e+01
1.001126126126126081e+01 2.655903290727483679e+01
1.002152152152152098e+01 2.656379583441974290e+01
1.003178178178178115e+01 2.656849680754450915e+01
1.004204204204204132e+01 2.657313563679552004e+01
1.005230230230230148e+01 2.657771213451997028e+01
1.006256256256256165e+01 2.658222611528330859e+01
1.007282282282282182e+01 2.658667739591375678e+01
1.008308308308308199e+01 2.659106579547676219e+01
1.009334334334334216e+01 2.659539113533837096e+01
1.010360360360360232e+01 2.659965323916458857e+01
1.011386386386386249e+01 2.660385193292909278e+01
1.012412412412412444e+01 2.660798704495633871e+01
1.013438438438438460e+01 2.661205840592407412e+01
1.014464464464464477e+01 2.661606584887978144e+01
1.015490490490490494e+01 2.662000920927012615e+01
1.016516516516516511e+01 2.662388832494399793e+01
1.017542542542542527e+01 2.662770303618678014e+01
1.018568568568568544e+01 2.663145318572482267e+01
1.019594594594594561e+01 2.663513861874200117e+01
1.020620620620620578e+01 2.663875918290554523e+01
1.021646646646646595e+01 2.664231472837468573e+01
1.022672672672672611e+01 2.664580510782029066e+01
1.023698698698698628e+01 2.664923017643527103e+01
1.024724724724724645e+01 2.665258979196292088e+01
1.025750750750750662e+01 2.665588381470322332e+01
1.026776776776776678e+01 2.665911210751913174e+01
1.027802802802802695e+01 2.666227453586865082e+01
1.028828828828828712e+01 2.666537096780863791e+01
1.029854854854854729e+01 2.666840127402174332e+01
1.030880880880880746e+01 2.667136532780596880e+01
1.031906906906906940e+01 2.667426300512560999e+01
1.032932932932932957e+01 2.667709418456949777e+01
1.033958958958958974e+01 2.667985874743310504e+01
1.034984984984984990e+01 2.668255657767470623e+01
1.036011011011011007e+01 2.668518756194983510e+01
1.037037037037037024e+01 2.668775158963975258e+01
1.038063063063063041e+01 2.669024855282279418e+01
1.039089089089089057e+01 2.669267834632834990e+01
1.040115115115115074e+01 2.669504086772504792e+01
1.041141141141141091e+01 2.669733601733961592e+01
1.042167167167167108e+01 2.669956369826028819e+01
1.043193193193193125e+01 2.670172381635927650e+01
1.044219219219219141e+01 2.670381628028925647e+01
1.045245245245245158e+01 2.670584100151024387e+01
1.046271271271271175e+01 2.670779789427830408e+01
1.047297297297297192e+01 2.670968687567842181e+01
1.048323323323323208e+01 2.671150786561110735e+01
1.049349349349349225e+01 2.671326078681632765e+01
1.050375375375375242e+01 2.671494556488884342e+01
1.051401401401401436e+01 2.671656212825931931e+01
1.052427427427427453e+01 2.671811040821607008e+01
1.053453453453453470e+01 2.671959033893190849e+01
1.054479479479479487e+01 2.672100185744380596e+01
1.055505505505505504e+01 2.672234490366897219e+01
1.056531531531531520e+01 2.672361942041955984e+01
1.057557557557557537e+01 2.672482535339126741e+01
1.058583583583583554e+01 2.672596265120044379e+01
1.059609609609609571e+01 2.672703126533646056e+01
1.060635635635635587e+01 2.672803115024102283e+01
1.061661661661661604e+01 2.672896226324023417e+01
1.062687687687687621e+01 2.672982456459871159e+01
1.063713713713713638e+01 2.673061801750291266e+01
1.064739739739739655e+01 2.673134258806302554e+01
1.065765765765765671e+01 2.673199824533534397e+01
1.066791791791791688e+01 2.673258496130353024e+01
1.067817817817817705e+01 2.673310271089422230e+01
1.068843843843843722e+01 2.673355147198401482e+01
1.069869869869869738e+01 2.673393122538233513e+01
1.070895895895895755e+01 2.673424195485246457e+01
1.071921921921921950e+01 2.673448364711059710e+01
1.072947947947947966e+01 2.673465629182511094e+01
1.073973973973973983e+01 2.673475988160617689e+01
1.075000000000000000e+01 2.673479441202598039e+01
