5.000000000000000000e-01 1.928663782230767865e+01
5.102602602602602788e-01 1.930592201983606770e+01
5.205205205205205576e-01 1.932519514805211713e+01
5.307807807807807254e-01 1.934445724342103290e+01
5.410410410410410043e-01 1.936370834233246185e+01
5.513013013013012831e-01 1.938294848110075463e+01
5.615615615615615619e-01 1.940217769596491948e+01
5.718218218218218407e-01 1.942139602308886026e+01
5.820820820820821195e-01 1.944060349856140490e+01
5.923423423423423984e-01 1.945980015839634447e+01
6.026026026026025662e-01 1.947898603853267474e+01
6.128628628628628450e-01 1.949816117483453581e+01
6.231231231231231238e-01 1.951732560309140396e+01
6.333833833833834026e-01 1.953647935901814137e+01
6.436436436436436814e-01 1.955562247825511690e+01
6.539039039039038492e-01 1.957475499636818839e+01
6.641641641641641280e-01 1.959387694884896547e+01
6.744244244244244069e-01 1.961298837111473148e+01
6.846846846846846857e-01 1.963208929850859263e+01
6.949449449449449645e-01 1.965117976629957042e+01
7.052052052052051323e-01 1.967025980968264776e+01
7.154654654654655221e-01 1.968932946377886495e+01
7.257257257257256899e-01 1.970838876363538716e+01
7.359859859859859688e-01 1.972743774422557905e+01
7.462462462462462476e-01 1.974647644044908290e+01
7.565065065065064154e-01 1.976550488713186837e+01
7.667667667667668052e-01 1.978452311902636396e+01
7.770270270270269730e-01 1.980353117081142500e+01
7.872872872872872518e-01 1.982252907709248291e+01
7.975475475475475307e-01 1.984151687240155226e+01
8.078078078078078095e-01 1.986049459119734806e+01
8.180680680680680883e-01 1.987946226786534609e+01
8.283283283283282561e-01 1.989841993671774745e+01
8.385885885885886459e-01 1.991736763199363480e+01
8.488488488488488137e-01 1.993630538785903994e+01
8.591091091091090926e-01 1.995523323840687624e+01
8.693693693693693714e-01 1.997415121765718382e+01
8.796296296296295392e-01 1.999305935955696967e+01
8.898898898898899290e-01 2.001195769798043145e+01
9.001501501501500968e-01 2.003084626672884738e+01
9.104104104104103756e-01 2.004972509953083204e+01
9.206706706706706544e-01 2.006859423004219423e+01
9.309309309309309333e-01 2.008745369184600094e+01
9.411911911911912121e-01 2.010630351845277985e+01
9.514514514514513799e-01 2.012514374330036304e+01
9.617117117117117697e-01 2.014397439975404325e+01
9.719719719719719375e-01 2.016279552110656326e+01
9.822322322322322163e-01 2.018160714057819760e+01
9.924924924924924952e-01 2.020040929131675611e+01
1.002752752752752663e+00 2.021920200639754839e+01
1.013013013013012831e+00 2.023798531882358631e+01
1.023273273273273221e+00 2.025675926152548101e+01
1.033533533533533610e+00 2.027552386736148904e+01
1.043793793793793778e+00 2.029427916911753726e+01
1.054054054054053946e+00 2.031302519950735075e+01
1.064314314314314336e+00 2.033176199117225380e+01
1.074574574574574504e+00 2.035048957668148617e+01
1.084834834834834894e+00 2.036920798853196501e+01
1.095095095095095061e+00 2.038791725914845898e+01
1.105355355355355229e+00 2.040661742088351005e+01
1.115615615615615619e+00 2.042530850601752590e+01
1.125875875875876009e+00 2.044399054675880123e+01
1.136136136136136177e+00 2.046266357524336144e+01
1.146396396396396344e+00 2.048132762353529657e+01
1.156656656656656512e+00 2.049998272362640606e+01
1.166916916916916902e+00 2.051862890743645096e+01
1.177177177177177292e+00 2.053726620681311843e+01
1.187437437437437460e+00 2.055589465353193290e+01
1.197697697697697627e+00 2.057451427929640531e+01
1.207957957957957795e+00 2.059312511573785542e+01
1.218218218218218185e+00 2.061172719441558954e+01
1.228478478478478575e+00 2.063032054681681871e+01
1.238738738738738743e+00 2.064890520435659482e+01
1.248998998998998911e+00 2.066748119837791009e+01
1.259259259259259078e+00 2.068604856015168636e+01
1.269519519519519468e+00 2.070460732087665789e+01
1.279779779779779858e+00 2.072315751167943532e+01
1.290040040040040026e+00 2.074169916361456956e+01
1.300300300300300194e+00 2.076023230766439553e+01
1.310560560560560361e+00 2.077875697473912098e+01
1.320820820820820751e+00 2.079727319567671273e+01
1.331081081081081141e+00 2.081578100124303887e+01
1.341341341341341309e+00 2.083428042213166620e+01
1.351601601601601477e+00 2.085277148896397037e+01
1.361861861861861867e+00 2.087125423228904708e+01
1.372122122122122034e+00 2.088972868258369431e+01
1.382382382382382424e+00 2.090819487025244428e+01
1.392642642642642592e+00 2.092665282562745688e+01
1.402902902902902760e+00 2.094510257896852323e+01
1.413163163163163150e+00 2.096354416046304081e+01
1.423423423423423539e+00 2.098197760022600278e+01
1.433683683683683707e+00 2.100040292829989497e+01
1.443943943943943875e+00 2.101882017465472430e+01
1.454204204204204043e+00 2.103722936918796549e+01
1.464464464464464433e+00 2.105563054172447224e+01
1.474724724724724823e+00 2.107402372201656959e+01
1.484984984984984990e+00 2.109240893974379460e+01
1.495245245245245158e+00 2.111078622451309883e+01
1.505505505505505548e+00 2.112915560585859609e+01
1.515765765765765716e+00 2.114751711324160866e+01
1.526026026026025884e+00 2.116587077605066369e+01
1.536286286286286273e+00 2.118421662360134050e+01
1.546546546546546441e+00 2.120255468513624209e+01
1.556806806806806831e+00 2.122088498982501648e+01
1.567067067067066999e+00 2.123920756676420041e+01
1.577327327327327167e+00 2.125752244497720511e+01
1.587587587587587556e+00 2.127582965341429855e+01
1.597847847847847724e+00 2.129412922095245975e+01
1.608108108108108114e+00 2.131242117639535394e+01
1.618368368368368282e+00 2.133070554847327571e+01
1.628628628628628672e+00 2.134898236584306375e+01
1.638888888888888840e+00 2.136725165708807239e+01
1.649149149149149007e+00 2.138551345071806153e+01
1.659409409409409397e+00 2.140376777516908646e+01
1.669669669669669565e+00 2.142201465880355116e+01
1.679929929929929955e+00 2.144025412990993118e+01
1.690190190190190123e+00 2.145848621670291934e+01
1.700450450450450290e+00 2.147671094732318053e+01
1.710710710710710680e+00 2.149492834983735534e+01
1.720970970970970848e+00 2.151313845223798893e+01
1.731231231231231238e+00 2.153134128244326106e+01
1.741491491491491406e+00 2.154953686829720994e+01
1.751751751751751796e+00 2.156772523756935911e+01
1.762012012012011963e+00 2.158590641795480281e+01
1.772272272272272131e+00 2.160408043707402825e+01
1.782532532532532521e+00 2.162224732247284464e+01
1.792792792792792689e+00 2.164040710162229075e+01
1.803053053053053079e+00 2.165855980191851771e+01
1.813313313313313246e+00 2.167670545068268950e+01
1.823573573573573414e+00 2.169484407516094393e+01
1.833833833833833804e+00 2.171297570252415454e+01
1.844094094094093972e+00 2.173110035986798749e+01
1.854354354354354362e+00 2.174921807421261022e+01
1.864614614614614529e+00 2.176732887250278026e+01
1.874874874874874697e+00 2.178543278160754326e+01
1.885135135135135087e+00 2.180352982832026854e+01
1.895395395395395255e+00 2.182162003935842520e+01
1.905655655655655645e+00 2.183970344136350761e+01
1.915915915915915813e+00 2.185778006090097136e+01
1.926176176176176202e+00 2.187584992445994914e+01
1.936436436436436370e+00 2.189391305845331459e+01
1.946696696696696538e+00 2.191196948921743370e+01
1.956956956956956928e+00 2.193001924301206174e+01
1.967217217217217096e+00 2.194806234602026862e+01
1.977477477477477485e+00 2.196609882434819028e+01
1.987737737737737653e+00 2.198412870402500374e+01
1.997997997997997821e+00 2.200215201100273887e+01
2.008258258258257989e+00 2.202016877115613980e+01
2.018518518518518157e+00 2.203817901028252280e+01
2.028778778778778769e+00 2.205618275410165552e+01
2.039039039039038936e+00 2.207418002825559000e+01
2.049299299299299548e+00 2.209217085830849570e+01
2.059559559559559716e+00 2.211015526974654577e+01
2.069819819819819884e+00 2.212813328797778567e+01
2.080080080080080052e+00 2.214610493833184890e+01
2.090340340340340219e+00 2.216407024606001031e+01
2.100600600600600387e+00 2.218202923633483081e+01
2.110860860860860555e+00 2.219998193425010413e+01
2.121121121121120723e+00 2.221792836482065425e+01
2.131381381381381335e+00 2.223586855298218978e+01
2.141641641641641503e+00 2.225380252359109789e+01
2.151901901901902114e+00 2.227173030142434484e+01
2.162162162162162282e+00 2.228965191117920952e+01
2.172422422422422450e+00 2.230756737747319818e+01
2.182682682682682618e+00 2.232547672484382417e+01
2.192942942942942786e+00 2.234337997774838414e+01
2.203203203203202953e+00 2.236127716056386916e+01
2.213463463463463121e+00 2.237916829758670900e+01
2.223723723723723733e+00 2.239705341303265484e+01
2.233983983983983901e+00 2.241493253103647021e+01
2.244244244244244069e+00 2.243280567565188832e+01
2.254504504504504681e+00 2.245067287085124974e+01
2.264764764764764848e+00 2.246853414052551656e+01
2.275025025025025016e+00 2.248638950848386386e+01
2.285285285285285184e+00 2.250423899845359443e+01
2.295545545545545352e+00 2.252208263407994338e+01
2.305805805805805520e+00 2.253992043892581520e+01
2.316066066066065687e+00 2.255775243647156003e+01
2.326326326326326299e+00 2.257557865011490605e+01
2.336586586586586467e+00 2.259339910317054390e+01
2.346846846846847079e+00 2.261121381887004134e+01
2.357107107107107247e+00 2.262902282036155910e+01
2.367367367367367414e+00 2.264682613070974782e+01
2.377627627627627582e+00 2.266462377289532171e+01
2.387887887887887750e+00 2.268241576981505858e+01
2.398148148148147918e+00 2.270020214428134864e+01
2.408408408408408086e+00 2.271798291902221223e+01
2.418668668668668253e+00 2.273575811668080604e+01
2.428928928928928865e+00 2.275352775981527387e+01
2.439189189189189033e+00 2.277129187089869689e+01
2.449449449449449645e+00 2.278905047231859626e+01
2.459709709709709813e+00 2.280680358637674487e+01
2.469969969969969981e+00 2.282455123528908558e+01
2.480230230230230148e+00 2.284229344118519833e+01
2.490490490490490316e+00 2.286003022610832502e+01
2.500750750750750484e+00 2.287776161201492542e+01
2.511011011011011096e+00 2.289548762077449240e+01
2.521271271271271264e+00 2.291320827416933881e+01
2.531531531531531432e+00 2.293092359389421020e+01
2.541791791791791599e+00 2.294863360155606102e+01
2.552052052052051767e+00 2.296633831867389830e+01
2.562312312312312379e+00 2.298403776667836595e+01
2.572572572572572547e+00 2.300173196691144994e+01
2.582832832832832715e+00 2.301942094062637878e+01
2.593093093093092882e+00 2.303710470898717233e+01
2.603353353353353050e+00 2.305478329306845353e+01
2.613613613613613662e+00 2.307245671385509311e+01
2.623873873873873830e+00 2.309012499224186854e+01
2.634134134134133998e+00 2.310778814903345335e+01
2.644394394394394165e+00 2.312544620494372083e+01
2.654654654654654333e+00 2.314309918059571203e+01
2.664914914914914945e+00 2.316074709652128405e+01
2.675175175175175113e+00 2.317838997316076544e+01
2.685435435435435281e+00 2.319602783086262932e+01
2.695695695695695449e+00 2.321366068988325537e+01
2.705955955955956060e+00 2.323128857038655681e+01
2.716216216216216228e+00 2.324891149244367128e+01
2.726476476476476396e+00 2.326652947603266242e+01
2.736736736736736564e+00 2.328414254103816816e+01
2.746996996996996732e+00 2.330175070725110942e+01
2.757257257257257343e+00 2.331935399436825307e+01
2.767517517517517511e+00 2.333695242199205566e+01
2.777777777777777679e+00 2.335454600963020155e+01
2.788038038038037847e+00 2.337213477669521566e+01
2.798298298298298015e+00 2.338971874250431782e+01
2.808558558558558627e+00 2.340729792627881167e+01
2.818818818818818794e+00 2.342487234714396038e+01
2.829079079079078962e+00 2.344244202412856737e+01
2.839339339339339130e+00 2.346000697616447184e+01
2.849599599599599298e+00 2.347756722208641023e+01
2.859859859859859910e+00 2.349512278063153303e+01
2.870120120120120077e+00 2.351267367043902823e+01
2.880380380380380245e+00 2.353021991004978020e+01
2.890640640640640413e+00 2.354776151790600736e+01
2.900900900900900581e+00 2.356529851235086426e+01
2.911161161161161193e+00 2.358283091162803302e+01
2.921421421421421361e+00 2.360035873388142491e+01
2.931681681681681528e+00 2.361788199715465453e+01
2.941941941941941696e+00 2.363540071939078402e+01
2.952202202202201864e+00 2.365291491843182925e+01
2.962462462462462476e+00 2.367042461201841164e+01
2.972722722722722644e+00 2.368792981778934958e+01
2.982982982982982811e+00 2.370543055328125348e+01
2.993243243243242979e+00 2.372292683592802476e+01
3.003503503503503591e+00 2.374041868306063208e+01
3.013763763763763759e+00 2.375790611190642210e+01
3.024024024024023927e+00 2.377538913958905198e+01
3.034284284284284094e+00 2.379286778312768291e+01
3.044544544544544262e+00 2.381034205943684867e+01
3.054804804804804874e+00 2.382781198532584099e+01
3.065065065065065042e+00 2.384527757749835075e+01
3.075325325325325210e+00 2.386273885255201321e+01
3.085585585585585378e+00 2.388019582697792131e+01
3.095845845845845545e+00 2.389764851716027749e+01
3.106106106106106157e+00 2.391509693937583947e+01
3.116366366366366325e+00 2.393254110979346194e+01
3.126626626626626493e+00 2.394998104447371645e+01
3.136886886886886661e+00 2.396741675936836202e+01
3.147147147147146828e+00 2.398484827031989397e+01
3.157407407407407440e+00 2.400227559306102165e+01
3.167667667667667608e+00 2.401969874321431675e+01
3.177927927927927776e+00 2.403711773629159154e+01
3.188188188188187944e+00 2.405453258769348679e+01
3.198448448448448111e+00 2.407194331270892107e+01
3.208708708708708723e+00 2.408934992651475326e+01
3.218968968968968891e+00 2.410675244417499385e+01
3.229229229229229059e+00 2.412415088064058466e+01
3.239489489489489227e+00 2.414154525074880198e+01
3.249749749749749395e+00 2.415893556922261709e+01
3.260010010010010006e+00 2.417632185067037298e+01
3.270270270270270174e+00 2.419370410958515549e+01
3.280530530530530342e+00 2.421108236034425687e+01
3.290790790790790510e+00 2.422845661720865351e+01
3.301051051051051122e+00 2.424582689432256899e+01
3.311311311311311290e+00 2.426319320571280258e+01
3.321571571571571457e+00 2.428055556528822123e+01
3.331831831831831625e+00 2.429791398683928705e+01
3.342092092092091793e+00 2.431526848403739649e+01
3.352352352352352405e+00 2.433261907043439365e+01
3.362612612612612573e+00 2.434996575946199115e+01
3.372872872872872740e+00 2.436730856443116622e+01
3.383133133133132908e+00 2.438464749853162772e+01
3.393393393393393076e+00 2.440198257483128685e+01
3.403653653653653688e+00 2.441931380627552528e+01
3.413913913913913856e+00 2.443664120568683273e+01
3.424174174174174023e+00 2.445396478576395438e+01
3.434434434434434191e+00 2.447128455908151778e+01
3.444694694694694359e+00 2.448860053808929749e+01
3.454954954954954971e+00 2.450591273511168922e+01
3.465215215215215139e+00 2.452322116234698868e+01
3.475475475475475307e+00 2.454052583186697944e+01
3.485735735735735474e+00 2.455782675561604478e+01
3.495995995995995642e+00 2.457512394541079814e+01
3.506256256256256254e+00 2.459241741293924122e+01
3.516516516516516422e+00 2.460970716976030204e+01
3.526776776776776590e+00 2.462699322730306051e+01
3.537037037037036757e+00 2.464427559686618707e+01
3.547297297297296925e+00 2.466155428961722151e+01
3.557557557557557537e+00 2.467882931659202228e+01
3.567817817817817705e+00 2.469610068869392450e+01
3.578078078078077873e+00 2.471336841669335271e+01
3.588338338338338041e+00 2.473063251122677642e+01
3.598598598598598652e+00 2.474789298279642225e+01
3.608858858858858820e+00 2.476514984176928635e+01
3.619119119119118988e+00 2.478240309837666189e+01
3.629379379379379156e+00 2.479965276271319752e+01
3.639639639639639324e+00 2.481689884473653862e+01
3.649899899899899935e+00 2.483414135426632541e+01
3.660160160160160103e+00 2.485138030098356410e+01
3.670420420420420271e+00 2.486861569442999098e+01
3.680680680680680439e+00 2.488584754400728727e+01
3.690940940940940607e+00 2.490307585897634013e+01
3.701201201201201219e+00 2.492030064845658899e+01
3.711461461461461386e+00 2.493752192142513024e+01
3.721721721721721554e+00 2.495473968671618081e+01
3.731981981981981722e+00 2.497195395302015086e+01
3.742242242242241890e+00 2.498916472888291551e+01
3.752502502502502502e+00 2.500637202270518245e+01
3.762762762762762669e+00 2.502357584274163571e+01
3.773023023023022837e+00 2.504077619710008662e+01
3.783283283283283005e+00 2.505797309374084492e+01
3.793543543543543173e+00 2.507516654047582350e+01
3.803803803803803785e+00 2.509235654496777101e+01
3.814064064064063952e+00 2.510954311472951517e+01
3.824324324324324120e+00 2.512672625712314911e+01
3.834584584584584288e+00 2.514390597935912552e+01
3.844844844844844456e+00 2.516108228849566686e+01
3.855105105105105068e+00 2.517825519143762136e+01
3.865365365365365236e+00 2.519542469493595149e+01
3.875625625625625403e+00 2.521259080558670362e+01
3.885885885885885571e+00 2.522975352983019448e+01
3.896146146146146183e+00 2.524691287395038941e+01
3.906406406406406351e+00 2.526406884407355236e+01
3.916666666666666519e+00 2.528122144616790479e+01
3.926926926926926686e+00 2.529837068604254569e+01
3.937187187187186854e+00 2.531551656934649941e+01
3.947447447447447466e+00 2.533265910156797673e+01
3.957707707707707634e+00 2.534979828803344049e+01
3.967967967967967802e+00 2.536693413390669960e+01
3.978228228228227970e+00 2.538406664418801029e+01
3.988488488488488137e+00 2.540119582371325180e+01
3.998748748748748749e+00 2.541832167715290325e+01
4.009009009009009361e+00 2.543544420901118741e+01
4.019269269269269529e+00 2.545256342362510082e+01
4.029529529529529697e+00 2.546967932516365352e+01
4.039789789789789864e+00 2.548679191762661489e+01
4.050050050050050032e+00 2.550390120484395240e+01
4.060310310310310200e+00 2.552100719047452415e+01
4.070570570570570368e+00 2.553810987800540389e+01
4.080830830830830536e+00 2.555520927075074056e+01
4.091091091091090703e+00 2.557230537185084174e+01
4.101351351351350871e+00 2.558939818427124990e+01
4.111611611611611039e+00 2.560648771080169794e+01
4.121871871871871207e+00 2.562357395405512861e+01
4.132132132132131375e+00 2.564065691646670331e+01
4.142392392392391542e+00 2.565773660029281800e+01
4.152652652652652598e+00 2.567481300761006580e+01
4.162912912912912766e+00 2.569188614031417472e+01
4.173173173173172934e+00 2.570895600011913729e+01
4.183433433433433102e+00 2.572602258855603807e+01
4.193693693693694158e+00 2.574308590697201282e+01
4.203953953953954326e+00 2.576014595652927142e+01
4.214214214214214493e+00 2.577720273820404628e+01
4.224474474474474661e+00 2.579425625278544842e+01
4.234734734734734829e+00 2.581130650087452594e+01
4.244994994994994997e+00 2.582835348288305966e+01
4.255255255255255165e+00 2.584539719903253996e+01
4.265515515515515332e+00 2.586243764935315781e+01
4.275775775775775500e+00 2.587947483368255774e+01
4.286036036036035668e+00 2.589650875166476851e+01
4.296296296296295836e+00 2.591353940274928647e+01
4.306556556556556004e+00 2.593056678618965094e+01
4.316816816816816171e+00 2.594759090104258448e+01
4.327077077077076339e+00 2.596461174616656464e+01
4.337337337337336507e+00 2.598162932022116678e+01
4.347597597597597563e+00 2.599864362166531606e+01
4.357857857857857731e+00 2.601565464875660183e+01
4.368118118118117899e+00 2.603266239954993821e+01
4.378378378378378066e+00 2.604966687189634200e+01
4.388638638638638234e+00 2.606666806344184906e+01
4.398898898898899290e+00 2.608366597162633127e+01
4.409159159159159458e+00 2.610066059368219982e+01
4.419419419419419626e+00 2.611765192663335000e+01
4.429679679679679793e+00 2.613463996729386452e+01
4.439939939939939961e+00 2.615162471226679131e+01
4.450200200200200129e+00 2.616860615794299250e+01
4.460460460460460297e+00 2.618558430049977304e+01
4.470720720720720465e+00 2.620255913589984686e+01
4.480980980980980632e+00 2.621953065988995135e+01
4.491241241241240800e+00 2.623649886799962161e+01
4.501501501501500968e+00 2.625346375553992928e+01
4.511761761761761136e+00 2.627042531760220712e+01
4.522022022022022192e+00 2.628738354905685526e+01
4.532282282282282360e+00 2.630433844455191306e+01
4.542542542542542527e+00 2.632128999851190798e+01
4.552802802802802695e+00 2.633823820513647007e+01
4.563063063063062863e+00 2.635518305839903164e+01
4.573323323323323031e+00 2.637212455204559092e+01
4.583583583583583199e+00 2.638906267959326968e+01
4.593843843843843366e+00 2.640599743432908397e+01
4.604104104104103534e+00 2.642292880930856924e+01
4.614364364364364590e+00 2.643985679735441607e+01
4.624624624624624758e+00 2.645678139105515925e+01
4.634884884884884926e+00 2.647370258276378152e+01
4.645145145145145094e+00 2.649062036459636715e+01
4.655405405405405261e+00 2.650753472843075187e+01
4.665665665665665429e+00 2.652444566590498809e+01
4.675925925925925597e+00 2.654135316841620451e+01
4.686186186186185765e+00 2.655825722711902159e+01
4.696446446446445933e+00 2.657515783292418021e+01
4.706706706706706100e+00 2.659205497649718453e+01
4.716966966966967156e+00 2.660894864825678852e+01
4.727227227227227324e+00 2.662583883837363175e+01
4.737487487487487492e+00 2.664272553676879696e+01
4.747747747747747660e+00 2.665960873311233570e+01
4.758008008008007828e+00 2.667648841682185790e+01
4.768268268268267995e+00 2.669336457706097931e+01
4.778528528528528163e+00 2.671023720273801416e+01
4.788788788788788331e+00 2.672710628250425913e+01
4.799049049049048499e+00 2.674397180475281388e+01
4.809309309309308667e+00 2.676083375761678695e+01
4.819569569569569722e+00 2.677769212896799189e+01
4.829829829829829890e+00 2.679454690641539472e+01
4.840090090090090058e+00 2.681139807730350100e+01
4.850350350350350226e+00 2.682824562871104490e+01
4.860610610610610394e+00 2.684508954744917020e+01
4.870870870870870561e+00 2.686192982006018681e+01
4.881131131131130729e+00 2.687876643281580868e+01
4.891391391391390897e+00 2.689559937171568293e+01
4.901651651651651065e+00 2.691242862248591550e+01
4.911911911911912121e+00 2.692925417057723081e+01
4.922172172172172289e+00 2.694607600116368573e+01
4.932432432432432456e+00 2.696289409914104596e+01
4.942692692692692624e+00 2.697970844912491728e+01
4.952952952952952792e+00 2.699651903544953768e+01
4.963213213213212960e+00 2.701332584216589083e+01
4.973473473473473128e+00 2.703012885304018909e+01
4.983733733733733295e+00 2.704692805155228896e+01
4.993993993993993463e+00 2.706372342089396454e+01
5.004254254254253631e+00 2.708051494396732295e+01
5.014514514514514687e+00 2.709730260338327668e+01
5.024774774774774855e+00 2.711408638145958960e+01
5.035035035035035023e+00 2.713086626021954828e+01
5.045295295295295190e+00 2.714764222139011807e+01
5.055555555555555358e+00 2.716441424640028757e+01
5.065815815815815526e+00 2.718118231637944859e+01
5.076076076076075694e+00 2.719794641215559849e+01
5.086336336336335862e+00 2.721470651425383025e+01
5.096596596596596029e+00 2.723146260289433584e+01
5.106856856856856197e+00 2.724821465799110243e+01
5.117117117117117253e+00 2.726496265914975581e+01
5.127377377377377421e+00 2.728170658566624240e+01
5.137637637637637589e+00 2.729844641652476156e+01
5.147897897897897757e+00 2.731518213039631959e+01
5.158158158158157924e+00 2.733191370563669764e+01
5.168418418418418092e+00 2.734864112028495953e+01
5.178678678678678260e+00 2.736536435206156170e+01
5.188938938938938428e+00 2.738208337836658401e+01
5.199199199199198596e+00 2.739879817627805636e+01
5.209459459459459651e+00 2.741550872255007576e+01
5.219719719719719819e+00 2.743221499361102289e+01
5.229979979979979987e+00 2.744891696556197402e+01
5.240240240240240155e+00 2.746561461417454808e+01
5.250500500500500323e+00 2.748230791488944647e+01
5.260760760760760490e+00 2.749899684281446355e+01
5.271021021021020658e+00 2.751568137272274583e+01
5.281281281281280826e+00 2.753236147905082376e+01
5.291541541541540994e+00 2.754903713589705205e+01
5.301801801801801162e+00 2.756570831701960600e+01
5.312062062062062218e+00 2.758237499583454166e+01
5.322322322322322385e+00 2.759903714541425046e+01
5.332582582582582553e+00 2.761569473848526357e+01
5.342842842842842721e+00 2.763234774742672428e+01
5.353103103103102889e+00 2.764899614426829899e+01
5.363363363363363057e+00 2.766563990068839018e+01
5.373623623623623224e+00 2.768227898801226416e+01
5.383883883883883392e+00 2.769891337721020719e+01
5.394144144144143560e+00 2.771554303889551818e+01
5.404404404404403728e+00 2.773216794332283897e+01
5.414664664664664784e+00 2.774878806038607593e+01
5.424924924924924952e+00 2.776540335961652772e+01
5.435185185185185119e+00 2.778201381018103078e+01
5.445445445445445287e+00 2.779861938088010831e+01
5.455705705705705455e+00 2.781522004014593463e+01
5.465965965965965623e+00 2.783181575604051616e+01
5.476226226226225791e+00 2.784840649625364151e+01
5.486486486486485958e+00 2.786499222810120813e+01
5.496746746746746126e+00 2.788157291852295216e+01
5.507007007007007182e+00 2.789814853408085327e+01
5.517267267267267350e+00 2.791471904095693901e+01
5.527527527527527518e+00 2.793128440495150144e+01
5.537787787787787686e+00 2.794784459148110756e+01
5.548048048048047853e+00 2.796439956557656359e+01
5.558308308308308021e+00 2.798094929188117064e+01
5.568568568568568189e+00 2.799749373464853619e+01
5.578828828828828357e+00 2.801403285774071250e+01
5.589089089089088525e+00 2.803056662462638116e+01
5.599349349349348692e+00 2.804709499837859710e+01
5.609609609609609748e+00 2.806361794167300516e+01
5.619869869869869916e+00 2.808013541678595359e+01
5.630130130130130084e+00 2.809664738559230557e+01
5.640390390390390252e+00 2.811315380956352428e+01
5.650650650650650419e+00 2.812965464976586105e+01
5.660910910910910587e+00 2.814614986685815978e+01
5.671171171171170755e+00 2.816263942108999885e+01
5.681431431431430923e+00 2.817912327229966252e+01
5.691691691691691091e+00 2.819560137991218340e+01
5.701951951951951258e+00 2.821207370293728189e+01
5.712212212212212314e+00 2.822854019996755071e+01
5.722472472472472482e+00 2.824500082917615984e+01
5.732732732732732650e+00 2.826145554831523654e+01
5.742992992992992818e+00 2.827790431471361288e+01
5.753253253253252986e+00 2.829434708527485753e+01
5.763513513513513153e+00 2.831078381647541065e+01
5.773773773773773321e+00 2.832721446436244150e+01
5.784034034034033489e+00 2.834363898455196207e+01
5.794294294294293657e+00 2.836005733222671310e+01
5.804554554554554713e+00 2.837646946213437005e+01
5.814814814814814881e+00 2.839287532858534746e+01
5.825075075075075048e+00 2.840927488545086277e+01
5.835335335335335216e+00 2.842566808616095742e+01
5.845595595595595384e+00 2.844205488370252510e+01
5.855855855855855552e+00 2.845843523061726899e+01
5.866116116116115720e+00 2.847480907899975477e+01
5.876376376376375887e+00 2.849117638049538570e+01
5.886636636636636055e+00 2.850753708629841299e+01
5.896896896896896223e+00 2.852389114714997476e+01
5.907157157157157279e+00 2.854023851333614559e+01
5.917417417417417447e+00 2.855657913468575870e+01
5.927677677677677615e+00 2.857291296056871488e+01
5.937937937937937782e+00 2.858923993989373002e+01
5.948198198198197950e+00 2.860556002110661566e+01
5.958458458458458118e+00 2.862187315218799455e+01
5.968718718718718286e+00 2.863817928065168061e+01
5.978978978978978454e+00 2.865447835354236616e+01
5.989239239239238621e+00 2.867077031743399118e+01
5.999499499499498789e+00 2.868705511842746603e+01
6.009759759759759845e+00 2.870333270214894839e+01
6.020020020020020013e+00 2.871960301374775781e+01
6.030280280280280181e+00 2.873586599789452123e+01
6.040540540540540349e+00 2.875212159877907325e+01
6.050800800800800516e+00 2.876836976010878288e+01
6.061061061061060684e+00 2.878461042510631174e+01
6.071321321321320852e+00 2.880084353650789808e+01
6.081581581581581020e+00 2.881706903656131757e+01
6.091841841841841187e+00 2.883328686702405008e+01
6.102102102102102243e+00 2.884949696916133632e+01
6.112362362362362411e+00 2.886569928374420257e+01
6.122622622622622579e+00 2.888189375104768075e+01
6.132882882882882747e+00 2.889808031084878337e+01
6.143143143143142915e+00 2.891425890242473784e+01
6.153403403403403082e+00 2.893042946455111064e+01
6.163663663663663250e+00 2.894659193549972187e+01
6.173923923923923418e+00 2.896274625303705363e+01
6.184184184184183586e+00 2.897889235442229605e+01
6.194444444444443754e+00 2.899503017640535774e+01
6.204704704704704810e+00 2.901115965522527773e+01
6.214964964964964977e+00 2.902728072660820047e+01
6.225225225225225145e+00 2.904339332576559940e+01
6.235485485485485313e+00 2.905949738739255750e+01
6.245745745745745481e+00 2.907559284566580970e+01
6.256006006006005649e+00 2.909167963424208381e+01
6.266266266266265816e+00 2.910775768625619619e+01
6.276526526526525984e+00 2.912382693431942116e+01
6.286786786786786152e+00 2.913988731051759373e+01
6.297047047047046320e+00 2.915593874640942573e+01
6.307307307307307376e+00 2.917198117302475779e+01
6.317567567567567544e+00 2.918801452086278658e+01
6.327827827827827711e+00 2.920403871989051936e+01
6.338088088088087879e+00 2.922005369954073117e+01
6.348348348348348047e+00 2.923605938871066101e+01
6.358608608608608215e+00 2.925205571576004715e+01
6.368868868868868383e+00 2.926804260850947514e+01
6.379129129129128550e+00 2.928401999423906688e+01
6.389389389389388718e+00 2.929998779968633826e+01
6.399649649649649774e+00 2.931594595104494871e+01
6.409909909909909942e+00 2.933189437396286081e+01
6.420170170170170110e+00 2.934783299354091213e+01
6.430430430430430278e+00 2.936376173433109216e+01
6.440690690690690445e+00 2.937968052033510347e+01
6.450950950950950613e+00 2.939558927500269903e+01
6.461211211211210781e+00 2.941148792123019007e+01
6.471471471471470949e+00 2.942737638135895395e+01
6.481731731731731116e+00 2.944325457717388517e+01
6.491991991991991284e+00 2.945912242990189611e+01
6.502252252252252340e+00 2.947497986021048533e+01
6.512512512512512508e+00 2.949082678820635550e+01
6.522772772772772676e+00 2.950666313343373304e+01
6.533033033033032844e+00 2.952248881487323473e+01
6.543293293293293011e+00 2.953830375094032590e+01
6.553553553553553179e+00 2.955410785948391705e+01
6.563813813813813347e+00 2.956990105778504585e+01
6.574074074074073515e+00 2.958568326255556613e+01
6.584334334334333683e+00 2.960145438993679079e+01
6.594594594594593850e+00 2.961721435549816306e+01
6.604854854854854906e+00 2.963296307423603082e+01
6.615115115115115074e+00 2.964870046057227526e+01
6.625375375375375242e+00 2.966442642835329835e+01
6.635635635635635410e+00 2.968014089084848806e+01
6.645895895895895578e+00 2.969584376074931953e+01
6.656156156156155745e+00 2.971153495016790202e+01
6.666416416416415913e+00 2.972721437063619376e+01
6.676676676676676081e+00 2.974288193310441741e+01
6.686936936936936249e+00 2.975853754794032113e+01
6.697197197197197305e+00 2.977418112492793156e+01
6.707457457457457473e+00 2.978981257326650933e+01
6.717717717717717640e+00 2.980543180156953298e+01
6.727977977977977808e+00 2.982103871786364735e+01
6.738238238238237976e+00 2.983663322958779318e+01
6.748498498498498144e+00 2.985221524359206668e+01
6.758758758758758312e+00 2.986778466613698768e+01
6.769019019019018479e+00 2.988334140289239116e+01
6.779279279279278647e+00 2.989888535893666699e+01
6.789539539539538815e+00 2.991441643875592504e+01
6.799799799799799871e+00 2.992993454624304306e+01
6.810060060060060039e+00 2.994543958469703782e+01
6.820320320320320207e+00 2.996093145682202774e+01
6.830580580580580374e+00 2.997641006472683856e+01
6.840840840840840542e+00 2.999187530992398720e+01
6.851101101101100710e+00 3.000732709332914183e+01
6.861361361361360878e+00 3.002276531526047165e+01
6.871621621621621046e+00 3.003818987543784402e+01
6.881881881881881213e+00 3.005360067298252602e+01
6.892142142142141381e+00 3.006899760641633890e+01
6.902402402402402437e+00 3.008438057366122109e+01
6.912662662662662605e+00 3.009974947203880902e+01
6.922922922922922773e+00 3.011510419826980822e+01
6.933183183183182940e+00 3.013044464847367010e+01
6.943443443443443108e+00 3.014577071816813003e+01
6.953703703703703276e+00 3.016108230226875975e+01
6.963963963963963444e+00 3.017637929508885009e+01
6.974224224224223612e+00 3.019166159033878216e+01
6.984484484484483779e+00 3.020692908112600961e+01
6.994744744744744835e+00 3.022218165995466421e+01
7.005005005005005003e+00 3.023741921872544225e+01
7.015265265265265171e+00 3.025264164873539841e+01
7.025525525525525339e+00 3.026784884067768289e+01
7.035785785785785507e+00 3.028304068464170484e+01
7.046046046046045674e+00 3.029821707011279486e+01
7.056306306306305842e+00 3.031337788597229732e+01
7.066566566566566010e+00 3.032852302049767701e+01
7.076826826826826178e+00 3.034365236136223132e+01
7.087087087087086346e+00 3.035876579563557698e+01
7.097347347347347402e+00 3.037386320978348664e+01
7.107607607607607569e+00 3.038894448966820505e+01
7.117867867867867737e+00 3.040400952054845263e+01
7.128128128128127905e+00 3.041905818707992637e+01
7.138388388388388073e+00 3.043409037331526790e+01
7.148648648648648241e+00 3.044910596270457503e+01
7.158908908908908408e+00 3.046410483809579262e+01
7.169169169169168576e+00 3.047908688173496827e+01
7.179429429429428744e+00 3.049405197526663258e+01
7.189689689689688912e+00 3.050899999973455579e+01
7.199949949949949968e+00 3.052393083558188636e+01
7.210210210210210136e+00 3.053884436265206759e+01
7.220470470470470303e+00 3.055374046018917511e+01
7.230730730730730471e+00 3.056861900683867006e+01
7.240990990990990639e+00 3.058347988064808121e+01
7.251251251251250807e+00 3.059832295906770128e+01
7.261511511511510975e+00 3.061314811895136145e+01
7.271771771771771142e+00 3.062795523655727337e+01
7.282032032032031310e+00 3.064274418754883911e+01
7.292292292292292366e+00 3.065751484699558560e+01
7.302552552552552534e+00 3.067226708937414514e+01
7.312812812812812702e+00 3.068700078856920399e+01
7.323073073073072869e+00 3.070171581787454329e+01
7.333333333333333037e+00 3.071641204999405872e+01
7.343593593593593205e+00 3.073108935704303590e+01
7.353853853853853373e+00 3.074574761054923044e+01
7.364114114114113541e+00 3.076038668145411847e+01
7.374374374374373708e+00 3.077500644011411524e+01
7.384634634634633876e+00 3.078960675630200683e+01
7.394894894894894932e+00 3.080418749920819010e+01
7.405155155155155100e+00 3.081874853744212217e+01
7.415415415415415268e+00 3.083328973903379833e+01
7.425675675675675436e+00 3.084781097143535433e+01
7.435935935935935603e+00 3.086231210152247328e+01
7.446196196196195771e+00 3.087679299559600210e+01
7.456456456456455939e+00 3.089125351938372788e+01
7.466716716716716107e+00 3.090569353804207609e+01
7.476976976976976275e+00 3.092011291615768087e+01
7.487237237237236442e+00 3.093451151774931418e+01
7.497497497497497498e+00 3.094888920626995699e+01
7.507757757757757666e+00 3.096324584460831986e+01
7.518018018018017834e+00 3.097758129509106340e+01
7.528278278278278002e+00 3.099189541948466342e+01
7.538538538538538170e+00 3.100618807899772023e+01
7.548798798798798337e+00 3.102045913428273138e+01
7.559059059059058505e+00 3.103470844543851115e+01
7.569319319319318673e+00 3.104893587201226168e+01
7.579579579579578841e+00 3.106314127300213457e+01
7.589839839839839897e+00 3.107732450685902847e+01
7.600100100100100065e+00 3.109148543148958410e+01
7.610360360360360232e+00 3.110562390425815948e+01
7.620620620620620400e+00 3.111973978198940927e+01
7.630880880880880568e+00 3.113383292097110200e+01
7.641141141141140736e+00 3.114790317695636546e+01
7.651401401401400904e+00 3.116195040516642223e+01
7.661661661661661071e+00 3.117597446029357044e+01
7.671921921921921239e+00 3.118997519650352501e+01
7.682182182182181407e+00 3.120395246743849071e+01
7.692442442442442463e+00 3.121790612622000793e+01
7.702702702702702631e+00 3.123183602545181969e+01
7.712962962962962798e+00 3.124574201722283462e+01
7.723223223223222966e+00 3.125962395311030306e+01
7.733483483483483134e+00 3.127348168418275876e+01
7.743743743743743302e+00 3.128731506100319848e+01
7.754004004004003470e+00 3.130112393363225465e+01
7.764264264264263637e+00 3.131490815163172314e+01
7.774524524524523805e+00 3.132866756406746234e+01
7.784784784784783973e+00 3.134240201951304172e+01
7.795045045045045029e+00 3.135611136605313121e+01
7.805305305305305197e+00 3.136979545128700408e+01
7.815565565565565365e+00 3.138345412233195475e+01
7.825825825825825532e+00 3.139708722582704326e+01
7.836086086086085700e+00 3.141069460793671908e+01
7.846346346346345868e+00 3.142427611435448398e+01
7.856606606606606036e+00 3.143783159030685681e+01
7.866866866866866204e+00 3.145136088055679835e+01
7.877127127127126371e+00 3.146486382940822324e+01
7.887387387387387427e+00 3.147834028070928625e+01
7.897647647647647595e+00 3.149179007785679474e+01
7.907907907907907763e+00 3.150521306380027653e+01
7.918168168168167931e+00 3.151860908104592696e+01
7.928428428428428099e+00 3.153197797166088989e+01
7.938688688688688266e+00 3.154531957727747482e+01
7.948948948948948434e+00 3.155863373909747693e+01
7.959209209209208602e+00 3.157192029789656118e+01
7.969469469469468770e+00 3.158517909402854329e+01
7.979729729729728938e+00 3.159840996743008645e+01
7.989989989989989994e+00 3.161161275762492906e+01
8.000250250250250161e+00 3.162478730372887625e+01
8.010510510510510329e+00 3.163793344445412359e+01
8.020770770770770497e+00 3.165105101811401056e+01
8.031031031031030665e+00 3.166413986262800861e+01
8.041291291291290833e+00 3.167719981552621888e+01
8.051551551551551000e+00 3.169023071395460178e+01
8.061811811811811168e+00 3.170323239467959553e+01
8.072072072072071336e+00 3.171620469409334930e+01
8.082332332332331504e+00 3.172914744821864019e+01
8.092592592592591672e+00 3.174206049271415608e+01
8.102852852852851839e+00 3.175494366287951209e+01
8.113113113113112007e+00 3.176779679366050502e+01
8.123373373373372175e+00 3.178061971965443888e+01
8.133633633633632343e+00 3.179341227511563517e+01
8.143893893893892511e+00 3.180617429396041729e+01
8.154154154154152678e+00 3.181890560977312532e+01
8.164414414414412846e+00 3.183160605581119640e+01
8.174674674674673014e+00 3.184427546501090589e+01
8.184934934934934958e+00 3.185691366999311569e+01
8.195195195195195126e+00 3.186952050306876316e+01
8.205455455455455294e+00 3.188209579624478351e+01
8.215715715715715461e+00 3.189463938122981546e+01
8.225975975975975629e+00 3.190715108944019107e+01
8.236236236236235797e+00 3.191963075200567701e+01
8.246496496496495965e+00 3.193207819977565265e+01
8.256756756756756133e+00 3.194449326332491168e+01
8.267017017017016300e+00 3.195687577296008186e+01
8.277277277277276468e+00 3.196922555872551186e+01
8.287537537537538412e+00 3.198154245040952759e+01
8.297797797797798580e+00 3.199382627755077024e+01
8.308058058058058748e+00 3.200607686944448460e+01
8.318318318318318916e+00 3.201829405514880733e+01
8.328578578578579084e+00 3.203047766349133241e+01
8.338838838838839251e+00 3.204262752307545270e+01
8.349099099099099419e+00 3.205474346228709237e+01
8.359359359359359587e+00 3.206682530930100938e+01
8.369619619619619755e+00 3.207887289208773751e+01
8.379879879879879923e+00 3.209088603842002385e+01
8.390140140140140090e+00 3.210286457587989162e+01
8.400400400400400258e+00 3.211480833186513451e+01
8.410660660660660426e+00 3.212671713359632264e+01
8.420920920920920594e+00 3.213859080812358826e+01
8.431181181181180762e+00 3.215042918233397984e+01
8.441441441441440929e+00 3.216223208295782143e+01
8.451701701701701097e+00 3.217399933657641498e+01
8.461961961961961265e+00 3.218573076962876911e+01
8.472222222222221433e+00 3.219742620841889646e+01
8.482482482482481601e+00 3.220908547912303277e+01
8.492742742742741768e+00 3.222070840779691281e+01
8.503003003003001936e+00 3.223229482038294691e+01
8.513263263263262104e+00 3.224384454271788059e+01
8.523523523523522272e+00 3.225535740053984313e+01
8.533783783783784216e+00 3.226683321949614225e+01
8.544044044044044384e+00 3.227827182515056847e+01
8.554304304304304551e+00 3.228967304299097663e+01
8.564564564564564719e+00 3.230103669843705916e+01
8.574824824824824887e+00 3.231236261684780686e+01
8.585085085085085055e+00 3.232365062352918272e+01
8.595345345345345223e+00 3.233490054374213685e+01
8.605605605605605390e+00 3.234611220271006005e+01
8.615865865865865558e+00 3.235728542562682719e+01
8.626126126126125726e+00 3.236842003766466291e+01
8.636386386386385894e+00 3.237951586398197179e+01
8.646646646646646062e+00 3.239057272973141011e+01
8.656906906906906229e+00 3.240159046006776578e+01
8.667167167167166397e+00 3.241256888015617221e+01
8.677427427427426565e+00 3.242350781518003089e+01
8.687687687687686733e+00 3.243440709034929625e+01
8.697947947947946901e+00 3.244526653090852619e+01
8.708208208208207068e+00 3.245608596214536590e+01
8.718468468468467236e+00 3.246686520939812226e+01
8.728728728728729180e+00 3.247760409806497250e+01
8.738988988988989348e+00 3.248830245361169489e+01
8.749249249249249516e+00 3.249896010158017390e+01
8.759509509509509684e+00 3.250957686759680598e+01
8.769769769769769852e+00 3.252015257738090526e+01
8.780030030030030019e+00 3.253068705675354266e+01
8.790290290290290187e+00 3.254118013164523404e+01
8.800550550550550355e+00 3.255163162810560351e+01
8.810810810810810523e+00 3.256204137231087259e+01
8.821071071071070691e+00 3.257240919057325357e+01
8.831331331331330858e+00 3.258273490934925576e+01
8.841591591591591026e+00 3.259301835524836122e+01
8.851851851851851194e+00 3.260325935504194206e+01
8.862112112112111362e+00 3.261345773567180117e+01
8.872372372372371530e+00 3.262361332425894034e+01
8.882632632632631697e+00 3.263372594811257699e+01
8.892892892892891865e+00 3.264379543473874890e+01
8.903153153153152033e+00 3.265382161184924570e+01
8.913413413413412201e+00 3.266380430737067542e+01
8.923673673673672369e+00 3.267374334945299807e+01
8.933933933933934313e+00 3.268363856647874854e+01
8.944194194194194480e+00 3.269348978707205333e+01
8.954454454454454648e+00 3.270329684010732052e+01
8.964714714714714816e+00 3.271305955471851945e+01
8.974974974974974984e+00 3.272277776030825436e+01
8.985235235235235152e+00 3.273245128655637615e+01
8.995495495495495319e+00 3.274207996342964577e+01
9.005755755755755487e+00 3.275166362119053076e+01
9.016016016016015655e+00 3.276120209040626463e+01
9.026276276276275823e+00 3.277069520195818342e+01
9.036536536536535991e+00 3.278014278705062878e+01
9.046796796796796158e+00 3.278954467722038402e+01
9.057057057057056326e+00 3.279890070434574767e+01
9.067317317317316494e+00 3.280821070065574219e+01
9.077577577577576662e+00 3.281747449873923017e+01
9.087837837837836830e+00 3.282669193155449250e+01
9.098098098098096997e+00 3.283586283243786852e+01
9.108358358358357165e+00 3.284498703511368234e+01
9.118618618618617333e+00 3.285406437370301802e+01
9.128878878878879277e+00 3.286309468273336165e+01
9.139139139139139445e+00 3.287207779714769629e+01
9.149399399399399613e+00 3.288101355231372480e+01
9.159659659659659781e+00 3.288990178403337694e+01
9.169919919919919948e+00 3.289874232855198244e+01
9.180180180180180116e+00 3.290753502256772123e+01
9.190440440440440284e+00 3.291627970324076813e+01
9.200700700700700452e+00 3.292497620820293491e+01
9.210960960960960620e+00 3.293362437556655919e+01
9.221221221221220787e+00 3.294222404393423176e+01
9.231481481481480955e+00 3.295077505240798388e+01
9.241741741741741123e+00 3.295927724059877306e+01
9.252002002002001291e+00 3.296773044863543589e+01
9.262262262262261459e+00 3.297613451717432298e+01
9.272522522522521626e+00 3.298448928740904762e+01
9.282782782782781794e+00 3.299279460107874229e+01
9.293043043043041962e+00 3.300105030047841836e+01
9.303303303303302130e+00 3.300925622846797580e+01
9.313563563563562298e+00 3.301741222848102097e+01
9.323823823823824242e+00 3.302551814453522638e+01
9.334084084084084409e+00 3.303357382124058006e+01
9.344344344344344577e+00 3.304157910380937579e+01
9.354604604604604745e+00 3.304953383806514466e+01
9.364864864864864913e+00 3.305743787045220472e+01
9.375125125125125081e+00 3.306529104804474883e+01
9.385385385385385248e+00 3.307309321855613149e+01
9.395645645645645416e+00 3.308084423034811294e+01
9.405905905905905584e+00 3.308854393244025260e+01
9.416166166166165752e+00 3.309619217451891870e+01
9.426426426426425920e+00 3.310378880694647563e+01
9.436686686686686087e+00 3.311133368077079098e+01
9.446946946946946255e+00 3.311882664773398943e+01
9.457207207207206423e+00 3.312626756028176089e+01
9.467467467467466591e+00 3.313365627157269699e+01
9.477727727727726759e+00 3.314099263548717289e+01
9.487987987987986926e+00 3.314827650663634984e+01
9.498248248248247094e+00 3.315550774037160409e+01
9.508508508508507262e+00 3.316268619279309604e+01
9.518768768768767430e+00 3.316981172075927020e+01
9.529029029029029374e+00 3.317688418189536748e+01
9.539289289289289542e+00 3.318390343460297487e+01
9.549549549549549710e+00 3.319086933806828199e+01
9.559809809809809877e+00 3.319778175227144601e+01
9.570070070070070045e+00 3.320464053799545923e+01
9.580330330330330213e+00 3.321144555683484612e+01
9.590590590590590381e+00 3.321819667120443853e+01
9.600850850850850549e+00 3.322489374434857012e+01
9.611111111111110716e+00 3.323153664034911969e+01
9.621371371371370884e+00 3.323812522413485482e+01
9.631631631631631052e+00 3.324465936148993706e+01
9.641891891891891220e+00 3.325113891906238450e+01
9.652152152152151388e+00 3.325756376437296069e+01
9.662412412412411555e+00 3.326393376582360872e+01
9.672672672672671723e+00 3.327024879270595648e+01
9.682932932932931891e+00 3.327650871520977915e+01
9.693193193193192059e+00 3.328271340443172477e+01
9.703453453453452227e+00 3.328886273238332194e+01
9.713713713713712394e+00 3.329495657199971248e+01
9.723973973973974338e+00 3.330099479714771604e+01
9.734234234234234506e+00 3.330697728263445612e+01
9.744494494494494674e+00 3.331290390421485625e+01
9.754754754754754842e+00 3.331877453860101213e+01
9.765015015015015010e+00 3.332458906346909089e+01
9.775275275275275177e+00 3.333034735746822008e+01
9.785535535535535345e+00 3.333604930022838175e+01
9.795795795795795513e+00 3.334169477236816448e+01
9.806056056056055681e+00 3.334728365550297013e+01
9.816316316316315849e+00 3.335281583225278723e+01
9.826576576576576016e+00 3.335829118625006373e+01
9.836836836836836184e+00 3.336370960214747328e+01
9.847097097097096352e+00 3.336907096562556774e+01
9.857357357357356520e+00 3.337437516340069266e+01
9.867617617617616688e+00 3.337962208323234847e+01
9.877877877877876855e+00 3.338481161393087149e+01
9.888138138138137023e+00 3.338994364536485193e+01
9.898398398398397191e+00 3.339501806846882914e+01
9.908658658658657359e+00 3.340003477525018383e+01
9.918918918918919303e+00 3.340499365879713878e+01
9.929179179179179471e+00 3.340989461328526033e+01
9.939439439439439639e+00 3.341473753398537383e+01
9.949699699699699806e+00 3.341952231727010769e+01
9.959959959959959974e+00 3.342424886062131151e+01
9.970220220220220142e+00 3.342891706263700513e+01
9.980480480480480310e+00 3.343352682303824253e+01
9.990740740740740478e+00 3.343807804267608219e+01
1.000100100100100065e+01 3.344257062353829468e+01
1.001126126126126081e+01 3.344700446875586408e+01
1.002152152152152098e+01 3.345137948261046290e+01
1.003178178178178115e+01 3.345569557054005116e+01
1.004204204204204132e+01 3.345995263914611684e+01
1.005230230230230148e+01 3.346415059619974386e+01
1.006256256256256165e+01 3.346828935064810651e+01
1.007282282282282182e+01 3.347236881262091401e+01
1.008308308308308199e+01 3.347638889343637913e+01
1.009334334334334216e+01 3.348034950560767697e+01
1.010360360360360232e+01 3.348425056284879275e+01
1.011386386386386249e+01 3.348809198008054722e+01
1.012412412412412444e+01 3.349187367343662203e+01
1.013438438438438460e+01 3.349559556026952123e+01
1.014464464464464477e+01 3.349925755915595005e+01
1.015490490490490494e+01 3.350285958990307478e+01
1.016516516516516511e+01 3.350640157355343263e+01
1.017542542542542527e+01 3.350988343239129108e+01
1.018568568568568544e+01 3.351330508994738011e+01
1.019594594594594561e+01 3.351666647100470442e+01
1.020620620620620578e+01 3.351996750160358829e+01
1.021646646646646595e+01 3.352320810904705439e+01
1.022672672672672611e+01 3.352638822190587575e+01
1.023698698698698628e+01 3.352950777002347849e+01
1.024724724724724645e+01 3.353256668452126377e+01
1.025750750750750662e+01 3.353556489780309136e+01
1.026776776776776678e+01 3.353850234356013260e+01
1.027802802802802695e+01 3.354137895677583003e+01
1.028828828828828712e+01 3.354419467373021035e+01
1.029854854854854729e+01 3.354694943200463086e+01
1.030880880880880746e+01 3.354964317048577271e+01
1.031906906906906940e+01 3.355227582937079944e+01
1.032932932932932957e+01 3.355484735017057574e+01
1.033958958958958974e+01 3.355735767571472650e+01
1.034984984984984990e+01 3.355980675015543113e+01
1.036011011011011007e+01 3.356219451897087680e+01
1.037037037037037024e+01 3.356452092896990536e+01
1.038063063063063041e+01 3.356678592829551633e+01
1.039089089089089057e+01 3.356898946642830595e+01
1.040115115115115074e+01 3.357113149419070908e+01
1.041141141141141091e+01 3.357321196374972061e+01
1.042167167167167108e+01 3.357523082862088160e+01
1.043193193193193125e+01 3.357718804367158327e+01
1.044219219219219141e+01 3.357908356512413661e+01
1.045245245245245158e+01 3.358091735055863580e+01
1.046271271271271175e+01 3.358268935891680940e+01
1.047297297297297192e+01 3.358439955050376824e+01
1.048323323323323208e+01 3.358604788699231847e+01
1.049349349349349225e+01 3.358763433142462418e+01
1.050375375375375242e+01 3.358915884821509934e+01
1.051401401401401436e+01 3.359062140315307943e+01
1.052427427427427453e+01 3.359202196340520885e+01
1.053453453453453470e+01 3.359336049751826891e+01
1.054479479479479487e+01 3.359463697542052785e+01
1.055505505505505504e+01 3.359585136842456166e+01
1.056531531531531520e+01 3.359700364922936444e+01
1.057557557557557537e+01 3.359809379192193290e+01
1.058583583583583554e+01 3.359912177197929850e+01
1.059609609609609571e+01 3.360008756627042459e+01
1.060635635635635587e+01 3.360099115305779804e+01
1.061661661661661604e+01 3.360183251199876509e+01
1.062687687687687621e+01 3.360261162414748526e+01
1.063713713713713638e+01 3.360332847195591199e+01
1.064739739739739655e+01 3.360398303927505026e+01
1.065765765765765671e+01 3.360457531135638476e+01
1.066791791791791688e+01 3.360510527485283916e+01
1.067817817817817705e+01 3.360557291781964295e+01
1.068843843843843722e+01 3.360597822971511306e+01
1.069869869869869738e+01 3.360632120140189016e+01
1.070895895895895755e+01 3.360660182514697425e+01
1.071921921921921950e+01 3.360682009462259145e+01
1.072947947947947966e+01 3.360697600490702541e+01
1.073973973973973983e+01 3.360706955248419092e+01
1.075000000000000000e+01 3.360710073524424502e+01
