5.000000000000000000e-01 2.859429989360538471e+01
8.203125000000000000e-01 2.875613520918768629e+01
1.140625000000000000e+00 2.952386948680429057e+01
1.460937500000000000e+00 2.919141035907966497e+01
1.781250000000000000e+00 3.171495688315767580e+01
2.101562500000000000e+00 3.161556303094712206e+01
2.421875000000000000e+00 3.401009445319095192e+01
2.742187500000000000e+00 3.283273905081141208e+01
3.062500000000000000e+00 3.618181809554167927e+01
3.382812500000000000e+00 3.766648367016941279e+01
3.703125000000000000e+00 3.869235496229273252e+01
4.023437500000000000e+00 3.861321340284948889e+01
4.343750000000000000e+00 4.014174871362137509e+01
4.664062500000000000e+00 4.275810820588370120e+01
4.984375000000000000e+00 4.294877117104827136e+01
5.304687500000000000e+00 4.460409437084732787e+01
5.625000000000000000e+00 4.656987366015323460e+01
5.945312500000000000e+00 4.611640356531856355e+01
6.265625000000000000e+00 4.983920163250645174e+01
6.585937500000000000e+00 5.002914240050002093e+01
6.906250000000000000e+00 5.214822586880611510e+01
7.226562500000000000e+00 5.221625294248392635e+01
7.546875000000000000e+00 5.494749779969372128e+01
7.867187500000000000e+00 5.502847409050733063e+01
8.187500000000000000e+00 5.753678982157406807e+01
8.507812500000000000e+00 5.714959642747312785e+01
8.828125000000000000e+00 5.921859645604808975e+01
9.148437500000000000e+00 5.898863177366104793e+01
9.468750000000000000e+00 6.080379149371508163e+01
9.789062500000000000e+00 6.049767590866748179e+01
1.010937500000000000e+01 5.979646329894274714e+01
1.042968750000000000e+01 6.208311600814307241e+01
1.075000000000000000e+01 6.121265751583977988e+01
