5.000000000000000000e-01 4.122146629209092339e+01
5.102602602602602788e-01 4.127950444300867616e+01
5.205205205205205576e-01 4.133757447343995750e+01
5.307807807807807254e-01 4.139567642577834050e+01
5.410410410410410043e-01 4.145381034235702344e+01
5.513013013013012831e-01 4.151197626544738739e+01
5.615615615615615619e-01 4.157017423725719851e+01
5.718218218218218407e-01 4.162840429992939306e+01
5.820820820820821195e-01 4.168666649554025128e+01
5.923423423423423984e-01 4.174496086609769208e+01
6.026026026026025662e-01 4.180328745354011488e+01
6.128628628628628450e-01 4.186164629973433904e+01
6.231231231231231238e-01 4.192003744647432484e+01
6.333833833833834026e-01 4.197846093547934743e+01
6.436436436436436814e-01 4.203691680839254730e+01
6.539039039039038492e-01 4.209540510677913971e+01
6.641641641641641280e-01 4.215392587212490838e+01
6.744244244244244069e-01 4.221247914583459959e+01
6.846846846846846857e-01 4.227106496922991141e+01
6.949449449449449645e-01 4.232968338354842786e+01
7.052052052052051323e-01 4.238833442994140199e+01
7.154654654654655221e-01 4.244701814947247698e+01
7.257257257257256899e-01 4.250573458311568942e+01
7.359859859859859688e-01 4.256448377175403408e+01
7.462462462462462476e-01 4.262326575617765201e+01
7.565065065065064154e-01 4.268208057708203995e+01
7.667667667667668052e-01 4.274092827506656533e+01
7.770270270270269730e-01 4.279980889063261884e+01
7.872872872872872518e-01 4.285872246418166753e+01
7.975475475475475307e-01 4.291766903601396876e+01
8.078078078078078095e-01 4.297664864632645987e+01
8.180680680680680883e-01 4.303566133521110970e+01
8.283283283283282561e-01 4.309470714265334124e+01
8.385885885885886459e-01 4.315378610852987151e+01
8.488488488488488137e-01 4.321289827260717686e+01
8.591091091091090926e-01 4.327204367453990130e+01
8.693693693693693714e-01 4.333122235386856858e+01
8.796296296296295392e-01 4.339043435001828897e+01
8.898898898898899290e-01 4.344967970229645715e+01
9.001501501501500968e-01 4.350895844989143058e+01
9.104104104104103756e-01 4.356827063187030546e+01
9.206706706706706544e-01 4.362761628717717599e+01
9.309309309309309333e-01 4.368699545463147160e+01
9.411911911911912121e-01 4.374640817292589645e+01
9.514514514514513799e-01 4.380585448062458909e+01
9.617117117117117697e-01 4.386533441616137452e+01
9.719719719719719375e-01 4.392484801783770365e+01
9.822322322322322163e-01 4.398439532382091244e+01
9.924924924924924952e-01 4.404397637214219685e+01
1.002752752752752663e+00 4.410359120069490046e+01
1.013013013013012831e+00 4.416323984723230467e+01
1.023273273273273221e+00 4.422292234936590205e+01
1.033533533533533610e+00 4.428263874456350635e+01
1.043793793793793778e+00 4.434238907014707110e+01
1.054054054054053946e+00 4.440217336329097719e+01
1.064314314314314336e+00 4.446199166101999367e+01
1.074574574574574504e+00 4.452184400020710342e+01
1.084834834834834894e+00 4.458173041757186184e+01
1.095095095095095061e+00 4.464165094967817993e+01
1.105355355355355229e+00 4.470160563293234901e+01
1.115615615615615619e+00 4.476159450358105119e+01
1.125875875875876009e+00 4.482161759770943377e+01
1.136136136136136177e+00 4.488167495123884265e+01
1.146396396396396344e+00 4.494176659992496781e+01
1.156656656656656512e+00 4.500189257935583953e+01
1.166916916916916902e+00 4.506205292494953341e+01
1.177177177177177292e+00 4.512224767195232999e+01
1.187437437437437460e+00 4.518247685543658321e+01
1.197697697697697627e+00 4.524274051029834709e+01
1.207957957957957795e+00 4.530303867125590500e+01
1.218218218218218185e+00 4.536337137284690613e+01
1.228478478478478575e+00 4.542373864942686623e+01
1.238738738738738743e+00 4.548414053516665945e+01
1.248998998998998911e+00 4.554457706405043638e+01
1.259259259259259078e+00 4.560504826987379090e+01
1.269519519519519468e+00 4.566555418624111695e+01
1.279779779779779858e+00 4.572609484656367584e+01
1.290040040040040026e+00 4.578667028405757122e+01
1.300300300300300194e+00 4.584728053174122664e+01
1.310560560560560361e+00 4.590792562243341024e+01
1.320820820820820751e+00 4.596860558875098235e+01
1.331081081081081141e+00 4.602932046310658620e+01
1.341341341341341309e+00 4.609007027770655185e+01
1.351601601601601477e+00 4.615085506454860820e+01
1.361861861861861867e+00 4.621167485541948139e+01
1.372122122122122034e+00 4.627252968189283422e+01
1.382382382382382424e+00 4.633341957532683608e+01
1.392642642642642592e+00 4.639434456686201003e+01
1.402902902902902760e+00 4.645530468741889507e+01
1.413163163163163150e+00 4.651629996769561615e+01
1.423423423423423539e+00 4.657733043816578800e+01
1.433683683683683707e+00 4.663839612907588617e+01
1.443943943943943875e+00 4.669949707044329301e+01
1.454204204204204043e+00 4.676063329205352659e+01
1.464464464464464433e+00 4.682180482345820849e+01
1.474724724724724823e+00 4.688301169397257695e+01
1.484984984984984990e+00 4.694425393267309943e+01
1.495245245245245158e+00 4.700553156839492885e+01
1.505505505505505548e+00 4.706684462972980043e+01
1.515765765765765716e+00 4.712819314502335999e+01
1.526026026026025884e+00 4.718957714237284051e+01
1.536286286286286273e+00 4.725099664962466761e+01
1.546546546546546441e+00 4.731245169437189446e+01
1.556806806806806831e+00 4.737394230395180728e+01
1.567067067067066999e+00 4.743546850544339577e+01
1.577327327327327167e+00 4.749703032566496574e+01
1.587587587587587556e+00 4.755862779117148875e+01
1.597847847847847724e+00 4.762026092825237100e+01
1.608108108108108114e+00 4.768192976292855434e+01
1.618368368368368282e+00 4.774363432095044146e+01
1.628628628628628672e+00 4.780537462779461322e+01
1.638888888888888840e+00 4.786715070866226540e+01
1.649149149149149007e+00 4.792896258847584789e+01
1.659409409409409397e+00 4.799081029187686198e+01
1.669669669669669565e+00 4.805269384322318160e+01
1.679929929929929955e+00 4.811461326658638171e+01
1.690190190190190123e+00 4.817656858574911638e+01
1.700450450450450290e+00 4.823855982420284505e+01
1.710710710710710680e+00 4.830058700514466352e+01
1.720970970970970848e+00 4.836265015147498758e+01
1.731231231231231238e+00 4.842474928579480320e+01
1.741491491491491406e+00 4.848688443040303042e+01
1.751751751751751796e+00 4.854905560729383751e+01
1.762012012012011963e+00 4.861126283815369931e+01
1.772272272272272131e+00 4.867350614435930112e+01
1.782532532532532521e+00 4.873578554697402154e+01
1.792792792792792689e+00 4.879810106674585768e+01
1.803053053053053079e+00 4.886045272410436269e+01
1.813313313313313246e+00 4.892284053915784625e+01
1.823573573573573414e+00 4.898526453169085926e+01
1.833833833833833804e+00 4.904772472116113846e+01
1.844094094094093972e+00 4.911022112669689221e+01
1.854354354354354362e+00 4.917275376709435619e+01
1.864614614614614529e+00 4.923532266081414832e+01
1.874874874874874697e+00 4.929792782597935741e+01
1.885135135135135087e+00 4.936056928037218938e+01
1.895395395395395255e+00 4.942324704143091907e+01
1.905655655655655645e+00 4.948596112624777277e+01
1.915915915915915813e+00 4.954871155156521922e+01
1.926176176176176202e+00 4.961149833377357510e+01
1.936436436436436370e+00 4.967432148890798516e+01
1.946696696696696538e+00 4.973718103264548063e+01
1.956956956956956928e+00 4.980007698030196650e+01
1.967217217217217096e+00 4.986300934682947172e+01
1.977477477477477485e+00 4.992597814681297308e+01
1.987737737737737653e+00 4.998898339446756722e+01
1.997997997997997821e+00 5.005202510363557167e+01
2.008258258258257989e+00 5.011510328778328471e+01
2.018518518518518157e+00 5.017821795999814327e+01
2.028778778778778769e+00 5.024136913298564622e+01
2.039039039039038936e+00 5.030455681906644116e+01
2.049299299299299548e+00 5.036778103017309149e+01
2.059559559559559716e+00 5.043104177784715603e+01
2.069819819819819884e+00 5.049433907323604132e+01
2.080080080080080052e+00 5.055767292708996763e+01
2.090340340340340219e+00 5.062104334975884967e+01
2.100600600600600387e+00 5.068445035118924125e+01
2.110860860860860555e+00 5.074789394092111650e+01
2.121121121121120723e+00 5.081137412808480747e+01
2.131381381381381335e+00 5.087489092139772850e+01
2.141641641641641503e+00 5.093844432916146303e+01
2.151901901901902114e+00 5.100203435925848083e+01
2.162162162162162282e+00 5.106566101914871325e+01
2.172422422422422450e+00 5.112932431586674653e+01
2.182682682682682618e+00 5.119302425601828332e+01
2.192942942942942786e+00 5.125676084577715841e+01
2.203203203203202953e+00 5.132053409088193519e+01
2.213463463463463121e+00 5.138434399663284324e+01
2.223723723723723733e+00 5.144819056788812617e+01
2.233983983983983901e+00 5.151207380906119937e+01
2.244244244244244069e+00 5.157599372411729632e+01
2.254504504504504681e+00 5.163995031656975243e+01
2.264764764764764848e+00 5.170394358947725522e+01
2.275025025025025016e+00 5.176797354544000740e+01
2.285285285285285184e+00 5.183204018659696288e+01
2.295545545545545352e+00 5.189614351462169850e+01
2.305805805805805520e+00 5.196028353071985606e+01
2.316066066066065687e+00 5.202446023562517752e+01
2.326326326326326299e+00 5.208867362959632885e+01
2.336586586586586467e+00 5.215292371241359604e+01
2.346846846846847079e+00 5.221721048337514048e+01
2.357107107107107247e+00 5.228153394129397924e+01
2.367367367367367414e+00 5.234589408449417647e+01
2.377627627627627582e+00 5.241029091080759628e+01
2.387887887887887750e+00 5.247472441757037132e+01
2.398148148148147918e+00 5.253919460161941402e+01
2.408408408408408086e+00 5.260370145928881414e+01
2.418668668668668253e+00 5.266824498640652763e+01
2.428928928928928865e+00 5.273282517829066762e+01
2.439189189189189033e+00 5.279744202974613643e+01
2.449449449449449645e+00 5.286209553506096626e+01
2.459709709709709813e+00 5.292678568800262440e+01
2.469969969969969981e+00 5.299151248181466656e+01
2.480230230230230148e+00 5.305627590921326231e+01
2.490490490490490316e+00 5.312107596238291052e+01
2.500750750750750484e+00 5.318591263297378902e+01
2.511011011011011096e+00 5.325078591209724976e+01
2.521271271271271264e+00 5.331569579032282036e+01
2.531531531531531432e+00 5.338064225767401894e+01
2.541791791791791599e+00 5.344562530362517805e+01
2.552052052052051767e+00 5.351064491709746562e+01
2.562312312312312379e+00 5.357570108645510487e+01
2.572572572572572547e+00 5.364079379950204185e+01
2.582832832832832715e+00 5.370592304347775325e+01
2.593093093093092882e+00 5.377108880505399924e+01
2.603353353353353050e+00 5.383629107033056727e+01
2.613613613613613662e+00 5.390152982483202493e+01
2.623873873873873830e+00 5.396680505350340695e+01
2.634134134134133998e+00 5.403211674070700354e+01
2.644394394394394165e+00 5.409746487021810424e+01
2.654654654654654333e+00 5.416284942522125334e+01
2.664914914914914945e+00 5.422827038830686064e+01
2.675175175175175113e+00 5.429372774146666103e+01
2.685435435435435281e+00 5.435922146609033234e+01
2.695695695695695449e+00 5.442475154296170103e+01
2.705955955955956060e+00 5.449031795225447183e+01
2.716216216216216228e+00 5.455592067352868213e+01
2.726476476476476396e+00 5.462155968572660214e+01
2.736736736736736564e+00 5.468723496716891930e+01
2.746996996996996732e+00 5.475294649555088000e+01
2.757257257257257343e+00 5.481869424793809742e+01
2.767517517517517511e+00 5.488447820076289219e+01
2.777777777777777679e+00 5.495029832982008600e+01
2.788038038038037847e+00 5.501615461026319309e+01
2.798298298298298015e+00 5.508204701660037728e+01
2.808558558558558627e+00 5.514797552269041603e+01
2.818818818818818794e+00 5.521394010173874989e+01
2.829079079079078962e+00 5.527994072629331157e+01
2.839339339339339130e+00 5.534597736824078140e+01
2.849599599599599298e+00 5.541204999880218196e+01
2.859859859859859910e+00 5.547815858852908377e+01
2.870120120120120077e+00 5.554430310729939890e+01
2.880380380380380245e+00 5.561048352431328823e+01
2.890640640640640413e+00 5.567669980808904739e+01
2.900900900900900581e+00 5.574295192645924857e+01
2.911161161161161193e+00 5.580923984656627823e+01
2.921421421421421361e+00 5.587556353485833682e+01
2.931681681681681528e+00 5.594192295708524654e+01
2.941941941941941696e+00 5.600831807829443676e+01
2.952202202202201864e+00 5.607474886282660265e+01
2.962462462462462476e+00 5.614121527431156977e+01
2.972722722722722644e+00 5.620771727566427245e+01
2.982982982982982811e+00 5.627425482908025600e+01
2.993243243243242979e+00 5.634082789603161956e+01
3.003503503503503591e+00 5.640743643726269596e+01
3.013763763763763759e+00 5.647408041278614377e+01
3.024024024024023927e+00 5.654075978187816531e+01
3.034284284284284094e+00 5.660747450307464845e+01
3.044544544544544262e+00 5.667422453416669725e+01
3.054804804804804874e+00 5.674100983219641137e+01
3.065065065065065042e+00 5.680783035345270804e+01
3.075325325325325210e+00 5.687468605346662542e+01
3.085585585585585378e+00 5.694157688700756381e+01
3.095845845845845545e+00 5.700850280807842552e+01
3.106106106106106157e+00 5.707546376991169979e+01
3.116366366366366325e+00 5.714245972496470927e+01
3.126626626626626493e+00 5.720949062491570913e+01
3.136886886886886661e+00 5.727655642065904118e+01
3.147147147147146828e+00 5.734365706230104109e+01
3.157407407407407440e+00 5.741079249915572547e+01
3.167667667667667608e+00 5.747796267973999562e+01
3.177927927927927776e+00 5.754516755176976517e+01
3.188188188188187944e+00 5.761240706215482987e+01
3.198448448448448111e+00 5.767968115699529363e+01
3.208708708708708723e+00 5.774698978157624651e+01
3.218968968968968891e+00 5.781433288036411966e+01
3.229229229229229059e+00 5.788171039700162623e+01
3.239489489489489227e+00 5.794912227430339868e+01
3.249749749749749395e+00 5.801656845425186759e+01
3.260010010010010006e+00 5.808404887799226657e+01
3.270270270270270174e+00 5.815156348582857504e+01
3.280530530530530342e+00 5.821911221721856577e+01
3.290790790790790510e+00 5.828669501076978321e+01
3.301051051051051122e+00 5.835431180423439201e+01
3.311311311311311290e+00 5.842196253450530463e+01
3.321571571571571457e+00 5.848964713761117906e+01
3.331831831831831625e+00 5.855736554871199218e+01
3.342092092092091793e+00 5.862511770209449224e+01
3.352352352352352405e+00 5.869290353116762304e+01
3.362612612612612573e+00 5.876072296845781295e+01
3.372872872872872740e+00 5.882857594560467618e+01
3.383133133133132908e+00 5.889646239335599631e+01
3.393393393393393076e+00 5.896438224156357677e+01
3.403653653653653688e+00 5.903233541917833094e+01
3.413913913913913856e+00 5.910032185424550732e+01
3.424174174174174023e+00 5.916834147390061105e+01
3.434434434434434191e+00 5.923639420436414582e+01
3.444694694694694359e+00 5.930447997093734358e+01
3.454954954954954971e+00 5.937259869799738965e+01
3.465215215215215139e+00 5.944075030899268341e+01
3.475475475475475307e+00 5.950893472643837612e+01
3.485735735735735474e+00 5.957715187191152495e+01
3.495995995995995642e+00 5.964540166604645322e+01
3.506256256256256254e+00 5.971368402852996837e+01
3.516516516516516422e+00 5.978199887809686430e+01
3.526776776776776590e+00 5.985034613252491908e+01
3.537037037037036757e+00 5.991872570863062464e+01
3.547297297297296925e+00 5.998713752226398555e+01
3.557557557557557537e+00 6.005558148830406395e+01
3.567817817817817705e+00 6.012405752065424736e+01
3.578078078078077873e+00 6.019256553223730322e+01
3.588338338338338041e+00 6.026110543499100913e+01
3.598598598598598652e+00 6.032967713986291614e+01
3.608858858858858820e+00 6.039828055680613517e+01
3.619119119119118988e+00 6.046691559477405775e+01
3.629379379379379156e+00 6.053558216171595063e+01
3.639639639639639324e+00 6.060428016457202460e+01
3.649899899899899935e+00 6.067300950926873782e+01
3.660160160160160103e+00 6.074177010071394989e+01
3.670420420420420271e+00 6.081056184279211863e+01
3.680680680680680439e+00 6.087938463835960334e+01
3.690940940940940607e+00 6.094823838923979054e+01
3.701201201201201219e+00 6.101712299621834745e+01
3.711461461461461386e+00 6.108603835903838331e+01
3.721721721721721554e+00 6.115498437639558205e+01
3.731981981981981722e+00 6.122396094593363358e+01
3.742242242242241890e+00 6.129296796423899707e+01
3.752502502502502502e+00 6.136200532683653108e+01
3.762762762762762669e+00 6.143107292818446297e+01
3.773023023023022837e+00 6.150017066166942215e+01
3.783283283283283005e+00 6.156929841960202765e+01
3.793543543543543173e+00 6.163845609321156616e+01
3.803803803803803785e+00 6.170764357264149425e+01
3.814064064064063952e+00 6.177686074694438645e+01
3.824324324324324120e+00 6.184610750407750857e+01
3.834584584584584288e+00 6.191538373089740332e+01
3.844844844844844456e+00 6.198468931315542108e+01
3.855105105105105068e+00 6.205402413549280283e+01
3.865365365365365236e+00 6.212338808143577040e+01
3.875625625625625403e+00 6.219278103339092212e+01
3.885885885885885571e+00 6.226220287263999609e+01
3.896146146146146183e+00 6.233165347933533695e+01
3.906406406406406351e+00 6.240113273249484394e+01
3.916666666666666519e+00 6.247064050999738072e+01
3.926926926926926686e+00 6.254017668857764534e+01
3.937187187187186854e+00 6.260974114382147349e+01
3.947447447447447466e+00 6.267933375016097131e+01
3.957707707707707634e+00 6.274895438086967658e+01
3.967967967967967802e+00 6.281860290805776259e+01
3.978228228228227970e+00 6.288827920266703586e+01
3.988488488488488137e+00 6.295798313446609740e+01
3.998748748748748749e+00 6.302771457204589467e+01
4.009009009009009361e+00 6.309747338281424334e+01
4.019269269269269529e+00 6.316725943299151425e+01
4.029529529529529697e+00 6.323707258760550332e+01
4.039789789789789864e+00 6.330691271048676327e+01
4.050050050050050032e+00 6.337677966426362275e+01
4.060310310310310200e+00 6.344667331035754643e+01
4.070570570570570368e+00 6.351659350897799783e+01
4.080830830830830536e+00 6.358654011911797710e+01
4.091091091091090703e+00 6.365651299854894063e+01
4.101351351351350871e+00 6.372651200381621805e+01
4.111611611611611039e+00 6.379653699023374003e+01
4.121871871871871207e+00 6.386658781187985312e+01
4.132132132132131375e+00 6.393666432159199786e+01
4.142392392392391542e+00 6.400676637096211152e+01
4.152652652652652598e+00 6.407689381033212328e+01
4.162912912912912766e+00 6.414704648878839066e+01
4.173173173173172934e+00 6.421722425415771340e+01
4.183433433433433102e+00 6.428742695300203991e+01
4.193693693693694158e+00 6.435765443061404767e+01
4.203953953953954326e+00 6.442790653101197051e+01
4.214214214214214493e+00 6.449818309693530693e+01
4.224474474474474661e+00 6.456848396983956206e+01
4.234734734734734829e+00 6.463880898989185653e+01
4.244994994994994997e+00 6.470915799596622264e+01
4.255255255255255165e+00 6.477953082563840326e+01
4.265515515515515332e+00 6.484992731518184428e+01
4.275775775775775500e+00 6.492034729956213823e+01
4.286036036036035668e+00 6.499079061243288891e+01
4.296296296296295836e+00 6.506125708613100755e+01
4.306556556556556004e+00 6.513174655167161120e+01
4.316816816816816171e+00 6.520225883874377359e+01
4.327077077077076339e+00 6.527279377570560825e+01
4.337337337337336507e+00 6.534335118957955046e+01
4.347597597597597563e+00 6.541393090604778138e+01
4.357857857857857731e+00 6.548453274944762370e+01
4.368118118118117899e+00 6.555515654276705106e+01
4.378378378378378066e+00 6.562580210763960054e+01
4.388638638638638234e+00 6.569646926433985357e+01
4.398898898898899290e+00 6.576715783177974117e+01
4.409159159159159458e+00 6.583786762750210642e+01
4.419419419419419626e+00 6.590859846767826014e+01
4.429679679679679793e+00 6.597935016710165712e+01
4.439939939939939961e+00 6.605012253918438603e+01
4.450200200200200129e+00 6.612091539595174083e+01
4.460460460460460297e+00 6.619172854803912287e+01
4.470720720720720465e+00 6.626256180468578805e+01
4.480980980980980632e+00 6.633341497373136519e+01
4.491241241241240800e+00 6.640428786161149333e+01
4.501501501501500968e+00 6.647518027335237889e+01
4.511761761761761136e+00 6.654609201256755568e+01
4.522022022022022192e+00 6.661702288145210105e+01
4.532282282282282360e+00 6.668797268077983631e+01
4.542542542542542527e+00 6.675894120989708824e+01
4.552802802802802695e+00 6.682992826671963371e+01
4.563063063063062863e+00 6.690093364772772588e+01
4.573323323323323031e+00 6.697195714796195887e+01
4.583583583583583199e+00 6.704299856101850708e+01
4.593843843843843366e+00 6.711405767904523145e+01
4.604104104104103534e+00 6.718513429273728832e+01
4.614364364364364590e+00 6.725622819133229768e+01
4.624624624624624758e+00 6.732733916260696105e+01
4.634884884884884926e+00 6.739846699287207343e+01
4.645145145145145094e+00 6.746961146696843059e+01
4.655405405405405261e+00 6.754077236826255159e+01
4.665665665665665429e+00 6.761194947864292715e+01
4.675925925925925597e+00 6.768314257851488946e+01
4.686186186186185765e+00 6.775435144679768484e+01
4.696446446446445933e+00 6.782557586091901669e+01
4.706706706706706100e+00 6.789681559681186229e+01
4.716966966966967156e+00 6.796807042890998218e+01
4.727227227227227324e+00 6.803934013014365689e+01
4.737487487487487492e+00 6.811062447193604896e+01
4.747747747747747660e+00 6.818192322419868390e+01
4.758008008008007828e+00 6.825323615532788324e+01
4.768268268268267995e+00 6.832456303220045868e+01
4.778528528528528163e+00 6.839590362016959091e+01
4.788788788788788331e+00 6.846725768306139059e+01
4.799049049049048499e+00 6.853862498317033669e+01
4.809309309309308667e+00 6.861000528125576636e+01
4.819569569569569722e+00 6.868139833653799542e+01
4.829829829829829890e+00 6.875280390669429664e+01
4.840090090090090058e+00 6.882422174785486391e+01
4.850350350350350226e+00 6.889565161459941578e+01
4.860610610610610394e+00 6.896709325995338702e+01
4.870870870870870561e+00 6.903854643538375058e+01
4.881131131131130729e+00 6.911001089079555015e+01
4.891391391391390897e+00 6.918148637452830485e+01
4.901651651651651065e+00 6.925297263335194486e+01
4.911911911911912121e+00 6.932446941246372774e+01
4.922172172172172289e+00 6.939597645548401772e+01
4.932432432432432456e+00 6.946749350445311677e+01
4.942692692692692624e+00 6.953902029982721444e+01
4.952952952952952792e+00 6.961055658047563099e+01
4.963213213213212960e+00 6.968210208367642622e+01
4.973473473473473128e+00 6.975365654511342939e+01
4.983733733733733295e+00 6.982521969887291391e+01
4.993993993993993463e+00 6.989679127743953302e+01
5.004254254254253631e+00 6.996837101169350603e+01
5.014514514514514687e+00 7.003995863090696616e+01
5.024774774774774855e+00 7.011155386274118939e+01
5.035035035035035023e+00 7.018315643324220332e+01
5.045295295295295190e+00 7.025476606683862713e+01
5.055555555555555358e+00 7.032638248633764988e+01
5.065815815815815526e+00 7.039800541292250102e+01
5.076076076076075694e+00 7.046963456614872712e+01
5.086336336336335862e+00 7.054126966394126441e+01
5.096596596596596029e+00 7.061291042259136930e+01
5.106856856856856197e+00 7.068455655675364824e+01
5.117117117117117253e+00 7.075620777944271822e+01
5.127377377377377421e+00 7.082786380203060617e+01
5.137637637637637589e+00 7.089952433424338096e+01
5.147897897897897757e+00 7.097118908415875183e+01
5.158158158158157924e+00 7.104285775820260085e+01
5.168418418418418092e+00 7.111453006114632558e+01
5.178678678678678260e+00 7.118620569610466475e+01
5.188938938938938428e+00 7.125788436453169084e+01
5.199199199199198596e+00 7.132956576621940314e+01
5.209459459459459651e+00 7.140124959929377724e+01
5.219719719719719819e+00 7.147293556021308802e+01
5.229979979979979987e+00 7.154462334376485444e+01
5.240240240240240155e+00 7.161631264306342359e+01
5.250500500500500323e+00 7.168800314954724229e+01
5.260760760760760490e+00 7.175969455297649802e+01
5.271021021021020658e+00 7.183138654143056101e+01
5.281281281281280826e+00 7.190307880130563944e+01
5.291541541541540994e+00 7.197477101731243465e+01
5.301801801801801162e+00 7.204646287247383896e+01
5.312062062062062218e+00 7.211815404812263353e+01
5.322322322322322385e+00 7.218984422389883093e+01
5.332582582582582553e+00 7.226153307774836776e+01
5.342842842842842721e+00 7.233322028592019137e+01
5.353103103103102889e+00 7.240490552296405724e+01
5.363363363363363057e+00 7.247658846172937785e+01
5.373623623623623224e+00 7.254826877336208213e+01
5.383883883883883392e+00 7.261994612730353538e+01
5.394144144144143560e+00 7.269162019128775398e+01
5.404404404404403728e+00 7.276329063134055275e+01
5.414664664664664784e+00 7.283495711177675958e+01
5.424924924924924952e+00 7.290661929519896489e+01
5.435185185185185119e+00 7.297827684249546110e+01
5.445445445445445287e+00 7.304992941283889252e+01
5.455705705705705455e+00 7.312157666368416642e+01
5.465965965965965623e+00 7.319321825076738719e+01
5.476226226226225791e+00 7.326485382810402314e+01
5.486486486486485958e+00 7.333648304798683171e+01
5.496746746746746126e+00 7.340810556098547579e+01
5.507007007007007182e+00 7.347972101594498895e+01
5.517267267267267350e+00 7.355132905998306114e+01
5.527527527527527518e+00 7.362292933849046506e+01
5.537787787787787686e+00 7.369452149512879657e+01
5.548048048048047853e+00 7.376610517182977844e+01
5.558308308308308021e+00 7.383768000879351234e+01
5.568568568568568189e+00 7.390924564448803835e+01
5.578828828828828357e+00 7.398080171564807017e+01
5.589089089089088525e+00 7.405234785727387248e+01
5.599349349349348692e+00 7.412388370263009563e+01
5.609609609609609748e+00 7.419540888324594619e+01
5.619869869869869916e+00 7.426692302891294162e+01
5.630130130130130084e+00 7.433842576768510924e+01
5.640390390390390252e+00 7.440991672587814776e+01
5.650650650650650419e+00 7.448139552806856045e+01
5.660910910910910587e+00 7.455286179709283090e+01
5.671171171171170755e+00 7.462431515404753668e+01
5.681431431431430923e+00 7.469575521828838305e+01
5.691691691691691091e+00 7.476718160742993291e+01
5.701951951951951258e+00 7.483859393734491050e+01
5.712212212212212314e+00 7.490999182216472718e+01
5.722472472472472482e+00 7.498137487427820247e+01
5.732732732732732650e+00 7.505274270433207562e+01
5.742992992992992818e+00 7.512409492123050825e+01
5.753253253253252986e+00 7.519543113213515539e+01
5.763513513513513153e+00 7.526675094246536446e+01
5.773773773773773321e+00 7.533805395589769205e+01
5.784034034034033489e+00 7.540933977436648661e+01
5.794294294294293657e+00 7.548060799806387422e+01
5.804554554554554713e+00 7.555185822543995755e+01
5.814814814814814881e+00 7.562309005320329902e+01
5.825075075075075048e+00 7.569430307632089239e+01
5.835335335335335216e+00 7.576549688801900118e+01
5.845595595595595384e+00 7.583667107978325816e+01
5.855855855855855552e+00 7.590782524135964593e+01
5.866116116116115720e+00 7.597895896075490896e+01
5.876376376376375887e+00 7.605007182423689471e+01
5.886636636636636055e+00 7.612116341633597472e+01
5.896896896896896223e+00 7.619223331984510139e+01
5.907157157157157279e+00 7.626328111582127178e+01
5.917417417417417447e+00 7.633430638358623810e+01
5.927677677677677615e+00 7.640530870072743141e+01
5.937937937937937782e+00 7.647628764309924065e+01
5.948198198198197950e+00 7.654724278482376576e+01
5.958458458458458118e+00 7.661817369829255142e+01
5.968718718718718286e+00 7.668907995416748236e+01
5.978978978978978454e+00 7.675996112138237493e+01
5.989239239239238621e+00 7.683081676714388664e+01
5.999499499499498789e+00 7.690164645693376144e+01
6.009759759759759845e+00 7.697244975450961135e+01
6.020020020020020013e+00 7.704322622190717595e+01
6.030280280280280181e+00 7.711397541944161560e+01
6.040540540540540349e+00 7.718469690570947250e+01
6.050800800800800516e+00 7.725539023759007762e+01
6.061061061061060684e+00 7.732605497024839281e+01
6.071321321321320852e+00 7.739669065713579243e+01
6.081581581581581020e+00 7.746729684999286292e+01
6.091841841841841187e+00 7.753787309885159118e+01
6.102102102102102243e+00 7.760841895203698471e+01
6.112362362362362411e+00 7.767893395616980001e+01
6.122622622622622579e+00 7.774941765616874534e+01
6.132882882882882747e+00 7.781986959525282543e+01
6.143143143143142915e+00 7.789028931494398478e+01
6.153403403403403082e+00 7.796067635506926763e+01
6.163663663663663250e+00 7.803103025376431390e+01
6.173923923923923418e+00 7.810135054747475181e+01
6.184184184184183586e+00 7.817163677096027641e+01
6.194444444444443754e+00 7.824188845729672437e+01
6.204704704704704810e+00 7.831210513787917193e+01
6.214964964964964977e+00 7.838228634242508974e+01
6.225225225225225145e+00 7.845243159897738394e+01
6.235485485485485313e+00 7.852254043390743732e+01
6.245745745745745481e+00 7.859261237191819305e+01
6.256006006006005649e+00 7.866264693604829006e+01
6.266266266266265816e+00 7.873264364767442203e+01
6.276526526526525984e+00 7.880260202651516011e+01
6.286786786786786152e+00 7.887252159063484669e+01
6.297047047047046320e+00 7.894240185644687813e+01
6.307307307307307376e+00 7.901224233871749902e+01
6.317567567567567544e+00 7.908204255056973864e+01
6.327827827827827711e+00 7.915180200348683570e+01
6.338088088088087879e+00 7.922152020731681432e+01
6.348348348348348047e+00 7.929119667027580931e+01
6.358608608608608215e+00 7.936083089895272735e+01
6.368868868868868383e+00 7.943042239831335394e+01
6.379129129129128550e+00 7.949997067170438925e+01
6.389389389389388718e+00 7.956947522085778246e+01
6.399649649649649774e+00 7.963893554589552082e+01
6.409909909909909942e+00 7.970835114533380761e+01
6.420170170170170110e+00 7.977772151608770912e+01
6.430430430430430278e+00 7.984704615347605738e+01
6.440690690690690445e+00 7.991632455122579870e+01
6.450950950950950613e+00 7.998555620147693901e+01
6.461211211211210781e+00 8.005474059478814297e+01
6.471471471471470949e+00 8.012387722014065616e+01
6.481731731731731116e+00 8.019296556494421679e+01
6.491991991991991284e+00 8.026200511504163160e+01
6.502252252252252340e+00 8.033099535471446018e+01
6.512512512512512508e+00 8.039993576668837250e+01
6.522772772772772676e+00 8.046882583213830742e+01
6.533033033033032844e+00 8.053766503069392968e+01
6.543293293293293011e+00 8.060645284044572634e+01
6.553553553553553179e+00 8.067518873794995216e+01
6.563813813813813347e+00 8.074387219823501027e+01
6.574074074074073515e+00 8.081250269480698023e+01
6.584334334334333683e+00 8.088107969965558652e+01
6.594594594594593850e+00 8.094960268326038033e+01
6.604854854854854906e+00 8.101807111459667965e+01
6.615115115115115074e+00 8.108648446114169417e+01
6.625375375375375242e+00 8.115484218888113332e+01
6.635635635635635410e+00 8.122314376231477695e+01
6.645895895895895578e+00 8.129138864446433388e+01
6.656156156156155745e+00 8.135957629687824522e+01
6.666416416416415913e+00 8.142770617963988400e+01
6.676676676676676081e+00 8.149577775137304059e+01
6.686936936936936249e+00 8.156379046924941179e+01
6.697197197197197305e+00 8.163174378899550732e+01
6.707457457457457473e+00 8.169963716489905892e+01
6.717717717717717640e+00 8.176747004981650946e+01
6.727977977977977808e+00 8.183524189518024627e+01
6.738238238238237976e+00 8.190295215100523762e+01
6.748498498498498144e+00 8.197060026589736026e+01
6.758758758758758312e+00 8.203818568705945324e+01
6.769019019019018479e+00 8.210570786030034185e+01
6.779279279279278647e+00 8.217316623004113296e+01
6.789539539539538815e+00 8.224056023932350001e+01
6.799799799799799871e+00 8.230788932981700157e+01
6.810060060060060039e+00 8.237515294182782100e+01
6.820320320320320207e+00 8.244235051430585770e+01
6.830580580580580374e+00 8.250948148485295519e+01
6.840840840840840542e+00 8.257654528973121444e+01
6.851101101101100710e+00 8.264354136387078142e+01
6.861361361361360878e+00 8.271046914087841628e+01
6.871621621621621046e+00 8.277732805304603403e+01
6.881881881881881213e+00 8.284411753135896106e+01
6.892142142142141381e+00 8.291083700550444746e+01
6.902402402402402437e+00 8.297748590388036405e+01
6.912662662662662605e+00 8.304406365360385678e+01
6.922922922922922773e+00 8.311056968052029958e+01
6.933183183183182940e+00 8.317700340921204827e+01
6.943443443443443108e+00 8.324336426300770597e+01
6.953703703703703276e+00 8.330965166399080601e+01
6.963963963963963444e+00 8.337586503300944685e+01
6.974224224224223612e+00 8.344200378968506016e+01
6.984484484484483779e+00 8.350806735242228740e+01
6.994744744744744835e+00 8.357405513841781897e+01
7.005005005005005003e+00 8.363996656367034177e+01
7.015265265265265171e+00 8.370580104299033053e+01
7.025525525525525339e+00 8.377155799000902903e+01
7.035785785785785507e+00 8.383723681718917931e+01
7.046046046046045674e+00 8.390283693583396030e+01
7.056306306306305842e+00 8.396835775609778807e+01
7.066566566566566010e+00 8.403379868699572341e+01
7.076826826826826178e+00 8.409915913641422947e+01
7.087087087087086346e+00 8.416443851112056507e+01
7.097347347347347402e+00 8.422963621677415347e+01
7.107607607607607569e+00 8.429475165793623148e+01
7.117867867867867737e+00 8.435978423808055027e+01
7.128128128128127905e+00 8.442473335960409031e+01
7.138388388388388073e+00 8.448959842383753482e+01
7.148648648648648241e+00 8.455437883105615526e+01
7.158908908908908408e+00 8.461907398049071105e+01
7.169169169169168576e+00 8.468368327033861931e+01
7.179429429429428744e+00 8.474820609777398772e+01
7.189689689689688912e+00 8.481264185896009167e+01
7.199949949949949968e+00 8.487698994905943550e+01
7.210210210210210136e+00 8.494124976224604495e+01
7.220470470470470303e+00 8.500542069171584103e+01
7.230730730730730471e+00 8.506950212969874769e+01
7.240990990990990639e+00 8.513349346747025947e+01
7.251251251251250807e+00 8.519739409536261121e+01
7.261511511511510975e+00 8.526120340277684306e+01
7.271771771771771142e+00 8.532492077819482290e+01
7.282032032032031310e+00 8.538854560919038761e+01
7.292292292292292366e+00 8.545207728244224654e+01
7.302552552552552534e+00 8.551551518374533600e+01
7.312812812812812702e+00 8.557885869802323953e+01
7.323073073073072869e+00 8.564210720934038079e+01
7.333333333333333037e+00 8.570526010091472813e+01
7.343593593593593205e+00 8.576831675512944742e+01
7.353853853853853373e+00 8.583127655354597607e+01
7.364114114114113541e+00 8.589413887691632965e+01
7.374374374374373708e+00 8.595690310519562161e+01
7.384634634634633876e+00 8.601956861755569150e+01
7.394894894894894932e+00 8.608213479239664423e+01
7.405155155155155100e+00 8.614460100736050663e+01
7.415415415415415268e+00 8.620696663934423043e+01
7.425675675675675436e+00 8.626923106451233991e+01
7.435935935935935603e+00 8.633139365831058853e+01
7.446196196196195771e+00 8.639345379547906134e+01
7.456456456456455939e+00 8.645541085006516369e+01
7.466716716716716107e+00 8.651726419543737734e+01
7.476976976976976275e+00 8.657901320429849079e+01
7.487237237237236442e+00 8.664065724869942642e+01
7.497497497497497498e+00 8.670219570005266974e+01
7.507757757757757666e+00 8.676362792914626709e+01
7.518018018018017834e+00 8.682495330615725493e+01
7.528278278278278002e+00 8.688617120066541588e+01
7.538538538538538170e+00 8.694728098166812913e+01
7.548798798798798337e+00 8.700828201759338754e+01
7.559059059059058505e+00 8.706917367631459115e+01
7.569319319319318673e+00 8.712995532516443120e+01
7.579579579579578841e+00 8.719062633094887360e+01
7.589839839839839897e+00 8.725118605996235033e+01
7.600100100100100065e+00 8.731163387800161502e+01
7.610360360360360232e+00 8.737196915038002487e+01
7.620620620620620400e+00 8.743219124194263259e+01
7.630880880880880568e+00 8.749229951708062458e+01
7.641141141141140736e+00 8.755229333974617134e+01
7.651401401401400904e+00 8.761217207346678038e+01
7.661661661661661071e+00 8.767193508136075764e+01
7.671921921921921239e+00 8.773158172615177364e+01
7.682182182182181407e+00 8.779111137018419697e+01
7.692442442442442463e+00 8.785052337543770307e+01
7.702702702702702631e+00 8.790981710354323297e+01
7.712962962962962798e+00 8.796899191579746002e+01
7.723223223223222966e+00 8.802804717317819438e+01
7.733483483483483134e+00 8.808698223636029923e+01
7.743743743743743302e+00 8.814579646573102423e+01
7.754004004004003470e+00 8.820448922140469961e+01
7.764264264264263637e+00 8.826305986323956176e+01
7.774524524524523805e+00 8.832150775085241889e+01
7.784784784784783973e+00 8.837983224363524926e+01
7.795045045045045029e+00 8.843803270076985257e+01
7.805305305305305197e+00 8.849610848124505935e+01
7.815565565565565365e+00 8.855405894387146759e+01
7.825825825825825532e+00 8.861188344729852417e+01
7.836086086086085700e+00 8.866958135002967367e+01
7.846346346346345868e+00 8.872715201043892819e+01
7.856606606606606036e+00 8.878459478678696826e+01
7.866866866866866204e+00 8.884190903723779797e+01
7.877127127127126371e+00 8.889909411987420640e+01
7.887387387387387427e+00 8.895614939271487742e+01
7.897647647647647595e+00 8.901307421373078910e+01
7.907907907907907763e+00 8.906986794086117243e+01
7.918168168168167931e+00 8.912652993203093388e+01
7.928428428428428099e+00 8.918305954516642942e+01
7.938688688688688266e+00 8.923945613821281597e+01
7.948948948948948434e+00 8.929571906915023760e+01
7.959209209209208602e+00 8.935184769601146115e+01
7.969469469469468770e+00 8.940784137689769295e+01
7.979729729729728938e+00 8.946369946999614342e+01
7.989989989989989994e+00 8.951942133359713694e+01
8.000250250250250161e+00 8.957500632611065328e+01
8.010510510510510329e+00 8.963045380608394908e+01
8.020770770770770497e+00 8.968576313221832663e+01
8.031031031031030665e+00 8.974093366338628641e+01
8.041291291291290833e+00 8.979596475864907745e+01
8.051551551551551000e+00 8.985085577727403461e+01
8.061811811811811168e+00 8.990560607875157473e+01
8.072072072072071336e+00 8.996021502281278970e+01
8.082332332332331504e+00 9.001468196944713895e+01
8.092592592592591672e+00 9.006900627891975830e+01
8.102852852852851839e+00 9.012318731178868347e+01
8.113113113113112007e+00 9.017722442892340950e+01
8.123373373373372175e+00 9.023111699152146059e+01
8.133633633633632343e+00 9.028486436112640945e+01
8.143893893893892511e+00 9.033846589964666407e+01
8.154154154154152678e+00 9.039192096937142651e+01
8.164414414414412846e+00 9.044522893299028965e+01
8.174674674674673014e+00 9.049838915360967917e+01
8.184934934934934958e+00 9.055140099477198135e+01
8.195195195195195126e+00 9.060426382047286609e+01
8.205455455455455294e+00 9.065697699517907893e+01
8.215715715715715461e+00 9.070953988384724198e+01
8.225975975975975629e+00 9.076195185194144699e+01
8.236236236236235797e+00 9.081421226545113257e+01
8.246496496496495965e+00 9.086632049091035412e+01
8.256756756756756133e+00 9.091827589541446741e+01
8.267017017017016300e+00 9.097007784663982477e+01
8.277277277277276468e+00 9.102172571286062919e+01
8.287537537537538412e+00 9.107321886296888636e+01
8.297797797797798580e+00 9.112455666649130137e+01
8.308058058058058748e+00 9.117573849360853444e+01
8.318318318318318916e+00 9.122676371517279392e+01
8.328578578578579084e+00 9.127763170272793047e+01
8.338838838838839251e+00 9.132834182852549532e+01
8.349099099099099419e+00 9.137889346554570125e+01
8.359359359359359587e+00 9.142928598751419145e+01
8.369619619619619755e+00 9.147951876892153678e+01
8.379879879879879923e+00 9.152959118504151093e+01
8.390140140140140090e+00 9.157950261194957875e+01
8.400400400400400258e+00 9.162925242654225144e+01
8.410660660660660426e+00 9.167884000655446641e+01
8.420920920920920594e+00 9.172826473057976671e+01
8.431181181181180762e+00 9.177752597808813562e+01
8.441441441441440929e+00 9.182662312944469818e+01
8.451701701701701097e+00 9.187555556592887740e+01
8.461961961961961265e+00 9.192432266975322364e+01
8.472222222222221433e+00 9.197292382408193134e+01
8.482482482482481601e+00 9.202135841304931319e+01
8.492742742742741768e+00 9.206962582178005050e+01
8.503003003003001936e+00 9.211772543640601896e+01
8.513263263263262104e+00 9.216565664408707903e+01
8.523523523523522272e+00 9.221341883302862641e+01
8.533783783783784216e+00 9.226101139250128824e+01
8.544044044044044384e+00 9.230843371285990884e+01
8.554304304304304551e+00 9.235568518556105744e+01
8.564564564564564719e+00 9.240276520318424502e+01
8.574824824824824887e+00 9.244967315944882102e+01
8.585085085085085055e+00 9.249640844923452221e+01
8.595345345345345223e+00 9.254297046859919362e+01
8.605605605605605390e+00 9.258935861479845641e+01
8.615865865865865558e+00 9.263557228630456564e+01
8.626126126126125726e+00 9.268161088282565174e+01
8.636386386386385894e+00 9.272747380532385364e+01
8.646646646646646062e+00 9.277316045603545547e+01
8.656906906906906229e+00 9.281867023848886333e+01
8.667167167167166397e+00 9.286400255752465682e+01
8.677427427427426565e+00 9.290915681931352310e+01
8.687687687687686733e+00 9.295413243137605264e+01
8.697947947947946901e+00 9.299892880260134120e+01
8.708208208208207068e+00 9.304354534326611770e+01
8.718468468468467236e+00 9.308798146505384352e+01
8.728728728728729180e+00 9.313223658107349934e+01
8.738988988988989348e+00 9.317631010587835760e+01
8.749249249249249516e+00 9.322020145548590619e+01
8.759509509509509684e+00 9.326391004739586776e+01
8.769769769769769852e+00 9.330743530060924229e+01
8.780030030030030019e+00 9.335077663564817385e+01
8.790290290290290187e+00 9.339393347457347261e+01
8.800550550550550355e+00 9.343690524100492212e+01
8.810810810810810523e+00 9.347969136013924185e+01
8.821071071071070691e+00 9.352229125876949922e+01
8.831331331331330858e+00 9.356470436530381107e+01
8.841591591591591026e+00 9.360693010978428674e+01
8.851851851851851194e+00 9.364896792390590008e+01
8.862112112112111362e+00 9.369081724103537567e+01
8.872372372372371530e+00 9.373247749622980507e+01
8.882632632632631697e+00 9.377394812625574616e+01
8.892892892892891865e+00 9.381522856960785361e+01
8.903153153153152033e+00 9.385631826652738141e+01
8.913413413413412201e+00 9.389721665902179382e+01
8.923673673673672369e+00 9.393792319088245790e+01
8.933933933933934313e+00 9.397843730770392767e+01
8.944194194194194480e+00 9.401875845690234712e+01
8.954454454454454648e+00 9.405888608773433646e+01
8.964714714714714816e+00 9.409881965131559411e+01
8.974974974974974984e+00 9.413855860063904402e+01
8.985235235235235152e+00 9.417810239059416233e+01
8.995495495495495319e+00 9.421745047798476946e+01
9.005755755755755487e+00 9.425660232154791629e+01
9.016016016016015655e+00 9.429555738197248616e+01
9.026276276276275823e+00 9.433431512191651791e+01
9.036536536536535991e+00 9.437287500602769796e+01
9.046796796796796158e+00 9.441123650095964592e+01
9.057057057057056326e+00 9.444939907539155399e+01
9.067317317317316494e+00 9.448736220004545316e+01
9.077577577577576662e+00 9.452512534770556840e+01
9.087837837837836830e+00 9.456268799323559904e+01
9.098098098098096997e+00 9.460004961359709341e+01
9.108358358358357165e+00 9.463720968786846299e+01
9.118618618618617333e+00 9.467416769726112591e+01
9.128878878878879277e+00 9.471092312513982847e+01
9.139139139139139445e+00 9.474747545703846185e+01
9.149399399399399613e+00 9.478382418068017046e+01
9.159659659659659781e+00 9.481996878599305489e+01
9.169919919919919948e+00 9.485590876512961245e+01
9.180180180180180116e+00 9.489164361248390378e+01
9.190440440440440284e+00 9.492717282470943019e+01
9.200700700700700452e+00 9.496249590073678348e+01
9.210960960960960620e+00 9.499761234179094060e+01
9.221221221221220787e+00 9.503252165140983720e+01
9.231481481481480955e+00 9.506722333546034065e+01
9.241741741741741123e+00 9.510171690215716467e+01
9.252002002002001291e+00 9.513600186207999343e+01
9.262262262262261459e+00 9.517007772818976719e+01
9.272522522522521626e+00 9.520394401584758270e+01
9.282782782782781794e+00 9.523760024283075154e+01
9.293043043043041962e+00 9.527104592935037886e+01
9.303303303303302130e+00 9.530428059806821750e+01
9.313563563563562298e+00 9.533730377411465895e+01
9.323823823823824242e+00 9.537011498510432261e+01
9.334084084084084409e+00 9.540271376115396151e+01
9.344344344344344577e+00 9.543509963489906056e+01
9.354604604604604745e+00 9.546727214151064800e+01
9.364864864864864913e+00 9.549923081871179420e+01
9.375125125125125081e+00 9.553097520679446575e+01
9.385385385385385248e+00 9.556250484863616634e+01
9.395645645645645416e+00 9.559381928971639297e+01
9.405905905905905584e+00 9.562491807813299260e+01
9.416166166166165752e+00 9.565580076461817782e+01
9.426426426426425920e+00 9.568646690255610565e+01
9.436686686686686087e+00 9.571691604799713105e+01
9.446946946946946255e+00 9.574714775967593994e+01
9.457207207207206423e+00 9.577716159902600168e+01
9.467467467467466591e+00 9.580695713019636628e+01
9.477727727727726759e+00 9.583653392006796423e+01
9.487987987987986926e+00 9.586589153826835741e+01
9.498248248248247094e+00 9.589502955718793942e+01
9.508508508508507262e+00 9.592394755199610756e+01
9.518768768768767430e+00 9.595264510065638319e+01
9.529029029029029374e+00 9.598112178394119098e+01
9.539289289289289542e+00 9.600937718544915356e+01
9.549549549549549710e+00 9.603741089161837863e+01
9.559809809809809877e+00 9.606522249174294359e+01
9.570070070070070045e+00 9.609281157798768902e+01
9.580330330330330213e+00 9.612017774540306903e+01
9.590590590590590381e+00 9.614732059194079739e+01
9.600850850850850549e+00 9.617423971846746156e+01
9.611111111111110716e+00 9.620093472878122043e+01
9.621371371371370884e+00 9.622740522962405407e+01
9.631631631631631052e+00 9.625365083069890204e+01
9.641891891891891220e+00 9.627967114468204102e+01
9.652152152152151388e+00 9.630546578723934203e+01
9.662412412412411555e+00 9.633103437703864813e+01
9.672672672672671723e+00 9.635637653576563366e+01
9.682932932932931891e+00 9.638149188813720514e+01
9.693193193193192059e+00 9.640638006191549891e+01
9.703453453453452227e+00 9.643104068792212047e+01
9.713713713713712394e+00 9.645547340005150261e+01
9.723973973973974338e+00 9.647967783528494579e+01
9.734234234234234506e+00 9.650365363370451632e+01
9.744494494494494674e+00 9.652740043850538143e+01
9.754754754754754842e+00 9.655091789601111429e+01
9.765015015015015010e+00 9.657420565568533277e+01
9.775275275275275177e+00 9.659726337014544129e+01
9.785535535535535345e+00 9.662009069517615956e+01
9.795795795795795513e+00 9.664268728974191447e+01
9.806056056056055681e+00 9.666505281599972932e+01
9.816316316316315849e+00 9.668718693931280939e+01
9.826576576576576016e+00 9.670908932826198168e+01
9.836836836836836184e+00 9.673075965465912418e+01
9.847097097097096352e+00 9.675219759355947247e+01
9.857357357357356520e+00 9.677340282327338628e+01
9.867617617617616688e+00 9.679437502537929561e+01
9.877877877877876855e+00 9.681511388473558100e+01
9.888138138138137023e+00 9.683561908949199903e+01
9.898398398398397191e+00 9.685589033110267110e+01
9.908658658658657359e+00 9.687592730433620147e+01
9.918918918918919303e+00 9.689572970728934820e+01
9.929179179179179471e+00 9.691529724139682855e+01
9.939439439439439639e+00 9.693462961144318513e+01
9.949699699699699806e+00 9.695372652557480819e+01
9.959959959959959974e+00 9.697258769531021017e+01
9.970220220220220142e+00 9.699121283555118112e+01
9.980480480480480310e+00 9.700960166459429956e+01
9.990740740740740478e+00 9.702775390414078061e+01
1.000100100100100065e+01 9.704566927930815723e+01
1.001126126126126081e+01 9.706334751864031318e+01
1.002152152152152098e+01 9.708078835411727425e+01
1.003178178178178115e+01 9.709799152116734433e+01
1.004204204204204132e+01 9.711495675867502086e+01
1.005230230230230148e+01 9.713168380899269039e+01
1.006256256256256165e+01 9.714817241794973768e+01
1.007282282282282182e+01 9.716442233486273494e+01
1.008308308308308199e+01 9.718043331254503414e+01
1.009334334334334216e+01 9.719620510731603247e+01
1.010360360360360232e+01 9.721173747901073625e+01
1.011386386386386249e+01 9.722703019098921118e+01
1.012412412412412444e+01 9.724208301014522249e+01
1.013438438438438460e+01 9.725689570691643837e+01
1.014464464464464477e+01 9.727146805529159224e+01
1.015490490490490494e+01 9.728579983282033083e+01
1.016516516516516511e+01 9.729989082062213868e+01
1.017542542542542527e+01 9.731374080339355714e+01
1.018568568568568544e+01 9.732734956941770577e+01
1.019594594594594561e+01 9.734071691057199871e+01
1.020620620620620578e+01 9.735384262233641550e+01
1.021646646646646595e+01 9.736672650380089067e+01
1.022672672672672611e+01 9.737936835767405341e+01
1.023698698698698628e+01 9.739176799028993514e+01
1.024724724724724645e+01 9.740392521161639650e+01
1.025750750750750662e+01 9.741583983526179225e+01
1.026776776776776678e+01 9.742751167848254568e+01
1.027802802802802695e+01 9.743894056219029665e+01
1.028828828828828712e+01 9.745012631095876543e+01
1.029854854854854729e+01 9.746106875303078709e+01
1.030880880880880746e+01 9.747176772032456427e+01
1.031906906906906940e+01 9.748222304844085784e+01
1.032932932932932957e+01 9.749243457666891288e+01
1.033958958958958974e+01 9.750240214799305249e+01
1.034984984984984990e+01 9.751212560909834792e+01
1.036011011011011007e+01 9.752160481037714135e+01
1.037037037037037024e+01 9.753083960593461654e+01
1.038063063063063041e+01 9.753982985359449742e+01
1.039089089089089057e+01 9.754857541490494555e+01
1.040115115115115074e+01 9.755707615514334918e+01
1.041141141141141091e+01 9.756533194332185133e+01
1.042167167167167108e+01 9.757334265219320457e+01
1.043193193193193125e+01 9.758110815825448014e+01
1.044219219219219141e+01 9.758862834175303647e+01
1.045245245245245158e+01 9.759590308669012870e+01
1.046271271271271175e+01 9.760293228082684891e+01
1.047297297297297192e+01 9.760971581568699662e+01
1.048323323323323208e+01 9.761625358656237950e+01
1.049349349349349225e+01 9.762254549251686342e+01
1.050375375375375242e+01 9.762859143638972625e+01
1.051401401401401436e+01 9.763439132480000637e+01
1.052427427427427453e+01 9.763994506814987062e+01
1.053453453453453470e+01 9.764525258062849389e+01
1.054479479479479487e+01 9.765031378021474495e+01
1.055505505505505504e+01 9.765512858868143553e+01
1.056531531531531520e+01 9.765969693159752296e+01
1.057557557557557537e+01 9.766401873833109448e+01
1.058583583583583554e+01 9.766809394205282047e+01
1.059609609609609571e+01 9.767192247973798658e+01
1.060635635635635587e+01 9.767550429216879593e+01
1.061661661661661604e+01 9.767883932393763757e+01
1.062687687687687621e+01 9.768192752344826602e+01
1.063713713713713638e+01 9.768476884291828810e+01
1.064739739739739655e+01 9.768736323838088254e+01
1.065765765765765671e+01 9.768971066968687467e+01
1.066791791791791688e+01 9.769181110050560335e+01
1.067817817817817705e+01 9.769366449832759258e+01
1.068843843843843722e+01 9.769527083446430993e+01
1.069869869869869738e+01 9.769663008405046867e+01
1.070895895895895755e+01 9.769774222604426939e+01
1.071921921921921950e+01 9.769860724322849421e+01
1.072947947947947966e+01 9.769922512221207000e+01
1.073973973973973983e+01 9.769959585342847674e+01
1.075000000000000000e+01 9.769971943113846180e+01
