5.000000000000000000e-01 3.443548733766453873e-01
8.203125000000000000e-01 3.483649183717296705e-01
1.140625000000000000e+00 3.725006692523920582e-01
1.460937500000000000e+00 3.615072801627627896e-01
1.781250000000000000e+00 3.811116668112604633e-01
2.101562500000000000e+00 3.979564784025340085e-01
2.421875000000000000e+00 3.982411085370498594e-01
2.742187500000000000e+00 4.233624567121551108e-01
3.062500000000000000e+00 4.271282404190732129e-01
3.382812500000000000e+00 4.469199230862790917e-01
3.703125000000000000e+00 4.402691596912244321e-01
4.023437500000000000e+00 4.599059955904117869e-01
4.343750000000000000e+00 4.782135115422339044e-01
4.664062500000000000e+00 4.763223869000230981e-01
4.984375000000000000e+00 4.872657147930404831e-01
5.304687500000000000e+00 5.133023946529571280e-01
5.625000000000000000e+00 5.174686362887169766e-01
5.945312500000000000e+00 5.276818360513518824e-01
6.265625000000000000e+00 5.420286292423642793e-01
6.585937500000000000e+00 5.542211713887724711e-01
6.906250000000000000e+00 5.667069206889246979e-01
7.226562500000000000e+00 5.765552851285469238e-01
7.546875000000000000e+00 5.932103261348330436e-01
7.867187500000000000e+00 6.112717179725609684e-01
8.187500000000000000e+00 6.214903408480910718e-01
8.507812500000000000e+00 6.353221416466454663e-01
8.828125000000000000e+00 6.382201653438372979e-01
9.148437500000000000e+00 6.289819510721372797e-01
9.468750000000000000e+00 6.289379218786277370e-01
9.789062500000000000e+00 6.254729816255085728e-01
1.010937500000000000e+01 6.454641559931532102e-01
1.042968750000000000e+01 6.538646167587620628e-01
1.075000000000000000e+01 6.382940199471428544e-01
