5.000000000000000000e-01 8.272251500792062018e+01
5.102602602602602788e-01 8.277462622160226147e+01
5.205205205205205576e-01 8.282676546304504939e+01
5.307807807807807254e-01 8.287893271967611497e+01
5.410410410410410043e-01 8.293112797833818206e+01
5.513013013013012831e-01 8.298335122535431196e+01
5.615615615615615619e-01 8.303560244647171373e+01
5.718218218218218407e-01 8.308788162690491674e+01
5.820820820820821195e-01 8.314018875130011565e+01
5.923423423423423984e-01 8.319252380377287182e+01
6.026026026026025662e-01 8.324488676786346275e+01
6.128628628628628450e-01 8.329727762658886547e+01
6.231231231231231238e-01 8.334969636240518298e+01
6.333833833833834026e-01 8.340214295719533766e+01
6.436436436436436814e-01 8.345461739232621312e+01
6.539039039039038492e-01 8.350711964860099101e+01
6.641641641641641280e-01 8.355964970626024524e+01
6.744244244244244069e-01 8.361220754500160979e+01
6.846846846846846857e-01 8.366479314399033740e+01
6.949449449449449645e-01 8.371740648181132372e+01
7.052052052052051323e-01 8.377004753652268221e+01
7.154654654654655221e-01 8.382271628560766885e+01
7.257257257257256899e-01 8.387541270602118004e+01
7.359859859859859688e-01 8.392813677414957851e+01
7.462462462462462476e-01 8.398088846584639100e+01
7.565065065065064154e-01 8.403366775639344155e+01
7.667667667667668052e-01 8.408647462053428967e+01
7.770270270270269730e-01 8.413930903245294246e+01
7.872872872872872518e-01 8.419217096579293980e+01
7.975475475475475307e-01 8.424506039362161403e+01
8.078078078078078095e-01 8.429797728848581073e+01
8.180680680680680883e-01 8.435092162235280000e+01
8.283283283283282561e-01 8.440389336665309372e+01
8.385885885885886459e-01 8.445689249225989670e+01
8.488488488488488137e-01 8.450991896948880822e+01
8.591091091091090926e-01 8.456297276810607855e+01
8.693693693693693714e-01 8.461605385732170248e+01
8.796296296296295392e-01 8.466916220579771846e+01
8.898898898898899290e-01 8.472229778163323033e+01
9.001501501501500968e-01 8.477546055237746714e+01
9.104104104104103756e-01 8.482865048502469563e+01
9.206706706706706544e-01 8.488186754601839823e+01
9.309309309309309333e-01 8.493511170123868226e+01
9.411911911911912121e-01 8.498838291600368677e+01
9.514514514514513799e-01 8.504168115509457948e+01
9.617117117117117697e-01 8.509500638272487549e+01
9.719719719719719375e-01 8.514835856255845670e+01
9.822322322322322163e-01 8.520173765769241925e+01
9.924924924924924952e-01 8.525514363066588430e+01
1.002752752752752663e+00 8.530857644347145197e+01
1.013013013013012831e+00 8.536203605753701140e+01
1.023273273273273221e+00 8.541552243373195097e+01
1.033533533533533610e+00 8.546903553237045514e+01
1.043793793793793778e+00 8.552257531321193085e+01
1.054054054054053946e+00 8.557614173543950642e+01
1.064314314314314336e+00 8.562973475768698961e+01
1.074574574574574504e+00 8.568335433803760282e+01
1.084834834834834894e+00 8.573700043400212678e+01
1.095095095095095061e+00 8.579067300253051087e+01
1.105355355355355229e+00 8.584437200002118118e+01
1.115615615615615619e+00 8.589809738230060532e+01
1.125875875875876009e+00 8.595184910464055861e+01
1.136136136136136177e+00 8.600562712174252056e+01
1.146396396396396344e+00 8.605943138776315493e+01
1.156656656656656512e+00 8.611326185627160612e+01
1.166916916916916902e+00 8.616711848028720055e+01
1.177177177177177292e+00 8.622100121227813929e+01
1.187437437437437460e+00 8.627491000411767175e+01
1.197697697697697627e+00 8.632884480714402287e+01
1.207957957957957795e+00 8.638280557211190569e+01
1.218218218218218185e+00 8.643679224922485105e+01
1.228478478478478575e+00 8.649080478810182626e+01
1.238738738738738743e+00 8.654484313782187144e+01
1.248998998998998911e+00 8.659890724687318198e+01
1.259259259259259078e+00 8.665299706320050177e+01
1.269519519519519468e+00 8.670711253414329178e+01
1.279779779779779858e+00 8.676125360652511631e+01
1.290040040040040026e+00 8.681542022655655444e+01
1.300300300300300194e+00 8.686961233990670905e+01
1.310560560560560361e+00 8.692382989166533491e+01
1.320820820820820751e+00 8.697807282635835691e+01
1.331081081081081141e+00 8.703234108793922985e+01
1.341341341341341309e+00 8.708663461978505893e+01
1.351601601601601477e+00 8.714095336471591224e+01
1.361861861861861867e+00 8.719529726497738409e+01
1.372122122122122034e+00 8.724966626222727939e+01
1.382382382382382424e+00 8.730406029757376984e+01
1.392642642642642592e+00 8.735847931155274182e+01
1.402902902902902760e+00 8.741292324410160575e+01
1.413163163163163150e+00 8.746739203462087175e+01
1.423423423423423539e+00 8.752188562191139454e+01
1.433683683683683707e+00 8.757640394420991470e+01
1.443943943943943875e+00 8.763094693917727795e+01
1.454204204204204043e+00 8.768551454391277389e+01
1.464464464464464433e+00 8.774010669492245995e+01
1.474724724724724823e+00 8.779472332814864899e+01
1.484984984984984990e+00 8.784936437894396022e+01
1.495245245245245158e+00 8.790402978210944696e+01
1.505505505505505548e+00 8.795871947184649287e+01
1.515765765765765716e+00 8.801343338179522391e+01
1.526026026026025884e+00 8.806817144502288386e+01
1.536286286286286273e+00 8.812293359398417181e+01
1.546546546546546441e+00 8.817771976059870553e+01
1.556806806806806831e+00 8.823252987619885346e+01
1.567067067067066999e+00 8.828736387152396503e+01
1.577327327327327167e+00 8.834222167673549109e+01
1.587587587587587556e+00 8.839710322142562404e+01
1.597847847847847724e+00 8.845200843459979012e+01
1.608108108108108114e+00 8.850693724468864332e+01
1.618368368368368282e+00 8.856188957954961438e+01
1.628628628628628672e+00 8.861686536644639034e+01
1.638888888888888840e+00 8.867186453205042085e+01
1.649149149149149007e+00 8.872688700249024407e+01
1.659409409409409397e+00 8.878193270326023878e+01
1.669669669669669565e+00 8.883700155933996712e+01
1.679929929929929955e+00 8.889209349505557611e+01
1.690190190190190123e+00 8.894720843419437983e+01
1.700450450450450290e+00 8.900234629995158286e+01
1.710710710710710680e+00 8.905750701492893029e+01
1.720970970970970848e+00 8.911269050116793267e+01
1.731231231231231238e+00 8.916789668009379000e+01
1.741491491491491406e+00 8.922312547257391202e+01
1.751751751751751796e+00 8.927837679887237243e+01
1.762012012012011963e+00 8.933365057868414283e+01
1.772272272272272131e+00 8.938894673109929556e+01
1.782532532532532521e+00 8.944426517464226833e+01
1.792792792792792689e+00 8.949960582724131086e+01
1.803053053053053079e+00 8.955496860622363897e+01
1.813313313313313246e+00 8.961035342836737527e+01
1.823573573573573414e+00 8.966576020983860928e+01
1.833833833833833804e+00 8.972118886620319245e+01
1.844094094094093972e+00 8.977663931247029439e+01
1.854354354354354362e+00 8.983211146303503369e+01
1.864614614614614529e+00 8.988760523173382921e+01
1.874874874874874697e+00 8.994312053175650590e+01
1.885135135135135087e+00 8.999865727578344377e+01
1.895395395395395255e+00 9.005421537584216196e+01
1.905655655655655645e+00 9.010979474340568629e+01
1.915915915915915813e+00 9.016539528933850534e+01
1.926176176176176202e+00 9.022101692392945438e+01
1.936436436436436370e+00 9.027665955685714039e+01
1.946696696696696538e+00 9.033232309723885578e+01
1.956956956956956928e+00 9.038800745357556821e+01
1.967217217217217096e+00 9.044371253377113362e+01
1.977477477477477485e+00 9.049943824517930580e+01
1.987737737737737653e+00 9.055518449451430740e+01
1.997997997997997821e+00 9.061095118794558800e+01
2.008258258258257989e+00 9.066673823099880281e+01
2.018518518518518157e+00 9.072254552864508526e+01
2.028778778778778769e+00 9.077837298525723497e+01
2.039039039039038936e+00 9.083422050460285391e+01
2.049299299299299548e+00 9.089008798986228044e+01
2.059559559559559716e+00 9.094597534362826252e+01
2.069819819819819884e+00 9.100188246789547009e+01
2.080080080080080052e+00 9.105780926405185483e+01
2.090340340340340219e+00 9.111375563293320567e+01
2.100600600600600387e+00 9.116972147472999666e+01
2.110860860860860555e+00 9.122570668906320179e+01
2.121121121121120723e+00 9.128171117495877240e+01
2.131381381381381335e+00 9.133773483086650913e+01
2.141641641641641503e+00 9.139377755459271668e+01
2.151901901901902114e+00 9.144983924338522741e+01
2.162162162162162282e+00 9.150591979390409847e+01
2.172422422422422450e+00 9.156201910220102036e+01
2.182682682682682618e+00 9.161813706370364230e+01
2.192942942942942786e+00 9.167427357330043947e+01
2.203203203203202953e+00 9.173042852523806800e+01
2.213463463463463121e+00 9.178660181318419120e+01
2.223723723723723733e+00 9.184279333023005165e+01
2.233983983983983901e+00 9.189900296882653663e+01
2.244244244244244069e+00 9.195523062086213884e+01
2.254504504504504681e+00 9.201147617762352127e+01
2.264764764764764848e+00 9.206773952979345665e+01
2.275025025025025016e+00 9.212402056746283563e+01
2.285285285285285184e+00 9.218031918011953962e+01
2.295545545545545352e+00 9.223663525667502938e+01
2.305805805805805520e+00 9.229296868540403409e+01
2.316066066066065687e+00 9.234931935402549641e+01
2.326326326326326299e+00 9.240568714964705066e+01
2.336586586586586467e+00 9.246207195877178719e+01
2.346846846846847079e+00 9.251847366730876843e+01
2.357107107107107247e+00 9.257489216056929138e+01
2.367367367367367414e+00 9.263132732327711949e+01
2.377627627627627582e+00 9.268777903954305941e+01
2.387887887887887750e+00 9.274424719289450536e+01
2.398148148148147918e+00 9.280073166624228520e+01
2.408408408408408086e+00 9.285723234193228848e+01
2.418668668668668253e+00 9.291374910167722589e+01
2.428928928928928865e+00 9.297028182662485563e+01
2.439189189189189033e+00 9.302683039728161418e+01
2.449449449449449645e+00 9.308339469361837359e+01
2.459709709709709813e+00 9.313997459492979658e+01
2.469969969969969981e+00 9.319656998000235149e+01
2.480230230230230148e+00 9.325318072694162197e+01
2.490490490490490316e+00 9.330980671331717247e+01
2.500750750750750484e+00 9.336644781605761523e+01
2.511011011011011096e+00 9.342310391154025240e+01
2.521271271271271264e+00 9.347977487549026421e+01
2.531531531531531432e+00 9.353646058307283795e+01
2.541791791791791599e+00 9.359316090884338735e+01
2.552052052052051767e+00 9.364987572676572825e+01
2.562312312312312379e+00 9.370660491019840777e+01
2.572572572572572547e+00 9.376334833191299367e+01
2.582832832832832715e+00 9.382010586408237884e+01
2.593093093093092882e+00 9.387687737825476120e+01
2.603353353353353050e+00 9.393366274543777195e+01
2.613613613613613662e+00 9.399046183596576043e+01
2.623873873873873830e+00 9.404727451965435137e+01
2.634134134134133998e+00 9.410410066568384480e+01
2.644394394394394165e+00 9.416094014263684642e+01
2.654654654654654333e+00 9.421779281849227061e+01
2.664914914914914945e+00 9.427465856064399929e+01
2.675175175175175113e+00 9.433153723591874495e+01
2.685435435435435281e+00 9.438842871049025973e+01
2.695695695695695449e+00 9.444533284996022360e+01
2.705955955955956060e+00 9.450224951937974538e+01
2.716216216216216228e+00 9.455917858311353541e+01
2.726476476476476396e+00 9.461611990500664149e+01
2.736736736736736564e+00 9.467307334828215915e+01
2.746996996996996732e+00 9.473003877556109842e+01
2.757257257257257343e+00 9.478701604888397014e+01
2.767517517517517511e+00 9.484400502968084368e+01
2.777777777777777679e+00 9.490100557880951726e+01
2.788038038038037847e+00 9.495801755651086751e+01
2.798298298298298015e+00 9.501504082243195626e+01
2.808558558558558627e+00 9.507207523564858320e+01
2.818818818818818794e+00 9.512912065464387013e+01
2.829079079079078962e+00 9.518617693725451545e+01
2.839339339339339130e+00 9.524324394079030753e+01
2.849599599599599298e+00 9.530032152194259254e+01
2.859859859859859910e+00 9.535740953679361098e+01
2.870120120120120077e+00 9.541450784084757686e+01
2.880380380380380245e+00 9.547161628902185271e+01
2.890640640640640413e+00 9.552873473563737150e+01
2.900900900900900581e+00 9.558586303441728660e+01
2.911161161161161193e+00 9.564300103852313839e+01
2.921421421421421361e+00 9.570014860046811123e+01
2.931681681681681528e+00 9.575730557223002393e+01
2.941941941941941696e+00 9.581447180516795470e+01
2.952202202202201864e+00 9.587164715008023563e+01
2.962462462462462476e+00 9.592883145708317727e+01
2.972722722722722644e+00 9.598602457586237335e+01
2.982982982982982811e+00 9.604322635537664610e+01
2.993243243243242979e+00 9.610043664405195329e+01
3.003503503503503591e+00 9.615765528972389120e+01
3.013763763763763759e+00 9.621488213963186809e+01
3.024024024024023927e+00 9.627211704045497243e+01
3.034284284284284094e+00 9.632935983824130233e+01
3.044544544544544262e+00 9.638661037848066826e+01
3.054804804804804874e+00 9.644386850606008466e+01
3.065065065065065042e+00 9.650113406531690430e+01
3.075325325325325210e+00 9.655840689995473269e+01
3.085585585585585378e+00 9.661568685313197591e+01
3.095845845845845545e+00 9.667297376738888204e+01
3.106106106106106157e+00 9.673026748469456493e+01
3.116366366366366325e+00 9.678756784645594280e+01
3.126626626626626493e+00 9.684487469350389688e+01
3.136886886886886661e+00 9.690218786598285305e+01
3.147147147147146828e+00 9.695950720360568198e+01
3.157407407407407440e+00 9.701683254541239876e+01
3.167667667667667608e+00 9.707416372989790432e+01
3.177927927927927776e+00 9.713150059492222965e+01
3.188188188188187944e+00 9.718884297782605586e+01
3.198448448448448111e+00 9.724619071536996273e+01
3.208708708708708723e+00 9.730354364368540132e+01
3.218968968968968891e+00 9.736090159836960822e+01
3.229229229229229059e+00 9.741826441441898510e+01
3.239489489489489227e+00 9.747563192625631245e+01
3.249749749749749395e+00 9.753300396773921932e+01
3.260010010010010006e+00 9.759038037212941674e+01
3.270270270270270174e+00 9.764776097215352024e+01
3.280530530530530342e+00 9.770514559992535908e+01
3.290790790790790510e+00 9.776253408696780411e+01
3.301051051051051122e+00 9.781992626429112647e+01
3.311311311311311290e+00 9.787732196228215287e+01
3.321571571571571457e+00 9.793472101075934688e+01
3.331831831831831625e+00 9.799212323900846400e+01
3.342092092092091793e+00 9.804952847567487595e+01
3.352352352352352405e+00 9.810693654891248627e+01
3.362612612612612573e+00 9.816434728626427386e+01
3.372872872872872740e+00 9.822176051468156288e+01
3.383133133133132908e+00 9.827917606059145328e+01
3.393393393393393076e+00 9.833659374983488988e+01
3.403653653653653688e+00 9.839401340769829574e+01
3.413913913913913856e+00 9.845143485885741086e+01
3.424174174174174023e+00 9.850885792748267988e+01
3.434434434434434191e+00 9.856628243711334392e+01
3.444694694694694359e+00 9.862370821080151018e+01
3.454954954954954971e+00 9.868113507100073889e+01
3.465215215215215139e+00 9.873856283954327751e+01
3.475475475475475307e+00 9.879599133780355658e+01
3.485735735735735474e+00 9.885342038652886743e+01
3.495995995995995642e+00 9.891084980591232068e+01
3.506256256256256254e+00 9.896827941561836894e+01
3.516516516516516422e+00 9.902570903469673169e+01
3.526776776776776590e+00 9.908313848171049187e+01
3.537037037037036757e+00 9.914056757460410552e+01
3.547297297297296925e+00 9.919799613079007372e+01
3.557557557557557537e+00 9.925542396712876325e+01
3.567817817817817705e+00 9.931285089993322401e+01
3.578078078078077873e+00 9.937027674494270002e+01
3.588338338338338041e+00 9.942770131734341987e+01
3.598598598598598652e+00 9.948512443179740217e+01
3.608858858858858820e+00 9.954254590236006095e+01
3.619119119119118988e+00 9.959996554262552593e+01
3.629379379379379156e+00 9.965738316555562903e+01
3.639639639639639324e+00 9.971479858357527348e+01
3.649899899899899935e+00 9.977221160860916882e+01
3.660160160160160103e+00 9.982962205198339234e+01
3.670420420420420271e+00 9.988702972453614848e+01
3.680680680680680439e+00 9.994443443649967662e+01
3.690940940940940607e+00 1.000018359975902484e+02
3.701201201201201219e+00 1.000592342169727260e+02
3.711461461461461386e+00 1.001166289032849619e+02
3.721721721721721554e+00 1.001740198646173923e+02
3.731981981981981722e+00 1.002314069085273616e+02
3.742242242242241890e+00 1.002887898420077022e+02
3.752502502502502502e+00 1.003461684715099977e+02
3.762762762762762669e+00 1.004035426030237659e+02
3.773023023023022837e+00 1.004609120418965631e+02
3.783283283283283005e+00 1.005182765930225059e+02
3.793543543543543173e+00 1.005756360607124265e+02
3.803803803803803785e+00 1.006329902487840400e+02
3.814064064064063952e+00 1.006903389604859740e+02
3.824324324324324120e+00 1.007476819985584626e+02
3.834584584584584288e+00 1.008050191651967396e+02
3.844844844844844456e+00 1.008623502620754806e+02
3.855105105105105068e+00 1.009196750903749091e+02
3.865365365365365236e+00 1.009769934507038869e+02
3.875625625625625403e+00 1.010343051431404717e+02
3.885885885885885571e+00 1.010916099672835031e+02
3.896146146146146183e+00 1.011489077221608284e+02
3.906406406406406351e+00 1.012061982063124645e+02
3.916666666666666519e+00 1.012634812177606136e+02
3.926926926926926686e+00 1.013207565539613171e+02
3.937187187187186854e+00 1.013780240119241824e+02
3.947447447447447466e+00 1.014352833880858071e+02
3.957707707707707634e+00 1.014925344783916614e+02
3.967967967967967802e+00 1.015497770782397708e+02
3.978228228228227970e+00 1.016070109825579380e+02
3.988488488488488137e+00 1.016642359857623035e+02
3.998748748748748749e+00 1.017214518817264803e+02
4.009009009009009361e+00 1.017786584638148213e+02
4.019269269269269529e+00 1.018358555249227493e+02
4.029529529529529697e+00 1.018930428573895597e+02
4.039789789789789864e+00 1.019502202530680108e+02
4.050050050050050032e+00 1.020073875033477435e+02
4.060310310310310200e+00 1.020645443990186152e+02
4.070570570570570368e+00 1.021216907304750663e+02
4.080830830830830536e+00 1.021788262875670057e+02
4.091091091091090703e+00 1.022359508595981765e+02
4.101351351351350871e+00 1.022930642354655646e+02
4.111611611611611039e+00 1.023501662034744299e+02
4.121871871871871207e+00 1.024072565514978663e+02
4.132132132132131375e+00 1.024643350669415724e+02
4.142392392392391542e+00 1.025214015366060778e+02
4.152652652652652598e+00 1.025784557469138747e+02
4.162912912912912766e+00 1.026354974837293810e+02
4.173173173173172934e+00 1.026925265324679799e+02
4.183433433433433102e+00 1.027495426780597256e+02
4.193693693693694158e+00 1.028065457048973599e+02
4.203953953953954326e+00 1.028635353969500983e+02
4.214214214214214493e+00 1.029205115376869060e+02
4.224474474474474661e+00 1.029774739100599845e+02
4.234734734734734829e+00 1.030344222965628518e+02
4.244994994994994997e+00 1.030913564792598436e+02
4.255255255255255165e+00 1.031482762396609303e+02
4.265515515515515332e+00 1.032051813588615659e+02
4.275775775775775500e+00 1.032620716174351259e+02
4.286036036036035668e+00 1.033189467954989453e+02
4.296296296296295836e+00 1.033758066727412768e+02
4.306556556556556004e+00 1.034326510283089391e+02
4.316816816816816171e+00 1.034894796409530073e+02
4.327077077077076339e+00 1.035462922888862778e+02
4.337337337337336507e+00 1.036030887499183137e+02
4.347597597597597563e+00 1.036598688013674519e+02
4.357857857857857731e+00 1.037166322200798589e+02
4.368118118118117899e+00 1.037733787824549552e+02
4.378378378378378066e+00 1.038301082644653377e+02
4.388638638638638234e+00 1.038868204415638132e+02
4.398898898898899290e+00 1.039435150887831725e+02
4.409159159159159458e+00 1.040001919807210840e+02
4.419419419419419626e+00 1.040568508914765289e+02
4.429679679679679793e+00 1.041134915947464066e+02
4.439939939939939961e+00 1.041701138637429835e+02
4.450200200200200129e+00 1.042267174712465732e+02
4.460460460460460297e+00 1.042833021895834236e+02
4.470720720720720465e+00 1.043398677906621259e+02
4.480980980980980632e+00 1.043964140459336960e+02
4.491241241241240800e+00 1.044529407263541287e+02
4.501501501501500968e+00 1.045094476025530525e+02
4.511761761761761136e+00 1.045659344446596606e+02
4.522022022022022192e+00 1.046224010223045440e+02
4.532282282282282360e+00 1.046788471048394342e+02
4.542542542542542527e+00 1.047352724610657475e+02
4.552802802802802695e+00 1.047916768593356949e+02
4.563063063063062863e+00 1.048480600676945471e+02
4.573323323323323031e+00 1.049044218536642887e+02
4.583583583583583199e+00 1.049607619843438187e+02
4.593843843843843366e+00 1.050170802264766508e+02
4.604104104104103534e+00 1.050733763463440340e+02
4.614364364364364590e+00 1.051296501097471321e+02
4.624624624624624758e+00 1.051859012822127966e+02
4.634884884884884926e+00 1.052421296287104298e+02
4.645145145145145094e+00 1.052983349138772553e+02
4.655405405405405261e+00 1.053545169019306798e+02
4.665665665665665429e+00 1.054106753566284880e+02
4.675925925925925597e+00 1.054668100413751404e+02
4.686186186186185765e+00 1.055229207191711254e+02
4.696446446446445933e+00 1.055790071525840403e+02
4.706706706706706100e+00 1.056350691037557539e+02
4.716966966966967156e+00 1.056911063344645072e+02
4.727227227227227324e+00 1.057471186061333839e+02
4.737487487487487492e+00 1.058031056797042879e+02
4.747747747747747660e+00 1.058590673157754765e+02
4.758008008008007828e+00 1.059150032745098002e+02
4.768268268268267995e+00 1.059709133157413419e+02
4.778528528528528163e+00 1.060267971988640170e+02
4.788788788788788331e+00 1.060826546828948267e+02
4.799049049049048499e+00 1.061384855265024640e+02
4.809309309309308667e+00 1.061942894879379082e+02
4.819569569569569722e+00 1.062500663250455517e+02
4.829829829829829890e+00 1.063058157953700089e+02
4.840090090090090058e+00 1.063615376559769743e+02
4.850350350350350226e+00 1.064172316636627187e+02
4.860610610610610394e+00 1.064728975747895703e+02
4.870870870870870561e+00 1.065285351453679539e+02
4.881131131131130729e+00 1.065841441309598139e+02
4.891391391391390897e+00 1.066397242869672084e+02
4.901651651651651065e+00 1.066952753681757713e+02
4.911911911911912121e+00 1.067507971291880011e+02
4.922172172172172289e+00 1.068062893241792324e+02
4.932432432432432456e+00 1.068617517069582021e+02
4.942692692692692624e+00 1.069171840309891621e+02
4.952952952952952792e+00 1.069725860494030627e+02
4.963213213213212960e+00 1.070279575149517370e+02
4.973473473473473128e+00 1.070832981800518127e+02
4.983733733733733295e+00 1.071386077967607520e+02
4.993993993993993463e+00 1.071938861168191153e+02
5.004254254254253631e+00 1.072491328915918132e+02
5.014514514514514687e+00 1.073043478721177166e+02
5.024774774774774855e+00 1.073595308090671239e+02
5.035035035035035023e+00 1.074146814528421316e+02
5.045295295295295190e+00 1.074697995534310451e+02
5.055555555555555358e+00 1.075248848605560710e+02
5.065815815815815526e+00 1.075799371235582242e+02
5.076076076076075694e+00 1.076349560914862025e+02
5.086336336336335862e+00 1.076899415130760786e+02
5.096596596596596029e+00 1.077448931366930225e+02
5.106856856856856197e+00 1.077998107103796741e+02
5.117117117117117253e+00 1.078546939819200645e+02
5.127377377377377421e+00 1.079095426987296094e+02
5.137637637637637589e+00 1.079643566079470673e+02
5.147897897897897757e+00 1.080191354563513215e+02
5.158158158158157924e+00 1.080738789904468433e+02
5.168418418418418092e+00 1.081285869564640763e+02
5.178678678678678260e+00 1.081832591002263513e+02
5.188938938938938428e+00 1.082378951673294978e+02
5.199199199199198596e+00 1.082924949030793158e+02
5.209459459459459651e+00 1.083470580524143116e+02
5.219719719719719819e+00 1.084015843601150948e+02
5.229979979979979987e+00 1.084560735705085222e+02
5.240240240240240155e+00 1.085105254276995197e+02
5.250500500500500323e+00 1.085649396755110558e+02
5.260760760760760490e+00 1.086193160574706553e+02
5.271021021021020658e+00 1.086736543168661342e+02
5.281281281281280826e+00 1.087279541965812939e+02
5.291541541541540994e+00 1.087822154393928145e+02
5.301801801801801162e+00 1.088364377876576441e+02
5.312062062062062218e+00 1.088906209835318322e+02
5.322322322322322385e+00 1.089447647688727727e+02
5.332582582582582553e+00 1.089988688852896814e+02
5.342842842842842721e+00 1.090529330740976803e+02
5.353103103103102889e+00 1.091069570763801408e+02
5.363363363363363057e+00 1.091609406329137499e+02
5.373623623623623224e+00 1.092148834842631544e+02
5.383883883883883392e+00 1.092687853707105319e+02
5.394144144144143560e+00 1.093226460322985929e+02
5.404404404404403728e+00 1.093764652088138263e+02
5.414664664664664784e+00 1.094302426397640033e+02
5.424924924924924952e+00 1.094839780644453100e+02
5.435185185185185119e+00 1.095376712219171083e+02
5.445445445445445287e+00 1.095913218509818705e+02
5.455705705705705455e+00 1.096449296901804331e+02
5.465965965965965623e+00 1.096984944778441076e+02
5.476226226226225791e+00 1.097520159520999101e+02
5.486486486486485958e+00 1.098054938507627014e+02
5.496746746746746126e+00 1.098589279114691948e+02
5.507007007007007182e+00 1.099123178716495772e+02
5.517267267267267350e+00 1.099656634684887848e+02
5.527527527527527518e+00 1.100189644389250105e+02
5.537787787787787686e+00 1.100722205197041177e+02
5.548048048048047853e+00 1.101254314473475233e+02
5.558308308308308021e+00 1.101785969581901270e+02
5.568568568568568189e+00 1.102317167883555129e+02
5.578828828828828357e+00 1.102847906737059702e+02
5.589089089089088525e+00 1.103378183499109184e+02
5.599349349349348692e+00 1.103907995524801322e+02
5.609609609609609748e+00 1.104437340167221322e+02
5.619869869869869916e+00 1.104966214777291782e+02
5.630130130130130084e+00 1.105494616703678048e+02
5.640390390390390252e+00 1.106022543293737357e+02
5.650650650650650419e+00 1.106549991892348714e+02
5.660910910910910587e+00 1.107076959842906234e+02
5.671171171171170755e+00 1.107603444486890680e+02
5.681431431431430923e+00 1.108129443163825130e+02
5.691691691691691091e+00 1.108654953212244720e+02
5.701951951951951258e+00 1.109179971967389093e+02
5.712212212212212314e+00 1.109704496763642396e+02
5.722472472472472482e+00 1.110228524934575205e+02
5.732732732732732650e+00 1.110752053810409450e+02
5.742992992992992818e+00 1.111275080720856323e+02
5.753253253253252986e+00 1.111797602993284499e+02
5.763513513513513153e+00 1.112319617954253204e+02
5.773773773773773321e+00 1.112841122928346920e+02
5.784034034034033489e+00 1.113362115238336969e+02
5.794294294294293657e+00 1.113882592206069688e+02
5.804554554554554713e+00 1.114402551151003422e+02
5.814814814814814881e+00 1.114921989392352373e+02
5.825075075075075048e+00 1.115440904247471536e+02
5.835335335335335216e+00 1.115959293031967121e+02
5.845595595595595384e+00 1.116477153060108236e+02
5.855855855855855552e+00 1.116994481644731394e+02
5.866116116116115720e+00 1.117511276098222908e+02
5.876376376376375887e+00 1.118027533730987813e+02
5.886636636636636055e+00 1.118543251851884008e+02
5.896896896896896223e+00 1.119058427769257520e+02
5.907157157157157279e+00 1.119573058790102635e+02
5.917417417417417447e+00 1.120087142219603464e+02
5.927677677677677615e+00 1.120600675362804282e+02
5.937937937937937782e+00 1.121113655522882766e+02
5.948198198198197950e+00 1.121626080002321117e+02
5.958458458458458118e+00 1.122137946102236441e+02
5.968718718718718286e+00 1.122649251123431924e+02
5.978978978978978454e+00 1.123159992364148536e+02
5.989239239239238621e+00 1.123670167123610781e+02
5.999499499499498789e+00 1.124179772698805664e+02
6.009759759759759845e+00 1.124688806386511715e+02
6.020020020020020013e+00 1.125197265481984061e+02
6.030280280280280181e+00 1.125705147280108207e+02
6.040540540540540349e+00 1.126212449075050728e+02
6.050800800800800516e+00 1.126719168159592783e+02
6.061061061061060684e+00 1.127225301826474890e+02
6.071321321321320852e+00 1.127730847367299702e+02
6.081581581581581020e+00 1.128235802073009779e+02
6.091841841841841187e+00 1.128740163233664191e+02
6.102102102102102243e+00 1.129243928139387947e+02
6.112362362362362411e+00 1.129747094078965688e+02
6.122622622622622579e+00 1.130249658340916170e+02
6.132882882882882747e+00 1.130751618213045901e+02
6.143143143143142915e+00 1.131252970983019566e+02
6.153403403403403082e+00 1.131753713937827115e+02
6.163663663663663250e+00 1.132253844363472979e+02
6.173923923923923418e+00 1.132753359546690319e+02
6.184184184184183586e+00 1.133252256772716748e+02
6.194444444444443754e+00 1.133750533326537351e+02
6.204704704704704810e+00 1.134248186493539094e+02
6.214964964964964977e+00 1.134745213558618531e+02
6.225225225225225145e+00 1.135241611804956534e+02
6.235485485485485313e+00 1.135737378517934246e+02
6.245745745745745481e+00 1.136232510980711226e+02
6.256006006006005649e+00 1.136727006477556898e+02
6.266266266266265816e+00 1.137220862291608796e+02
6.276526526526525984e+00 1.137714075706636550e+02
6.286786786786786152e+00 1.138206644005425261e+02
6.297047047047046320e+00 1.138698564471839063e+02
6.307307307307307376e+00 1.139189834389101037e+02
6.317567567567567544e+00 1.139680451039783264e+02
6.327827827827827711e+00 1.140170411708054559e+02
6.338088088088087879e+00 1.140659713676548677e+02
6.348348348348348047e+00 1.141148354229033970e+02
6.358608608608608215e+00 1.141636330649659072e+02
6.368868868868868383e+00 1.142123640220835767e+02
6.379129129129128550e+00 1.142610280227337114e+02
6.389389389389388718e+00 1.143096247953539830e+02
6.399649649649649774e+00 1.143581540683328228e+02
6.409909909909909942e+00 1.144066155701291763e+02
6.420170170170170110e+00 1.144550090292592017e+02
6.430430430430430278e+00 1.145033341742554285e+02
6.440690690690690445e+00 1.145515907336916683e+02
6.450950950950950613e+00 1.145997784361607899e+02
6.461211211211210781e+00 1.146478970103266306e+02
6.471471471471470949e+00 1.146959461848945381e+02
6.481731731731731116e+00 1.147439256886332686e+02
6.491991991991991284e+00 1.147918352503121753e+02
6.502252252252252340e+00 1.148396745987647591e+02
6.512512512512512508e+00 1.148874434630039758e+02
6.522772772772772676e+00 1.149351415719278862e+02
6.533033033033032844e+00 1.149827686545996386e+02
6.543293293293293011e+00 1.150303244402184504e+02
6.553553553553553179e+00 1.150778086578410608e+02
6.563813813813813347e+00 1.151252210368371891e+02
6.574074074074073515e+00 1.151725613065055853e+02
6.584334334334333683e+00 1.152198291963230190e+02
6.594594594594593850e+00 1.152670244357159248e+02
6.604854854854854906e+00 1.153141467543543683e+02
6.615115115115115074e+00 1.153611958819157337e+02
6.625375375375375242e+00 1.154081715482284949e+02
6.635635635635635410e+00 1.154550734830461920e+02
6.645895895895895578e+00 1.155019014164688969e+02
6.656156156156155745e+00 1.155486550785435043e+02
6.666416416416415913e+00 1.155953341995070076e+02
6.676676676676676081e+00 1.156419385096586296e+02
6.686936936936936249e+00 1.156884677393833556e+02
6.697197197197197305e+00 1.157349216192311587e+02
6.707457457457457473e+00 1.157812998799025479e+02
6.717717717717717640e+00 1.158276022521500721e+02
6.727977977977977808e+00 1.158738284668943663e+02
6.738238238238237976e+00 1.159199782551880844e+02
6.748498498498498144e+00 1.159660513481744744e+02
6.758758758758758312e+00 1.160120474772153472e+02
6.769019019019018479e+00 1.160579663737240708e+02
6.779279279279278647e+00 1.161038077693325050e+02
6.789539539539538815e+00 1.161495713957783806e+02
6.799799799799799871e+00 1.161952569848760533e+02
6.810060060060060039e+00 1.162408642687416460e+02
6.820320320320320207e+00 1.162863929796142486e+02
6.830580580580580374e+00 1.163318428497764074e+02
6.840840840840840542e+00 1.163772136118228531e+02
6.851101101101100710e+00 1.164225049983792246e+02
6.861361361361360878e+00 1.164677167423587889e+02
6.871621621621621046e+00 1.165128485767696986e+02
6.881881881881881213e+00 1.165579002348168700e+02
6.892142142142141381e+00 1.166028714499195473e+02
6.902402402402402437e+00 1.166477619556084591e+02
6.912662662662662605e+00 1.166925714856758560e+02
6.922922922922922773e+00 1.167372997740144314e+02
6.933183183183182940e+00 1.167819465548899416e+02
6.943443443443443108e+00 1.168265115624634802e+02
6.953703703703703276e+00 1.168709945313756862e+02
6.963963963963963444e+00 1.169153951963091629e+02
6.974224224224223612e+00 1.169597132922893081e+02
6.984484484484483779e+00 1.170039485543492361e+02
6.994744744744744835e+00 1.170481007179659230e+02
7.005005005005005003e+00 1.170921695186446243e+02
7.015265265265265171e+00 1.171361546922037178e+02
7.025525525525525339e+00 1.171800559746287718e+02
7.035785785785785507e+00 1.172238731022254399e+02
7.046046046046045674e+00 1.172676058114312951e+02
7.056306306306305842e+00 1.173112538389589758e+02
7.066566566566566010e+00 1.173548169217493324e+02
7.076826826826826178e+00 1.173982947969304576e+02
7.087087087087086346e+00 1.174416872019845783e+02
7.097347347347347402e+00 1.174849938745776541e+02
7.107607607607607569e+00 1.175282145525757329e+02
7.117867867867867737e+00 1.175713489741443283e+02
7.128128128128127905e+00 1.176143968777523128e+02
7.138388388388388073e+00 1.176573580020627929e+02
7.148648648648648241e+00 1.177002320859817104e+02
7.158908908908908408e+00 1.177430188687640822e+02
7.169169169169168576e+00 1.177857180898254228e+02
7.179429429429428744e+00 1.178283294889635471e+02
7.189689689689688912e+00 1.178708528061782062e+02
7.199949949949949968e+00 1.179132877817351215e+02
7.210210210210210136e+00 1.179556341562723674e+02
7.220470470470470303e+00 1.179978916705980225e+02
7.230730730730730471e+00 1.180400600658965828e+02
7.240990990990990639e+00 1.180821390836143649e+02
7.251251251251250807e+00 1.181241284654352626e+02
7.261511511511510975e+00 1.181660279534461750e+02
7.271771771771771142e+00 1.182078372900078449e+02
7.282032032032031310e+00 1.182495562176916337e+02
7.292292292292292366e+00 1.182911844794687539e+02
7.302552552552552534e+00 1.183327218186718852e+02
7.312812812812812702e+00 1.183741679787886056e+02
7.323073073073072869e+00 1.184155227037288540e+02
7.333333333333333037e+00 1.184567857377145970e+02
7.343593593593593205e+00 1.184979568252857263e+02
7.353853853853853373e+00 1.185390357112971884e+02
7.364114114114113541e+00 1.185800221409508310e+02
7.374374374374373708e+00 1.186209158598364581e+02
7.384634634634633876e+00 1.186617166137359476e+02
7.394894894894894932e+00 1.187024241488559539e+02
7.405155155155155100e+00 1.187430382118203767e+02
7.415415415415415268e+00 1.187835585494678128e+02
7.425675675675675436e+00 1.188239849090891909e+02
7.435935935935935603e+00 1.188643170382676573e+02
7.446196196196195771e+00 1.189045546849566932e+02
7.456456456456455939e+00 1.189446975975522349e+02
7.466716716716716107e+00 1.189847455246298296e+02
7.476976976976976275e+00 1.190246982153048947e+02
7.487237237237236442e+00 1.190645554189934785e+02
7.497497497497497498e+00 1.191043168854905616e+02
7.507757757757757666e+00 1.191439823649864991e+02
7.518018018018017834e+00 1.191835516080177371e+02
7.528278278278278002e+00 1.192230243655285591e+02
7.538538538538538170e+00 1.192624003888295050e+02
7.548798798798798337e+00 1.193016794296371899e+02
7.559059059059058505e+00 1.193408612401267845e+02
7.569319319319318673e+00 1.193799455727428267e+02
7.579579579579578841e+00 1.194189321803516606e+02
7.589839839839839897e+00 1.194578208163405577e+02
7.600100100100100065e+00 1.194966112344125833e+02
7.610360360360360232e+00 1.195353031886242547e+02
7.620620620620620400e+00 1.195738964335864409e+02
7.630880880880880568e+00 1.196123907241672839e+02
7.641141141141140736e+00 1.196507858158479252e+02
7.651401401401400904e+00 1.196890814643626157e+02
7.661661661661661071e+00 1.197272774259220824e+02
7.671921921921921239e+00 1.197653734572023154e+02
7.682182182182181407e+00 1.198033693152686538e+02
7.692442442442442463e+00 1.198412647576546703e+02
7.702702702702702631e+00 1.198790595423261891e+02
7.712962962962962798e+00 1.199167534276048883e+02
7.723223223223222966e+00 1.199543461724299220e+02
7.733483483483483134e+00 1.199918375360355611e+02
7.743743743743743302e+00 1.200292272782004375e+02
7.754004004004003470e+00 1.200665151590963546e+02
7.764264264264263637e+00 1.201037009394164272e+02
7.774524524524523805e+00 1.201407843802096806e+02
7.784784784784783973e+00 1.201777652431046448e+02
7.795045045045045029e+00 1.202146432901084552e+02
7.805305305305305197e+00 1.202514182838369976e+02
7.815565565565565365e+00 1.202880899871871208e+02
7.825825825825825532e+00 1.203246581636685590e+02
7.836086086086085700e+00 1.203611225772778539e+02
7.846346346346345868e+00 1.203974829923587322e+02
7.856606606606606036e+00 1.204337391738792036e+02
7.866866866866866204e+00 1.204698908872852599e+02
7.877127127127126371e+00 1.205059378984036016e+02
7.887387387387387427e+00 1.205418799737375650e+02
7.897647647647647595e+00 1.205777168800645427e+02
7.907907907907907763e+00 1.206134483848909582e+02
7.918168168168167931e+00 1.206490742560899179e+02
7.928428428428428099e+00 1.206845942620995658e+02
7.938688688688688266e+00 1.207200081717886064e+02
7.948948948948948434e+00 1.207553157546694678e+02
7.959209209209208602e+00 1.207905167806838449e+02
7.969469469469468770e+00 1.208256110203234357e+02
7.979729729729728938e+00 1.208605982445419045e+02
7.989989989989989994e+00 1.208954782249552125e+02
8.000250250250250161e+00 1.209302507336102224e+02
8.010510510510510329e+00 1.209649155430722089e+02
8.020770770770770497e+00 1.209994724264776664e+02
8.031031031031030665e+00 1.210339211576556551e+02
8.041291291291290833e+00 1.210682615105893234e+02
8.051551551551551000e+00 1.211024932602080781e+02
8.061811811811811168e+00 1.211366161817965832e+02
8.072072072072071336e+00 1.211706300511948058e+02
8.082332332332331504e+00 1.212045346448181533e+02
8.092592592592591672e+00 1.212383297397525865e+02
8.102852852852851839e+00 1.212720151134377033e+02
8.113113113113112007e+00 1.213055905440220528e+02
8.123373373373372175e+00 1.213390558101780954e+02
8.133633633633632343e+00 1.213724106911523535e+02
8.143893893893892511e+00 1.214056549668153480e+02
8.154154154154152678e+00 1.214387884174504251e+02
8.164414414414412846e+00 1.214718108242045531e+02
8.174674674674673014e+00 1.215047219684883828e+02
8.184934934934934958e+00 1.215375216325101633e+02
8.195195195195195126e+00 1.215702095990254747e+02
8.205455455455455294e+00 1.216027856513592127e+02
8.215715715715715461e+00 1.216352495734191308e+02
8.225975975975975629e+00 1.216676011497640673e+02
8.236236236236235797e+00 1.216998401654360293e+02
8.246496496496495965e+00 1.217319664062400193e+02
8.256756756756756133e+00 1.217639796584605563e+02
8.267017017017016300e+00 1.217958797090979459e+02
8.277277277277276468e+00 1.218276663456849747e+02
8.287537537537538412e+00 1.218593393563157719e+02
8.297797797797798580e+00 1.218908985299119223e+02
8.308058058058058748e+00 1.219223436557814040e+02
8.318318318318318916e+00 1.219536745240281022e+02
8.328578578578579084e+00 1.219848909252944651e+02
8.338838838838839251e+00 1.220159926508755319e+02
8.349099099099099419e+00 1.220469794926780622e+02
8.359359359359359587e+00 1.220778512433514891e+02
8.369619619619619755e+00 1.221086076959828546e+02
8.379879879879879923e+00 1.221392486444835725e+02
8.390140140140140090e+00 1.221697738833335620e+02
8.400400400400400258e+00 1.222001832076640113e+02
8.410660660660660426e+00 1.222304764133075707e+02
8.420920920920920594e+00 1.222606532966521655e+02
8.431181181181180762e+00 1.222907136548224543e+02
8.441441441441440929e+00 1.223206572855541623e+02
8.451701701701701097e+00 1.223504839872706640e+02
8.461961961961961265e+00 1.223801935591377372e+02
8.472222222222221433e+00 1.224097858007971098e+02
8.482482482482481601e+00 1.224392605127178513e+02
8.492742742742741768e+00 1.224686174960151703e+02
8.503003003003001936e+00 1.224978565524582734e+02
8.513263263263262104e+00 1.225269774844643251e+02
8.523523523523522272e+00 1.225559800951573663e+02
8.533783783783784216e+00 1.225848641884766721e+02
8.544044044044044384e+00 1.226136295687812350e+02
8.554304304304304551e+00 1.226422760412920923e+02
8.564564564564564719e+00 1.226708034119774169e+02
8.574824824824824887e+00 1.226992114873408042e+02
8.585085085085085055e+00 1.227275000747844445e+02
8.595345345345345223e+00 1.227556689821274603e+02
8.605605605605605390e+00 1.227837180181333849e+02
8.615865865865865558e+00 1.228116469922503171e+02
8.626126126126125726e+00 1.228394557144988113e+02
8.636386386386385894e+00 1.228671439957177398e+02
8.646646646646646062e+00 1.228947116474539598e+02
8.656906906906906229e+00 1.229221584819142237e+02
8.667167167167166397e+00 1.229494843121298828e+02
8.677427427427426565e+00 1.229766889517140527e+02
8.687687687687686733e+00 1.230037722151096631e+02
8.697947947947946901e+00 1.230307339175318049e+02
8.708208208208207068e+00 1.230575738747321424e+02
8.718468468468467236e+00 1.230842919033376432e+02
8.728728728728729180e+00 1.231108878207916888e+02
8.738988988988989348e+00 1.231373614450760243e+02
8.749249249249249516e+00 1.231637125950356193e+02
8.759509509509509684e+00 1.231899410902680643e+02
8.769769769769769852e+00 1.232160467509853987e+02
8.780030030030030019e+00 1.232420293983518889e+02
8.790290290290290187e+00 1.232678888541111348e+02
8.800550550550550355e+00 1.232936249408971037e+02
8.810810810810810523e+00 1.233192374819373640e+02
8.821071071071070691e+00 1.233447263013771931e+02
8.831331331331330858e+00 1.233700912240056198e+02
8.841591591591591026e+00 1.233953320754836795e+02
8.851851851851851194e+00 1.234204486821422222e+02
8.862112112112111362e+00 1.234454408711614093e+02
8.872372372372371530e+00 1.234703084703757838e+02
8.882632632632631697e+00 1.234950513084730233e+02
8.892892892892891865e+00 1.235196692150352646e+02
8.903153153153152033e+00 1.235441620201433892e+02
8.913413413413412201e+00 1.235685295549376548e+02
8.923673673673672369e+00 1.235927716511683627e+02
8.933933933933934313e+00 1.236168881414152168e+02
8.944194194194194480e+00 1.236408788590540411e+02
8.954454454454454648e+00 1.236647436383111796e+02
8.964714714714714816e+00 1.236884823140953529e+02
8.974974974974974984e+00 1.237120947221436609e+02
8.985235235235235152e+00 1.237355806990727984e+02
8.995495495495495319e+00 1.237589400821586736e+02
9.005755755755755487e+00 1.237821727096672788e+02
9.016016016016015655e+00 1.238052784205159043e+02
9.026276276276275823e+00 1.238282570543601793e+02
9.036536536536535991e+00 1.238511084519547580e+02
9.046796796796796158e+00 1.238738324546199721e+02
9.057057057057056326e+00 1.238964289045195102e+02
9.067317317317316494e+00 1.239188976446997259e+02
9.077577577577576662e+00 1.239412385191038339e+02
9.087837837837836830e+00 1.239634513722566140e+02
9.098098098098096997e+00 1.239855360496829206e+02
9.108358358358357165e+00 1.240074923976760743e+02
9.118618618618617333e+00 1.240293202634769472e+02
9.128878878878879277e+00 1.240510194949287239e+02
9.139139139139139445e+00 1.240725899409418957e+02
9.149399399399399613e+00 1.240940314510474707e+02
9.159659659659659781e+00 1.241153438757670671e+02
9.169919919919919948e+00 1.241365270664033176e+02
9.180180180180180116e+00 1.241575808752117211e+02
9.190440440440440284e+00 1.241785051549894519e+02
9.200700700700700452e+00 1.241992997596775723e+02
9.210960960960960620e+00 1.242199645440656184e+02
9.221221221221220787e+00 1.242404993635177846e+02
9.231481481481480955e+00 1.242609040745083746e+02
9.241741741741741123e+00 1.242811785342436650e+02
9.252002002002001291e+00 1.243013226008906713e+02
9.262262262262261459e+00 1.243213361333468754e+02
9.272522522522521626e+00 1.243412189914649417e+02
9.282782782782781794e+00 1.243609710358326907e+02
9.293043043043041962e+00 1.243805921281037428e+02
9.303303303303302130e+00 1.244000821306812838e+02
9.313563563563562298e+00 1.244194409067228975e+02
9.323823823823824242e+00 1.244386683205213586e+02
9.334084084084084409e+00 1.244577642369885808e+02
9.344344344344344577e+00 1.244767285220585791e+02
9.354604604604604745e+00 1.244955610425530637e+02
9.364864864864864913e+00 1.245142616659932031e+02
9.375125125125125081e+00 1.245328302609933075e+02
9.385385385385385248e+00 1.245512666969441256e+02
9.395645645645645416e+00 1.245695708441372318e+02
9.405905905905905584e+00 1.245877425737292725e+02
9.416166166166165752e+00 1.246057817577952420e+02
9.426426426426425920e+00 1.246236882693344228e+02
9.436686686686686087e+00 1.246414619821150893e+02
9.446946946946946255e+00 1.246591027708712005e+02
9.457207207207206423e+00 1.246766105113150331e+02
9.467467467467466591e+00 1.246939850799823404e+02
9.477727727727726759e+00 1.247112263542388035e+02
9.487987987987986926e+00 1.247283342123584760e+02
9.498248248248247094e+00 1.247453085336711780e+02
9.508508508508507262e+00 1.247621491982637849e+02
9.518768768768767430e+00 1.247788560872102579e+02
9.529029029029029374e+00 1.247954290824908981e+02
9.539289289289289542e+00 1.248118680668344780e+02
9.549549549549549710e+00 1.248281729241513460e+02
9.559809809809809877e+00 1.248443435390183822e+02
9.570070070070070045e+00 1.248603797970613272e+02
9.580330330330330213e+00 1.248762815847977521e+02
9.590590590590590381e+00 1.248920487896647700e+02
9.600850850850850549e+00 1.249076813000181119e+02
9.611111111111110716e+00 1.249231790050884854e+02
9.621371371371370884e+00 1.249385417950558690e+02
9.631631631631631052e+00 1.249537695611249575e+02
9.641891891891891220e+00 1.249688621952487608e+02
9.652152152152151388e+00 1.249838195903656413e+02
9.662412412412411555e+00 1.249986416405238288e+02
9.672672672672671723e+00 1.250133282404060395e+02
9.682932932932931891e+00 1.250278792858233743e+02
9.693193193193192059e+00 1.250422946735098293e+02
9.703453453453452227e+00 1.250565743010086379e+02
9.713713713713712394e+00 1.250707180669838579e+02
9.723973973973974338e+00 1.250847258708769374e+02
9.734234234234234506e+00 1.250985976131831450e+02
9.744494494494494674e+00 1.251123331951690716e+02
9.754754754754754842e+00 1.251259325192406351e+02
9.765015015015015010e+00 1.251393954887010835e+02
9.775275275275275177e+00 1.251527220077280163e+02
9.785535535535535345e+00 1.251659119814665928e+02
9.795795795795795513e+00 1.251789653161268774e+02
9.806056056056055681e+00 1.251918819186348770e+02
9.816316316316315849e+00 1.252046616971722273e+02
9.826576576576576016e+00 1.252173045604793487e+02
9.836836836836836184e+00 1.252298104186246093e+02
9.847097097097096352e+00 1.252421791824928334e+02
9.857357357357356520e+00 1.252544107638817223e+02
9.867617617617616688e+00 1.252665050755375091e+02
9.877877877877876855e+00 1.252784620313336177e+02
9.888138138138137023e+00 1.252902815458080283e+02
9.898398398398397191e+00 1.253019635347873475e+02
9.908658658658657359e+00 1.253135079147868822e+02
9.918918918918919303e+00 1.253249146034601580e+02
9.929179179179179471e+00 1.253361835193416312e+02
9.939439439439439639e+00 1.253473145820514958e+02
9.949699699699699806e+00 1.253583077119513121e+02
9.959959959959959974e+00 1.253691628306239068e+02
9.970220220220220142e+00 1.253798798604067599e+02
9.980480480480480310e+00 1.253904587248051428e+02
9.990740740740740478e+00 1.254008993481429997e+02
1.000100100100100065e+01 1.254112016557617864e+02
1.001126126126126081e+01 1.254213655740414595e+02
1.002152152152152098e+01 1.254313910301961812e+02
1.003178178178178115e+01 1.254412779526049633e+02
1.004204204204204132e+01 1.254510262704694270e+02
1.005230230230230148e+01 1.254606359140968834e+02
1.006256256256256165e+01 1.254701068145668899e+02
1.007282282282282182e+01 1.254794389042755682e+02
1.008308308308308199e+01 1.254886321162222487e+02
1.009334334334334216e+01 1.254976863846442257e+02
1.010360360360360232e+01 1.255066016447245545e+02
1.011386386386386249e+01 1.255153778325315841e+02
1.012412412412412444e+01 1.255240148852051192e+02
1.013438438438438460e+01 1.255325127408675030e+02
1.014464464464464477e+01 1.255408713386156734e+02
1.015490490490490494e+01 1.255490906185264777e+02
1.016516516516516511e+01 1.255571705216184739e+02
1.017542542542542527e+01 1.255651109900370841e+02
1.018568568568568544e+01 1.255729119667947629e+02
1.019594594594594561e+01 1.255805733959495569e+02
1.020620620620620578e+01 1.255880952225306544e+02
1.021646646646646595e+01 1.255954773925786014e+02
1.022672672672672611e+01 1.256027198531376428e+02
1.023698698698698628e+01 1.256098225521544691e+02
1.024724724724724645e+01 1.256167854387496874e+02
1.025750750750750662e+01 1.256236084629060912e+02
1.026776776776776678e+01 1.256302915756188412e+02
1.027802802802802695e+01 1.256368347289099319e+02
1.028828828828828712e+01 1.256432378757411641e+02
1.029854854854854729e+01 1.256495009702360051e+02
1.030880880880880746e+01 1.256556239672999737e+02
1.031906906906906940e+01 1.256616068230609216e+02
1.032932932932932957e+01 1.256674494943734857e+02
1.033958958958958974e+01 1.256731519394427750e+02
1.034984984984984990e+01 1.256787141171730156e+02
1.036011011011011007e+01 1.256841359875471227e+02
1.037037037037037024e+01 1.256894175117619596e+02
1.038063063063063041e+01 1.256945586516969655e+02
1.039089089089089057e+01 1.256995593704191378e+02
1.040115115115115074e+01 1.257044196320108398e+02
1.041141141141141091e+01 1.257091394015474606e+02
1.042167167167167108e+01 1.257137186450542004e+02
1.043193193193193125e+01 1.257181573295843577e+02
1.044219219219219141e+01 1.257224554232575571e+02
1.045245245245245158e+01 1.257266128951393114e+02
1.046271271271271175e+01 1.257306297152903625e+02
1.047297297297297192e+01 1.257345058549031478e+02
1.048323323323323208e+01 1.257382412859788445e+02
1.049349349349349225e+01 1.257418359816538356e+02
1.050375375375375242e+01 1.257452899161517621e+02
1.051401401401401436e+01 1.257486030646111033e+02
1.052427427427427453e+01 1.257517754030596535e+02
1.053453453453453470e+01 1.257548069087757483e+02
1.054479479479479487e+01 1.257576975599610876e+02
1.055505505505505504e+01 1.257604473357624641e+02
1.056531531531531520e+01 1.257630562163821253e+02
1.057557557557557537e+01 1.257655241830408528e+02
1.058583583583583554e+01 1.257678512180663404e+02
1.059609609609609571e+01 1.257700373044862374e+02
1.060635635635635587e+01 1.257720824267947251e+02
1.061661661661661604e+01 1.257739865701520046e+02
1.062687687687687621e+01 1.257757497208543640e+02
1.063713713713713638e+01 1.257773718662707267e+02
1.064739739739739655e+01 1.257788529946085134e+02
1.065765765765765671e+01 1.257801930953162355e+02
1.066791791791791688e+01 1.257813921586917303e+02
1.067817817817817705e+01 1.257824501760505171e+02
1.068843843843843722e+01 1.257833671399156827e+02
1.069869869869869738e+01 1.257841430435796752e+02
1.070895895895895755e+01 1.257847778814205810e+02
1.071921921921921950e+01 1.257852716489568223e+02
1.072947947947947966e+01 1.257856243426039811e+02
1.073973973973973983e+01 1.257858359597963016e+02
1.075000000000000000e+01 1.257859064990323219e+02
