2.763446144297930118e+02 1.573488359341287435e+02
3.319850296938529937e+02 1.559856769208262506e+02
5.125630108446739541e+02 1.499802822299196237e+02
1.499510605418020077e+03 1.176345331342018881e+02
3.144423263040249822e+03 8.109625030341284457e+01
5.447300983711369554e+03 5.638606544028306189e+01
8.408143767431389278e+03 4.370540753990535165e+01
1.202695161420029945e+04 3.456146804173867082e+01
1.630372452401810006e+04 3.111843754422200803e+01
2.123846249688480020e+04 2.574075181476741392e+01
2.683116553280029984e+04 2.220871780779113891e+01
