1.000000000000000021e-02 5.334889148002941585e-37
5.003003003003003712e-02 1.916690203017057519e-19
9.006006006006006537e-02 1.693452953519804468e-14
1.300900900900901214e-01 8.413167499439499061e-12
1.701201201201201496e-01 4.995376858684154006e-10
2.101501501501501779e-01 9.567676238412300010e-09
2.501801801801802339e-01 9.175154494781982289e-08
2.902102102102102621e-01 5.547694231340500664e-07
3.302402402402402903e-01 2.420086210527526273e-06
3.702702702702703186e-01 8.292627596742889999e-06
4.103003003003003468e-01 2.362386927160598104e-05
4.503303303303303751e-01 5.821154813330849950e-05
4.903603603603604588e-01 1.276723640074340651e-04
5.303903903903904871e-01 2.545998897689040561e-04
5.704204204204205153e-01 4.691737714143436196e-04
6.104504504504505435e-01 8.090876950744435320e-04
6.504804804804805718e-01 1.318777107097232918e-03
6.905105105105106000e-01 2.048026025257163214e-03
7.305405405405406283e-01 3.050100663700732427e-03
7.705705705705706565e-01 4.379592322227691438e-03
8.106006006006006848e-01 6.090156855241257369e-03
8.506306306306307130e-01 8.232320567768283345e-03
8.906606606606607413e-01 1.085149099839463442e-02
9.306906906906907695e-01 1.398627328433334725e-02
9.707207207207209088e-01 1.766715451128674993e-02
1.010750750750750937e+00 2.191558360346402071e-02
1.050780780780780965e+00 2.674344519046524191e-02
1.090810810810810993e+00 3.215290344259740668e-02
1.130840840840841022e+00 3.813657608643745284e-02
1.170870870870871050e+00 4.467798908503436972e-02
1.210900900900901078e+00 5.175225785349853863e-02
1.250930930930931106e+00 5.932694032170972992e-02
1.290960960960961135e+00 6.736300960925474535e-02
1.330990990990991163e+00 7.581589860107949830e-02
1.371021021021021191e+00 8.463657450521261394e-02
1.411051051051051219e+00 9.377260789137224772e-02
1.451081081081081248e+00 1.031692072573940078e-01
1.491111111111111276e+00 1.127701964911989319e-01
1.531141141141141304e+00 1.225189184471508763e-01
1.571171171171171332e+00 1.323590530889650341e-01
1.611201201201201361e+00 1.422353431921283551e-01
1.651231231231231389e+00 1.520942244273391641e-01
1.691261261261261417e+00 1.618843597821754132e-01
1.731291291291291445e+00 1.715570807667406439e-01
1.771321321321321474e+00 1.810667397521094901e-01
1.811351351351351502e+00 1.903709791779463478e-01
1.851381381381381530e+00 1.994309243101527740e-01
1.891411411411411558e+00 2.082113068017348578e-01
1.931441441441441809e+00 2.166805265769562727e-01
1.971471471471471837e+00 2.248106595810943908e-01
2.011501501501501643e+00 2.325774187698380346e-01
2.051531531531531449e+00 2.399600754006372683e-01
2.091561561561561700e+00 2.469413472733226200e-01
2.131591591591591506e+00 2.535072600826877021e-01
2.171621621621621756e+00 2.596469875191345644e-01
2.211651651651651562e+00 2.653526752071898032e-01
2.251681681681681813e+00 2.706192530232839344e-01
2.291711711711711619e+00 2.754442397971345602e-01
2.331741741741741869e+00 2.798275438854400110e-01
2.371771771771771675e+00 2.837712626195225685e-01
2.411801801801801926e+00 2.872794831748661237e-01
2.451831831831831732e+00 2.903580869930055819e-01
2.491861861861861982e+00 2.930145595063276542e-01
2.531891891891891788e+00 2.952578065741379154e-01
2.571921921921922038e+00 2.970979787331190503e-01
2.611951951951952289e+00 2.985463040955979030e-01
2.651981981981982095e+00 2.996149304929768276e-01
2.692012012012012345e+00 3.003167772570455307e-01
2.732042042042042151e+00 3.006653968562798540e-01
2.772072072072072402e+00 3.006748464551796118e-01
2.812102102102102208e+00 3.003595693396931554e-01
2.852132132132132458e+00 2.997342860483897531e-01
2.892162162162162264e+00 2.988138949649249421e-01
2.932192192192192515e+00 2.976133820602603897e-01
2.972222222222222321e+00 2.961477394209806602e-01
3.012252252252252571e+00 2.944318921609427875e-01
3.052282282282282377e+00 2.924806332856549895e-01
3.092312312312312628e+00 2.903085660605693175e-01
3.132342342342342434e+00 2.879300534244586540e-01
3.172372372372372684e+00 2.853591739859041021e-01
3.212402402402402490e+00 2.826096841435060125e-01
3.252432432432432741e+00 2.796949858776968112e-01
3.292462462462462547e+00 2.766280997730984348e-01
3.332492492492492797e+00 2.734216428444194436e-01
3.372522522522522603e+00 2.700878107552593943e-01
3.412552552552552854e+00 2.666383640372751995e-01
3.452582582582582660e+00 2.630846179364756399e-01
3.492612612612612910e+00 2.594374355334989057e-01
3.532642642642642716e+00 2.557072238052481850e-01
3.572672672672672967e+00 2.519039323158998589e-01
3.612702702702702773e+00 2.480370542458127103e-01
3.652732732732733023e+00 2.441156294870472920e-01
3.692762762762762829e+00 2.401482495539008222e-01
3.732792792792793080e+00 2.361430640759245025e-01
3.772822822822822886e+00 2.321077886592509409e-01
3.812852852852853136e+00 2.280497139196074052e-01
3.852882882882883386e+00 2.239757155071189498e-01
3.892912912912913193e+00 2.198922649588375688e-01
3.932942942942943443e+00 2.158054412298923974e-01
3.972972972972973249e+00 2.117209427682082146e-01
4.013003003003003499e+00 2.076441000109050805e-01
4.053033033033033306e+00 2.035798881927880222e-01
4.093063063063063112e+00 1.995329403687704228e-01
4.133093093093093806e+00 1.955075605626948321e-01
4.173123123123123612e+00 1.915077369648294503e-01
4.213153153153153418e+00 1.875371551093797384e-01
4.253183183183183225e+00 1.835992109716905463e-01
4.293213213213213919e+00 1.796970239324574281e-01
4.333243243243243725e+00 1.758334495632675465e-01
4.373273273273273531e+00 1.720110921941723769e-01
4.413303303303303338e+00 1.682323172298107461e-01
4.453333333333334032e+00 1.644992631858732957e-01
4.493363363363363838e+00 1.608138534224758665e-01
4.533393393393393644e+00 1.571778075553178500e-01
4.573423423423423451e+00 1.535926525293793143e-01
4.613453453453454145e+00 1.500597333433862923e-01
4.653483483483483951e+00 1.465802234163843254e-01
4.693513513513513757e+00 1.431551345905238970e-01
4.733543543543543564e+00 1.397853267666216426e-01
4.773573573573574258e+00 1.364715171712248265e-01
4.813603603603604064e+00 1.332142892558164926e-01
4.853633633633633870e+00 1.300141012304615040e-01
4.893663663663663677e+00 1.268712942356472750e-01
4.933693693693694371e+00 1.237861001573171693e-01
4.973723723723724177e+00 1.207586490911704280e-01
5.013753753753753983e+00 1.177889764632044783e-01
5.053783783783783790e+00 1.148770298142425678e-01
5.093813813813814484e+00 1.120226752568121431e-01
5.133843843843844290e+00 1.092257036132533304e-01
5.173873873873874096e+00 1.064858362443380918e-01
5.213903903903904791e+00 1.038027305779914145e-01
5.253933933933934597e+00 1.011759853479278354e-01
5.293963963963964403e+00 9.860514555216814969e-02
5.333993993993994209e+00 9.608970714148261372e-02
5.374024024024024904e+00 9.362912144783414048e-02
5.414054054054054710e+00 9.122279936286779856e-02
5.454084084084084516e+00 8.887011527642270370e-02
5.494114114114114322e+00 8.657041078493565855e-02
5.534144144144145017e+00 8.432299817946328768e-02
5.574174174174174823e+00 8.212716372287982847e-02
5.614204204204204629e+00 7.998217072561565610e-02
5.654234234234234435e+00 7.788726242908798614e-02
5.694264264264265130e+00 7.584166470574602026e-02
5.734294294294294936e+00 7.384458858441185491e-02
5.774324324324324742e+00 7.189523260934370386e-02
5.814354354354354548e+00 6.999278504119108013e-02
5.854384384384385243e+00 6.813642590774257601e-02
5.894414414414415049e+00 6.632532891210103643e-02
5.934444444444444855e+00 6.455866320564646044e-02
5.974474474474474661e+00 6.283559503287933223e-02
6.014504504504505356e+00 6.115528925496335061e-02
6.054534534534535162e+00 5.951691075852178631e-02
6.094564564564564968e+00 5.791962575597325857e-02
6.134594594594594774e+00 5.636260298343526848e-02
6.174624624624625469e+00 5.484501480196492251e-02
6.214654654654655275e+00 5.336603820765719458e-02
6.254684684684685081e+00 5.192485575587436897e-02
6.294714714714714887e+00 5.052065640464352414e-02
6.334744744744745581e+00 4.915263628202468787e-02
6.374774774774775388e+00 4.781999938202780021e-02
6.414804804804805194e+00 4.652195819343829530e-02
6.454834834834835888e+00 4.525773426569881797e-02
6.494864864864865694e+00 4.402655871579193997e-02
6.534894894894895501e+00 4.282767267986967163e-02
6.574924924924925307e+00 4.166032771318813055e-02
6.614954954954956001e+00 4.052378614172155030e-02
6.654984984984985807e+00 3.941732136865528507e-02
6.695015015015015614e+00 3.834021813878834423e-02
6.735045045045045420e+00 3.729177276371566790e-02
6.775075075075076114e+00 3.627129331050437527e-02
6.815105105105105920e+00 3.527809975643138307e-02
6.855135135135135727e+00 3.431152411220717013e-02
6.895165165165165533e+00 3.337091051597611269e-02
6.935195195195196227e+00 3.245561530025438401e-02
6.975225225225226033e+00 3.156500703384309409e-02
7.015255255255255840e+00 3.069846654063708435e-02
7.055285285285285646e+00 2.985538689713843410e-02
7.095315315315316340e+00 2.903517341037670577e-02
7.135345345345346146e+00 2.823724357783707894e-02
7.175375375375375953e+00 2.746102703090115213e-02
7.215405405405405759e+00 2.670596546321451006e-02
7.255435435435436453e+00 2.597151254530711412e-02
7.295465465465466259e+00 2.525713382671158913e-02
7.335495495495496066e+00 2.456230662674555032e-02
7.375525525525525872e+00 2.388651991505081132e-02
7.415555555555556566e+00 2.322927418291146143e-02
7.455585585585586372e+00 2.259008130630784164e-02
7.495615615615616179e+00 2.196846440159874736e-02
7.535645645645645985e+00 2.136395767466701956e-02
7.575675675675676679e+00 2.077610626430619750e-02
7.615705705705706485e+00 2.020446608057356597e-02
7.655735735735736291e+00 1.964860363878426219e-02
7.695765765765766986e+00 1.910809588977530407e-02
7.735795795795796792e+00 1.858253004702270506e-02
7.775825825825826598e+00 1.807150341115287828e-02
7.815855855855856404e+00 1.757462319235150033e-02
7.855885885885887099e+00 1.709150633113362336e-02
7.895915915915916905e+00 1.662177931790612823e-02
7.935945945945946711e+00 1.616507801171851097e-02
7.975975975975976517e+00 1.572104745856923308e-02
8.016006006006007212e+00 1.528934170960373831e-02
8.056036036036037018e+00 1.486962363951441560e-02
8.096066066066066824e+00 1.446156476542661933e-02
8.136096096096096630e+00 1.406484506653067276e-02
8.176126126126126437e+00 1.367915280469775285e-02
8.216156156156156243e+00 1.330418434629578907e-02
8.256186186186187825e+00 1.293964398540264384e-02
8.296216216216217632e+00 1.258524376859436293e-02
8.336246246246247438e+00 1.224070332146980945e-02
8.376276276276277244e+00 1.190574967705661756e-02
8.416306306306307050e+00 1.158011710622791277e-02
8.456336336336336856e+00 1.126354695024604606e-02
8.496366366366366663e+00 1.095578745553561599e-02
8.536396396396396469e+00 1.065659361077640754e-02
8.576426426426428051e+00 1.036572698639534433e-02
8.616456456456457857e+00 1.008295557652586459e-02
8.656486486486487664e+00 9.808053643493613166e-03
8.696516516516517470e+00 9.540801564878013952e-03
8.736546546546547276e+00 9.280985683190821900e-03
8.776576576576577082e+00 9.028398158205268309e-03
8.816606606606606888e+00 8.782836821961573920e-03
8.856636636636636695e+00 8.544105036468794753e-03
8.896666666666668277e+00 8.312011554115900092e-03
8.936696696696698083e+00 8.086370380799961718e-03
8.976726726726727890e+00 7.867000641773853539e-03
9.016756756756757696e+00 7.653726450211081542e-03
9.056786786786787502e+00 7.446376778481100973e-03
9.096816816816817308e+00 7.244785332124309071e-03
9.136846846846847114e+00 7.048790426512236210e-03
9.176876876876878697e+00 6.858234866175485014e-03
9.216906906906908503e+00 6.672965826778299789e-03
9.256936936936938309e+00 6.492834739716492332e-03
9.296966966966968116e+00 6.317697179312764012e-03
9.336996996996997922e+00 6.147412752581129028e-03
9.377027027027027728e+00 5.981844991530376951e-03
9.417057057057057534e+00 5.820861247974476113e-03
9.457087087087087340e+00 5.664332590816597256e-03
9.497117117117118923e+00 5.512133705771716900e-03
9.537147147147148729e+00 5.364142797491739008e-03
9.577177177177178535e+00 5.220241494056051743e-03
9.617207207207208342e+00 5.080314753789366700e-03
9.657237237237238148e+00 4.944250774368120702e-03
9.697267267267267954e+00 4.811940904176069747e-03
9.737297297297297760e+00 4.683279555868976110e-03
9.777327327327327566e+00 4.558164122108354643e-03
9.817357357357359149e+00 4.436494893423291105e-03
9.857387387387388955e+00 4.318174978160002793e-03
9.897417417417418761e+00 4.203110224477648628e-03
9.937447447447448567e+00 4.091209144350042501e-03
9.977477477477478374e+00 3.982382839531784825e-03
1.001750750750750818e+01 3.876544929448498631e-03
1.005753753753753799e+01 3.773611480970105823e-03
1.009756756756756779e+01 3.673500940027083200e-03
1.013759759759759937e+01 3.576134065029267471e-03
1.017762762762762918e+01 3.481433862047582546e-03
1.021765765765765899e+01 3.389325521719088827e-03
1.025768768768768879e+01 3.299736357836390022e-03
1.029771771771771860e+01 3.212595747582633766e-03
1.033774774774774841e+01 3.127835073374073561e-03
1.037777777777777821e+01 3.045387666272391519e-03
1.041780780780780979e+01 2.965188750929613308e-03
1.045783783783783960e+01 2.887175392029064664e-03
1.049786786786786941e+01 2.811286442186060851e-03
1.053789789789789921e+01 2.737462491273076441e-03
1.057792792792792902e+01 2.665645817134174901e-03
1.061795795795795883e+01 2.595780337654481421e-03
1.065798798798798863e+01 2.527811564150896605e-03
1.069801801801801844e+01 2.461686556050886147e-03
1.073804804804805002e+01 2.397353876826726748e-03
1.077807807807807983e+01 2.334763551153446349e-03
1.081810810810810963e+01 2.273867023258894973e-03
1.085813813813813944e+01 2.214617116435496982e-03
1.089816816816816925e+01 2.156967993683420789e-03
1.093819819819819905e+01 2.100875119455791057e-03
1.097822822822822886e+01 2.046295222477098000e-03
1.101825825825825866e+01 1.993186259606588052e-03
1.105828828828829025e+01 1.941507380718932594e-03
1.109831831831832005e+01 1.891218894575312547e-03
1.113834834834834986e+01 1.842282235658375400e-03
1.117837837837837967e+01 1.794659931945363210e-03
1.121840840840840947e+01 1.748315573594080722e-03
1.125843843843843928e+01 1.703213782517190881e-03
1.129846846846846908e+01 1.659320182820660673e-03
1.133849849849849889e+01 1.616601372082953486e-03
1.137852852852853047e+01 1.575024893451984443e-03
1.141855855855856028e+01 1.534559208537486551e-03
1.145858858858859008e+01 1.495173671076927783e-03
1.149861861861861989e+01 1.456838501353708128e-03
1.153864864864864970e+01 1.419524761346869363e-03
1.157867867867867950e+01 1.383204330592010221e-03
1.161870870870870931e+01 1.347849882733744096e-03
1.165873873873874089e+01 1.313434862750353189e-03
1.169876876876877070e+01 1.279933464832012317e-03
1.173879879879880050e+01 1.247320610894144411e-03
1.177882882882883031e+01 1.215571929708253885e-03
1.181885885885886012e+01 1.184663736632832502e-03
1.185888888888888992e+01 1.154573013927391676e-03
1.189891891891891973e+01 1.125277391633300057e-03
1.193894894894894954e+01 1.096755129005288262e-03
1.197897897897898112e+01 1.068985096478114721e-03
1.201900900900901092e+01 1.041946758153185389e-03
1.205903903903904073e+01 1.015620154790336646e-03
1.209906906906907054e+01 9.899858872904801054e-04
1.213909909909910034e+01 9.650251006550152446e-04
1.217912912912913015e+01 9.407194684085386444e-04
1.221915915915915996e+01 9.170511774714788095e-04
1.225918918918918976e+01 8.940029134698667746e-04
1.229921921921922134e+01 8.715578464697223493e-04
1.233924924924925115e+01 8.496996171237969266e-04
1.237927927927928096e+01 8.284123232189315959e-04
1.241930930930931076e+01 8.076805066124366451e-04
1.245933933933934057e+01 7.874891405463412160e-04
1.249936936936937038e+01 7.678236173285979058e-04
1.253939939939940018e+01 7.486697363706888014e-04
1.257942942942942999e+01 7.300136925713183881e-04
1.261945945945946157e+01 7.118420650362195391e-04
1.265948948948949138e+01 6.941418061243343927e-04
1.269951951951952118e+01 6.769002308109427603e-04
1.273954954954955099e+01 6.601050063585596440e-04
1.277957957957958079e+01 6.437441422866668457e-04
1.281960960960961060e+01 6.278059806316425634e-04
1.285963963963964041e+01 6.122791864884480264e-04
1.289966966966967199e+01 5.971527388258956364e-04
1.293969969969970180e+01 5.824159215675659383e-04
1.297972972972973160e+01 5.680583149306350386e-04
1.301975975975976141e+01 5.540697870151298481e-04
1.305978978978979121e+01 5.404404856363195656e-04
1.309981981981982102e+01 5.271608303931750537e-04
1.313984984984985083e+01 5.142215049660174954e-04
1.317987987987988063e+01 5.016134496366846931e-04
1.321990990990991222e+01 4.893278540247400455e-04
1.325993993993994202e+01 4.773561500334288924e-04
1.329996996996997183e+01 4.656900049992484061e-04
1.334000000000000163e+01 4.543213150392419160e-04
1.338003003003003144e+01 4.432421985902007034e-04
1.342006006006006125e+01 4.324449901342142916e-04
1.346009009009009105e+01 4.219222341051188387e-04
1.350012012012012086e+01 4.116666789705692602e-04
1.354015015015015244e+01 4.016712714846182438e-04
1.358018018018018225e+01 3.919291511058150971e-04
1.362021021021021205e+01 3.824336445760063963e-04
1.366024024024024186e+01 3.731782606551532202e-04
1.370027027027027167e+01 3.641566850075937537e-04
1.374030030030030147e+01 3.553627752353557992e-04
1.378033033033033128e+01 3.467905560542147497e-04
1.382036036036036108e+01 3.384342146083378611e-04
1.386039039039039267e+01 3.302880959194680940e-04
1.390042042042042247e+01 3.223466984667271574e-04
1.394045045045045228e+01 3.146046698932312849e-04
1.398048048048048209e+01 3.070568028358082457e-04
1.402051051051051189e+01 2.996980308742422795e-04
1.406054054054054170e+01 2.925234245965545213e-04
1.410057057057057150e+01 2.855281877769329539e-04
1.414060060060060309e+01 2.787076536630371634e-04
1.418063063063063289e+01 2.720572813694890424e-04
1.422066066066066270e+01 2.655726523744463452e-04
1.426069069069069251e+01 2.592494671162740710e-04
1.430072072072072231e+01 2.530835416873906106e-04
1.434075075075075212e+01 2.470708046224477758e-04
1.438078078078078192e+01 2.412072937781295457e-04
1.442081081081081173e+01 2.354891533018708396e-04
1.446084084084084331e+01 2.299126306869357856e-04
1.450087087087087312e+01 2.244740739113330874e-04
1.454090090090090293e+01 2.191699286581299296e-04
1.458093093093093273e+01 2.139967356148083678e-04
1.462096096096096254e+01 2.089511278493623892e-04
1.466099099099099234e+01 2.040298282609099927e-04
1.470102102102102215e+01 1.992296471026543515e-04
1.474105105105105196e+01 1.945474795751049894e-04
1.478108108108108354e+01 1.899803034875040286e-04
1.482111111111111335e+01 1.855251769855047802e-04
1.486114114114114315e+01 1.811792363431609788e-04
1.490117117117117296e+01 1.769396938173723236e-04
1.494120120120120276e+01 1.728038355629897755e-04
1.498123123123123257e+01 1.687690196068033328e-04
1.502126126126126238e+01 1.648326738787296564e-04
1.506129129129129218e+01 1.609922942985341301e-04
1.510132132132132377e+01 1.572454429164883466e-04
1.514135135135135357e+01 1.535897461064043162e-04
1.518138138138138338e+01 1.500228928095304970e-04
1.522141141141141318e+01 1.465426328278512317e-04
1.526144144144144299e+01 1.431467751653545139e-04
1.530147147147147280e+01 1.398331864158902801e-04
1.534150150150150260e+01 1.365997891962845469e-04
1.538153153153153418e+01 1.334445606233903810e-04
1.542156156156156399e+01 1.303655308338307116e-04
1.546159159159159380e+01 1.273607815451889720e-04
1.550162162162162360e+01 1.244284446574691521e-04
1.554165165165165341e+01 1.215667008936597963e-04
1.558168168168168322e+01 1.187737784782837039e-04
1.562171171171171302e+01 1.160479518528473238e-04
1.566174174174174283e+01 1.133875404271208234e-04
1.570177177177177441e+01 1.107909073652363065e-04
1.574180180180180422e+01 1.082564584055951821e-04
1.578183183183183402e+01 1.057826407136266560e-04
1.582186186186186383e+01 1.033679417664502126e-04
1.586189189189189364e+01 1.010108882685351121e-04
1.590192192192192344e+01 9.871004509747265349e-05
1.594195195195195325e+01 9.646401427899495490e-05
1.598198198198198305e+01 9.427143399041400587e-05
1.602201201201201641e+01 9.213097759166666225e-05
1.606204204204204444e+01 9.004135268318003800e-05
1.610207207207207603e+01 8.800130018979205064e-05
1.614210210210210406e+01 8.600959346999192273e-05
1.618213213213213564e+01 8.406503744975057837e-05
1.622216216216216722e+01 8.216646778025536659e-05
1.626219219219219525e+01 8.031275001885861034e-05
1.630222222222222683e+01 7.850277883258738624e-05
1.634225225225225486e+01 7.673547722357714623e-05
1.638228228228228645e+01 7.500979577579997785e-05
1.642231231231231448e+01 7.332471192249440399e-05
1.646234234234234606e+01 7.167922923370378550e-05
1.650237237237237764e+01 7.007237672335809133e-05
1.654240240240240567e+01 6.850320817534803113e-05
1.658243243243243725e+01 6.697080148805114339e-05
1.662246246246246528e+01 6.547425803679487002e-05
1.666249249249249686e+01 6.401270205374663593e-05
1.670252252252252489e+01 6.258528002474274439e-05
1.674255255255255648e+01 6.119116010257821250e-05
1.678258258258258806e+01 5.982953153629537180e-05
1.682261261261261609e+01 5.849960411602032781e-05
1.686264264264264767e+01 5.720060763291201874e-05
1.690267267267267570e+01 5.593179135380024861e-05
1.694270270270270728e+01 5.469242351009806860e-05
1.698273273273273531e+01 5.348179080059337602e-05
1.702276276276276690e+01 5.229919790772542690e-05
1.706279279279279493e+01 5.114396702697408944e-05
1.710282282282282651e+01 5.001543740899251162e-05
1.714285285285285809e+01 4.891296491412822843e-05
1.718288288288288612e+01 4.783592157898671274e-05
1.722291291291291770e+01 4.678369519470171426e-05
1.726294294294294573e+01 4.575568889658651617e-05
1.730297297297297732e+01 4.475132076484764532e-05
1.734300300300300535e+01 4.377002343605757462e-05
1.738303303303303693e+01 4.281124372507988650e-05
1.742306306306306851e+01 4.187444225716581810e-05
1.746309309309309654e+01 4.095909310993118825e-05
1.750312312312312812e+01 4.006468346494601005e-05
1.754315315315315615e+01 3.919071326866814395e-05
1.758318318318318774e+01 3.833669490246075585e-05
1.762321321321321577e+01 3.750215286144514191e-05
1.766324324324324735e+01 3.668662344194366690e-05
1.770327327327327538e+01 3.588965443727374944e-05
1.774330330330330696e+01 3.511080484166609935e-05
1.778333333333333854e+01 3.434964456207981615e-05
1.782336336336336657e+01 3.360575413769853806e-05
1.786339339339339816e+01 3.287872446689547688e-05
1.790342342342342619e+01 3.216815654146373908e-05
1.794345345345345777e+01 3.147366118790816396e-05
1.798348348348348580e+01 3.079485881561068526e-05
1.802351351351351738e+01 3.013137917167451010e-05
1.806354354354354896e+01 2.948286110226860850e-05
1.810357357357357699e+01 2.884895232029270842e-05
1.814360360360360858e+01 2.822930917918911072e-05
1.818363363363363661e+01 2.762359645273511908e-05
1.822366366366366819e+01 2.703148712065047657e-05
1.826369369369369622e+01 2.645266215986383603e-05
1.830372372372372780e+01 2.588681034128076367e-05
1.834375375375375938e+01 2.533362803190599379e-05
1.838378378378378741e+01 2.479281900217310657e-05
1.842381381381381900e+01 2.426409423833884618e-05
1.846384384384384703e+01 2.374717175980748242e-05
1.850387387387387861e+01 2.324177644124759658e-05
1.854390390390390664e+01 2.274763983937424361e-05
1.858393393393393822e+01 2.226450002426817498e-05
1.862396396396396625e+01 2.179210141511053595e-05
1.866399399399399783e+01 2.133019462021193855e-05
1.870402402402402942e+01 2.087853628122206904e-05
1.874405405405405745e+01 2.043688892140433868e-05
1.878408408408408903e+01 2.000502079786740139e-05
1.882411411411411706e+01 1.958270575764729004e-05
1.886414414414414864e+01 1.916972309753453948e-05
1.890417417417417667e+01 1.876585742754706133e-05
1.894420420420420825e+01 1.837089853795013532e-05
1.898423423423423984e+01 1.798464126972841893e-05
1.902426426426426787e+01 1.760688538841646987e-05
1.906429429429429945e+01 1.723743546119902914e-05
1.910432432432432748e+01 1.687610073719230920e-05
1.914435435435435906e+01 1.652269503082134686e-05
1.918438438438438709e+01 1.617703660821108918e-05
1.922441441441441867e+01 1.583894807650979567e-05
1.926444444444445026e+01 1.550825627606724978e-05
1.930447447447447828e+01 1.518479217539091837e-05
1.934450450450450987e+01 1.486839076880639420e-05
1.938453453453453790e+01 1.455889097675014756e-05
1.942456456456456948e+01 1.425613554862359875e-05
1.946459459459459751e+01 1.395997096814241578e-05
1.950462462462462909e+01 1.367024736111200080e-05
1.954465465465465712e+01 1.338681840556731138e-05
1.958468468468468870e+01 1.310954124421241693e-05
1.962471471471472029e+01 1.283827639910018792e-05
1.966474474474474832e+01 1.257288768849188363e-05
1.970477477477477990e+01 1.231324214583938085e-05
1.974480480480480793e+01 1.205920994083402394e-05
1.978483483483483951e+01 1.181066430246705116e-05
1.982486486486486754e+01 1.156748144404957411e-05
1.986489489489489912e+01 1.132954049013842533e-05
1.990492492492493071e+01 1.109672340532066219e-05
1.994495495495495874e+01 1.086891492480460905e-05
1.998498498498499032e+01 1.064600248677254501e-05
2.002501501501501835e+01 1.042787616644707318e-05
2.006504504504504993e+01 1.021442861182717480e-05
2.010507507507507796e+01 1.000555498104962304e-05
2.014510510510510954e+01 9.801152881333423438e-06
2.018513513513513757e+01 9.601122309466045786e-06
2.022516516516516916e+01 9.405365593790274752e-06
2.026519519519520074e+01 9.213787337653833945e-06
2.030522522522522877e+01 9.026294364282225208e-06
2.034525525525526035e+01 8.842795663038752077e-06
2.038528528528528838e+01 8.663202337034729011e-06
2.042531531531531996e+01 8.487427552055429241e-06
2.046534534534534799e+01 8.315386486767139464e-06
2.050537537537537958e+01 8.146996284171912703e-06
2.054540540540541116e+01 7.982176004278350467e-06
2.058543543543543919e+01 7.820846577955727199e-06
2.062546546546547077e+01 7.662930761941995534e-06
2.066549549549549880e+01 7.508353094974857283e-06
2.070552552552553038e+01 7.357039855017254356e-06
2.074555555555555841e+01 7.208919017549247903e-06
2.078558558558559000e+01 7.063920214897997320e-06
2.082561561561562158e+01 6.921974696579851304e-06
2.086564564564564961e+01 6.783015290627922769e-06
2.090567567567568119e+01 6.646976365880147465e-06
2.094570570570570922e+01 6.513793795202779521e-06
2.098573573573574080e+01 6.383404919625328322e-06
2.102576576576576883e+01 6.255748513363961795e-06
2.106579579579580042e+01 6.130764749709848076e-06
2.110582582582582845e+01 6.008395167760932770e-06
2.114585585585586003e+01 5.888582639975076439e-06
2.118588588588589161e+01 5.771271340523818647e-06
2.122591591591591964e+01 5.656406714426134827e-06
2.126594594594595122e+01 5.543935447442383205e-06
2.130597597597597925e+01 5.433805436708838878e-06
2.134600600600601084e+01 5.325965762094225233e-06
2.138603603603603887e+01 5.220366658259646084e-06
2.142606606606607045e+01 5.116959487403840309e-06
2.146609609609610203e+01 5.015696712676931828e-06
2.150612612612613006e+01 4.916531872244909261e-06
2.154615615615616164e+01 4.819419553988956771e-06
2.158618618618618967e+01 4.724315370823202821e-06
2.162621621621622126e+01 4.631175936615191318e-06
2.166624624624624929e+01 4.539958842694185996e-06
2.170627627627628087e+01 4.450622634931758210e-06
2.174630630630630890e+01 4.363126791381062422e-06
2.178633633633634048e+01 4.277431700459914452e-06
2.182636636636637206e+01 4.193498639664291091e-06
2.186639639639640009e+01 4.111289754799152529e-06
2.190642642642643168e+01 4.030768039712840285e-06
2.194645645645645970e+01 3.951897316523197238e-06
2.198648648648649129e+01 3.874642216322395103e-06
2.202651651651651932e+01 3.798968160348916673e-06
2.206654654654655090e+01 3.724841341614614559e-06
2.210657657657658248e+01 3.652228706975681687e-06
2.214660660660661051e+01 3.581097939636281561e-06
2.218663663663664209e+01 3.511417442074102589e-06
2.222666666666667012e+01 3.443156319377202793e-06
2.226669669669670171e+01 3.376284362981856024e-06
2.230672672672672974e+01 3.310772034801633370e-06
2.234675675675676132e+01 3.246590451737479563e-06
2.238678678678679290e+01 3.183711370559944323e-06
2.242681681681682093e+01 3.122107173153584237e-06
2.246684684684685251e+01 3.061750852115152512e-06
2.250687687687688054e+01 3.002615996696438811e-06
2.254690690690691213e+01 2.944676779083227436e-06
2.258693693693694016e+01 2.887907941002298237e-06
2.262696696696697174e+01 2.832284780647837720e-06
2.266699699699699977e+01 2.777783139919972901e-06
2.270702702702703135e+01 2.724379391967180768e-06
2.274705705705706293e+01 2.672050429025360454e-06
2.278708708708709096e+01 2.620773650546195101e-06
2.282711711711712255e+01 2.570526951607458394e-06
2.286714714714715058e+01 2.521288711598772808e-06
2.290717717717718216e+01 2.473037783175461842e-06
2.294720720720721019e+01 2.425753481474368786e-06
2.298723723723724177e+01 2.379415573585000436e-06
2.302726726726727335e+01 2.334004268269664201e-06
2.306729729729730138e+01 2.289500205926684176e-06
2.310732732732733297e+01 2.245884448790542076e-06
2.314735735735736100e+01 2.203138471363280181e-06
2.318738738738739258e+01 2.161244151071375991e-06
2.322741741741742061e+01 2.120183759142786992e-06
2.326744744744745219e+01 2.079939951698467984e-06
2.330747747747748377e+01 2.040495761053462142e-06
2.334750750750751180e+01 2.001834587222224006e-06
2.338753753753754339e+01 1.963940189623275582e-06
2.342756756756757142e+01 1.926796678978399223e-06
2.346759759759760300e+01 1.890388509401490513e-06
2.350762762762763103e+01 1.854700470672667207e-06
2.354765765765766261e+01 1.819717680692887238e-06
2.358768768768769064e+01 1.785425578114953509e-06
2.362771771771772222e+01 1.751809915146422321e-06
2.366774774774775381e+01 1.718856750520410257e-06
2.370777777777778184e+01 1.686552442630104357e-06
2.374780780780781342e+01 1.654883642823094720e-06
2.378783783783784145e+01 1.623837288851718915e-06
2.382786786786787303e+01 1.593400598475469782e-06
2.386789789789790106e+01 1.563561063212093289e-06
2.390792792792793264e+01 1.534306442233417442e-06
2.394795795795796423e+01 1.505624756402839604e-06
2.398798798798799226e+01 1.477504282450697454e-06
2.402801801801802384e+01 1.449933547284500701e-06
2.406804804804805187e+01 1.422901322430598192e-06
2.410807807807808345e+01 1.396396618604177270e-06
2.414810810810811148e+01 1.370408680404609828e-06
2.418813813813814306e+01 1.344926981133008281e-06
2.422816816816817109e+01 1.319941217729149433e-06
2.426819819819820268e+01 1.295441305824927221e-06
2.430822822822823426e+01 1.271417374911457998e-06
2.434825825825826229e+01 1.247859763617261277e-06
2.438828828828829387e+01 1.224759015094742320e-06
2.442831831831832190e+01 1.202105872512498148e-06
2.446834834834835348e+01 1.179891274650841298e-06
2.450837837837838151e+01 1.158106351598191856e-06
2.454840840840841310e+01 1.136742420545801975e-06
2.458843843843844468e+01 1.115790981678636629e-06
2.462846846846847271e+01 1.095243714160009055e-06
2.466849849849850429e+01 1.075092472207798882e-06
2.470852852852853232e+01 1.055329281260093219e-06
2.474855855855856390e+01 1.035946334228138846e-06
2.478858858858859193e+01 1.016935987834482831e-06
2.482861861861862351e+01 9.982907590343938536e-07
2.486864864864865510e+01 9.800033215184820131e-07
2.490867867867868313e+01 9.620665022947243744e-07
2.494870870870871471e+01 9.444732783479014906e-07
2.498873873873874274e+01 9.272167733747889520e-07
2.502876876876877432e+01 9.102902545930771192e-07
2.506879879879880235e+01 8.936871296226061866e-07
2.510882882882883393e+01 8.774009434369030762e-07
2.514885885885886196e+01 8.614253753835778740e-07
2.518888888888889355e+01 8.457542362719550948e-07
2.522891891891892513e+01 8.303814655261986998e-07
2.526894894894895316e+01 8.153011284026411519e-07
2.530897897897898474e+01 8.005074132696255147e-07
2.534900900900901277e+01 7.859946289484715670e-07
2.538903903903904435e+01 7.717572021141846320e-07
2.542906906906907238e+01 7.577896747544067115e-07
2.546909909909910397e+01 7.440867016853867000e-07
2.550912912912913555e+01 7.306430481235098200e-07
2.554915915915916358e+01 7.174535873112000082e-07
2.558918918918919516e+01 7.045132981958859504e-07
2.562921921921922319e+01 6.918172631607838285e-07
2.566924924924925477e+01 6.793606658063659890e-07
2.570927927927928280e+01 6.671387887812187266e-07
2.574930930930931439e+01 6.551470116613010123e-07
2.578933933933934597e+01 6.433808088763526759e-07
2.582936936936937400e+01 6.318357476824546601e-07
2.586939939939940558e+01 6.205074861795585721e-07
2.590942942942943361e+01 6.093917713731518398e-07
2.594945945945946519e+01 5.984844372788046512e-07
2.598948948948949322e+01 5.877814030687753632e-07
2.602951951951952481e+01 5.772786712596485150e-07
2.606954954954955284e+01 5.669723259400727575e-07
2.610957957957958442e+01 5.568585310376507631e-07
2.614960960960961600e+01 5.469335286241427661e-07
2.618963963963964403e+01 5.371936372580451126e-07
2.622966966966967561e+01 5.276352503637017662e-07
2.626969969969970364e+01 5.182548346461624034e-07
2.630972972972973523e+01 5.090489285408893506e-07
2.634975975975976326e+01 5.000141406975675497e-07
2.638978978978979484e+01 4.911471484972544816e-07
2.642981981981982642e+01 4.824446966020580608e-07
2.646984984984985445e+01 4.739035955366373461e-07
2.650987987987988603e+01 4.655207203007771843e-07
2.654990990990991406e+01 4.572930090123861068e-07
2.658993993993994565e+01 4.492174615801322797e-07
2.662996996996997368e+01 4.412911384051394603e-07
2.667000000000000526e+01 4.335111591110093233e-07
2.671003003003003329e+01 4.258747013015892514e-07
2.675006006006006487e+01 4.183789993457956819e-07
2.679009009009009645e+01 4.110213431889472013e-07
2.683012012012012448e+01 4.037990771899445870e-07
2.687015015015015607e+01 3.967095989837453696e-07
2.691018018018018410e+01 3.897503583685953678e-07
2.695021021021021568e+01 3.829188562173529122e-07
2.699024024024024371e+01 3.762126434125142673e-07
2.703027027027027529e+01 3.696293198042472747e-07
2.707030030030030687e+01 3.631665331910547519e-07
2.711033033033033490e+01 3.568219783224560894e-07
2.715036036036036649e+01 3.505933959232508760e-07
2.719039039039039451e+01 3.444785717388597751e-07
2.723042042042042610e+01 3.384753356012714886e-07
2.727045045045045413e+01 3.325815605151384644e-07
2.731048048048048571e+01 3.267951617635535729e-07
2.735051051051051729e+01 3.211140960331097008e-07
2.739054054054054532e+01 3.155363605577509294e-07
2.743057057057057690e+01 3.100599922810375207e-07
2.747060060060060493e+01 3.046830670364275593e-07
2.751063063063063652e+01 2.994036987451078996e-07
2.755066066066066455e+01 2.942200386310600092e-07
2.759069069069069613e+01 2.891302744529204649e-07
2.763072072072072416e+01 2.841326297523057039e-07
2.767075075075075574e+01 2.792253631181826496e-07
2.771078078078078732e+01 2.744067674670010857e-07
2.775081081081081535e+01 2.696751693381593377e-07
2.779084084084084694e+01 2.650289282045243775e-07
2.783087087087087497e+01 2.604664357976433966e-07
2.787090090090090655e+01 2.559861154473245518e-07
2.791093093093093458e+01 2.515864214352842285e-07
2.795096096096096616e+01 2.472658383625256082e-07
2.799099099099099774e+01 2.430228805301634603e-07
2.803102102102102577e+01 2.388560913333976911e-07
2.807105105105105736e+01 2.347640426683468642e-07
2.811108108108108539e+01 2.307453343514258037e-07
2.815111111111111697e+01 2.267985935510596483e-07
2.819114114114114500e+01 2.229224742313943811e-07
2.823117117117117658e+01 2.191156566077748438e-07
2.827120120120120816e+01 2.153768466137292436e-07
2.831123123123123619e+01 2.117047753792054867e-07
2.835126126126126778e+01 2.080981987198042495e-07
2.839129129129129581e+01 2.045558966367872883e-07
2.843132132132132739e+01 2.010766728275953105e-07
2.847135135135135542e+01 1.976593542066884240e-07
2.851138138138138700e+01 1.943027904364351509e-07
2.855141141141141503e+01 1.910058534678664894e-07
2.859144144144144661e+01 1.877674370910747164e-07
2.863147147147147820e+01 1.845864564950243408e-07
2.867150150150150623e+01 1.814618478365996601e-07
2.871153153153153781e+01 1.783925678186632386e-07
2.875156156156156584e+01 1.753775932769550806e-07
2.879159159159159742e+01 1.724159207756128244e-07
2.883162162162162545e+01 1.695065662111471797e-07
2.887165165165165703e+01 1.666485644246772319e-07
2.891168168168168862e+01 1.638409688222549117e-07
2.895171171171171665e+01 1.610828510030990580e-07
2.899174174174174823e+01 1.583733003955626537e-07
2.903177177177177626e+01 1.557114239006808738e-07
2.907180180180180784e+01 1.530963455431227046e-07
2.911183183183183587e+01 1.505272061293871031e-07
2.915186186186186745e+01 1.480031629131018453e-07
2.919189189189189548e+01 1.455233892672547838e-07
2.923192192192192707e+01 1.430870743632122209e-07
2.927195195195195865e+01 1.406934228563904082e-07
2.931198198198198668e+01 1.383416545784227568e-07
2.935201201201201826e+01 1.360310042356890056e-07
2.939204204204204629e+01 1.337607211140707703e-07
2.943207207207207787e+01 1.315300687897987679e-07
2.947210210210210590e+01 1.293383248462645301e-07
2.951213213213213749e+01 1.271847805966541701e-07
2.955216216216216907e+01 1.250687408123112433e-07
2.959219219219219710e+01 1.229895234566672074e-07
2.963222222222222868e+01 1.209464594246525836e-07
2.967225225225225671e+01 1.189388922874494674e-07
2.971228228228228829e+01 1.169661780424895289e-07
2.975231231231231632e+01 1.150276848685776484e-07
2.979234234234234791e+01 1.131227928860214236e-07
2.983237237237237949e+01 1.112508939216791720e-07
2.987240240240240752e+01 1.094113912788174399e-07
2.991243243243243910e+01 1.076036995116596041e-07
2.995246246246246713e+01 1.058272442045488585e-07
2.999249249249249871e+01 1.040814617556115782e-07
3.003252252252252674e+01 1.023657991648313447e-07
3.007255255255255832e+01 1.006797138264474560e-07
3.011258258258258635e+01 9.902267332556697759e-08
3.015261261261261794e+01 9.739415523892596982e-08
3.019264264264264952e+01 9.579364693968914385e-08
3.023267267267267755e+01 9.422064540622432556e-08
3.027270270270270913e+01 9.267465703474705261e-08
3.031273273273273716e+01 9.115519745577221411e-08
3.035276276276276874e+01 8.966179135427581366e-08
3.039279279279279677e+01 8.819397229350585621e-08
3.043282282282282836e+01 8.675128254235398939e-08
3.047285285285285994e+01 8.533327290621100458e-08
3.051288288288288797e+01 8.393950256124657456e-08
3.055291291291291955e+01 8.256953889202919940e-08
3.059294294294294758e+01 8.122295733241880970e-08
3.063297297297297916e+01 7.989934120966846011e-08
3.067300300300300719e+01 7.859828159166568272e-08
3.071303303303303878e+01 7.731937713723757193e-08
3.075306306306307036e+01 7.606223394948057100e-08
3.079309309309309839e+01 7.482646543202056908e-08
3.083312312312312997e+01 7.361169214816704515e-08
3.087315315315315800e+01 7.241754168289206678e-08
3.091318318318318958e+01 7.124364850756853851e-08
3.095321321321321761e+01 7.008965384742252899e-08
3.099324324324324920e+01 6.895520555163441581e-08
3.103327327327327723e+01 6.783995796604144048e-08
3.107330330330330881e+01 6.674357180837647867e-08
3.111333333333334039e+01 6.566571404600173269e-08
3.115336336336336842e+01 6.460605777608154800e-08
3.119339339339340000e+01 6.356428210814039513e-08
3.123342342342342803e+01 6.254007204896120357e-08
3.127345345345345962e+01 6.153311838977452282e-08
3.131348348348348765e+01 6.054311759569018982e-08
3.135351351351351923e+01 5.956977169732618671e-08
3.139354354354355081e+01 5.861278818458914092e-08
3.143357357357357884e+01 5.767187990256029767e-08
3.147360360360361042e+01 5.674676494944796170e-08
3.151363363363363845e+01 5.583716657656049646e-08
3.155366366366367004e+01 5.494281309025654959e-08
3.159369369369369807e+01 5.406343775583825948e-08
3.163372372372372965e+01 5.319877870333998264e-08
3.167375375375375768e+01 5.234857883518261115e-08
3.171378378378378926e+01 5.151258573564232062e-08
3.175381381381382084e+01 5.069055158211190468e-08
3.179384384384384887e+01 4.988223305810541570e-08
3.183387387387388046e+01 4.908739126797757077e-08
3.187390390390390849e+01 4.830579165332059398e-08
3.191393393393394007e+01 4.753720391100359450e-08
3.195396396396396810e+01 4.678140191282200877e-08
3.199399399399399968e+01 4.603816362672509808e-08
3.203402402402402771e+01 4.530727103958638954e-08
3.207405405405405929e+01 4.458851008148988904e-08
3.211408408408408377e+01 4.388167055149639834e-08
3.215411411411411535e+01 4.318654604486326786e-08
3.219414414414414694e+01 4.250293388168910373e-08
3.223417417417417852e+01 4.183063503694981909e-08
3.227420420420420299e+01 4.116945407190050626e-08
3.231423423423423458e+01 4.051919906681943908e-08
3.235426426426426616e+01 3.987968155505733991e-08
3.239429429429429774e+01 3.925071645837560571e-08
3.243432432432432933e+01 3.863212202354147813e-08
3.247435435435435380e+01 3.802371976015528915e-08
3.251438438438438538e+01 3.742533437968963885e-08
3.255441441441441697e+01 3.683679373570761654e-08
3.259444444444444855e+01 3.625792876524414371e-08
3.263447447447448013e+01 3.568857343132310880e-08
3.267450450450450461e+01 3.512856466658919731e-08
3.271453453453453619e+01 3.457774231802864223e-08
3.275456456456456777e+01 3.403594909276239777e-08
3.279459459459459936e+01 3.350303050488527949e-08
3.283462462462462383e+01 3.297883482333274741e-08
3.287465465465465542e+01 3.246321302075369289e-08
3.291468468468468700e+01 3.195601872337043584e-08
3.295471471471471858e+01 3.145710816180273802e-08
3.299474474474475016e+01 3.096634012284250497e-08
3.303477477477477464e+01 3.048357590215422217e-08
3.307480480480480622e+01 3.000867925788347005e-08
3.311483483483483781e+01 2.954151636516197374e-08
3.315486486486486939e+01 2.908195577148147047e-08
3.319489489489489387e+01 2.862986835292537634e-08
3.323492492492492545e+01 2.818512727124098794e-08
3.327495495495495703e+01 2.774760793173356374e-08
3.331498498498498861e+01 2.731718794196423008e-08
3.335501501501502020e+01 2.689374707124165609e-08
3.339504504504504467e+01 2.647716721088634518e-08
3.343507507507507626e+01 2.606733233525336515e-08
3.347510510510510784e+01 2.566412846350032160e-08
3.351513513513513942e+01 2.526744362208504373e-08
3.355516516516517100e+01 2.487716780797517476e-08
3.359519519519519548e+01 2.449319295256304641e-08
3.363522522522522706e+01 2.411541288626301700e-08
3.367525525525525865e+01 2.374372330378548970e-08
3.371528528528529023e+01 2.337802173006805953e-08
3.375531531531531471e+01 2.301820748685620232e-08
3.379534534534534629e+01 2.266418165991608186e-08
3.383537537537537787e+01 2.231584706687109752e-08
3.387540540540540945e+01 2.197310822564588028e-08
3.391543543543544104e+01 2.163587132350918073e-08
3.395546546546546551e+01 2.130404418670214281e-08
3.399549549549549710e+01 2.097753625064054837e-08
3.403552552552552868e+01 2.065625853068105651e-08
3.407555555555556026e+01 2.034012359343733945e-08
3.411558558558558474e+01 2.002904552864019879e-08
3.415561561561561632e+01 1.972293992152571415e-08
3.419564564564564790e+01 1.942172382574446275e-08
3.423567567567567949e+01 1.912531573678129127e-08
3.427570570570571107e+01 1.883363556587474133e-08
3.431573573573573555e+01 1.854660461442596728e-08
3.435576576576576713e+01 1.826414554888942387e-08
3.439579579579579871e+01 1.798618237613420975e-08
3.443582582582583029e+01 1.771264041926825821e-08
3.447585585585585477e+01 1.744344629391482043e-08
3.451588588588588635e+01 1.717852788493341921e-08
3.455591591591591794e+01 1.691781432357748143e-08
3.459594594594594952e+01 1.666123596507758123e-08
3.463597597597598110e+01 1.640872436664569845e-08
3.467600600600600558e+01 1.616021226588785930e-08
3.471603603603603716e+01 1.591563355962154637e-08
3.475606606606606874e+01 1.567492328308695907e-08
3.479609609609610033e+01 1.543801758954729049e-08
3.483612612612613191e+01 1.520485373026653946e-08
3.487615615615615638e+01 1.497537003486177068e-08
3.491618618618618797e+01 1.474950589201992498e-08
3.495621621621621955e+01 1.452720173057345878e-08
3.499624624624625113e+01 1.430839900092688361e-08
3.503627627627627561e+01 1.409304015682799340e-08
3.507630630630630719e+01 1.388106863747766333e-08
3.511633633633633877e+01 1.367242884997010750e-08
3.515636636636637036e+01 1.346706615205949063e-08
3.519639639639640194e+01 1.326492683524440218e-08
3.523642642642642642e+01 1.306595810816562348e-08
3.527645645645645800e+01 1.287010808031057701e-08
3.531648648648648958e+01 1.267732574601834998e-08
3.535651651651652116e+01 1.248756096877984761e-08
3.539654654654654564e+01 1.230076446582847553e-08
3.543657657657657722e+01 1.211688779301252996e-08
3.547660660660660881e+01 1.193588332994840759e-08
3.551663663663664039e+01 1.175770426544549127e-08
3.555666666666667197e+01 1.158230458319972873e-08
3.559669669669669645e+01 1.140963904774946573e-08
3.563672672672672803e+01 1.123966319068924368e-08
3.567675675675675961e+01 1.107233329713733322e-08
3.571678678678679120e+01 1.090760639245000763e-08
3.575681681681682278e+01 1.074544022918046135e-08
3.579684684684684726e+01 1.058579327427532476e-08
3.583687687687687884e+01 1.042862469650638755e-08
3.587690690690691042e+01 1.027389435413141325e-08
3.591693693693694200e+01 1.012156278278098734e-08
3.595696696696696648e+01 9.971591183565817400e-09
3.599699699699699806e+01 9.823941411401110127e-09
3.603702702702702965e+01 9.678575963544468598e-09
3.607705705705706123e+01 9.535457968341858483e-09
3.611708708708709281e+01 9.394551174178729957e-09
3.615711711711711729e+01 9.255819938632018769e-09
3.619714714714714887e+01 9.119229217819497717e-09
3.623717717717718045e+01 8.984744555942336003e-09
3.627720720720721204e+01 8.852332075018135122e-09
3.631723723723723651e+01 8.721958464799324355e-09
3.635726726726726810e+01 8.593590972874973624e-09
3.639729729729729968e+01 8.467197394951753821e-09
3.643732732732733126e+01 8.342746065310462917e-09
3.647735735735736284e+01 8.220205847436121028e-09
3.651738738738738732e+01 8.099546124816089026e-09
3.655741741741741890e+01 7.980736791905919524e-09
3.659744744744745049e+01 7.863748245256820763e-09
3.663747747747748207e+01 7.748551374804572904e-09
3.667750750750751365e+01 7.635117555314563100e-09
3.671753753753753813e+01 7.523418637981126129e-09
3.675756756756756971e+01 7.413426942178115990e-09
3.679759759759760129e+01 7.305115247358216149e-09
3.683762762762763288e+01 7.198456785097563912e-09
3.687765765765765735e+01 7.093425231283199109e-09
3.691768768768768894e+01 6.989994698441036710e-09
3.695771771771772052e+01 6.888139728201331734e-09
3.699774774774775210e+01 6.787835283899303834e-09
3.703777777777778368e+01 6.689056743308316732e-09
3.707780780780780816e+01 6.591779891503050747e-09
3.711783783783783974e+01 6.495980913850358102e-09
3.715786786786787133e+01 6.401636389125797560e-09
3.719789789789790291e+01 6.308723282752428845e-09
3.723792792792792739e+01 6.217218940161358944e-09
3.727795795795795897e+01 6.127101080269645494e-09
3.731798798798799055e+01 6.038347789075110556e-09
3.735801801801802213e+01 5.950937513365363229e-09
3.739804804804805372e+01 5.864849054538384928e-09
3.743807807807807819e+01 5.780061562533767452e-09
3.747810810810810978e+01 5.696554529870607711e-09
3.751813813813814136e+01 5.614307785793137767e-09
3.755816816816817294e+01 5.533301490518637415e-09
3.759819819819820452e+01 5.453516129588301796e-09
3.763822822822822900e+01 5.374932508318216064e-09
3.767825825825826058e+01 5.297531746348319520e-09
3.771828828828829216e+01 5.221295272288414576e-09
3.775831831831832375e+01 5.146204818458378363e-09
3.779834834834834822e+01 5.072242415721628185e-09
3.783837837837837981e+01 4.999390388410177392e-09
3.787840840840841139e+01 4.927631349338915071e-09
3.791843843843844297e+01 4.856948194907809260e-09
3.795846846846847455e+01 4.787324100291091508e-09
3.799849849849849903e+01 4.718742514710521856e-09
3.803852852852853061e+01 4.651187156792481141e-09
3.807855855855856220e+01 4.584642010006252720e-09
3.811858858858859378e+01 4.519091318183113130e-09
3.815861861861861826e+01 4.454519581113659139e-09
3.819864864864864984e+01 4.390911550222896396e-09
3.823867867867868142e+01 4.328252224320819893e-09
3.827870870870871300e+01 4.266526845428196721e-09
3.831873873873874459e+01 4.205720894674554252e-09
3.835876876876876906e+01 4.145820088269073539e-09
3.839879879879880065e+01 4.086810373541171853e-09
3.843882882882883223e+01 4.028677925051034924e-09
3.847885885885886381e+01 3.971409140767556125e-09
3.851888888888889539e+01 3.914990638313403856e-09
3.855891891891891987e+01 3.859409251275760434e-09
3.859894894894895145e+01 3.804652025580927613e-09
3.863897897897898304e+01 3.750706215932700279e-09
3.867900900900901462e+01 3.697559282312594227e-09
3.871903903903903910e+01 3.645198886540781554e-09
3.875906906906907068e+01 3.593612888897305184e-09
3.879909909909910226e+01 3.542789344801641058e-09
3.883912912912913384e+01 3.492716501550420638e-09
3.887915915915916543e+01 3.443382795111220116e-09
3.891918918918918990e+01 3.394776846972617770e-09
3.895921921921922149e+01 3.346887461048365468e-09
3.899924924924925307e+01 3.299703620635665228e-09
3.903927927927928465e+01 3.253214485425691339e-09
3.907930930930930913e+01 3.207409388566259180e-09
3.911933933933934071e+01 3.162277833775055874e-09
3.915936936936937229e+01 3.117809492502817764e-09
3.919939939939940388e+01 3.073994201145629996e-09
3.923942942942943546e+01 3.030821958305215832e-09
3.927945945945945994e+01 2.988282922096577899e-09
3.931948948948949152e+01 2.946367407502012853e-09
3.935951951951952310e+01 2.905065883770733871e-09
3.939954954954955468e+01 2.864368971863280441e-09
3.943957957957957916e+01 2.824267441939950273e-09
3.947960960960961074e+01 2.784752210892235106e-09
3.951963963963964233e+01 2.745814339916942330e-09
3.955966966966967391e+01 2.707445032131784005e-09
3.959969969969970549e+01 2.669635630231952268e-09
3.963972972972972997e+01 2.632377614186891164e-09
3.967975975975976155e+01 2.595662598976565938e-09
3.971978978978979313e+01 2.559482332366422878e-09
3.975981981981982472e+01 2.523828692720575648e-09
3.979984984984985630e+01 2.488693686852280515e-09
3.983987987987988078e+01 2.454069447911183474e-09
3.987990990990991236e+01 2.419948233306680842e-09
3.991993993993994394e+01 2.386322422666797737e-09
3.995996996996997552e+01 2.353184515831724199e-09
4.000000000000000000e+01 2.320527130881790543e-09
