1.000000000000000021e-02 2.757264219319121575e-30
5.003003003003003712e-02 5.128733020213057788e-16
9.006006006006006537e-02 5.327069793214160963e-12
1.300900900900901214e-01 8.212604154353501227e-10
1.701201201201201496e-01 2.254311175267685289e-08
2.101501501501501779e-01 2.468863715527161301e-07
2.501801801801802339e-01 1.541906591599636530e-06
2.902102102102102621e-01 6.622557318167289314e-06
3.302402402402402903e-01 2.182390714037913494e-05
3.702702702702703186e-01 5.912362867333434782e-05
4.103003003003003468e-01 1.378885744033460598e-04
4.503303303303303751e-01 2.858893968494024608e-04
4.903603603603604588e-01 5.393363554978270998e-04
5.303903903903904871e-01 9.419226124495286854e-04
5.704204204204205153e-01 1.543042207751587095e-03
6.104504504504505435e-01 2.395451133962961648e-03
6.504804804804805718e-01 3.552667340703291772e-03
6.905105105105106000e-01 5.066379885364991585e-03
7.305405405405406283e-01 6.984081893639536125e-03
7.705705705705706565e-01 9.347075532901533493e-03
8.106006006006006848e-01 1.218893284696413899e-02
8.506306306306307130e-01 1.553444144844116394e-02
8.906606606606607413e-01 1.939902181571867210e-02
9.306906906906907695e-01 2.378857354878251285e-02
9.707207207207209088e-01 2.869969002529018653e-02
1.010750750750750937e+00 3.412017234435824053e-02
1.050780780780780965e+00 4.002977196077357747e-02
1.090810810810810993e+00 4.640109487021703422e-02
1.130840840840841022e+00 5.320060680425255095e-02
1.170870870870871050e+00 6.038968720509473032e-02
1.210900900900901078e+00 6.792568870957810256e-02
1.250930930930931106e+00 7.576296773135555995e-02
1.290960960960961135e+00 8.385386000167363574e-02
1.330990990990991163e+00 9.214958232509787295e-02
1.371021021021021191e+00 1.006010481895157488e-01
1.411051051051051219e+00 1.091595902070919000e-01
1.451081081081081248e+00 1.177775866921794146e-01
1.491111111111111276e+00 1.264089930843201315e-01
1.531141141141141304e+00 1.350097815035853910e-01
1.571171171171171332e+00 1.435382935951248495e-01
1.611201201201201361e+00 1.519555130932480069e-01
1.651231231231231389e+00 1.602252653197548116e-01
1.691261261261261417e+00 1.683143512238870210e-01
1.731291291291291445e+00 1.761926236580571015e-01
1.771321321321321474e+00 1.838330134383104886e-01
1.811351351351351502e+00 1.912115124235470864e-01
1.851381381381381530e+00 1.983071204142937971e-01
1.891411411411411558e+00 2.051017621619708187e-01
1.931441441441441809e+00 2.115801802262612941e-01
1.971471471471471837e+00 2.177298088471813220e-01
2.011501501501501643e+00 2.235406334293471853e-01
2.051531531531531449e+00 2.290050396832128965e-01
2.091561561561561700e+00 2.341176559419650971e-01
2.131591591591591506e+00 2.388751916801929442e-01
2.171621621621621756e+00 2.432762748056065683e-01
2.211651651651651562e+00 2.473212898800896953e-01
2.251681681681681813e+00 2.510122190517836138e-01
2.291711711711711619e+00 2.543524871450814628e-01
2.331741741741741869e+00 2.573468120588764396e-01
2.371771771771771675e+00 2.600010613631059675e-01
2.411801801801801926e+00 2.623221157571099527e-01
2.451831831831831732e+00 2.643177398579389381e-01
2.491861861861861982e+00 2.659964606197560144e-01
2.531891891891891788e+00 2.673674535441405431e-01
2.571921921921922038e+00 2.684404367227599120e-01
2.611951951951952289e+00 2.692255726559686924e-01
2.651981981981982095e+00 2.697333777110352826e-01
2.692012012012012345e+00 2.699746390196522960e-01
2.732042042042042151e+00 2.699603385641015096e-01
2.772072072072072402e+00 2.697015841630653332e-01
2.812102102102102208e+00 2.692095470398983559e-01
2.852132132132132458e+00 2.684954056366956054e-01
2.892162162162162264e+00 2.675702953253578098e-01
2.932192192192192515e+00 2.664452636608699576e-01
2.972222222222222321e+00 2.651312308211179469e-01
3.012252252252252571e+00 2.636389548808551475e-01
3.052282282282282377e+00 2.619790015740851574e-01
3.092312312312312628e+00 2.601617182084612900e-01
3.132342342342342434e+00 2.581972114067164759e-01
3.172372372372372684e+00 2.560953283631133837e-01
3.212402402402402490e+00 2.538656413170226056e-01
3.252432432432432741e+00 2.515174349606082993e-01
3.292462462462462547e+00 2.490596965129392437e-01
3.332492492492492797e+00 2.465011082083830574e-01
3.372522522522522603e+00 2.438500419626673243e-01
3.412552552552552854e+00 2.411145559953494499e-01
3.452582582582582660e+00 2.383023932024713187e-01
3.492612612612612910e+00 2.354209810877906095e-01
3.532642642642642716e+00 2.324774330750941642e-01
3.572672672672672967e+00 2.294785510376365079e-01
3.612702702702702773e+00 2.264308288936855429e-01
3.652732732732733023e+00 2.233404571294464458e-01
3.692762762762762829e+00 2.202133281222751759e-01
3.732792792792793080e+00 2.170550421480658965e-01
3.772822822822822886e+00 2.138709139670176562e-01
3.812852852852853136e+00 2.106659798916439008e-01
3.852882882882883386e+00 2.074450052499255404e-01
3.892912912912913193e+00 2.042124921649145219e-01
3.932942942942943443e+00 2.009726875799138224e-01
3.972972972972973249e+00 1.977295914656046205e-01
4.013003003003003499e+00 1.944869651521901333e-01
4.053033033033033306e+00 1.912483397358075432e-01
4.093063063063063112e+00 1.880170245141476459e-01
4.133093093093093806e+00 1.847961154114504956e-01
4.173123123123123612e+00 1.815885033578337471e-01
4.213153153153153418e+00 1.783968825922922774e-01
4.253183183183183225e+00 1.752237588627066356e-01
4.293213213213213919e+00 1.720714574998391255e-01
4.333243243243243725e+00 1.689421313456058449e-01
4.373273273273273531e+00 1.658377685189124651e-01
4.413303303303303338e+00 1.627602000050565045e-01
4.453333333333334032e+00 1.597111070571475833e-01
4.493363363363363838e+00 1.566920284002008834e-01
4.533393393393393644e+00 1.537043672305395126e-01
4.573423423423423451e+00 1.507493980049117999e-01
4.613453453453454145e+00 1.478282730153112901e-01
4.653483483483483951e+00 1.449420287468937141e-01
4.693513513513513757e+00 1.420915920176309688e-01
4.733543543543543564e+00 1.392777858994437012e-01
4.773573573573574258e+00 1.365013354215208197e-01
4.813603603603604064e+00 1.337628730573806601e-01
4.853633633633633870e+00 1.310629439979621169e-01
4.893663663663663677e+00 1.284020112136747271e-01
4.933693693693694371e+00 1.257804603088748807e-01
4.973723723723724177e+00 1.231986041727057418e-01
5.013753753753753983e+00 1.206566874306208154e-01
5.053783783783783790e+00 1.181548907012412025e-01
5.093813813813814484e+00 1.156933346634532039e-01
5.133843843843844290e+00 1.132720839388676043e-01
5.173873873873874096e+00 1.108911507949202763e-01
5.213903903903904791e+00 1.085504986740174760e-01
5.253933933933934597e+00 1.062500455542051692e-01
5.293963963963964403e+00 1.039896671468953787e-01
5.333993993993994209e+00 1.017691999371968664e-01
5.374024024024024904e+00 9.958844407239315910e-02
5.414054054054054710e+00 9.744716610407835877e-02
5.454084084084084516e+00 9.534510158941272850e-02
5.494114114114114322e+00 9.328195755689296098e-02
5.534144144144145017e+00 9.125741484195017128e-02
5.574174174174174823e+00 8.927113029759428664e-02
5.614204204204204629e+00 8.732273888521933924e-02
5.654234234234234435e+00 8.541185565057099471e-02
5.694264264264265130e+00 8.353807758975598241e-02
5.734294294294294936e+00 8.170098541004808257e-02
5.774324324324324742e+00 7.990014519011334748e-02
5.814354354354354548e+00 7.813510994414353539e-02
5.854384384384385243e+00 7.640542109424976192e-02
5.894414414414415049e+00 7.471060985533103938e-02
5.934444444444444855e+00 7.305019853649101502e-02
5.974474474474474661e+00 7.142370176294134121e-02
6.014504504504505356e+00 6.983062762218683606e-02
6.054534534534535162e+00 6.827047873815458856e-02
6.094564564564564968e+00 6.674275327678985681e-02
6.134594594594594774e+00 6.524694588651018534e-02
6.174624624624625469e+00 6.378254857677551071e-02
6.214654654654655275e+00 6.234905153790454291e-02
6.254684684684685081e+00 6.094594390513904947e-02
6.294714714714714887e+00 5.957271446983666147e-02
6.334744744744745581e+00 5.822885234055032166e-02
6.374774774774775388e+00 5.691384755663612960e-02
6.414804804804805194e+00 5.562719165691729084e-02
6.454834834834835888e+00 5.436837820582114678e-02
6.494864864864865694e+00 5.313690327929987411e-02
6.534894894894895501e+00 5.193226591273989584e-02
6.574924924924925307e+00 5.075396851296717221e-02
6.614954954954956001e+00 4.960151723635720239e-02
6.654984984984985807e+00 4.847442233496510045e-02
6.695015015015015614e+00 4.737219847250224297e-02
6.735045045045045420e+00 4.629436501189812536e-02
6.775075075075076114e+00 4.524044627610362274e-02
6.815105105105105920e+00 4.420997178371105507e-02
6.855135135135135727e+00 4.320247646088971882e-02
6.895165165165165533e+00 4.221750083106196733e-02
6.935195195195196227e+00 4.125459118367354183e-02
6.975225225225226033e+00 4.031329972334445760e-02
7.015255255255255840e+00 3.939318470062105892e-02
7.055285285285285646e+00 3.849381052548846854e-02
7.095315315315316340e+00 3.761474786474212212e-02
7.135345345345346146e+00 3.675557372426094260e-02
7.175375375375375953e+00 3.591587151716929549e-02
7.215405405405405759e+00 3.509523111882422580e-02
7.255435435435436453e+00 3.429324890951335192e-02
7.295465465465466259e+00 3.350952780570225914e-02
7.335495495495496066e+00 3.274367728062486937e-02
7.375525525525525872e+00 3.199531337496731853e-02
7.415555555555556566e+00 3.126405869835395535e-02
7.455585585585586372e+00 3.054954242230685166e-02
7.495615615615616179e+00 2.985140026530993390e-02
7.535645645645645985e+00 2.916927447057679132e-02
7.575675675675676679e+00 2.850281377708506828e-02
7.615705705705706485e+00 2.785167338440912993e-02
7.655735735735736291e+00 2.721551491185181942e-02
7.695765765765766986e+00 2.659400635234791810e-02
7.735795795795796792e+00 2.598682202158371021e-02
7.775825825825826598e+00 2.539364250275026602e-02
7.815855855855856404e+00 2.481415458732530444e-02
7.855885885885887099e+00 2.424805121225220503e-02
7.895915915915916905e+00 2.369503139386497717e-02
7.935945945945946711e+00 2.315480015888431164e-02
7.975975975975976517e+00 2.262706847279241998e-02
8.016006006006007212e+00 2.211155316587252312e-02
8.056036036036037018e+00 2.160797685718300262e-02
8.096066066066066824e+00 2.111606787671807539e-02
8.136096096096096630e+00 2.063556018599067496e-02
8.176126126126126437e+00 2.016619329725834533e-02
8.216156156156156243e+00 1.970771219159800011e-02
8.256186186186187825e+00 1.925986723602223297e-02
8.296216216216217632e+00 1.882241409981608854e-02
8.336246246246247438e+00 1.839511367026182981e-02
8.376276276276277244e+00 1.797773196790726502e-02
8.416306306306307050e+00 1.757004006152191461e-02
8.456336336336336856e+00 1.717181398287586161e-02
8.496366366366366663e+00 1.678283464146547097e-02
8.536396396396396469e+00 1.640288773930163174e-02
8.576426426426428051e+00 1.603176368586719039e-02
8.616456456456457857e+00 1.566925751334210387e-02
8.656486486486487664e+00 1.531516879218733015e-02
8.696516516516517470e+00 1.496930154717112868e-02
8.736546546546547276e+00 1.463146417391441613e-02
8.776576576576577082e+00 1.430146935602594378e-02
8.816606606606606888e+00 1.397913398289126613e-02
8.856636636636636695e+00 1.366427906817468951e-02
8.896666666666668277e+00 1.335672966908720005e-02
8.936696696696698083e+00 1.305631480646910446e-02
8.976726726726727890e+00 1.276286738573075008e-02
9.016756756756757696e+00 1.247622411869092444e-02
9.056786786786787502e+00 1.219622544634800868e-02
9.096816816816817308e+00 1.192271546261510461e-02
9.136846846846847114e+00 1.165554183904688422e-02
9.176876876876878697e+00 1.139455575058254469e-02
9.216906906906908503e+00 1.113961180232588694e-02
9.256936936936938309e+00 1.089056795738064208e-02
9.296966966966968116e+00 1.064728546575669302e-02
9.336996996996997922e+00 1.040962879435981640e-02
9.377027027027027728e+00 1.017746555807549913e-02
9.417057057057057534e+00 9.950666451954864530e-03
9.457087087087087340e+00 9.729105184509147589e-03
9.497117117117118923e+00 9.512658412116596282e-03
9.537147147147148729e+00 9.301205674544382046e-03
9.577177177177178535e+00 9.094629331586280910e-03
9.617207207207208342e+00 8.892814500815231921e-03
9.657237237237238148e+00 8.695648996448580165e-03
9.697267267267267954e+00 8.503023269322670247e-03
9.737297297297297760e+00 8.314830347971728305e-03
9.777327327327327566e+00 8.130965780805599410e-03
9.817357357357359149e+00 7.951327579379056237e-03
9.857387387387388955e+00 7.775816162745394049e-03
9.897417417417418761e+00 7.604334302885013865e-03
9.937447447447448567e+00 7.436787071200419083e-03
9.977477477477478374e+00 7.273081786066614395e-03
1.001750750750750818e+01 7.113127961426923655e-03
1.005753753753753799e+01 6.956837256422291824e-03
1.009756756756756779e+01 6.804123426042665151e-03
1.013759759759759937e+01 6.654902272787830385e-03
1.017762762762762918e+01 6.509091599325170924e-03
1.021765765765765899e+01 6.366611162131116143e-03
1.025768768768768879e+01 6.227382626103027119e-03
1.029771771771771860e+01 6.091329520127654849e-03
1.033774774774774841e+01 5.958377193592406806e-03
1.037777777777777821e+01 5.828452773825252599e-03
1.041780780780780979e+01 5.701485124448885285e-03
1.045783783783783960e+01 5.577404804634951765e-03
1.049786786786786941e+01 5.456144029243427569e-03
1.053789789789789921e+01 5.337636629833052669e-03
1.057792792792792902e+01 5.221818016527688538e-03
1.061795795795795883e+01 5.108625140724193034e-03
1.065798798798798863e+01 4.997996458627034996e-03
1.069801801801801844e+01 4.889871895595008372e-03
1.073804804804805002e+01 4.784192811285252131e-03
1.077807807807807983e+01 4.680901965580272321e-03
1.081810810810810963e+01 4.579943485283047636e-03
1.085813813813813944e+01 4.481262831566136008e-03
1.089816816816816925e+01 4.384806768160183672e-03
1.093819819819819905e+01 4.290523330267633634e-03
1.097822822822822886e+01 4.198361794187557144e-03
1.101825825825825866e+01 4.108272647637580335e-03
1.105828828828829025e+01 4.020207560758898985e-03
1.109831831831832005e+01 3.934119357790883537e-03
1.113834834834834986e+01 3.849961989401448625e-03
1.117837837837837967e+01 3.767690505660002340e-03
1.121840840840840947e+01 3.687261029639474306e-03
1.125843843843843928e+01 3.608630731634560052e-03
1.129846846846846908e+01 3.531757803983093594e-03
1.133849849849849889e+01 3.456601436477943750e-03
1.137852852852853047e+01 3.383121792356770258e-03
1.141855855855856028e+01 3.311279984857377814e-03
1.145858858858859008e+01 3.241038054326378804e-03
1.149861861861861989e+01 3.172358945869255004e-03
1.153864864864864970e+01 3.105206487530029046e-03
1.157867867867867950e+01 3.039545368988821102e-03
1.161870870870870931e+01 2.975341120766054979e-03
1.165873873873874089e+01 2.912560093921894803e-03
1.169876876876877070e+01 2.851169440240125356e-03
1.173879879879880050e+01 2.791137092885357350e-03
1.177882882882883031e+01 2.732431747523193961e-03
1.181885885885886012e+01 2.675022843892784635e-03
1.185888888888888992e+01 2.618880547821474027e-03
1.189891891891891973e+01 2.563975733671616537e-03
1.193894894894894954e+01 2.510279967209583501e-03
1.197897897897898112e+01 2.457765488887336206e-03
1.201900900900901092e+01 2.406405197527104398e-03
1.205903903903904073e+01 2.356172634399749440e-03
1.209906906906907054e+01 2.307041967687888714e-03
1.213909909909910034e+01 2.258987977324633176e-03
1.217912912912913015e+01 2.211986040199390678e-03
1.221915915915915996e+01 2.166012115721993331e-03
1.225918918918918976e+01 2.121042731736845662e-03
1.229921921921922134e+01 2.077054970778896559e-03
1.233924924924925115e+01 2.034026456663273145e-03
1.237927927927928096e+01 1.991935341400820608e-03
1.241930930930931076e+01 1.950760292431757362e-03
1.245933933933934057e+01 1.910480480169960641e-03
1.249936936936937038e+01 1.871075565850429702e-03
1.253939939939940018e+01 1.832525689672778301e-03
1.257942942942942999e+01 1.794811459233644274e-03
1.261945945945946157e+01 1.757913938241128723e-03
1.265948948948949138e+01 1.721814635504494845e-03
1.269951951951952118e+01 1.686495494192533562e-03
1.273954954954955099e+01 1.651938881354143027e-03
1.277957957957958079e+01 1.618127577694774199e-03
1.281960960960961060e+01 1.585044767602626940e-03
1.285963963963964041e+01 1.552674029418514914e-03
1.289966966966967199e+01 1.520999325943529637e-03
1.293969969969970180e+01 1.490004995178746553e-03
1.297972972972973160e+01 1.459675741291329874e-03
1.301975975975976141e+01 1.429996625801557711e-03
1.305978978978979121e+01 1.400953058985384423e-03
1.309981981981982102e+01 1.372530791487299373e-03
1.313984984984985083e+01 1.344715906138356856e-03
1.317987987987988063e+01 1.317494809974370561e-03
1.321990990990991222e+01 1.290854226449383683e-03
1.325993993993994202e+01 1.264781187839668060e-03
1.329996996996997183e+01 1.239263027833526713e-03
1.334000000000000163e+01 1.214287374302451105e-03
1.338003003003003144e+01 1.189842142249084890e-03
1.342006006006006125e+01 1.165915526927731923e-03
1.346009009009009105e+01 1.142495997133146117e-03
1.350012012012012086e+01 1.119572288653469068e-03
1.354015015015015244e+01 1.097133397883302179e-03
1.358018018018018225e+01 1.075168575592936205e-03
1.362021021021021205e+01 1.053667320849943721e-03
1.366024024024024186e+01 1.032619375089364544e-03
1.370027027027027167e+01 1.012014716328796726e-03
1.374030030030030147e+01 9.918435535248822446e-04
1.378033033033033128e+01 9.720963210676442437e-04
1.382036036036036108e+01 9.527636734093136890e-04
1.386039039039039267e+01 9.338364798243063269e-04
1.390042042042042247e+01 9.153058192971337634e-04
1.394045045045045228e+01 8.971629755350653398e-04
1.398048048048048209e+01 8.793994321024844367e-04
1.402051051051051189e+01 8.620068676739105987e-04
1.406054054054054170e+01 8.449771514027896221e-04
1.410057057057057150e+01 8.283023384031426919e-04
1.414060060060060309e+01 8.119746653413244903e-04
1.418063063063063289e+01 7.959865461351696859e-04
1.422066066066066270e+01 7.803305677578213119e-04
1.426069069069069251e+01 7.649994861437265509e-04
1.430072072072072231e+01 7.499862221942264632e-04
1.434075075075075212e+01 7.352838578802669200e-04
1.438078078078078192e+01 7.208856324398830095e-04
1.442081081081081173e+01 7.067849386680479266e-04
1.446084084084084331e+01 6.929753192966535413e-04
1.450087087087087312e+01 6.794504634623638184e-04
1.454090090090090293e+01 6.662042032601744185e-04
1.458093093093093273e+01 6.532305103805697080e-04
1.462096096096096254e+01 6.405234928281930157e-04
1.466099099099099234e+01 6.280773917200348786e-04
1.470102102102102215e+01 6.158865781611407670e-04
1.474105105105105196e+01 6.039455501959754141e-04
1.478108108108108354e+01 5.922489298334998814e-04
1.482111111111111335e+01 5.807914601442214350e-04
1.486114114114114315e+01 5.695680024273727616e-04
1.490117117117117296e+01 5.585735334465110648e-04
1.494120120120120276e+01 5.478031427318723551e-04
1.498123123123123257e+01 5.372520299477796064e-04
1.502126126126126238e+01 5.269155023235508979e-04
1.506129129129129218e+01 5.167889721463027070e-04
1.510132132132132377e+01 5.068679543141443476e-04
1.514135135135135357e+01 4.971480639482649686e-04
1.518138138138138338e+01 4.876250140624487908e-04
1.522141141141141318e+01 4.782946132886355182e-04
1.526144144144144299e+01 4.691527636571110409e-04
1.530147147147147280e+01 4.601954584299899811e-04
1.534150150150150260e+01 4.514187799867035687e-04
1.538153153153153418e+01 4.428188977601690357e-04
1.542156156156156399e+01 4.343920662224337570e-04
1.546159159159159380e+01 4.261346229185460056e-04
1.550162162162162360e+01 4.180429865474935796e-04
1.554165165165165341e+01 4.101136550890258667e-04
1.558168168168168322e+01 4.023432039752523177e-04
1.562171171171171302e+01 3.947282843059132362e-04
1.566174174174174283e+01 3.872656211062395462e-04
1.570177177177177441e+01 3.799520116263723065e-04
1.574180180180180422e+01 3.727843236813109485e-04
1.578183183183183402e+01 3.657594940304044820e-04
1.582186186186186383e+01 3.588745267954063624e-04
1.586189189189189364e+01 3.521264919161581669e-04
1.590192192192192344e+01 3.455125236429845183e-04
1.594195195195195325e+01 3.390298190648784443e-04
1.598198198198198305e+01 3.326756366726304646e-04
1.602201201201201641e+01 3.264472949560274844e-04
1.606204204204204444e+01 3.203421710342976630e-04
1.610207207207207603e+01 3.143576993189850163e-04
1.614210210210210406e+01 3.084913702084680865e-04
1.618213213213213564e+01 3.027407288133385286e-04
1.622216216216216722e+01 2.971033737119101637e-04
1.626219219219219525e+01 2.915769557350955991e-04
1.630222222222222683e+01 2.861591767799552804e-04
1.634225225225225486e+01 2.808477886512209106e-04
1.638228228228228645e+01 2.756405919300946314e-04
1.642231231231231448e+01 2.705354348696856963e-04
1.646234234234234606e+01 2.655302123164172555e-04
1.650237237237237764e+01 2.606228646567851489e-04
1.654240240240240567e+01 2.558113767888502230e-04
1.658243243243243725e+01 2.510937771178541468e-04
1.662246246246246528e+01 2.464681365753966752e-04
1.666249249249249686e+01 2.419325676615772093e-04
1.670252252252252489e+01 2.374852235095679031e-04
1.674255255255255648e+01 2.331242969720590040e-04
1.678258258258258806e+01 2.288480197290577447e-04
1.682261261261261609e+01 2.246546614165195570e-04
1.686264264264264767e+01 2.205425287753099458e-04
1.690267267267267570e+01 2.165099648200110856e-04
1.694270270270270728e+01 2.125553480270840536e-04
1.698273273273273531e+01 2.086770915419354847e-04
1.702276276276276690e+01 2.048736424044156075e-04
1.706279279279279493e+01 2.011434807923203802e-04
1.710282282282282651e+01 1.974851192824557768e-04
1.714285285285285809e+01 1.938971021288443935e-04
1.718288288288288612e+01 1.903780045576619455e-04
1.722291291291291770e+01 1.869264320785039629e-04
1.726294294294294573e+01 1.835410198115919930e-04
1.730297297297297732e+01 1.802204318305299991e-04
1.734300300300300535e+01 1.769633605202538477e-04
1.738303303303303693e+01 1.737685259497888282e-04
1.742306306306306851e+01 1.706346752594846872e-04
1.746309309309309654e+01 1.675605820623627740e-04
1.750312312312312812e+01 1.645450458592475154e-04
1.754315315315315615e+01 1.615868914673590734e-04
1.758318318318318774e+01 1.586849684620284548e-04
1.762321321321321577e+01 1.558381506312421744e-04
1.766324324324324735e+01 1.530453354426990176e-04
1.770327327327327538e+01 1.503054435230833773e-04
1.774330330330330696e+01 1.476174181492699090e-04
1.778333333333333854e+01 1.449802247511686420e-04
1.782336336336336657e+01 1.423928504259398212e-04
1.786339339339339816e+01 1.398543034633045810e-04
1.790342342342342619e+01 1.373636128816980485e-04
1.794345345345345777e+01 1.349198279749887826e-04
1.798348348348348580e+01 1.325220178695410683e-04
1.802351351351351738e+01 1.301692710913490963e-04
1.806354354354354896e+01 1.278606951430250776e-04
1.810357357357357699e+01 1.255954160903979963e-04
1.814360360360360858e+01 1.233725781584992225e-04
1.818363363363363661e+01 1.211913433367161529e-04
1.822366366366366819e+01 1.190508909928905451e-04
1.826369369369369622e+01 1.169504174961638441e-04
1.830372372372372780e+01 1.148891358483492703e-04
1.834375375375375938e+01 1.128662753236401748e-04
1.838378378378378741e+01 1.108810811164591284e-04
1.842381381381381900e+01 1.089328139972462823e-04
1.846384384384384703e+01 1.070207499760169332e-04
1.850387387387387861e+01 1.051441799734919555e-04
1.854390390390390664e+01 1.033024094996329821e-04
1.858393393393393822e+01 1.014947583394044836e-04
1.862396396396396625e+01 9.972056024559716161e-05
1.866399399399399783e+01 9.797916263854396766e-05
1.870402402402402942e+01 9.626992631257313743e-05
1.874405405405405745e+01 9.459222514903611163e-05
1.878408408408408903e+01 9.294544583575974777e-05
1.882411411411411706e+01 9.132898759277552044e-05
1.886414414414414864e+01 8.974226190417435532e-05
1.890417417417417667e+01 8.818469225594967461e-05
1.894420420420420825e+01 8.665571387968751748e-05
1.898423423423423984e+01 8.515477350196963362e-05
1.902426426426426787e+01 8.368132909935350940e-05
1.906429429429429945e+01 8.223484965880559217e-05
1.910432432432432748e+01 8.081481494345821824e-05
1.914435435435435906e+01 7.942071526356594090e-05
1.918438438438438709e+01 7.805205125254644123e-05
1.922441441441441867e+01 7.670833364798249066e-05
1.926444444444445026e+01 7.538908307747516253e-05
1.930447447447447828e+01 7.409382984923392303e-05
1.934450450450450987e+01 7.282211374729684805e-05
1.938453453453453790e+01 7.157348383127213937e-05
1.942456456456456948e+01 7.034749824049735809e-05
1.946459459459459751e+01 6.914372400251948836e-05
1.950462462462462909e+01 6.796173684578831907e-05
1.954465465465465712e+01 6.680112101647430693e-05
1.958468468468468870e+01 6.566146909931280036e-05
1.962471471471472029e+01 6.454238184238326689e-05
1.966474474474474832e+01 6.344346798573277603e-05
1.970477477477477990e+01 6.236434409375830282e-05
1.974480480480480793e+01 6.130463439125860840e-05
1.978483483483483951e+01 6.026397060307539901e-05
1.982486486486486754e+01 5.924199179724053051e-05
1.986489489489489912e+01 5.823834423154733349e-05
1.990492492492493071e+01 5.725268120347417624e-05
1.994495495495495874e+01 5.628466290337634840e-05
1.998498498498499032e+01 5.533395627087837394e-05
2.002501501501501835e+01 5.440023485439161817e-05
2.006504504504504993e+01 5.348317867368541467e-05
2.010507507507507796e+01 5.258247408544460677e-05
2.014510510510510954e+01 5.169781365174516496e-05
2.018513513513513757e+01 5.082889601138164225e-05
2.022516516516516916e+01 4.997542575398132054e-05
2.026519519519520074e+01 4.913711329684511864e-05
2.030522522522522877e+01 4.831367476444975580e-05
2.034525525525526035e+01 4.750483187055442647e-05
2.038528528528528838e+01 4.671031180285207710e-05
2.042531531531531996e+01 4.592984711010772761e-05
2.046534534534534799e+01 4.516317559172956634e-05
2.050537537537537958e+01 4.441004018971484075e-05
2.054540540540541116e+01 4.367018888292308976e-05
2.058543543543543919e+01 4.294337458361710010e-05
2.062546546546547077e+01 4.222935503622814412e-05
2.066549549549549880e+01 4.152789271829031309e-05
2.070552552552553038e+01 4.083875474349784029e-05
2.074555555555555841e+01 4.016171276683911181e-05
2.078558558558559000e+01 3.949654289175749840e-05
2.082561561561562158e+01 3.884302557929781544e-05
2.086564564564564961e+01 3.820094555919121453e-05
2.090567567567568119e+01 3.757009174283730009e-05
2.094570570570570922e+01 3.695025713814038750e-05
2.098573573573574080e+01 3.634123876615810006e-05
2.102576576576576883e+01 3.574283757952405956e-05
2.106579579579580042e+01 3.515485838260338933e-05
2.110582582582582845e+01 3.457710975334370629e-05
2.114585585585586003e+01 3.400940396678352602e-05
2.118588588588589161e+01 3.345155692018219386e-05
2.122591591591591964e+01 3.290338805973436393e-05
2.126594594594595122e+01 3.236472030883536834e-05
2.130597597597597925e+01 3.183537999786209777e-05
2.134600600600601084e+01 3.131519679543679283e-05
2.138603603603603887e+01 3.080400364114116581e-05
2.142606606606607045e+01 3.030163667964770352e-05
2.146609609609610203e+01 2.980793519623888772e-05
2.150612612612613006e+01 2.932274155368236627e-05
2.154615615615616164e+01 2.884590113043324200e-05
2.158618618618618967e+01 2.837726226013364324e-05
2.162621621621622126e+01 2.791667617238179021e-05
2.166624624624624929e+01 2.746399693474275394e-05
2.170627627627628087e+01 2.701908139597278998e-05
2.174630630630630890e+01 2.658178913043281809e-05
2.178633633633634048e+01 2.615198238366262521e-05
2.182636636636637206e+01 2.572952601909193223e-05
2.186639639639640009e+01 2.531428746586418429e-05
2.190642642642643168e+01 2.490613666774649818e-05
2.194645645645645970e+01 2.450494603310501452e-05
2.198648648648649129e+01 2.411059038592003044e-05
2.202651651651651932e+01 2.372294691782049218e-05
2.206654654654655090e+01 2.334189514111358556e-05
2.210657657657658248e+01 2.296731684279006087e-05
2.214660660660661051e+01 2.259909603948200569e-05
2.218663663663664209e+01 2.223711893335465444e-05
2.222666666666667012e+01 2.188127386891012050e-05
2.226669669669670171e+01 2.153145129068419905e-05
2.230672672672672974e+01 2.118754370181805005e-05
2.234675675675676132e+01 2.084944562348307710e-05
2.238678678678679290e+01 2.051705355514429441e-05
2.242681681681682093e+01 2.019026593564054181e-05
2.246684684684685251e+01 1.986898310506682313e-05
2.250687687687688054e+01 1.955310726744009569e-05
2.254690690690691213e+01 1.924254245413156036e-05
2.258693693693694016e+01 1.893719448805062213e-05
2.262696696696697174e+01 1.863697094856171042e-05
2.266699699699699977e+01 1.834178113712142636e-05
2.270702702702703135e+01 1.805153604361782612e-05
2.274705705705706293e+01 1.776614831339876221e-05
2.278708708708709096e+01 1.748553221497394801e-05
2.282711711711712255e+01 1.720960360837530580e-05
2.286714714714715058e+01 1.693827991416426497e-05
2.290717717717718216e+01 1.667148008306883607e-05
2.294720720720721019e+01 1.640912456624000478e-05
2.298723723723724177e+01 1.615113528611266695e-05
2.302726726726727335e+01 1.589743560785843288e-05
2.306729729729730138e+01 1.564795031141844254e-05
2.310732732732733297e+01 1.540260556410316437e-05
2.314735735735736100e+01 1.516132889374767142e-05
2.318738738738739258e+01 1.492404916241010794e-05
2.322741741741742061e+01 1.469069654060286507e-05
2.326744744744745219e+01 1.446120248204363493e-05
2.330747747747748377e+01 1.423549969891715952e-05
2.334750750750751180e+01 1.401352213763558886e-05
2.338753753753754339e+01 1.379520495508730448e-05
2.342756756756757142e+01 1.358048449536467734e-05
2.346759759759760300e+01 1.336929826695913893e-05
2.350762762762763103e+01 1.316158492041557453e-05
2.354765765765766261e+01 1.295728422643475805e-05
2.358768768768769064e+01 1.275633705441565950e-05
2.362771771771772222e+01 1.255868535142758439e-05
2.366774774774775381e+01 1.236427212160387300e-05
2.370777777777778184e+01 1.217304140594754221e-05
2.374780780780781342e+01 1.198493826254084526e-05
2.378783783783784145e+01 1.179990874715037032e-05
2.382786786786787303e+01 1.161789989421875898e-05
2.386789789789790106e+01 1.143885969823606638e-05
2.390792792792793264e+01 1.126273709548141219e-05
2.394795795795796423e+01 1.108948194612899108e-05
2.398798798798799226e+01 1.091904501670905277e-05
2.402801801801802384e+01 1.075137796291794780e-05
2.406804804804805187e+01 1.058643331276928349e-05
2.410807807807808345e+01 1.042416445007888045e-05
2.414810810810811148e+01 1.026452559827750710e-05
2.418813813813814306e+01 1.010747180454377906e-05
2.422816816816817109e+01 9.952958924250919861e-06
2.426819819819820268e+01 9.800943605721031861e-06
2.430822822822823426e+01 9.651383275280118069e-06
2.434825825825826229e+01 9.504236122608366113e-06
2.438828828828829387e+01 9.359461086378636859e-06
2.442831831831832190e+01 9.217017840178236415e-06
2.446834834834835348e+01 9.076866778707347739e-06
2.450837837837838151e+01 8.938969004249002373e-06
2.454840840840841310e+01 8.803286313404517382e-06
2.458843843843844468e+01 8.669781184089481323e-06
2.462846846846847271e+01 8.538416762784544668e-06
2.466849849849850429e+01 8.409156852035813893e-06
2.470852852852853232e+01 8.281965898200183777e-06
2.474855855855856390e+01 8.156808979430041218e-06
2.478858858858859193e+01 8.033651793892695423e-06
2.482861861861862351e+01 7.912460648219923239e-06
2.486864864864865510e+01 7.793202446182498293e-06
2.490867867867868313e+01 7.675844677585741516e-06
2.494870870870871471e+01 7.560355407380804188e-06
2.498873873873874274e+01 7.446703264988197955e-06
2.502876876876877432e+01 7.334857433828334617e-06
2.506879879879880235e+01 7.224787641055754471e-06
2.510882882882883393e+01 7.116464147492188010e-06
2.514885885885886196e+01 7.009857737754890911e-06
2.518888888888889355e+01 6.904939710576095062e-06
2.522891891891892513e+01 6.801681869309706387e-06
2.526894894894895316e+01 6.700056512621596217e-06
2.530897897897898474e+01 6.600036425359649144e-06
2.534900900900901277e+01 6.501594869599973402e-06
2.538903903903904435e+01 6.404705575865799238e-06
2.542906906906907238e+01 6.309342734515377303e-06
2.546909909909910397e+01 6.215480987295887026e-06
2.550912912912913555e+01 6.123095419059484883e-06
2.554915915915916358e+01 6.032161549638691422e-06
2.558918918918919516e+01 5.942655325877575598e-06
2.562921921921922319e+01 5.854553113816000506e-06
2.566924924924925477e+01 5.767831691023382284e-06
2.570927927927928280e+01 5.682468239079410079e-06
2.574930930930931439e+01 5.598440336198470239e-06
2.578933933933934597e+01 5.515725949995235318e-06
2.582936936936937400e+01 5.434303430388101766e-06
2.586939939939940558e+01 5.354151502638251144e-06
2.590942942942943361e+01 5.275249260521393970e-06
2.594945945945946519e+01 5.197576159629391671e-06
2.598948948948949322e+01 5.121112010799618718e-06
2.602951951951952481e+01 5.045836973668903833e-06
2.606954954954955284e+01 4.971731550350329937e-06
2.610957957957958442e+01 4.898776579229665639e-06
2.614960960960961600e+01 4.826953228879759618e-06
2.618963963963964403e+01 4.756242992089961231e-06
2.622966966966967561e+01 4.686627680008813147e-06
2.626969969969970364e+01 4.618089416397381723e-06
2.630972972972973523e+01 4.550610631991245622e-06
2.634975975975976326e+01 4.484174058968932749e-06
2.638978978978979484e+01 4.418762725524708259e-06
2.642981981981982642e+01 4.354359950543753607e-06
2.646984984984985445e+01 4.290949338377458958e-06
2.650987987987988603e+01 4.228514773717140822e-06
2.654990990990991406e+01 4.167040416564197790e-06
2.658993993993994565e+01 4.106510697294575755e-06
2.662996996996997368e+01 4.046910311816131473e-06
2.667000000000000526e+01 3.988224216816476189e-06
2.671003003003003329e+01 3.930437625100208335e-06
2.675006006006006487e+01 3.873536001013128052e-06
2.679009009009009645e+01 3.817505055952304423e-06
2.683012012012012448e+01 3.762330743959877842e-06
2.687015015015015607e+01 3.707999257399215166e-06
2.691018018018018410e+01 3.654497022711707481e-06
2.695021021021021568e+01 3.601810696252733688e-06
2.699024024024024371e+01 3.549927160205064499e-06
2.703027027027027529e+01 3.498833518568455776e-06
2.707030030030030687e+01 3.448517093223671922e-06
2.711033033033033490e+01 3.398965420069783138e-06
2.715036036036036649e+01 3.350166245232979349e-06
2.719039039039039451e+01 3.302107521345902607e-06
2.723042042042042610e+01 3.254777403895781846e-06
2.727045045045045413e+01 3.208164247640210427e-06
2.731048048048048571e+01 3.162256603089317091e-06
2.735051051051051729e+01 3.117043213052819201e-06
2.739054054054054532e+01 3.072513009250971930e-06
2.743057057057057690e+01 3.028655108987973835e-06
2.747060060060060493e+01 2.985458811886794184e-06
2.751063063063063652e+01 2.942913596684008329e-06
2.755066066066066455e+01 2.901009118083832212e-06
2.759069069069069613e+01 2.859735203669758506e-06
2.763072072072072416e+01 2.819081850873220509e-06
2.767075075075075574e+01 2.779039223997679103e-06
2.771078078078078732e+01 2.739597651297437786e-06
2.775081081081081535e+01 2.700747622109970701e-06
2.779084084084084694e+01 2.662479784040730704e-06
2.783087087087087497e+01 2.624784940199515066e-06
2.787090090090090655e+01 2.587654046487330427e-06
2.791093093093093458e+01 2.551078208932876092e-06
2.795096096096096616e+01 2.515048681077554275e-06
2.799099099099099774e+01 2.479556861408266120e-06
2.803102102102102577e+01 2.444594290836899997e-06
2.807105105105105736e+01 2.410152650225807334e-06
2.811108108108108539e+01 2.376223757958194906e-06
2.815111111111111697e+01 2.342799567552739031e-06
2.819114114114114500e+01 2.309872165321577583e-06
2.823117117117117658e+01 2.277433768070596903e-06
2.827120120120120816e+01 2.245476720841705719e-06
2.831123123123123619e+01 2.213993494695790354e-06
2.835126126126126778e+01 2.182976684535856143e-06
2.839129129129129581e+01 2.152419006969609250e-06
2.843132132132132739e+01 2.122313298210572129e-06
2.847135135135135542e+01 2.092652512017181635e-06
2.851138138138138700e+01 2.063429717668982943e-06
2.855141141141141503e+01 2.034638097979409790e-06
2.859144144144144661e+01 2.006270947344230298e-06
2.863147147147147820e+01 1.978321669825279780e-06
2.867150150150150623e+01 1.950783777268476349e-06
2.871153153153153781e+01 1.923650887455782220e-06
2.875156156156156584e+01 1.896916722290273415e-06
2.879159159159159742e+01 1.870575106013799907e-06
2.883162162162162545e+01 1.844619963456619138e-06
2.887165165165165703e+01 1.819045318318247784e-06
2.891168168168168862e+01 1.793845291479248651e-06
2.895171171171171665e+01 1.769014099343098030e-06
2.899174174174174823e+01 1.744546052207667240e-06
2.903177177177177626e+01 1.720435552665861365e-06
2.907180180180180784e+01 1.696677094034653723e-06
2.911183183183183587e+01 1.673265258812263202e-06
2.915186186186186745e+01 1.650194717162664095e-06
2.919189189189189548e+01 1.627460225427187632e-06
2.923192192192192707e+01 1.605056624662483404e-06
2.927195195195195865e+01 1.582978839204481299e-06
2.931198198198198668e+01 1.561221875257882806e-06
2.935201201201201826e+01 1.539780819510615860e-06
2.939204204204204629e+01 1.518650837772862959e-06
2.943207207207207787e+01 1.497827173640172124e-06
2.947210210210210590e+01 1.477305147180243909e-06
2.951213213213213749e+01 1.457080153642903189e-06
2.955216216216216907e+01 1.437147662192899965e-06
2.959219219219219710e+01 1.417503214664990948e-06
2.963222222222222868e+01 1.398142424341091012e-06
2.967225225225225671e+01 1.379060974748854154e-06
2.971228228228228829e+01 1.360254618481482370e-06
2.975231231231231632e+01 1.341719176038298067e-06
2.979234234234234791e+01 1.323450534685617095e-06
2.983237237237237949e+01 1.305444647337727379e-06
2.987240240240240752e+01 1.287697531457442698e-06
2.991243243243243910e+01 1.270205267975944665e-06
2.995246246246246713e+01 1.252964000231588306e-06
2.999249249249249871e+01 1.235969932927219532e-06
3.003252252252252674e+01 1.219219331105794034e-06
3.007255255255255832e+01 1.202708519143865822e-06
3.011258258258258635e+01 1.186433879762670113e-06
3.015261261261261794e+01 1.170391853056438479e-06
3.019264264264264952e+01 1.154578935537703987e-06
3.023267267267267755e+01 1.138991679199202680e-06
3.027270270270270913e+01 1.123626690592092938e-06
3.031273273273273716e+01 1.108480629920273758e-06
3.035276276276276874e+01 1.093550210150368904e-06
3.039279279279279677e+01 1.078832196137227442e-06
3.043282282282282836e+01 1.064323403764558620e-06
3.047285285285285994e+01 1.050020699100502282e-06
3.051288288288288797e+01 1.035920997567796616e-06
3.055291291291291955e+01 1.022021263128348009e-06
3.059294294294294758e+01 1.008318507481870323e-06
3.063297297297297916e+01 9.948097892784009109e-07
3.067300300300300719e+01 9.814922133444263241e-07
3.071303303303303878e+01 9.683629299223189372e-07
3.075306306306307036e+01 9.554191339229377334e-07
3.079309309309309839e+01 9.426580641910870496e-07
3.083312312312312997e+01 9.300770027835989723e-07
3.087315315315315800e+01 9.176732742598948569e-07
3.091318318318318958e+01 9.054442449846768894e-07
3.095321321321321761e+01 8.933873224426361857e-07
3.099324324324324920e+01 8.814999545649064861e-07
3.103327327327327723e+01 8.697796290670800608e-07
3.107330330330330881e+01 8.582238727985619979e-07
3.111333333333334039e+01 8.468302511030527057e-07
3.115336336336336842e+01 8.355963671900006550e-07
3.119339339339340000e+01 8.245198615167677596e-07
3.123342342342342803e+01 8.135984111813780098e-07
3.127345345345345962e+01 8.028297293255982136e-07
3.131348348348348765e+01 7.922115645482532257e-07
3.135351351351351923e+01 7.817417003284667079e-07
3.139354354354355081e+01 7.714179544587907881e-07
3.143357357357357884e+01 7.612381784879407548e-07
3.147360360360361042e+01 7.512002571730256262e-07
3.151363363363363845e+01 7.413021079410613541e-07
3.155366366366367004e+01 7.315416803596565463e-07
3.159369369369369807e+01 7.219169556166633987e-07
3.163372372372372965e+01 7.124259460086191349e-07
3.167375375375375768e+01 7.030666944379201432e-07
3.171378378378378926e+01 6.938372739184249393e-07
3.175381381381382084e+01 6.847357870894860591e-07
3.179384384384384887e+01 6.757603657381461849e-07
3.183387387387388046e+01 6.669091703294240712e-07
3.187390390390390849e+01 6.581803895445350517e-07
3.191393393393394007e+01 6.495722398268604158e-07
3.195396396396396810e+01 6.410829649356001142e-07
3.199399399399399968e+01 6.327108355069240368e-07
3.203402402402402771e+01 6.244541486225081458e-07
3.207405405405405929e+01 6.163112273853121065e-07
3.211408408408408377e+01 6.082804205024986758e-07
3.215411411411411535e+01 6.003601018753294656e-07
3.219414414414414694e+01 5.925486701959648724e-07
3.223417417417417852e+01 5.848445485509980243e-07
3.227420420420420299e+01 5.772461840316251251e-07
3.231423423423423458e+01 5.697520473503577521e-07
3.235426426426426616e+01 5.623606324641286634e-07
3.239429429429429774e+01 5.550704562036866148e-07
3.243432432432432933e+01 5.478800579091905028e-07
3.247435435435435380e+01 5.407879990718716534e-07
3.251438438438438538e+01 5.337928629816817744e-07
3.255441441441441697e+01 5.268932543807855409e-07
3.259444444444444855e+01 5.200877991228409568e-07
3.263447447447448013e+01 5.133751438379365203e-07
3.267450450450450461e+01 5.067539556030908547e-07
3.271453453453453619e+01 5.002229216182262896e-07
3.275456456456456777e+01 4.937807488875285125e-07
3.279459459459459936e+01 4.874261639060706364e-07
3.283462462462462383e+01 4.811579123516423909e-07
3.287465465465465542e+01 4.749747587816618813e-07
3.291468468468468700e+01 4.688754863351323815e-07
3.295471471471471858e+01 4.628588964394838609e-07
3.299474474474475016e+01 4.569238085222995082e-07
3.303477477477477464e+01 4.510690597277611291e-07
3.307480480480480622e+01 4.452935046377893835e-07
3.311483483483483781e+01 4.395960149977797572e-07
3.315486486486486939e+01 4.339754794468517387e-07
3.319489489489489387e+01 4.284308032525279775e-07
3.323492492492492545e+01 4.229609080497861963e-07
3.327495495495495703e+01 4.175647315843993151e-07
3.331498498498498861e+01 4.122412274604739454e-07
3.335501501501502020e+01 4.069893648921435820e-07
3.339504504504504467e+01 4.018081284593339053e-07
3.343507507507507626e+01 3.966965178675090325e-07
3.347510510510510784e+01 3.916535477113766955e-07
3.351513513513513942e+01 3.866782472424369357e-07
3.355516516516517100e+01 3.817696601403358835e-07
3.359519519519519548e+01 3.769268442879634228e-07
3.363522522522522706e+01 3.721488715501979681e-07
3.367525525525525865e+01 3.674348275562864417e-07
3.371528528528529023e+01 3.627838114857445206e-07
3.375531531531531471e+01 3.581949358577649223e-07
3.379534534534534629e+01 3.536673263240309760e-07
3.383537537537537787e+01 3.492001214649185365e-07
3.387540540540540945e+01 3.447924725889916386e-07
3.391543543543544104e+01 3.404435435357689700e-07
3.395546546546546551e+01 3.361525104816696283e-07
3.399549549549549710e+01 3.319185617491245063e-07
3.403552552552552868e+01 3.277408976187676463e-07
3.407555555555556026e+01 3.236187301446701909e-07
3.411558558558558474e+01 3.195512829725634594e-07
3.415561561561561632e+01 3.155377911610018644e-07
3.419564564564564790e+01 3.115775010054049989e-07
3.423567567567567949e+01 3.076696698649507301e-07
3.427570570570571107e+01 3.038135659922550324e-07
3.431573573573573555e+01 3.000084683657927656e-07
3.435576576576576713e+01 2.962536665250188469e-07
3.439579579579579871e+01 2.925484604081472539e-07
3.443582582582583029e+01 2.888921601925332244e-07
3.447585585585585477e+01 2.852840861376212245e-07
3.451588588588588635e+01 2.817235684304125228e-07
3.455591591591591794e+01 2.782099470334156821e-07
3.459594594594594952e+01 2.747425715350307362e-07
3.463597597597598110e+01 2.713208010023369813e-07
3.467600600600600558e+01 2.679440038362267835e-07
3.471603603603603716e+01 2.646115576288640161e-07
3.475606606606606874e+01 2.613228490234202211e-07
3.479609609609610033e+01 2.580772735760536076e-07
3.483612612612613191e+01 2.548742356200793780e-07
3.487615615615615638e+01 2.517131481323242874e-07
3.491618618618618797e+01 2.485934326015953967e-07
3.495621621621621955e+01 2.455145188992515329e-07
3.499624624624625113e+01 2.424758451518386501e-07
3.503627627627627561e+01 2.394768576157379005e-07
3.507630630630630719e+01 2.365170105538160377e-07
3.511633633633633877e+01 2.335957661140351400e-07
3.515636636636637036e+01 2.307125942099816834e-07
3.519639639639640194e+01 2.278669724032946101e-07
3.523642642642642642e+01 2.250583857879597806e-07
3.527645645645645800e+01 2.222863268764268971e-07
3.531648648648648958e+01 2.195502954875379918e-07
3.535651651651652116e+01 2.168497986362231703e-07
3.539654654654654564e+01 2.141843504249425394e-07
3.543657657657657722e+01 2.115534719368337423e-07
3.547660660660660881e+01 2.089566911305593560e-07
3.551663663663664039e+01 2.063935427368013712e-07
3.555666666666667197e+01 2.038635681563868456e-07
3.559669669669669645e+01 2.013663153600255664e-07
3.563672672672672803e+01 1.989013387896138781e-07
3.567675675675675961e+01 1.964681992611021577e-07
3.571678678678679120e+01 1.940664638688770775e-07
3.575681681681682278e+01 1.916957058916537033e-07
3.579684684684684726e+01 1.893555046998374599e-07
3.583687687687687884e+01 1.870454456643436814e-07
3.587690690690691042e+01 1.847651200668407056e-07
3.591693693693694200e+01 1.825141250114028295e-07
3.595696696696696648e+01 1.802920633375423922e-07
3.599699699699699806e+01 1.780985435346003932e-07
3.603702702702702965e+01 1.759331796574760845e-07
3.607705705705706123e+01 1.737955912436751549e-07
3.611708708708709281e+01 1.716854032316449007e-07
3.615711711711711729e+01 1.696022458803872263e-07
3.619714714714714887e+01 1.675457546903228701e-07
3.623717717717718045e+01 1.655155703253869786e-07
3.627720720720721204e+01 1.635113385363380290e-07
3.631723723723723651e+01 1.615327100852551382e-07
3.635726726726726810e+01 1.595793406712127748e-07
3.639729729729729968e+01 1.576508908571046832e-07
3.643732732732733126e+01 1.557470259976076480e-07
3.647735735735736284e+01 1.538674161682590295e-07
3.651738738738738732e+01 1.520117360956282398e-07
3.655741741741741890e+01 1.501796650885816877e-07
3.659744744744745049e+01 1.483708869705957667e-07
3.663747747747748207e+01 1.465850900131286344e-07
3.667750750750751365e+01 1.448219668700129317e-07
3.671753753753753813e+01 1.430812145128656825e-07
3.675756756756756971e+01 1.413625341674898833e-07
3.679759759759760129e+01 1.396656312512629928e-07
3.683762762762763288e+01 1.379902153114836005e-07
3.687765765765765735e+01 1.363359999646710605e-07
3.691768768768768894e+01 1.347027028367954849e-07
3.695771771771772052e+01 1.330900455044288596e-07
3.699774774774775210e+01 1.314977534368001816e-07
3.703777777777778368e+01 1.299255559387393998e-07
3.707780780780780816e+01 1.283731860944938248e-07
3.711783783783783974e+01 1.268403807124103133e-07
3.715786786786787133e+01 1.253268802704613351e-07
3.719789789789790291e+01 1.238324288626069293e-07
3.723792792792792739e+01 1.223567741459776209e-07
3.727795795795795897e+01 1.208996672888592392e-07
3.731798798798799055e+01 1.194608629194788968e-07
3.735801801801802213e+01 1.180401190755714442e-07
3.739804804804805372e+01 1.166371971547102112e-07
3.743807807807807819e+01 1.152518618654026209e-07
3.747810810810810978e+01 1.138838811789209079e-07
3.751813813813814136e+01 1.125330262818784905e-07
3.755816816816817294e+01 1.111990715295164611e-07
3.759819819819820452e+01 1.098817943997051712e-07
3.763822822822822900e+01 1.085809754476459012e-07
3.767825825825826058e+01 1.072963982612553197e-07
3.771828828828829216e+01 1.060278494172339870e-07
3.775831831831832375e+01 1.047751184377924213e-07
3.779834834834834822e+01 1.035379977480389224e-07
3.783837837837837981e+01 1.023162826340085997e-07
3.787840840840841139e+01 1.011097712013333523e-07
3.791843843843844297e+01 9.991826433452635827e-08
3.795846846846847455e+01 9.874156565689372624e-08
3.799849849849849903e+01 9.757948149104104114e-08
3.803852852852853061e+01 9.643182081998138345e-08
3.807855855855856220e+01 9.529839524882983906e-08
3.811858858858859378e+01 9.417901896707179458e-08
3.815861861861861826e+01 9.307350871140157703e-08
3.819864864864864984e+01 9.198168372912075728e-08
3.823867867867868142e+01 9.090336574208379558e-08
3.827870870870871300e+01 8.983837891119145278e-08
3.831873873873874459e+01 8.878654980140768105e-08
3.835876876876876906e+01 8.774770734731174688e-08
3.839879879879880065e+01 8.672168281916026781e-08
3.843882882882883223e+01 8.570830978946044686e-08
3.847885885885886381e+01 8.470742410004185198e-08
3.851888888888889539e+01 8.371886382962335245e-08
3.855891891891891987e+01 8.274246926186367139e-08
3.859894894894895145e+01 8.177808285389000897e-08
3.863897897897898304e+01 8.082554920529479683e-08
3.867900900900901462e+01 7.988471502759857223e-08
3.871903903903903910e+01 7.895542911416536614e-08
3.875906906906907068e+01 7.803754231056761455e-08
3.879909909909910226e+01 7.713090748539091793e-08
3.883912912912913384e+01 7.623537950147778886e-08
3.887915915915916543e+01 7.535081518759287798e-08
3.891918918918918990e+01 7.447707331051367503e-08
3.895921921921922149e+01 7.361401454753507832e-08
3.899924924924925307e+01 7.276150145938075164e-08
3.903927927927928465e+01 7.191939846351708655e-08
3.907930930930930913e+01 7.108757180786394670e-08
3.911933933933934071e+01 7.026588954489209590e-08
3.915936936936937229e+01 6.945422150610697906e-08
3.919939939939940388e+01 6.865243927690796378e-08
3.923942942942943546e+01 6.786041617182075289e-08
3.927945945945945994e+01 6.707802721009392843e-08
3.931948948948949152e+01 6.630514909165815817e-08
3.935951951951952310e+01 6.554166017343710607e-08
3.939954954954955468e+01 6.478744044601155544e-08
3.943957957957957916e+01 6.404237151062378795e-08
3.947960960960961074e+01 6.330633655652138455e-08
3.951963963963964233e+01 6.257922033863674265e-08
3.955966966966967391e+01 6.186090915559190688e-08
3.959969969969970549e+01 6.115129082802813113e-08
3.963972972972972997e+01 6.045025467725379257e-08
3.967975975975976155e+01 5.975769150420487412e-08
3.971978978978979313e+01 5.907349356871399849e-08
3.975981981981982472e+01 5.839755456908527423e-08
3.979984984984985630e+01 5.772976962196514006e-08
3.983987987987988078e+01 5.707003524251131850e-08
3.987990990990991236e+01 5.641824932484757030e-08
3.991993993993994394e+01 5.577431112280999367e-08
3.995996996996997552e+01 5.513812123096792100e-08
4.000000000000000000e+01 5.450958156592839951e-08
