5.000000000000000000e-01 2.233090270198673579e+02
5.102602602602602788e-01 2.233407183567061338e+02
5.205205205205205576e-01 2.233721397177473307e+02
5.307807807807807254e-01 2.234038650145957661e+02
5.410410410410410043e-01 2.234351954234422806e+02
5.513013013013012831e-01 2.234666800014797730e+02
5.615615615615615619e-01 2.234982439132399463e+02
5.718218218218218407e-01 2.235296125237302363e+02
5.820820820820821195e-01 2.235611603538433201e+02
5.923423423423423984e-01 2.235923879338275810e+02
6.026026026026025662e-01 2.236238697297080762e+02
6.128628628628628450e-01 2.236549811516507020e+02
6.231231231231231238e-01 2.236863717620953196e+02
6.333833833833834026e-01 2.237178417487816375e+02
6.436436436436436814e-01 2.237488912588489143e+02
6.539039039039038492e-01 2.237802200568269200e+02
6.641641641641641280e-01 2.238113532292919103e+02
6.744244244244244069e-01 2.238424157698639760e+02
6.846846846846846857e-01 2.238734075452303500e+02
6.949449449449449645e-01 2.239046287160512065e+02
7.052052052052051323e-01 2.239356791373283500e+02
7.154654654654655221e-01 2.239668089653181084e+02
7.257257257257256899e-01 2.239978429864628708e+02
7.359859859859859688e-01 2.240288562821719154e+02
7.462462462462462476e-01 2.240597487241657575e+02
7.565065065065064154e-01 2.240907705900238511e+02
7.667667667667668052e-01 2.241216966565304745e+02
7.770270270270269730e-01 2.241523765461005269e+02
7.872872872872872518e-01 2.241832108949812152e+02
7.975475475475475307e-01 2.242142248042572987e+02
8.078078078078078095e-01 2.242448672632969817e+02
8.180680680680680883e-01 2.242754888569461968e+02
8.283283283283282561e-01 2.243064153041234761e+02
8.385885885885886459e-01 2.243369952301247281e+02
8.488488488488488137e-01 2.243677296564179358e+02
8.591091091091090926e-01 2.243984933560747663e+02
8.693693693693693714e-01 2.244290607169673137e+02
8.796296296296295392e-01 2.244596823850324938e+02
8.898898898898899290e-01 2.244902079222120790e+02
9.001501501501500968e-01 2.245207877719998635e+02
9.104104104104103756e-01 2.245512965396956986e+02
9.206706706706706544e-01 2.245818094975059296e+02
9.309309309309309333e-01 2.246124520057572909e+02
9.411911911911912121e-01 2.246427975657043135e+02
9.514514514514513799e-01 2.246729715453520271e+02
9.617117117117117697e-01 2.247033754825215510e+02
9.719719719719719375e-01 2.247339090575557918e+02
9.822322322322322163e-01 2.247642710253707889e+02
9.924924924924924952e-01 2.247945367004670629e+02
1.002752752752752663e+00 2.248247310581212446e+02
1.013013013013012831e+00 2.248550048266864962e+02
1.023273273273273221e+00 2.248851570611424506e+02
1.033533533533533610e+00 2.249154138403521017e+02
1.043793793793793778e+00 2.249454987949953022e+02
1.054054054054053946e+00 2.249756129066422261e+02
1.064314314314314336e+00 2.250058567676966277e+02
1.074574574574574504e+00 2.250360543675637928e+02
1.084834834834834894e+00 2.250660549434570044e+02
1.095095095095095061e+00 2.250959085990071458e+02
1.105355355355355229e+00 2.251258416605823527e+02
1.115615615615615619e+00 2.251559296080279466e+02
1.125875875875876009e+00 2.251857700314544104e+02
1.136136136136136177e+00 2.252159163020233450e+02
1.146396396396396344e+00 2.252456640277020483e+02
1.156656656656656512e+00 2.252754912237440976e+02
1.166916916916916902e+00 2.253050706405342112e+02
1.177177177177177292e+00 2.253350063419279081e+02
1.187437437437437460e+00 2.253649963677184189e+02
1.197697697697697627e+00 2.253945120035946843e+02
1.207957957957957795e+00 2.254242833207601961e+02
1.218218218218218185e+00 2.254539578246151450e+02
1.228478478478478575e+00 2.254835355357487003e+02
1.238738738738738743e+00 2.255131926510149469e+02
1.248998998998998911e+00 2.255428536638426067e+02
1.259259259259259078e+00 2.255725689725279324e+02
1.269519519519519468e+00 2.256020361928406714e+02
1.279779779779779858e+00 2.256314820498710105e+02
1.290040040040040026e+00 2.256611334143746319e+02
1.300300300300300194e+00 2.256903853008322187e+02
1.310560560560560361e+00 2.257198931693609154e+02
1.320820820820820751e+00 2.257492031035654350e+02
1.331081081081081141e+00 2.257786933901172688e+02
1.341341341341341309e+00 2.258081370784390174e+02
1.351601601601601477e+00 2.258373323342357537e+02
1.361861861861861867e+00 2.258666575197128452e+02
1.372122122122122034e+00 2.258958855760614597e+02
1.382382382382382424e+00 2.259252688874087767e+02
1.392642642642642592e+00 2.259542016353559859e+02
1.402902902902902760e+00 2.259835672369993347e+02
1.413163163163163150e+00 2.260129114059334938e+02
1.423423423423423539e+00 2.260416028846440213e+02
1.433683683683683707e+00 2.260709293303221727e+02
1.443943943943943875e+00 2.260997291988085749e+02
1.454204204204204043e+00 2.261288611599166813e+02
1.464464464464464433e+00 2.261580726102675385e+02
1.474724724724724823e+00 2.261870604440502177e+02
1.484984984984984990e+00 2.262161530660251856e+02
1.495245245245245158e+00 2.262447187028553230e+02
1.505505505505505548e+00 2.262737935119153860e+02
1.515765765765765716e+00 2.263026444982096734e+02
1.526026026026025884e+00 2.263312716227833050e+02
1.536286286286286273e+00 2.263602057904492710e+02
1.546546546546546441e+00 2.263887896654108260e+02
1.556806806806806831e+00 2.264176553104597929e+02
1.567067067067066999e+00 2.264465752255541133e+02
1.577327327327327167e+00 2.264752964405374485e+02
1.587587587587587556e+00 2.265040213063037129e+02
1.597847847847847724e+00 2.265324208474424950e+02
1.608108108108108114e+00 2.265610770288422486e+02
1.618368368368368282e+00 2.265896862178094011e+02
1.628628628628628672e+00 2.266182231158269644e+02
1.638888888888888840e+00 2.266465863376285483e+02
1.649149149149149007e+00 2.266752569629103391e+02
1.659409409409409397e+00 2.267036020006382842e+02
1.669669669669669565e+00 2.267322291766763556e+02
1.679929929929929955e+00 2.267605560014175410e+02
1.690190190190190123e+00 2.267888357056795599e+02
1.700450450450450290e+00 2.268173216708380551e+02
1.710710710710710680e+00 2.268456844734208175e+02
1.720970970970970848e+00 2.268739494442957039e+02
1.731231231231231238e+00 2.269022939726366701e+02
1.741491491491491406e+00 2.269304392522724640e+02
1.751751751751751796e+00 2.269586387268690544e+02
1.762012012012011963e+00 2.269867909912167931e+02
1.772272272272272131e+00 2.270150228727070214e+02
1.782532532532532521e+00 2.270432582115105618e+02
1.792792792792792689e+00 2.270712434222540708e+02
1.803053053053053079e+00 2.270991813383326416e+02
1.813313313313313246e+00 2.271275539989781294e+02
1.823573573573573414e+00 2.271552197234117898e+02
1.833833833833833804e+00 2.271833202353657555e+02
1.844094094094093972e+00 2.272111704138402786e+02
1.854354354354354362e+00 2.272392779014825521e+02
1.864614614614614529e+00 2.272670333876747861e+02
1.874874874874874697e+00 2.272948176639906421e+02
1.885135135135135087e+00 2.273226561692098358e+02
1.895395395395395255e+00 2.273506504029743951e+02
1.905655655655655645e+00 2.273783686950597485e+02
1.915915915915915813e+00 2.274062935902909999e+02
1.926176176176176202e+00 2.274339170371384853e+02
1.936436436436436370e+00 2.274613660446739232e+02
1.946696696696696538e+00 2.274892248665566115e+02
1.956956956956956928e+00 2.275168329966493843e+02
1.967217217217217096e+00 2.275444698783010153e+02
1.977477477477477485e+00 2.275720084285721612e+02
1.987737737737737653e+00 2.275997028591687581e+02
1.997997997997997821e+00 2.276268667067248543e+02
2.008258258258257989e+00 2.276545932389437894e+02
2.018518518518518157e+00 2.276820179556125652e+02
2.028778778778778769e+00 2.277097003515285394e+02
2.039039039039038936e+00 2.277370553792392229e+02
2.049299299299299548e+00 2.277644900195114133e+02
2.059559559559559716e+00 2.277914445083853252e+02
2.069819819819819884e+00 2.278189366211259426e+02
2.080080080080080052e+00 2.278460757050985137e+02
2.090340340340340219e+00 2.278735998362147370e+02
2.100600600600600387e+00 2.279007199764216693e+02
2.110860860860860555e+00 2.279279452142169760e+02
2.121121121121120723e+00 2.279549954241512353e+02
2.131381381381381335e+00 2.279820997762637944e+02
2.141641641641641503e+00 2.280092583248321887e+02
2.151901901901902114e+00 2.280363946022783637e+02
2.162162162162162282e+00 2.280634831509962339e+02
2.172422422422422450e+00 2.280904220548366084e+02
2.182682682682682618e+00 2.281176954261607079e+02
2.192942942942942786e+00 2.281445133035567494e+02
2.203203203203202953e+00 2.281712323799812054e+02
2.213463463463463121e+00 2.281984389146103069e+02
2.223723723723723733e+00 2.282250368648416838e+02
2.233983983983983901e+00 2.282519438538892587e+02
2.244244244244244069e+00 2.282788285004696434e+02
2.254504504504504681e+00 2.283057673348218373e+02
2.264764764764764848e+00 2.283325818350367058e+02
2.275025025025025016e+00 2.283591443739966564e+02
2.285285285285285184e+00 2.283859140964931385e+02
2.295545545545545352e+00 2.284125593962674259e+02
2.305805805805805520e+00 2.284390546871725576e+02
2.316066066066065687e+00 2.284657572162094255e+02
2.326326326326326299e+00 2.284924373832085394e+02
2.336586586586586467e+00 2.285190185128049620e+02
2.346846846846847079e+00 2.285453474721696523e+02
2.357107107107107247e+00 2.285719092087852289e+02
2.367367367367367414e+00 2.285985251197114678e+02
2.377627627627627582e+00 2.286249142808241572e+02
2.387887887887887750e+00 2.286515108437197341e+02
2.398148148148147918e+00 2.286775484974351116e+02
2.408408408408408086e+00 2.287040745176608709e+02
2.418668668668668253e+00 2.287302969947743918e+02
2.428928928928928865e+00 2.287567780509198769e+02
2.439189189189189033e+00 2.287829810233014598e+02
2.449449449449449645e+00 2.288091103242823010e+02
2.459709709709709813e+00 2.288354215665438574e+02
2.469969969969969981e+00 2.288615568505312297e+02
2.480230230230230148e+00 2.288876951194282583e+02
2.490490490490490316e+00 2.289138619386038442e+02
2.500750750750750484e+00 2.289399294928755353e+02
2.511011011011011096e+00 2.289660255550772661e+02
2.521271271271271264e+00 2.289920734315942354e+02
2.531531531531531432e+00 2.290181754342151237e+02
2.541791791791791599e+00 2.290440501797772583e+02
2.552052052052051767e+00 2.290700301693204892e+02
2.562312312312312379e+00 2.290958083719179115e+02
2.572572572572572547e+00 2.291217686560894151e+02
2.582832832832832715e+00 2.291478598445396244e+02
2.593093093093092882e+00 2.291735188168307218e+02
2.603353353353353050e+00 2.291991550524899424e+02
2.613613613613613662e+00 2.292251270407608104e+02
2.623873873873873830e+00 2.292507434405190452e+02
2.634134134134133998e+00 2.292763114758884626e+02
2.644394394394394165e+00 2.293022665672725111e+02
2.654654654654654333e+00 2.293277635312518328e+02
2.664914914914914945e+00 2.293534682920644059e+02
2.675175175175175113e+00 2.293787403178662601e+02
2.685435435435435281e+00 2.294045020016538103e+02
2.695695695695695449e+00 2.294301896914882377e+02
2.705955955955956060e+00 2.294553420299735933e+02
2.716216216216216228e+00 2.294810354091309534e+02
2.726476476476476396e+00 2.295063727633121857e+02
2.736736736736736564e+00 2.295318154843092771e+02
2.746996996996996732e+00 2.295570815050524516e+02
2.757257257257257343e+00 2.295825554579643892e+02
2.767517517517517511e+00 2.296081091986051490e+02
2.777777777777777679e+00 2.296333066943647623e+02
2.788038038038037847e+00 2.296585838726555835e+02
2.798298298298298015e+00 2.296838381902219339e+02
2.808558558558558627e+00 2.297087873696284248e+02
2.818818818818818794e+00 2.297340985481331188e+02
2.829079079079078962e+00 2.297593611624563721e+02
2.839339339339339130e+00 2.297842671974269990e+02
2.849599599599599298e+00 2.298094070036839014e+02
2.859859859859859910e+00 2.298346265544004154e+02
2.870120120120120077e+00 2.298595921022546520e+02
2.880380380380380245e+00 2.298843549271641962e+02
2.890640640640640413e+00 2.299094543147899685e+02
2.900900900900900581e+00 2.299344022979121007e+02
2.911161161161161193e+00 2.299592245622228006e+02
2.921421421421421361e+00 2.299841522625168295e+02
2.931681681681681528e+00 2.300089285277296653e+02
2.941941941941941696e+00 2.300338873162369850e+02
2.952202202202201864e+00 2.300587203053134431e+02
2.962462462462462476e+00 2.300833247008993396e+02
2.972722722722722644e+00 2.301082401336670387e+02
2.982982982982982811e+00 2.301328240850611735e+02
2.993243243243242979e+00 2.301573592423445120e+02
3.003503503503503591e+00 2.301821798686998193e+02
3.013763763763763759e+00 2.302066174324711199e+02
3.024024024024023927e+00 2.302311861756819837e+02
3.034284284284284094e+00 2.302559632958270583e+02
3.044544544544544262e+00 2.302802800940690986e+02
3.054804804804804874e+00 2.303047795107927698e+02
3.065065065065065042e+00 2.303291271688248401e+02
3.075325325325325210e+00 2.303535546187320335e+02
3.085585585585585378e+00 2.303778816904642497e+02
3.095845845845845545e+00 2.304024429623171102e+02
3.106106106106106157e+00 2.304266465533308974e+02
3.116366366366366325e+00 2.304509813361110275e+02
3.126626626626626493e+00 2.304753702176107311e+02
3.136886886886886661e+00 2.304993496867937779e+02
3.147147147147146828e+00 2.305236663922534603e+02
3.157407407407407440e+00 2.305479599171320899e+02
3.167667667667667608e+00 2.305721530088824522e+02
3.177927927927927776e+00 2.305962970792481599e+02
3.188188188188187944e+00 2.306203664080863120e+02
3.198448448448448111e+00 2.306443351986976040e+02
3.208708708708708723e+00 2.306686929918296300e+02
3.218968968968968891e+00 2.306924864021703456e+02
3.229229229229229059e+00 2.307164626759950750e+02
3.239489489489489227e+00 2.307403899201988793e+02
3.249749749749749395e+00 2.307641907260706091e+02
3.260010010010010006e+00 2.307880971099861540e+02
3.270270270270270174e+00 2.308121348876871082e+02
3.280530530530530342e+00 2.308357626165852139e+02
3.290790790790790510e+00 2.308597795658946836e+02
3.301051051051051122e+00 2.308833863597231471e+02
3.311311311311311290e+00 2.309070471513289817e+02
3.321571571571571457e+00 2.309306846090209433e+02
3.331831831831831625e+00 2.309545566210099139e+02
3.342092092092091793e+00 2.309782763143741420e+02
3.352352352352352405e+00 2.310017920067414821e+02
3.362612612612612573e+00 2.310252327010345823e+02
3.372872872872872740e+00 2.310490628796918031e+02
3.383133133133132908e+00 2.310722760286213884e+02
3.393393393393393076e+00 2.310959045637185056e+02
3.403653653653653688e+00 2.311191998763741822e+02
3.413913913913913856e+00 2.311425750027825643e+02
3.424174174174174023e+00 2.311662623338640685e+02
3.434434434434434191e+00 2.311895905897435455e+02
3.444694694694694359e+00 2.312127403772282435e+02
3.454954954954954971e+00 2.312362283068938211e+02
3.465215215215215139e+00 2.312593569354654619e+02
3.475475475475475307e+00 2.312828495546143870e+02
3.485735735735735474e+00 2.313056469699878051e+02
3.495995995995995642e+00 2.313289117388706302e+02
3.506256256256256254e+00 2.313523080485298067e+02
3.516516516516516422e+00 2.313753707441754273e+02
3.526776776776776590e+00 2.313983323593373882e+02
3.537037037037036757e+00 2.314216064368919774e+02
3.547297297297296925e+00 2.314444433493678446e+02
3.557557557557557537e+00 2.314675152504336211e+02
3.567817817817817705e+00 2.314903825524937133e+02
3.578078078078077873e+00 2.315134848511817438e+02
3.588338338338338041e+00 2.315362791016922017e+02
3.598598598598598652e+00 2.315591273694630559e+02
3.608858858858858820e+00 2.315818484963117498e+02
3.619119119119118988e+00 2.316049081836520713e+02
3.629379379379379156e+00 2.316276596817837401e+02
3.639639639639639324e+00 2.316504393219450151e+02
3.649899899899899935e+00 2.316730658947001871e+02
3.660160160160160103e+00 2.316958240929859869e+02
3.670420420420420271e+00 2.317185327685873801e+02
3.680680680680680439e+00 2.317411659923907905e+02
3.690940940940940607e+00 2.317638014269057294e+02
3.701201201201201219e+00 2.317862578264773674e+02
3.711461461461461386e+00 2.318089235758379516e+02
3.721721721721721554e+00 2.318313584597528632e+02
3.731981981981981722e+00 2.318538214051600335e+02
3.742242242242241890e+00 2.318763901363591060e+02
3.752502502502502502e+00 2.318983912031865771e+02
3.762762762762762669e+00 2.319213528487049700e+02
3.773023023023022837e+00 2.319435136056098088e+02
3.783283283283283005e+00 2.319656764956076245e+02
3.793543543543543173e+00 2.319880488061417338e+02
3.803803803803803785e+00 2.320102677608822148e+02
3.814064064064063952e+00 2.320324110794598482e+02
3.824324324324324120e+00 2.320547120750790953e+02
3.834584584584584288e+00 2.320769374244940195e+02
3.844844844844844456e+00 2.320991648777379623e+02
3.855105105105105068e+00 2.321212389016139070e+02
3.865365365365365236e+00 2.321434187687987958e+02
3.875625625625625403e+00 2.321653673334620578e+02
3.885885885885885571e+00 2.321871882830701281e+02
3.896146146146146183e+00 2.322093225981916476e+02
3.906406406406406351e+00 2.322313033258500070e+02
3.916666666666666519e+00 2.322533380483818917e+02
3.926926926926926686e+00 2.322748299724789547e+02
3.937187187187186854e+00 2.322970504141836159e+02
3.947447447447447466e+00 2.323190135145094928e+02
3.957707707707707634e+00 2.323406153328164123e+02
3.967967967967967802e+00 2.323622969987875422e+02
3.978228228228227970e+00 2.323840585908812386e+02
3.988488488488488137e+00 2.324060299021004710e+02
3.998748748748748749e+00 2.324274320902063380e+02
4.009009009009009361e+00 2.324493036218618727e+02
4.019269269269269529e+00 2.324707617273077460e+02
4.029529529529529697e+00 2.324925334926375911e+02
4.039789789789789864e+00 2.325139696152687634e+02
4.050050050050050032e+00 2.325354596610041256e+02
4.060310310310310200e+00 2.325567958535437185e+02
4.070570570570570368e+00 2.325784197611981483e+02
4.080830830830830536e+00 2.326000976246712924e+02
4.091091091091090703e+00 2.326213357804738280e+02
4.101351351351350871e+00 2.326427318337463248e+02
4.111611611611611039e+00 2.326641817836294592e+02
4.121871871871871207e+00 2.326851658800268865e+02
4.132132132132131375e+00 2.327064897777360670e+02
4.142392392392391542e+00 2.327277896521745788e+02
4.152652652652652598e+00 2.327489354681175939e+02
4.162912912912912766e+00 2.327700572194691517e+02
4.173173173173172934e+00 2.327913629014267940e+02
4.183433433433433102e+00 2.328125665021034933e+02
4.193693693693694158e+00 2.328338501127212226e+02
4.203953953953954326e+00 2.328545633788625651e+02
4.214214214214214493e+00 2.328758247421792476e+02
4.224474474474474661e+00 2.328965677732333290e+02
4.234734734734734829e+00 2.329177029004481199e+02
4.244994994994994997e+00 2.329386057677200483e+02
4.255255255255255165e+00 2.329596666287886535e+02
4.265515515515515332e+00 2.329804952105044435e+02
4.275775775775775500e+00 2.330013256124383645e+02
4.286036036036035668e+00 2.330219756701846450e+02
4.296296296296295836e+00 2.330428618404462213e+02
4.306556556556556004e+00 2.330635416509291531e+02
4.316816816816816171e+00 2.330842493083791567e+02
4.327077077077076339e+00 2.331051150150726698e+02
4.337337337337336507e+00 2.331254878473664860e+02
4.347597597597597563e+00 2.331462791187369419e+02
4.357857857857857731e+00 2.331669680583269439e+02
4.368118118118117899e+00 2.331875546556098584e+02
4.378378378378378066e+00 2.332080909994921285e+02
4.388638638638638234e+00 2.332284988368749907e+02
4.398898898898899290e+00 2.332489345386153161e+02
4.409159159159159458e+00 2.332692156777279706e+02
4.419419419419419626e+00 2.332897852621837558e+02
4.429679679679679793e+00 2.333101481350158224e+02
4.439939939939939961e+00 2.333305388384434877e+02
4.450200200200200129e+00 2.333508010003187110e+02
4.460460460460460297e+00 2.333711692359984511e+02
4.470720720720720465e+00 2.333912524311179482e+02
4.480980980980980632e+00 2.334115719954603776e+02
4.491241241241240800e+00 2.334316847748899022e+02
4.501501501501500968e+00 2.334516167138960157e+02
4.511761761761761136e+00 2.334721762469938540e+02
4.522022022022022192e+00 2.334921377203687598e+02
4.532282282282282360e+00 2.335122835154112408e+02
4.542542542542542527e+00 2.335320919001147786e+02
4.552802802802802695e+00 2.335522932960356854e+02
4.563063063063062863e+00 2.335720789711326404e+02
4.573323323323323031e+00 2.335919707356487152e+02
4.583583583583583199e+00 2.336117858563324887e+02
4.593843843843843366e+00 2.336318897583284127e+02
4.604104104104103534e+00 2.336515256102605633e+02
4.614364364364364590e+00 2.336714501881449735e+02
4.624624624624624758e+00 2.336914286932484117e+02
4.634884884884884926e+00 2.337110695177262016e+02
4.645145145145145094e+00 2.337306859089949000e+02
4.655405405405405261e+00 2.337504083557873855e+02
4.665665665665665429e+00 2.337700019096039625e+02
4.675925925925925597e+00 2.337897798999240138e+02
4.686186186186185765e+00 2.338091417153096074e+02
4.696446446446445933e+00 2.338287402045961016e+02
4.706706706706706100e+00 2.338483402937863502e+02
4.716966966966967156e+00 2.338678114836380075e+02
4.727227227227227324e+00 2.338872581106171253e+02
4.737487487487487492e+00 2.339070982926547799e+02
4.747747747747747660e+00 2.339263652856160149e+02
4.758008008008007828e+00 2.339455031983439142e+02
4.768268268268267995e+00 2.339648517623760995e+02
4.778528528528528163e+00 2.339842280388730842e+02
4.788788788788788331e+00 2.340035274939376677e+02
4.799049049049048499e+00 2.340226978491385523e+02
4.809309309309308667e+00 2.340420266720831535e+02
4.819569569569569722e+00 2.340611478885685415e+02
4.829829829829829890e+00 2.340803752361447607e+02
4.840090090090090058e+00 2.340994995793853093e+02
4.850350350350350226e+00 2.341185470522357264e+02
4.860610610610610394e+00 2.341377529725591558e+02
4.870870870870870561e+00 2.341565158047982891e+02
4.881131131131130729e+00 2.341755679358786040e+02
4.891391391391390897e+00 2.341943599597514947e+02
4.901651651651651065e+00 2.342134936091561030e+02
4.911911911911912121e+00 2.342324456630769873e+02
4.922172172172172289e+00 2.342512684443934177e+02
4.932432432432432456e+00 2.342700927127410750e+02
4.942692692692692624e+00 2.342887614758261634e+02
4.952952952952952792e+00 2.343076934527723552e+02
4.963213213213212960e+00 2.343263652119209155e+02
4.973473473473473128e+00 2.343450646309817387e+02
4.983733733733733295e+00 2.343637131689056048e+02
4.993993993993993463e+00 2.343824155874281985e+02
5.004254254254253631e+00 2.344009885576441548e+02
5.014514514514514687e+00 2.344195106779665423e+02
5.024774774774774855e+00 2.344381389449986273e+02
5.035035035035035023e+00 2.344565853780945304e+02
5.045295295295295190e+00 2.344750594742441479e+02
5.055555555555555358e+00 2.344934826243562043e+02
5.065815815815815526e+00 2.345118810120804937e+02
5.076076076076075694e+00 2.345305690102364053e+02
5.086336336336335862e+00 2.345485249521658204e+02
5.096596596596596029e+00 2.345670848491980962e+02
5.106856856856856197e+00 2.345852531806481807e+02
5.117117117117117253e+00 2.346034229059835923e+02
5.127377377377377421e+00 2.346219871658048248e+02
5.137637637637637589e+00 2.346401597564632766e+02
5.147897897897897757e+00 2.346582550952878137e+02
5.158158158158157924e+00 2.346762470083347978e+02
5.168418418418418092e+00 2.346943189063418345e+02
5.178678678678678260e+00 2.347125757231883370e+02
5.188938938938938428e+00 2.347305193265067942e+02
5.199199199199198596e+00 2.347484905503950472e+02
5.209459459459459651e+00 2.347664893497658625e+02
5.219719719719719819e+00 2.347843846068047924e+02
5.229979979979979987e+00 2.348025435197377533e+02
5.240240240240240155e+00 2.348201530213208343e+02
5.250500500500500323e+00 2.348379736831323044e+02
5.260760760760760490e+00 2.348559531014390132e+02
5.271021021021020658e+00 2.348735403715200505e+02
5.281281281281280826e+00 2.348914700276696124e+02
5.291541541541540994e+00 2.349090074496598959e+02
5.301801801801801162e+00 2.349271234941442685e+02
5.312062062062062218e+00 2.349446373516691153e+02
5.322322322322322385e+00 2.349619950210561967e+02
5.332582582582582553e+00 2.349799314365064333e+02
5.342842842842842721e+00 2.349975541881630647e+02
5.353103103103102889e+00 2.350148895468378498e+02
5.363363363363363057e+00 2.350323311571079330e+02
5.373623623623623224e+00 2.350498528181779818e+02
5.383883883883883392e+00 2.350672970559195392e+02
5.394144144144143560e+00 2.350845062304296391e+02
5.404404404404403728e+00 2.351018742194009974e+02
5.414664664664664784e+00 2.351192960064728084e+02
5.424924924924924952e+00 2.351367453695661993e+02
5.435185185185185119e+00 2.351538808445272934e+02
5.445445445445445287e+00 2.351711225784261217e+02
5.455705705705705455e+00 2.351881029108199073e+02
5.465965965965965623e+00 2.352053734823469142e+02
5.476226226226225791e+00 2.352224876325483649e+02
5.486486486486485958e+00 2.352396030351912088e+02
5.496746746746746126e+00 2.352569561955045572e+02
5.507007007007007182e+00 2.352737062332441553e+02
5.517267267267267350e+00 2.352909567854133286e+02
5.527527527527527518e+00 2.353080508843679297e+02
5.537787787787787686e+00 2.353248044869661442e+02
5.548048048048047853e+00 2.353416907222057830e+02
5.558308308308308021e+00 2.353587885326880951e+02
5.568568568568568189e+00 2.353756246273575528e+02
5.578828828828828357e+00 2.353923041704953505e+02
5.589089089089088525e+00 2.354090375005531541e+02
5.599349349349348692e+00 2.354258771823936627e+02
5.609609609609609748e+00 2.354424550765816093e+02
5.619869869869869916e+00 2.354595338573038816e+02
5.630130130130130084e+00 2.354760089442149251e+02
5.640390390390390252e+00 2.354929323134396952e+02
5.650650650650650419e+00 2.355092255471366514e+02
5.660910910910910587e+00 2.355256514728931450e+02
5.671171171171170755e+00 2.355423153094598376e+02
5.681431431431430923e+00 2.355586383034679159e+02
5.691691691691691091e+00 2.355753307710902789e+02
5.701951951951951258e+00 2.355915244772557458e+02
5.712212212212212314e+00 2.356081666368020819e+02
5.722472472472472482e+00 2.356244678134534070e+02
5.732732732732732650e+00 2.356407175249687214e+02
5.742992992992992818e+00 2.356573105356678468e+02
5.753253253253252986e+00 2.356734045306884582e+02
5.763513513513513153e+00 2.356895786021591448e+02
5.773773773773773321e+00 2.357056747782197306e+02
5.784034034034033489e+00 2.357219827344017631e+02
5.794294294294293657e+00 2.357380021375496142e+02
5.804554554554554713e+00 2.357541016768402073e+02
5.814814814814814881e+00 2.357703602755777865e+02
5.825075075075075048e+00 2.357860932622658083e+02
5.835335335335335216e+00 2.358023540825600435e+02
5.845595595595595384e+00 2.358182208686990293e+02
5.855855855855855552e+00 2.358342204677314555e+02
5.866116116116115720e+00 2.358502211857638144e+02
5.876376376376375887e+00 2.358660648292758424e+02
5.886636636636636055e+00 2.358818568916787228e+02
5.896896896896896223e+00 2.358977290685587320e+02
5.907157157157157279e+00 2.359138131245038039e+02
5.917417417417417447e+00 2.359293184624588662e+02
5.927677677677677615e+00 2.359454046308340196e+02
5.937937937937937782e+00 2.359606221397974082e+02
5.948198198198197950e+00 2.359765523138960930e+02
5.958458458458458118e+00 2.359921935779906335e+02
5.968718718718718286e+00 2.360074668010944094e+02
5.978978978978978454e+00 2.360232419678352187e+02
5.989239239239238621e+00 2.360388335526592414e+02
5.999499499499498789e+00 2.360542943774335356e+02
6.009759759759759845e+00 2.360697825698956365e+02
6.020020020020020013e+00 2.360851663302576355e+02
6.030280280280280181e+00 2.361006037840516569e+02
6.040540540540540349e+00 2.361159367753749621e+02
6.050800800800800516e+00 2.361313234938704682e+02
6.061061061061060684e+00 2.361464474793465342e+02
6.071321321321320852e+00 2.361621263537487891e+02
6.081581581581581020e+00 2.361770676151571422e+02
6.091841841841841187e+00 2.361923000282926921e+02
6.102102102102102243e+00 2.362076653288021362e+02
6.112362362362362411e+00 2.362227941622130061e+02
6.122622622622622579e+00 2.362379239565681530e+02
6.132882882882882747e+00 2.362526853011121943e+02
6.143143143143142915e+00 2.362676586446870886e+02
6.153403403403403082e+00 2.362829760583285008e+02
6.163663663663663250e+00 2.362977401679842444e+02
6.173923923923923418e+00 2.363128219843901547e+02
6.184184184184183586e+00 2.363279575286327088e+02
6.194444444444443754e+00 2.363426188521583242e+02
6.204704704704704810e+00 2.363575186961742531e+02
6.214964964964964977e+00 2.363721290949517595e+02
6.225225225225225145e+00 2.363872420232296463e+02
6.235485485485485313e+00 2.364018806169127913e+02
6.245745745745745481e+00 2.364165729114468775e+02
6.256006006006005649e+00 2.364311605250831008e+02
6.266266266266265816e+00 2.364460923295876853e+02
6.276526526526525984e+00 2.364603647825584574e+02
6.286786786786786152e+00 2.364751928095215021e+02
6.297047047047046320e+00 2.364894934119265315e+02
6.307307307307307376e+00 2.365041119277609312e+02
6.317567567567567544e+00 2.365186784796185009e+02
6.327827827827827711e+00 2.365330609710004524e+02
6.338088088088087879e+00 2.365476293233045055e+02
6.348348348348348047e+00 2.365619078638164865e+02
6.358608608608608215e+00 2.365763458302072593e+02
6.368868868868868383e+00 2.365905732972038322e+02
6.379129129129128550e+00 2.366050130215226659e+02
6.389389389389388718e+00 2.366191100177208853e+02
6.399649649649649774e+00 2.366333928729123102e+02
6.409909909909909942e+00 2.366475444648861526e+02
6.420170170170170110e+00 2.366618290449050335e+02
6.430430430430430278e+00 2.366758765323885427e+02
6.440690690690690445e+00 2.366901363570148646e+02
6.450950950950950613e+00 2.367041591429124026e+02
6.461211211211210781e+00 2.367182620207815660e+02
6.471471471471470949e+00 2.367322864301735876e+02
6.481731731731731116e+00 2.367461265720444317e+02
6.491991991991991284e+00 2.367602583810023305e+02
6.502252252252252340e+00 2.367738621047278968e+02
6.512512512512512508e+00 2.367878368890732474e+02
6.522772772772772676e+00 2.368015480333265828e+02
6.533033033033032844e+00 2.368155508971772747e+02
6.543293293293293011e+00 2.368291048869249664e+02
6.553553553553553179e+00 2.368427919033908324e+02
6.563813813813813347e+00 2.368566120299100248e+02
6.574074074074073515e+00 2.368702741845406194e+02
6.584334334334333683e+00 2.368843075565952745e+02
6.594594594594593850e+00 2.368977067193613664e+02
6.604854854854854906e+00 2.369111331048366083e+02
6.615115115115115074e+00 2.369246396154757406e+02
6.625375375375375242e+00 2.369382262907023744e+02
6.635635635635635410e+00 2.369517343196791046e+02
6.645895895895895578e+00 2.369651637585543256e+02
6.656156156156155745e+00 2.369782762831797811e+02
6.666416416416415913e+00 2.369918130779498995e+02
6.676676676676676081e+00 2.370051388527188863e+02
6.686936936936936249e+00 2.370186771900819451e+02
6.697197197197197305e+00 2.370319515535733501e+02
6.707457457457457473e+00 2.370450942360917566e+02
6.717717717717717640e+00 2.370583435543239830e+02
6.727977977977977808e+00 2.370714347429854172e+02
6.738238238238237976e+00 2.370845531217225357e+02
6.748498498498498144e+00 2.370974074063944386e+02
6.758758758758758312e+00 2.371107920748355866e+02
6.769019019019018479e+00 2.371238067122346536e+02
6.779279279279278647e+00 2.371371133650639536e+02
6.789539539539538815e+00 2.371497320948971321e+02
6.799799799799799871e+00 2.371629342837598244e+02
6.810060060060060039e+00 2.371757663151229281e+02
6.820320320320320207e+00 2.371883870660222726e+02
6.830580580580580374e+00 2.372013529062531916e+02
6.840840840840840542e+00 2.372142665109888640e+02
6.851101101101100710e+00 2.372271807838169195e+02
6.861361361361360878e+00 2.372397247754132650e+02
6.871621621621621046e+00 2.372524814078272186e+02
6.881881881881881213e+00 2.372653447965538760e+02
6.892142142142141381e+00 2.372777052572753291e+02
6.902402402402402437e+00 2.372905169278436688e+02
6.912662662662662605e+00 2.373031437927328966e+02
6.922922922922922773e+00 2.373157448028626959e+02
6.933183183183182940e+00 2.373280813871493535e+02
6.943443443443443108e+00 2.373403655506634493e+02
6.953703703703703276e+00 2.373533131915963281e+02
6.963963963963963444e+00 2.373656251949586533e+02
6.974224224224223612e+00 2.373779908707820425e+02
6.984484484484483779e+00 2.373902511177445547e+02
6.994744744744744835e+00 2.374026976780086784e+02
7.005005005005005003e+00 2.374147470422543620e+02
7.015265265265265171e+00 2.374269826467542828e+02
7.025525525525525339e+00 2.374394575769391338e+02
7.035785785785785507e+00 2.374515353859538322e+02
7.046046046046045674e+00 2.374637463412402951e+02
7.056306306306305842e+00 2.374758783876217478e+02
7.066566566566566010e+00 2.374879844778989479e+02
7.076826826826826178e+00 2.374999320654910377e+02
7.087087087087086346e+00 2.375122516557019594e+02
7.097347347347347402e+00 2.375240943312696515e+02
7.107607607607607569e+00 2.375359375526101076e+02
7.117867867867867737e+00 2.375481529021479616e+02
7.128128128128127905e+00 2.375600769441743410e+02
7.138388388388388073e+00 2.375717627566700969e+02
7.148648648648648241e+00 2.375834756839050215e+02
7.158908908908908408e+00 2.375954545883741105e+02
7.169169169169168576e+00 2.376071155892466038e+02
7.179429429429428744e+00 2.376189098624315363e+02
7.189689689689688912e+00 2.376305985664746458e+02
7.199949949949949968e+00 2.376419693199848382e+02
7.210210210210210136e+00 2.376538980235446843e+02
7.220470470470470303e+00 2.376653229804906289e+02
7.230730730730730471e+00 2.376770670298874961e+02
7.240990990990990639e+00 2.376885992879020932e+02
7.251251251251250807e+00 2.377001055334174850e+02
7.261511511511510975e+00 2.377115592179889916e+02
7.271771771771771142e+00 2.377228541863649980e+02
7.282032032032031310e+00 2.377341496172946904e+02
7.292292292292292366e+00 2.377457908383824190e+02
7.302552552552552534e+00 2.377569546469016188e+02
7.312812812812812702e+00 2.377684376118456839e+02
7.323073073073072869e+00 2.377796289711703821e+02
7.333333333333333037e+00 2.377907411973829426e+02
7.343593593593593205e+00 2.378019601869421251e+02
7.353853853853853373e+00 2.378130203550942952e+02
7.364114114114113541e+00 2.378243200798449379e+02
7.374374374374373708e+00 2.378354874818682845e+02
7.384634634634633876e+00 2.378465226173212557e+02
7.394894894894894932e+00 2.378575316943192490e+02
7.405155155155155100e+00 2.378686209700339020e+02
7.415415415415415268e+00 2.378793653442766356e+02
7.425675675675675436e+00 2.378904290503499510e+02
7.435935935935935603e+00 2.379012806913639793e+02
7.446196196196195771e+00 2.379122125472370328e+02
7.456456456456455939e+00 2.379230120264079744e+02
7.466716716716716107e+00 2.379338917488387324e+02
7.476976976976976275e+00 2.379445593210870413e+02
7.487237237237236442e+00 2.379552804847362779e+02
7.497497497497497498e+00 2.379661882454202839e+02
7.507757757757757666e+00 2.379766712350725015e+02
7.518018018018017834e+00 2.379874204504090187e+02
7.528278278278278002e+00 2.379980372204182117e+02
7.538538538538538170e+00 2.380086012993437237e+02
7.548798798798798337e+00 2.380189531851269464e+02
7.559059059059058505e+00 2.380296245411739449e+02
7.569319319319318673e+00 2.380399241036055855e+02
7.579579579579578841e+00 2.380503305358123782e+02
7.589839839839839897e+00 2.380609501021345409e+02
7.600100100100100065e+00 2.380712776244025406e+02
7.610360360360360232e+00 2.380816587856924968e+02
7.620620620620620400e+00 2.380921999854034539e+02
7.630880880880880568e+00 2.381021565345038482e+02
7.641141141141140736e+00 2.381125390321559792e+02
7.651401401401400904e+00 2.381224964116210856e+02
7.661661661661661071e+00 2.381327468059120349e+02
7.671921921921921239e+00 2.381427316328007180e+02
7.682182182182181407e+00 2.381529828925259551e+02
7.692442442442442463e+00 2.381632877776552561e+02
7.702702702702702631e+00 2.381732206634619899e+02
7.712962962962962798e+00 2.381832071874878238e+02
7.723223223223222966e+00 2.381931408938650350e+02
7.733483483483483134e+00 2.382029686042939716e+02
7.743743743743743302e+00 2.382129031348439128e+02
7.754004004004003470e+00 2.382227316655721268e+02
7.764264264264263637e+00 2.382325073462426701e+02
7.774524524524523805e+00 2.382426027949299794e+02
7.784784784784783973e+00 2.382521131350943051e+02
7.795045045045045029e+00 2.382619432786836455e+02
7.805305305305305197e+00 2.382717205580234463e+02
7.815565565565565365e+00 2.382813385888196933e+02
7.825825825825825532e+00 2.382909835695936067e+02
7.836086086086085700e+00 2.383004692418605543e+02
7.846346346346345868e+00 2.383104876498283602e+02
7.856606606606606036e+00 2.383197611684723825e+02
7.866866866866866204e+00 2.383291947504666268e+02
7.877127127127126371e+00 2.383386020712557070e+02
7.887387387387387427e+00 2.383480097789132799e+02
7.897647647647647595e+00 2.383574178369130152e+02
7.907907907907907763e+00 2.383671191307891775e+02
7.918168168168167931e+00 2.383762616853366580e+02
7.928428428428428099e+00 2.383856974723834696e+02
7.938688688688688266e+00 2.383948141351337426e+02
7.948948948948948434e+00 2.384039843307683384e+02
7.959209209209208602e+00 2.384131815327931747e+02
7.969469469469468770e+00 2.384224057337906117e+02
7.979729729729728938e+00 2.384316036512804828e+02
7.989989989989989994e+00 2.384407220225772051e+02
8.000250250250250161e+00 2.384496542862852664e+02
8.010510510510510329e+00 2.384587733633084667e+02
8.020770770770770497e+00 2.384677062926133146e+02
8.031031031031030665e+00 2.384766129276165145e+02
8.041291291291290833e+00 2.384855731551477334e+02
8.051551551551551000e+00 2.384944804620920706e+02
8.061811811811811168e+00 2.385034680142441061e+02
8.072072072072071336e+00 2.385124292399887622e+02
8.082332332332331504e+00 2.385209645748282128e+02
8.092592592592591672e+00 2.385297133625462607e+02
8.102852852852851839e+00 2.385384624020743729e+02
8.113113113113112007e+00 2.385472650574724582e+02
8.123373373373372175e+00 2.385560147775031226e+02
8.133633633633632343e+00 2.385646581837473832e+02
8.143893893893892511e+00 2.385730354532323361e+02
8.154154154154152678e+00 2.385820259223163475e+02
8.164414414414412846e+00 2.385903505231145232e+02
8.174674674674673014e+00 2.385985154580721144e+02
8.184934934934934958e+00 2.386071071326222466e+02
8.195195195195195126e+00 2.386156191468485872e+02
8.205455455455455294e+00 2.386238915751005152e+02
8.215715715715715461e+00 2.386324041553270661e+02
8.225975975975975629e+00 2.386408104182514194e+02
8.236236236236235797e+00 2.386490037280884167e+02
8.246496496496495965e+00 2.386572773356581365e+02
8.256756756756756133e+00 2.386656311093324803e+02
8.267017017017016300e+00 2.386735587100336886e+02
8.277277277277276468e+00 2.386819664006367816e+02
8.287537537537538412e+00 2.386900545328088015e+02
8.297797797797798580e+00 2.386981961605385152e+02
8.308058058058058748e+00 2.387062847574591444e+02
8.318318318318318916e+00 2.387142403197358647e+02
8.328578578578579084e+00 2.387221161720771647e+02
8.338838838838839251e+00 2.387306055546718824e+02
8.349099099099099419e+00 2.387379486329624569e+02
8.359359359359359587e+00 2.387460652021391638e+02
8.369619619619619755e+00 2.387538354555895523e+02
8.379879879879879923e+00 2.387616325293347188e+02
8.390140140140140090e+00 2.387694565523080144e+02
8.400400400400400258e+00 2.387773342376709991e+02
8.410660660660660426e+00 2.387849987082932444e+02
8.420920920920920594e+00 2.387927168195725187e+02
8.431181181181180762e+00 2.388002751256420595e+02
8.441441441441440929e+00 2.388081004408847434e+02
8.451701701701701097e+00 2.388155792239539323e+02
8.461961961961961265e+00 2.388231382424782794e+02
8.472222222222221433e+00 2.388308308623097673e+02
8.482482482482481601e+00 2.388381769720252521e+02
8.492742742742741768e+00 2.388456033128851743e+02
8.503003003003001936e+00 2.388532432814872379e+02
8.513263263263262104e+00 2.388604033144710286e+02
8.523523523523522272e+00 2.388678036404372449e+02
8.533783783783784216e+00 2.388750441396313136e+02
8.544044044044044384e+00 2.388825783098260160e+02
8.554304304304304551e+00 2.388899259625300147e+02
8.564564564564564719e+00 2.388969002892749245e+02
8.574824824824824887e+00 2.389040349177959683e+02
8.585085085085085055e+00 2.389112230900459508e+02
8.595345345345345223e+00 2.389184648711065222e+02
8.605605605605605390e+00 2.389255734310649189e+02
8.615865865865865558e+00 2.389325754058653786e+02
8.626126126126125726e+00 2.389394174953271488e+02
8.636386386386385894e+00 2.389464733090960351e+02
8.646646646646646062e+00 2.389534759078459842e+02
8.656906906906906229e+00 2.389604787233257355e+02
8.667167167167166397e+00 2.389672415171748128e+02
8.677427427427426565e+00 2.389741913486248563e+02
8.687687687687686733e+00 2.389811413444902826e+02
8.697947947947946901e+00 2.389877712511078300e+02
8.708208208208207068e+00 2.389945615178016567e+02
8.718468468468467236e+00 2.390012985548841016e+02
8.728728728728729180e+00 2.390078756257383077e+02
8.738988988988989348e+00 2.390146931256654455e+02
8.749249249249249516e+00 2.390213239283432927e+02
8.759509509509509684e+00 2.390278214467212194e+02
8.769769769769769852e+00 2.390345593979999421e+02
8.780030030030030019e+00 2.390408436288217047e+02
8.790290290290290187e+00 2.390473950728959665e+02
8.800550550550550355e+00 2.390535728483715445e+02
8.810810810810810523e+00 2.390602848206522708e+02
8.821071071071070691e+00 2.390666497974109177e+02
8.831331331331330858e+00 2.390730951354800879e+02
8.841591591591591026e+00 2.390793536843285949e+02
8.851851851851851194e+00 2.390855856422062686e+02
8.862112112112111362e+00 2.390917643812490212e+02
8.872372372372371530e+00 2.390981035366324079e+02
8.882632632632631697e+00 2.391041757365962610e+02
8.892892892892891865e+00 2.391104885200589365e+02
8.903153153153152033e+00 2.391165610345414336e+02
8.913413413413412201e+00 2.391224467706547898e+02
8.923673673673672369e+00 2.391284661877295719e+02
8.933933933933934313e+00 2.391345392205853386e+02
8.944194194194194480e+00 2.391403986475299064e+02
8.954454454454454648e+00 2.391465787696633072e+02
8.964714714714714816e+00 2.391524652545015215e+02
8.974974974974974984e+00 2.391582182336728408e+02
8.985235235235235152e+00 2.391642118228995457e+02
8.995495495495495319e+00 2.391701788353262828e+02
9.005755755755755487e+00 2.391758788410290606e+02
9.016016016016015655e+00 2.391813652718250580e+02
9.026276276276275823e+00 2.391873327000831466e+02
9.036536536536535991e+00 2.391927391986975238e+02
9.046796796796796158e+00 2.391984397421506685e+02
9.057057057057056326e+00 2.392043808612853013e+02
9.067317317317316494e+00 2.392097343525319673e+02
9.077577577577576662e+00 2.392151413575868446e+02
9.087837837837836830e+00 2.392207622667660019e+02
9.098098098098096997e+00 2.392260358801503912e+02
9.108358358358357165e+00 2.392318708146385120e+02
9.118618618618617333e+00 2.392368240389584173e+02
9.128878878878879277e+00 2.392423652717512823e+02
9.139139139139139445e+00 2.392478531673799864e+02
9.149399399399399613e+00 2.392531808811220060e+02
9.159659659659659781e+00 2.392585353655029508e+02
9.169919919919919948e+00 2.392637563807991228e+02
9.180180180180180116e+00 2.392688706097977729e+02
9.190440440440440284e+00 2.392738245776394308e+02
9.200700700700700452e+00 2.392790459143743931e+02
9.210960960960960620e+00 2.392841604457078972e+02
9.221221221221220787e+00 2.392892216516726762e+02
9.231481481481480955e+00 2.392942829385848711e+02
9.241741741741741123e+00 2.392993443078799771e+02
9.252002002002001291e+00 2.393042454410815765e+02
9.262262262262261459e+00 2.393091467008250675e+02
9.272522522522521626e+00 2.393141014393575290e+02
9.282782782782781794e+00 2.393191364939777088e+02
9.293043043043041962e+00 2.393239578174007249e+02
9.303303303303302130e+00 2.393285653980989878e+02
9.313563563563562298e+00 2.393332799826903852e+02
9.323823823823824242e+00 2.393379144290188378e+02
9.334084084084084409e+00 2.393427896035884146e+02
9.344344344344344577e+00 2.393472638625686955e+02
9.354604604604604745e+00 2.393519252784104481e+02
9.364864864864864913e+00 2.393564264200023786e+02
9.375125125125125081e+00 2.393612217564075877e+02
9.385385385385385248e+00 2.393659369104069867e+02
9.395645645645645416e+00 2.393703581096935977e+02
9.405905905905905584e+00 2.393747258605943102e+02
9.416166166166165752e+00 2.393792541599344759e+02
9.426426426426425920e+00 2.393837290620587908e+02
9.436686686686686087e+00 2.393878029138298018e+02
9.446946946946946255e+00 2.393925186026271206e+02
9.457207207207206423e+00 2.393963252694577761e+02
9.467467467467466591e+00 2.394008806561820393e+02
9.477727727727726759e+00 2.394052489891966786e+02
9.487987987987986926e+00 2.394092162573028020e+02
9.498248248248247094e+00 2.394133708017225501e+02
9.508508508508507262e+00 2.394175253794221589e+02
9.518768768768767430e+00 2.394216265515250370e+02
9.529029029029029374e+00 2.394255673970952785e+02
9.539289289289289542e+00 2.394294547645599778e+02
9.549549549549549710e+00 2.394335026225305683e+02
9.559809809809809877e+00 2.394373366115672468e+02
9.570070070070070045e+00 2.394414113628961331e+02
9.580330330330330213e+00 2.394452989747849188e+02
9.590590590590590381e+00 2.394492133975271599e+02
9.600850850850850549e+00 2.394527801513924317e+02
9.611111111111110716e+00 2.394567214460438720e+02
9.621371371371370884e+00 2.394605290317272193e+02
9.631631631631631052e+00 2.394644169149442519e+02
9.641891891891891220e+00 2.394680374217786039e+02
9.652152152152151388e+00 2.394717649353246429e+02
9.662412412412411555e+00 2.394750110627800552e+02
9.672672672672671723e+00 2.394788991552192101e+02
9.682932932932931891e+00 2.394823593434550730e+02
9.693193193193192059e+00 2.394858195948916944e+02
9.703453453453452227e+00 2.394892798961224401e+02
9.713713713713712394e+00 2.394926866892521673e+02
9.723973973973974338e+00 2.394963075980280109e+02
9.734234234234234506e+00 2.394996075405614988e+02
9.744494494494494674e+00 2.395028539939409029e+02
9.754754754754754842e+00 2.395063412309420130e+02
9.765015015015015010e+00 2.395092667548179008e+02
9.775275275275275177e+00 2.395127273820051244e+02
9.785535535535535345e+00 2.395160542412625659e+02
9.795795795795795513e+00 2.395190868558768500e+02
9.806056056056055681e+00 2.395221998173635995e+02
9.816316316316315849e+00 2.395253663198613765e+02
9.826576576576576016e+00 2.395282652537695185e+02
9.836836836836836184e+00 2.395314050396459038e+02
9.847097097097096352e+00 2.395342773544127510e+02
9.857357357357356520e+00 2.395372299386592658e+02
9.867617617617616688e+00 2.395404500646599217e+02
9.877877877877876855e+00 2.395431084312669157e+02
9.888138138138137023e+00 2.395461413749785038e+02
9.898398398398397191e+00 2.395489602951849406e+02
9.908658658658657359e+00 2.395518862610050519e+02
9.918918918918919303e+00 2.395546249947825004e+02
9.929179179179179471e+00 2.395571764640440335e+02
9.939439439439439639e+00 2.395599419795506151e+02
9.949699699699699806e+00 2.395628413184217607e+02
9.959959959959959974e+00 2.395651787858843420e+02
9.970220220220220142e+00 2.395678908835032530e+02
9.980480480480480310e+00 2.395704424414022924e+02
9.990740740740740478e+00 2.395726194108574703e+02
1.000100100100100065e+01 2.395755991634916029e+02
1.001126126126126081e+01 2.395777761659179248e+02
1.002152152152152098e+01 2.395803813549474910e+02
1.003178178178178115e+01 2.395826921369611853e+02
1.004204204204204132e+01 2.395851368382067506e+02
1.005230230230230148e+01 2.395872068867552684e+02
1.006256256256256165e+01 2.395896248037350631e+02
1.007282282282282182e+01 2.395918554494263049e+02
1.008308308308308199e+01 2.395940860747048760e+02
1.009334334334334216e+01 2.395962096897122819e+02
1.010360360360360232e+01 2.395983868804285066e+02
1.011386386386386249e+01 2.396005640234307918e+02
1.012412412412412444e+01 2.396025806865804668e+02
1.013438438438438460e+01 2.396048649302136937e+02
1.014464464464464477e+01 2.396068012796754090e+02
1.015490490490490494e+01 2.396087376040990193e+02
1.016516516516516511e+01 2.396107543235174262e+02
1.017542542542542527e+01 2.396125301079145800e+02
1.018568568568568544e+01 2.396146538320981563e+02
1.019594594594594561e+01 2.396164028784095876e+02
1.020620620620620578e+01 2.396183393609495340e+02
1.021646646646646595e+01 2.396199278028087178e+02
1.022672672672672611e+01 2.396215698858533756e+02
1.023698698698698628e+01 2.396232654734319851e+02
1.024724724724724645e+01 2.396250948863998929e+02
1.025750750750750662e+01 2.396266566323024279e+02
1.026776776776776678e+01 2.396282183609369838e+02
1.027802802802802695e+01 2.396298069629602310e+02
1.028828828828828712e+01 2.396312081142023942e+02
1.029854854854854729e+01 2.396328769612914869e+02
1.030880880880880746e+01 2.396344119751650510e+02
1.031906906906906940e+01 2.396359203095875046e+02
1.032932932932932957e+01 2.396375355679889765e+02
1.033958958958958974e+01 2.396388565249622218e+02
1.034984984984984990e+01 2.396400435998699550e+02
1.036011011011011007e+01 2.396414180810675134e+02
1.037037037037037024e+01 2.396426854506056827e+02
1.038063063063063041e+01 2.396437922622508268e+02
1.039089089089089057e+01 2.396448990652013720e+02
1.040115115115115074e+01 2.396461664375979126e+02
1.041141141141141091e+01 2.396474070617857421e+02
1.042167167167167108e+01 2.396485673946778832e+02
1.043193193193193125e+01 2.396492459575569853e+02
1.044219219219219141e+01 2.396504865558277402e+02
1.045245245245245158e+01 2.396515665910179109e+02
1.046271271271271175e+01 2.396524592342080382e+02
1.047297297297297192e+01 2.396534857902536260e+02
1.048323323323323208e+01 2.396543248982557373e+02
1.049349349349349225e+01 2.396552175236942048e+02
1.050375375375375242e+01 2.396560833950659060e+02
1.051401401401401436e+01 2.396568155347734432e+02
1.052427427427427453e+01 2.396577081412843881e+02
1.053453453453453470e+01 2.396583063474574544e+02
1.054479479479479487e+01 2.396589045551785659e+02
1.055505505505505504e+01 2.396596633506447631e+02
1.056531531531531520e+01 2.396603686209410853e+02
1.057557557557557537e+01 2.396610203494530538e+02
1.058583583583583554e+01 2.396614311460111253e+02
1.059609609609609571e+01 2.396620293878137034e+02
1.060635635635635587e+01 2.396625472320024812e+02
1.061661661661661604e+01 2.396628509426829510e+02
1.062687687687687621e+01 2.396634491313043327e+02
1.063713713713713638e+01 2.396636190531132797e+02
1.064739739739739655e+01 2.396642974632084702e+02
1.065765765765765671e+01 2.396647350093133468e+02
1.066791791791791688e+01 2.396648245557674386e+02
1.067817817817817705e+01 2.396650747388833622e+02
1.068843843843843722e+01 2.396654854710893403e+02
1.069869869869869738e+01 2.396651467760771084e+02
1.070895895895895755e+01 2.396656110793976495e+02
1.071921921921921950e+01 2.396656203232270173e+02
1.072947947947947966e+01 2.396657901182734349e+02
1.073973973973973983e+01 2.396659331839497327e+02
1.075000000000000000e+01 2.396658085798288482e+02
