2.500000000000000000e+01 4.978763434558278078e+00
5.000000000000000000e+01 6.709954929075884422e+00
7.500000000000000000e+01 1.182067963849754832e+01
1.000000000000000000e+02 2.413893657987671659e+01
1.250000000000000000e+02 3.061930164642735619e+01
1.500000000000000000e+02 3.706014550784862394e+01
1.750000000000000000e+02 4.612755818280001563e+01
2.000000000000000000e+02 5.531538026714797951e+01
2.250000000000000000e+02 5.808743316553924529e+01
2.500000000000000000e+02 6.165881223347292917e+01
2.750000000000000000e+02 5.934130019879326312e+01
3.000000000000000000e+02 6.572165617659476311e+01
3.250000000000000000e+02 6.487166043515777858e+01
3.500000000000000000e+02 5.932544056366410246e+01
3.750000000000000000e+02 5.897197624553786000e+01
4.000000000000000000e+02 5.508061185567679274e+01
4.250000000000000000e+02 5.801922250784272705e+01
4.500000000000000000e+02 4.966067373789751827e+01
4.750000000000000000e+02 4.740161871325731369e+01
5.000000000000000000e+02 4.432533240921894446e+01
5.250000000000000000e+02 3.939624317507454521e+01
5.500000000000000000e+02 3.616815718953221648e+01
5.750000000000000000e+02 3.877071477490819973e+01
6.000000000000000000e+02 3.145058915877609707e+01
6.500000000000000000e+02 2.439400043442649491e+01
7.250000000000000000e+02 2.411632132033405185e+01
8.000000000000000000e+02 1.494316486291080182e+01
8.750000000000000000e+02 1.025475696950346105e+01
9.500000000000000000e+02 6.887906062402884722e+00
1.025000000000000000e+03 7.939730396195544770e+00
1.100000000000000000e+03 9.284549418861566039e+00
1.175000000000000000e+03 4.464693585601072989e+00
1.250000000000000000e+03 6.089514136067004202e+00
