5.000000000000000000e-01 1.614984263755172833e+01
5.102602602602602788e-01 1.617382122598967698e+01
5.205205205205205576e-01 1.619780759898868183e+01
5.307807807807807254e-01 1.622180179051891002e+01
5.410410410410410043e-01 1.624580383464582312e+01
5.513013013013012831e-01 1.626981376552975078e+01
5.615615615615615619e-01 1.629383161742605068e+01
5.718218218218218407e-01 1.631785742468493439e+01
5.820820820820821195e-01 1.634189122175137499e+01
5.923423423423423984e-01 1.636593304316498987e+01
6.026026026026025662e-01 1.638998292356001230e+01
6.128628628628628450e-01 1.641404089766516350e+01
6.231231231231231238e-01 1.643810700030359939e+01
6.333833833833834026e-01 1.646218126639273649e+01
6.436436436436436814e-01 1.648626373094430875e+01
6.539039039039038492e-01 1.651035442906426454e+01
6.641641641641641280e-01 1.653445339595247532e+01
6.744244244244244069e-01 1.655856066690302697e+01
6.846846846846846857e-01 1.658267627730379346e+01
6.949449449449449645e-01 1.660680026263652920e+01
7.052052052052051323e-01 1.663093265847689395e+01
7.154654654654655221e-01 1.665507350049410462e+01
7.257257257257256899e-01 1.667922282445111293e+01
7.359859859859859688e-01 1.670338066620446327e+01
7.462462462462462476e-01 1.672754706170415773e+01
7.565065065065064154e-01 1.675172204699359213e+01
7.667667667667668052e-01 1.677590565820968038e+01
7.770270270270269730e-01 1.680009793158256315e+01
7.872872872872872518e-01 1.682429890343557943e+01
7.975475475475475307e-01 1.684850861018533763e+01
8.078078078078078095e-01 1.687272708834154855e+01
8.180680680680680883e-01 1.689695437450699345e+01
8.283283283283282561e-01 1.692119050537743163e+01
8.385885885885886459e-01 1.694543551774163248e+01
8.488488488488488137e-01 1.696968944848118355e+01
8.591091091091090926e-01 1.699395233457058652e+01
8.693693693693693714e-01 1.701822421307709732e+01
8.796296296296295392e-01 1.704250512116070482e+01
8.898898898898899290e-01 1.706679509607410239e+01
9.001501501501500968e-01 1.709109417516261331e+01
9.104104104104103756e-01 1.711540239586419432e+01
9.206706706706706544e-01 1.713971979570924731e+01
9.309309309309309333e-01 1.716404641232074724e+01
9.411911911911912121e-01 1.718838228341409646e+01
9.514514514514513799e-01 1.721272744679708211e+01
9.617117117117117697e-01 1.723708194036992936e+01
9.719719719719719375e-01 1.726144580212509538e+01
9.822322322322322163e-01 1.728581907014733332e+01
9.924924924924924952e-01 1.731020178261374909e+01
1.002752752752752663e+00 1.733459397779348166e+01
1.013013013013012831e+00 1.735899569404793752e+01
1.023273273273273221e+00 1.738340696983063438e+01
1.033533533533533610e+00 1.740782784368720471e+01
1.043793793793793778e+00 1.743225835425529979e+01
1.054054054054053946e+00 1.745669854026459689e+01
1.064314314314314336e+00 1.748114844053679562e+01
1.074574574574574504e+00 1.750560809398555762e+01
1.084834834834834894e+00 1.753007753961646031e+01
1.095095095095095061e+00 1.755455681652692945e+01
1.105355355355355229e+00 1.757904596390638829e+01
1.115615615615615619e+00 1.760354502103600538e+01
1.125875875875876009e+00 1.762805402728876913e+01
1.136136136136136177e+00 1.765257302212950208e+01
1.146396396396396344e+00 1.767710204511478622e+01
1.156656656656656512e+00 1.770164113589289556e+01
1.166916916916916902e+00 1.772619033420389201e+01
1.177177177177177292e+00 1.775074967987950103e+01
1.187437437437437460e+00 1.777531921284306904e+01
1.197697697697697627e+00 1.779989897310969127e+01
1.207957957957957795e+00 1.782448900078600573e+01
1.218218218218218185e+00 1.784908933607037085e+01
1.228478478478478575e+00 1.787370001925259544e+01
1.238738738738738743e+00 1.789832109071416966e+01
1.248998998998998911e+00 1.792295259092817261e+01
1.259259259259259078e+00 1.794759456045903789e+01
1.269519519519519468e+00 1.797224703996295148e+01
1.279779779779779858e+00 1.799691007018748223e+01
1.290040040040040026e+00 1.802158369197172760e+01
1.300300300300300194e+00 1.804626794624625674e+01
1.310560560560560361e+00 1.807096287403316026e+01
1.320820820820820751e+00 1.809566851644588681e+01
1.331081081081081141e+00 1.812038491468940293e+01
1.341341341341341309e+00 1.814511211006009361e+01
1.351601601601601477e+00 1.816985014394579423e+01
1.361861861861861867e+00 1.819459905782570885e+01
1.372122122122122034e+00 1.821935889327048486e+01
1.382382382382382424e+00 1.824412969194214540e+01
1.392642642642642592e+00 1.826891149559406102e+01
1.402902902902902760e+00 1.829370434607107754e+01
1.413163163163163150e+00 1.831850828530931707e+01
1.423423423423423539e+00 1.834332335533635927e+01
1.433683683683683707e+00 1.836814959827106009e+01
1.443943943943943875e+00 1.839298705632366904e+01
1.454204204204204043e+00 1.841783577179580789e+01
1.464464464464464433e+00 1.844269578708036050e+01
1.474724724724724823e+00 1.846756714466164695e+01
1.484984984984984990e+00 1.849244988711526361e+01
1.495245245245245158e+00 1.851734405710816134e+01
1.505505505505505548e+00 1.854224969739860995e+01
1.515765765765765716e+00 1.856716685083619467e+01
1.526026026026025884e+00 1.859209556036181255e+01
1.536286286286286273e+00 1.861703586900773644e+01
1.546546546546546441e+00 1.864198781989753329e+01
1.556806806806806831e+00 1.866695145624600372e+01
1.567067067067066999e+00 1.869192682135941297e+01
1.577327327327327167e+00 1.871691395863518181e+01
1.587587587587587556e+00 1.874191291156216721e+01
1.597847847847847724e+00 1.876692372372044915e+01
1.608108108108108114e+00 1.879194643878150828e+01
1.618368368368368282e+00 1.881698110050804473e+01
1.628628628628628672e+00 1.884202775275410247e+01
1.638888888888888840e+00 1.886708643946506925e+01
1.649149149149149007e+00 1.889215720467756299e+01
1.659409409409409397e+00 1.891724009251956673e+01
1.669669669669669565e+00 1.894233514721037537e+01
1.679929929929929955e+00 1.896744241306056722e+01
1.690190190190190123e+00 1.899256193447203600e+01
1.700450450450450290e+00 1.901769375593796241e+01
1.710710710710710680e+00 1.904283792204287451e+01
1.720970970970970848e+00 1.906799447746259446e+01
1.731231231231231238e+00 1.909316346696423494e+01
1.741491491491491406e+00 1.911834493540620983e+01
1.751751751751751796e+00 1.914353892773829813e+01
1.762012012012011963e+00 1.916874548900148056e+01
1.772272272272272131e+00 1.919396466432814918e+01
1.782532532532532521e+00 1.921919649894192261e+01
1.792792792792792689e+00 1.924444103815780238e+01
1.803053053053053079e+00 1.926969832738198107e+01
1.813313313313313246e+00 1.929496841211201996e+01
1.823573573573573414e+00 1.932025133793682414e+01
1.833833833833833804e+00 1.934554715053647200e+01
1.844094094094093972e+00 1.937085589568248167e+01
1.854354354354354362e+00 1.939617761923745931e+01
1.864614614614614529e+00 1.942151236715551477e+01
1.874874874874874697e+00 1.944686018548192763e+01
1.885135135135135087e+00 1.947222112035327157e+01
1.895395395395395255e+00 1.949759521799734685e+01
1.905655655655655645e+00 1.952298252473333662e+01
1.915915915915915813e+00 1.954838308697154758e+01
1.926176176176176202e+00 1.957379695121365515e+01
1.936436436436436370e+00 1.959922416405254353e+01
1.946696696696696538e+00 1.962466477217229510e+01
1.956956956956956928e+00 1.965011882234827922e+01
1.967217217217217096e+00 1.967558636144708473e+01
1.977477477477477485e+00 1.970106743642648439e+01
1.987737737737737653e+00 1.972656209433548469e+01
1.997997997997997821e+00 1.975207038231425116e+01
2.008258258258257989e+00 1.977759234759417595e+01
2.018518518518518157e+00 1.980312803749775696e+01
2.028778778778778769e+00 1.982867749943868674e+01
2.039039039039038936e+00 1.985424078092182398e+01
2.049299299299299548e+00 1.987981792954303728e+01
2.059559559559559716e+00 1.990540899298943245e+01
2.069819819819819884e+00 1.993101401903917136e+01
2.080080080080080052e+00 1.995663305556138312e+01
2.090340340340340219e+00 1.998226615051639499e+01
2.100600600600600387e+00 2.000791335195543041e+01
2.110860860860860555e+00 2.003357470802083995e+01
2.121121121121120723e+00 2.005925026694586322e+01
2.131381381381381335e+00 2.008494007705473550e+01
2.141641641641641503e+00 2.011064418676259180e+01
2.151901901901902114e+00 2.013636264457558056e+01
2.162162162162162282e+00 2.016209549909056165e+01
2.172422422422422450e+00 2.018784279899535150e+01
2.182682682682682618e+00 2.021360459306854551e+01
2.192942942942942786e+00 2.023938093017957485e+01
2.203203203203202953e+00 2.026517185928847908e+01
2.213463463463463121e+00 2.029097742944617977e+01
2.223723723723723733e+00 2.031679768979413581e+01
2.233983983983983901e+00 2.034263268956452109e+01
2.244244244244244069e+00 2.036848247808007883e+01
2.254504504504504681e+00 2.039434710475406121e+01
2.264764764764764848e+00 2.042022661909029679e+01
2.275025025025025016e+00 2.044612107068298101e+01
2.285285285285285184e+00 2.047203050921681111e+01
2.295545545545545352e+00 2.049795498446677655e+01
2.305805805805805520e+00 2.052389454629816967e+01
2.316066066066065687e+00 2.054984924466660701e+01
2.326326326326326299e+00 2.057581912961783033e+01
2.336586586586586467e+00 2.060180425128771020e+01
2.346846846846847079e+00 2.062780465990220691e+01
2.357107107107107247e+00 2.065382040577733136e+01
2.367367367367367414e+00 2.067985153931896747e+01
2.377627627627627582e+00 2.070589811102293609e+01
2.387887887887887750e+00 2.073196017147482095e+01
2.398148148148147918e+00 2.075803777134998285e+01
2.408408408408408086e+00 2.078413096141333583e+01
2.418668668668668253e+00 2.081023979251948219e+01
2.428928928928928865e+00 2.083636431561254909e+01
2.439189189189189033e+00 2.086250458172590072e+01
2.449449449449449645e+00 2.088866064198239059e+01
2.459709709709709813e+00 2.091483254759407373e+01
2.469969969969969981e+00 2.094102034986207883e+01
2.480230230230230148e+00 2.096722410017666860e+01
2.490490490490490316e+00 2.099344385001700175e+01
2.500750750750750484e+00 2.101967965095114366e+01
2.511011011011011096e+00 2.104593155463580700e+01
2.521271271271271264e+00 2.107219961281644771e+01
2.531531531531531432e+00 2.109848387732696651e+01
2.541791791791791599e+00 2.112478440008971958e+01
2.552052052052051767e+00 2.115110123311535872e+01
2.562312312312312379e+00 2.117743442850264657e+01
2.572572572572572547e+00 2.120378403843844595e+01
2.582832832832832715e+00 2.123015011519752449e+01
2.593093093093092882e+00 2.125653271114241605e+01
2.603353353353353050e+00 2.128293187872335324e+01
2.613613613613613662e+00 2.130934767047796541e+01
2.623873873873873830e+00 2.133578013903136750e+01
2.634134134134133998e+00 2.136222933709577276e+01
2.644394394394394165e+00 2.138869531747056385e+01
2.654654654654654333e+00 2.141517813304191620e+01
2.664914914914914945e+00 2.144167783678286909e+01
2.675175175175175113e+00 2.146819448175289580e+01
2.685435435435435281e+00 2.149472812109796038e+01
2.695695695695695449e+00 2.152127880805025129e+01
2.705955955955956060e+00 2.154784659592798235e+01
2.716216216216216228e+00 2.157443153813527914e+01
2.726476476476476396e+00 2.160103368816186276e+01
2.736736736736736564e+00 2.162765309958301074e+01
2.746996996996996732e+00 2.165428982605923736e+01
2.757257257257257343e+00 2.168094392133619763e+01
2.767517517517517511e+00 2.170761543924431436e+01
2.777777777777777679e+00 2.173430443369873899e+01
2.788038038038037847e+00 2.176101095869903546e+01
2.798298298298298015e+00 2.178773506832902385e+01
2.808558558558558627e+00 2.181447681675636474e+01
2.818818818818818794e+00 2.184123625823264092e+01
2.829079079079078962e+00 2.186801344709278894e+01
2.839339339339339130e+00 2.189480843775503516e+01
2.849599599599599298e+00 2.192162128472060800e+01
2.859859859859859910e+00 2.194845204257350346e+01
2.870120120120120077e+00 2.197530076598010851e+01
2.880380380380380245e+00 2.200216750968900570e+01
2.890640640640640413e+00 2.202905232853076711e+01
2.900900900900900581e+00 2.205595527741750317e+01
2.911161161161161193e+00 2.208287641134268853e+01
2.921421421421421361e+00 2.210981578538082459e+01
2.931681681681681528e+00 2.213677345468710556e+01
2.941941941941941696e+00 2.216374947449719812e+01
2.952202202202201864e+00 2.219074390012681164e+01
2.962462462462462476e+00 2.221775678697138545e+01
2.972722722722722644e+00 2.224478819050579048e+01
2.982982982982982811e+00 2.227183816628405211e+01
2.993243243243242979e+00 2.229890676993882437e+01
3.003503503503503591e+00 2.232599405718111640e+01
3.013763763763763759e+00 2.235310008380001889e+01
3.024024024024023927e+00 2.238022490566221023e+01
3.034284284284284094e+00 2.240736857871154797e+01
3.044544544544544262e+00 2.243453115896882721e+01
3.054804804804804874e+00 2.246171270253121932e+01
3.065065065065065042e+00 2.248891326557191661e+01
3.075325325325325210e+00 2.251613290433986592e+01
3.085585585585585378e+00 2.254337167515898699e+01
3.095845845845845545e+00 2.257062963442810499e+01
3.106106106106106157e+00 2.259790683862037142e+01
3.116366366366366325e+00 2.262520334428267788e+01
3.126626626626626493e+00 2.265251920803531505e+01
3.136886886886886661e+00 2.267985448657161740e+01
3.147147147147146828e+00 2.270720923665719582e+01
3.157407407407407440e+00 2.273458351512968179e+01
3.167667667667667608e+00 2.276197737889813055e+01
3.177927927927927776e+00 2.278939088494249532e+01
3.188188188188187944e+00 2.281682409031311920e+01
3.198448448448448111e+00 2.284427705213023785e+01
3.208708708708708723e+00 2.287174982758330799e+01
3.218968968968968891e+00 2.289924247393068057e+01
3.229229229229229059e+00 2.292675504849873036e+01
3.239489489489489227e+00 2.295428760868157880e+01
3.249749749749749395e+00 2.298184021194022364e+01
3.260010010010010006e+00 2.300941291580215875e+01
3.270270270270270174e+00 2.303700577786066717e+01
3.280530530530530342e+00 2.306461885577417803e+01
3.290790790790790510e+00 2.309225220726559513e+01
3.301051051051051122e+00 2.311990589012181374e+01
3.311311311311311290e+00 2.314757996219279690e+01
3.321571571571571457e+00 2.317527448139117041e+01
3.331831831831831625e+00 2.320298950569126362e+01
3.342092092092091793e+00 2.323072509312866174e+01
3.352352352352352405e+00 2.325848130179931772e+01
3.362612612612612573e+00 2.328625818985886298e+01
3.372872872872872740e+00 2.331405581552190043e+01
3.383133133133132908e+00 2.334187423706113407e+01
3.393393393393393076e+00 2.336971351280680054e+01
3.403653653653653688e+00 2.339757370114566726e+01
3.413913913913913856e+00 2.342545486052033255e+01
3.424174174174174023e+00 2.345335704942846533e+01
3.434434434434434191e+00 2.348128032642181395e+01
3.444694694694694359e+00 2.350922475010547785e+01
3.454954954954954971e+00 2.353719037913708689e+01
3.465215215215215139e+00 2.356517727222570358e+01
3.475475475475475307e+00 2.359318548813116223e+01
3.485735735735735474e+00 2.362121508566312400e+01
3.495995995995995642e+00 2.364926612367998260e+01
3.506256256256256254e+00 2.367733866108807561e+01
3.516516516516516422e+00 2.370543275684076434e+01
3.526776776776776590e+00 2.373354846993714418e+01
3.537037037037036757e+00 2.376168585942155076e+01
3.547297297297296925e+00 2.378984498438203943e+01
3.557557557557557537e+00 2.381802590394975638e+01
3.567817817817817705e+00 2.384622867729754603e+01
3.578078078078077873e+00 2.387445336363917647e+01
3.588338338338338041e+00 2.390270002222809609e+01
3.598598598598598652e+00 2.393096871235630374e+01
3.608858858858858820e+00 2.395925949335330785e+01
3.619119119119118988e+00 2.398757242458498951e+01
3.629379379379379156e+00 2.401590756545233774e+01
3.639639639639639324e+00 2.404426497539030194e+01
3.649899899899899935e+00 2.407264471386667282e+01
3.660160160160160103e+00 2.410104684038078915e+01
3.670420420420420271e+00 2.412947141446218424e+01
3.680680680680680439e+00 2.415791849566957339e+01
3.690940940940940607e+00 2.418638814358930489e+01
3.701201201201201219e+00 2.421488041783418410e+01
3.711461461461461386e+00 2.424339537804210920e+01
3.721721721721721554e+00 2.427193308387480286e+01
3.731981981981981722e+00 2.430049359501620643e+01
3.742242242242241890e+00 2.432907697117128620e+01
3.752502502502502502e+00 2.435768327206459816e+01
3.762762762762762669e+00 2.438631255743868564e+01
3.773023023023022837e+00 2.441496488705280044e+01
3.783283283283283005e+00 2.444364032068121872e+01
3.793543543543543173e+00 2.447233891811187689e+01
3.803803803803803785e+00 2.450106073914473725e+01
3.814064064064063952e+00 2.452980584359028882e+01
3.824324324324324120e+00 2.455857429126776026e+01
3.834584584584584288e+00 2.458736614200385873e+01
3.844844844844844456e+00 2.461618145563064530e+01
3.855105105105105068e+00 2.464502029198430932e+01
3.865365365365365236e+00 2.467388271090324636e+01
3.875625625625625403e+00 2.470276877222621437e+01
3.885885885885885571e+00 2.473167853579092679e+01
3.896146146146146183e+00 2.476061206143189253e+01
3.906406406406406351e+00 2.478956940897878525e+01
3.916666666666666519e+00 2.481855063825469543e+01
3.926926926926926686e+00 2.484755580907406269e+01
3.937187187187186854e+00 2.487658498124082129e+01
3.947447447447447466e+00 2.490563821454664861e+01
3.957707707707707634e+00 2.493471556876870565e+01
3.967967967967967802e+00 2.496381710366797790e+01
3.978228228228227970e+00 2.499294287898693057e+01
3.988488488488488137e+00 2.502209295444772863e+01
3.998748748748748749e+00 2.505126738974997380e+01
4.009009009009009361e+00 2.508046624456866880e+01
4.019269269269269529e+00 2.510968957855208927e+01
4.029529529529529697e+00 2.513893745131952784e+01
4.039789789789789864e+00 2.516820992245915534e+01
4.050050050050050032e+00 2.519750705152565118e+01
4.060310310310310200e+00 2.522682889803817119e+01
4.070570570570570368e+00 2.525617552147776479e+01
4.080830830830830536e+00 2.528554698128515099e+01
4.091091091091090703e+00 2.531494333685828124e+01
4.101351351351350871e+00 2.534436464755009055e+01
4.111611611611611039e+00 2.537381097266577612e+01
4.121871871871871207e+00 2.540328237146047030e+01
4.132132132132131375e+00 2.543277890313673240e+01
4.142392392392391542e+00 2.546230062684184858e+01
4.152652652652652598e+00 2.549184760166539121e+01
4.162912912912912766e+00 2.552141988663638372e+01
4.173173173173172934e+00 2.555101754072086706e+01
4.183433433433433102e+00 2.558064062281894380e+01
4.193693693693694158e+00 2.561028919176220242e+01
4.203953953953954326e+00 2.563996330631075082e+01
4.214214214214214493e+00 2.566966302515054466e+01
4.224474474474474661e+00 2.569938840689036752e+01
4.234734734734734829e+00 2.572913951005904565e+01
4.244994994994994997e+00 2.575891639310234282e+01
4.255255255255255165e+00 2.578871911438007558e+01
4.265515515515515332e+00 2.581854773216305077e+01
4.275775775775775500e+00 2.584840230462987165e+01
4.286036036036035668e+00 2.587828288986397496e+01
4.296296296296295836e+00 2.590818954585027356e+01
4.306556556556556004e+00 2.593812233047209759e+01
4.316816816816816171e+00 2.596808130150784066e+01
4.327077077077076339e+00 2.599806651662767010e+01
4.337337337337336507e+00 2.602807803339014470e+01
4.347597597597597563e+00 2.605811590923889298e+01
4.357857857857857731e+00 2.608818020149908889e+01
4.368118118118117899e+00 2.611827096737395948e+01
4.378378378378378066e+00 2.614838826394131388e+01
4.388638638638638234e+00 2.617853214814983431e+01
4.398898898898899290e+00 2.620870267681556243e+01
4.409159159159159458e+00 2.623889990661814764e+01
4.419419419419419626e+00 2.626912389409709192e+01
4.429679679679679793e+00 2.629937469564800878e+01
4.439939939939939961e+00 2.632965236751873661e+01
4.450200200200200129e+00 2.635995696580552305e+01
4.460460460460460297e+00 2.639028854644893940e+01
4.470720720720720465e+00 2.642064716523008272e+01
4.480980980980980632e+00 2.645103287776639789e+01
4.491241241241240800e+00 2.648144573950759906e+01
4.501501501501500968e+00 2.651188580573153075e+01
4.511761761761761136e+00 2.654235313153994724e+01
4.522022022022022192e+00 2.657284777185434876e+01
4.532282282282282360e+00 2.660336978141148379e+01
4.542542542542542527e+00 2.663391921475912483e+01
4.552802802802802695e+00 2.666449612625153165e+01
4.563063063063062863e+00 2.669510057004514536e+01
4.573323323323323031e+00 2.672573260009385265e+01
4.583583583583583199e+00 2.675639227014446320e+01
4.593843843843843366e+00 2.678707963373202361e+01
4.604104104104103534e+00 2.681779474417524867e+01
4.614364364364364590e+00 2.684853765457153685e+01
4.624624624624624758e+00 2.687930841779219548e+01
4.634884884884884926e+00 2.691010708647766592e+01
4.645145145145145094e+00 2.694093371303241469e+01
4.655405405405405261e+00 2.697178834962002369e+01
4.665665665665665429e+00 2.700267104815799968e+01
4.675925925925925597e+00 2.703358186031281107e+01
4.686186186186185765e+00 2.706452083749445947e+01
4.696446446446445933e+00 2.709548803085138502e+01
4.706706706706706100e+00 2.712648349126509117e+01
4.716966966966967156e+00 2.715750726934466286e+01
4.727227227227227324e+00 2.718855941542139831e+01
4.737487487487487492e+00 2.721963997954330949e+01
4.747747747747747660e+00 2.725074901146939155e+01
4.758008008008007828e+00 2.728188656066409479e+01
4.768268268268267995e+00 2.731305267629160838e+01
4.778528528528528163e+00 2.734424740720986335e+01
4.788788788788788331e+00 2.737547080196489446e+01
4.799049049049048499e+00 2.740672290878486450e+01
4.809309309309308667e+00 2.743800377557395365e+01
4.819569569569569722e+00 2.746931344990640511e+01
4.829829829829829890e+00 2.750065197902026881e+01
4.840090090090090058e+00 2.753201940981136531e+01
4.850350350350350226e+00 2.756341578882681986e+01
4.860610610610610394e+00 2.759484116225877770e+01
4.870870870870870561e+00 2.762629557593798779e+01
4.881131131131130729e+00 2.765777907532742574e+01
4.891391391391390897e+00 2.768929170551533048e+01
4.901651651651651065e+00 2.772083351120896211e+01
4.911911911911912121e+00 2.775240453672779495e+01
4.922172172172172289e+00 2.778400482599653287e+01
4.932432432432432456e+00 2.781563442253838048e+01
4.942692692692692624e+00 2.784729336946813305e+01
4.952952952952952792e+00 2.787898170948496812e+01
4.963213213213212960e+00 2.791069948486559582e+01
4.973473473473473128e+00 2.794244673745681951e+01
4.983733733733733295e+00 2.797422350866848717e+01
4.993993993993993463e+00 2.800602983946603075e+01
5.004254254254253631e+00 2.803786577036306582e+01
5.014514514514514687e+00 2.806973134141400550e+01
5.024774774774774855e+00 2.810162659220617698e+01
5.035035035035035023e+00 2.813355156185261308e+01
5.045295295295295190e+00 2.816550628898393782e+01
5.055555555555555358e+00 2.819749081174072103e+01
5.065815815815815526e+00 2.822950516776559127e+01
5.076076076076075694e+00 2.826154939419514633e+01
5.086336336336335862e+00 2.829362352765198096e+01
5.096596596596596029e+00 2.832572760423644098e+01
5.106856856856856197e+00 2.835786165951848403e+01
5.117117117117117253e+00 2.839002572852935558e+01
5.127377377377377421e+00 2.842221984575310501e+01
5.137637637637637589e+00 2.845444404511820480e+01
5.147897897897897757e+00 2.848669835998877176e+01
5.158158158158157924e+00 2.851898282315626432e+01
5.168418418418418092e+00 2.855129746683034142e+01
5.178678678678678260e+00 2.858364232263032534e+01
5.188938938938938428e+00 2.861601742157606409e+01
5.199199199199198596e+00 2.864842279407916692e+01
5.209459459459459651e+00 2.868085846993359311e+01
5.219719719719719819e+00 2.871332447830677737e+01
5.229979979979979987e+00 2.874582084773016177e+01
5.240240240240240155e+00 2.877834760608982734e+01
5.250500500500500323e+00 2.881090478061722493e+01
5.260760760760760490e+00 2.884349239787942309e+01
5.271021021021020658e+00 2.887611048376957612e+01
5.281281281281280826e+00 2.890875906349718960e+01
5.291541541541540994e+00 2.894143816157825455e+01
5.301801801801801162e+00 2.897414780182540994e+01
5.312062062062062218e+00 2.900688800733795958e+01
5.322322322322322385e+00 2.903965880049171489e+01
5.332582582582582553e+00 2.907246020292871336e+01
5.342842842842842721e+00 2.910529223554726030e+01
5.353103103103102889e+00 2.913815491849121386e+01
5.363363363363363057e+00 2.917104827113969989e+01
5.373623623623623224e+00 2.920397231209659594e+01
5.383883883883883392e+00 2.923692705917973456e+01
5.394144144144143560e+00 2.926991252941025934e+01
5.404404404404403728e+00 2.930292873900173589e+01
5.414664664664664784e+00 2.933597570334932314e+01
5.424924924924924952e+00 2.936905343701857518e+01
5.435185185185185119e+00 2.940216195373447761e+01
5.445445445445445287e+00 2.943530126637011435e+01
5.455705705705705455e+00 2.946847138693542689e+01
5.465965965965965623e+00 2.950167232656578520e+01
5.476226226226225791e+00 2.953490409551045204e+01
5.486486486486485958e+00 2.956816670312103668e+01
5.496746746746746126e+00 2.960146015783976736e+01
5.507007007007007182e+00 2.963478446718768211e+01
5.517267267267267350e+00 2.966813963775274132e+01
5.527527527527527518e+00 2.970152567517787290e+01
5.537787787787787686e+00 2.973494258414890012e+01
5.548048048048047853e+00 2.976839036838228481e+01
5.558308308308308021e+00 2.980186903061298764e+01
5.568568568568568189e+00 2.983537857258187742e+01
5.578828828828828357e+00 2.986891899502348835e+01
5.589089089089088525e+00 2.990249029765338307e+01
5.599349349349348692e+00 2.993609247915534510e+01
5.609609609609609748e+00 2.996972553716885201e+01
5.619869869869869916e+00 3.000338946827612929e+01
5.630130130130130084e+00 3.003708426798898046e+01
5.640390390390390252e+00 3.007080993073614650e+01
5.650650650650650419e+00 3.010456644984981978e+01
5.660910910910910587e+00 3.013835381755260201e+01
5.671171171171170755e+00 3.017217202494394357e+01
5.681431431431430923e+00 3.020602106198700199e+01
5.691691691691691091e+00 3.023990091749487163e+01
5.701951951951951258e+00 3.027381157911706566e+01
5.712212212212212314e+00 3.030775303332574566e+01
5.722472472472472482e+00 3.034172526540190518e+01
5.732732732732732650e+00 3.037572825942153187e+01
5.742992992992992818e+00 3.040976199824142512e+01
5.753253253253252986e+00 3.044382646348524801e+01
5.763513513513513153e+00 3.047792163552934142e+01
5.773773773773773321e+00 3.051204749348816847e+01
5.784034034034033489e+00 3.054620401520033113e+01
5.794294294294293657e+00 3.058039117721370914e+01
5.804554554554554713e+00 3.061460895477111421e+01
5.814814814814814881e+00 3.064885732179550004e+01
5.825075075075075048e+00 3.068313625087528607e+01
5.835335335335335216e+00 3.071744571324940409e+01
5.845595595595595384e+00 3.075178567879240177e+01
5.855855855855855552e+00 3.078615611599948565e+01
5.866116116116115720e+00 3.082055699197115928e+01
5.876376376376375887e+00 3.085498827239826625e+01
5.886636636636636055e+00 3.088944992154645774e+01
5.896896896896896223e+00 3.092394190224099759e+01
5.907157157157157279e+00 3.095846417585095978e+01
5.917417417417417447e+00 3.099301670227402283e+01
5.927677677677677615e+00 3.102759943992053948e+01
5.937937937937937782e+00 3.106221234569792244e+01
5.948198198198197950e+00 3.109685537499454711e+01
5.958458458458458118e+00 3.113152848166429720e+01
5.968718718718718286e+00 3.116623161800995234e+01
5.978978978978978454e+00 3.120096473476765198e+01
5.989239239239238621e+00 3.123572778109027581e+01
5.999499499499498789e+00 3.127052070453145660e+01
6.009759759759759845e+00 3.130534345102900318e+01
6.020020020020020013e+00 3.134019596488870718e+01
6.030280280280280181e+00 3.137507818876764176e+01
6.040540540540540349e+00 3.140999006365762725e+01
6.050800800800800516e+00 3.144493152886860088e+01
6.061061061061060684e+00 3.147990252201175920e+01
6.071321321321320852e+00 3.151490297898278925e+01
6.081581581581581020e+00 3.154993283394501447e+01
6.091841841841841187e+00 3.158499201931230616e+01
6.102102102102102243e+00 3.162008046573221876e+01
6.112362362362362411e+00 3.165519810206840035e+01
6.122622622622622579e+00 3.169034485538400858e+01
6.132882882882882747e+00 3.172552065092398266e+01
6.143143143143142915e+00 3.176072541209793698e+01
6.153403403403403082e+00 3.179595906046253972e+01
6.163663663663663250e+00 3.183122151570417913e+01
6.173923923923923418e+00 3.186651269562141664e+01
6.184184184184183586e+00 3.190183251610724824e+01
6.194444444444443754e+00 3.193718089113166059e+01
6.204704704704704810e+00 3.197255773272345891e+01
6.214964964964964977e+00 3.200796295095299371e+01
6.225225225225225145e+00 3.204339645391380742e+01
6.235485485485485313e+00 3.207885814770518351e+01
6.245745745745745481e+00 3.211434793641357999e+01
6.256006006006005649e+00 3.214986572209512161e+01
6.266266266266265816e+00 3.218541140475731765e+01
6.276526526526525984e+00 3.222098488234078673e+01
6.286786786786786152e+00 3.225658605070114504e+01
6.297047047047046320e+00 3.229221480359079521e+01
6.307307307307307376e+00 3.232787103264064399e+01
6.317567567567567544e+00 3.236355462734155708e+01
6.327827827827827711e+00 3.239926547502621901e+01
6.338088088088087879e+00 3.243500346085057373e+01
6.348348348348348047e+00 3.247076846777519421e+01
6.358608608608608215e+00 3.250656037654709962e+01
6.368868868868868383e+00 3.254237906568089045e+01
6.379129129129128550e+00 3.257822441144031700e+01
6.389389389389388718e+00 3.261409628781937187e+01
6.399649649649649774e+00 3.264999456652419951e+01
6.409909909909909942e+00 3.268591911695372687e+01
6.420170170170170110e+00 3.272186980618121765e+01
6.430430430430430278e+00 3.275784649893575562e+01
6.440690690690690445e+00 3.279384905758289648e+01
6.450950950950950613e+00 3.282987734210647091e+01
6.461211211211210781e+00 3.286593121008932172e+01
6.471471471471470949e+00 3.290201051669459531e+01
6.481731731731731116e+00 3.293811511464674169e+01
6.491991991991991284e+00 3.297424485421310436e+01
6.502252252252252340e+00 3.301039958318416012e+01
6.512512512512512508e+00 3.304657914685559916e+01
6.522772772772772676e+00 3.308278338800838725e+01
6.533033033033032844e+00 3.311901214689094530e+01
6.543293293293293011e+00 3.315526526119901973e+01
6.553553553553553179e+00 3.319154256605778386e+01
6.563813813813813347e+00 3.322784389400231930e+01
6.574074074074073515e+00 3.326416907495854502e+01
6.584334334334333683e+00 3.330051793622500611e+01
6.594594594594593850e+00 3.333689030245318463e+01
6.604854854854854906e+00 3.337328599562901843e+01
6.615115115115115074e+00 3.340970483505385147e+01
6.625375375375375242e+00 3.344614663732540549e+01
6.635635635635635410e+00 3.348261121631919934e+01
6.645895895895895578e+00 3.351909838316956325e+01
6.656156156156155745e+00 3.355560794625071708e+01
6.666416416416415913e+00 3.359213971115805464e+01
6.676676676676676081e+00 3.362869348068927877e+01
6.686936936936936249e+00 3.366526905482569276e+01
6.697197197197197305e+00 3.370186623071355569e+01
6.707457457457457473e+00 3.373848480264541649e+01
6.717717717717717640e+00 3.377512456204090796e+01
6.727977977977977808e+00 3.381178529742919636e+01
6.738238238238237976e+00 3.384846679442944151e+01
6.748498498498498144e+00 3.388516883573277738e+01
6.758758758758758312e+00 3.392189120108353961e+01
6.769019019019018479e+00 3.395863366726155874e+01
6.779279279279278647e+00 3.399539600806252793e+01
6.789539539539538815e+00 3.403217799428096413e+01
6.799799799799799871e+00 3.406897939369108741e+01
6.810060060060060039e+00 3.410579997102943395e+01
6.820320320320320207e+00 3.414263948797578507e+01
6.830580580580580374e+00 3.417949770313610003e+01
6.840840840840840542e+00 3.421637437202379317e+01
6.851101101101100710e+00 3.425326924704218357e+01
6.861361361361360878e+00 3.429018207746666036e+01
6.871621621621621046e+00 3.432711260942699028e+01
6.881881881881881213e+00 3.436406058588948298e+01
6.892142142142141381e+00 3.440102574663973201e+01
6.902402402402402437e+00 3.443800782826482987e+01
6.912662662662662605e+00 3.447500656413620845e+01
6.922922922922922773e+00 3.451202168439246520e+01
6.933183183183182940e+00 3.454905291592197614e+01
6.943443443443443108e+00 3.458609998234574334e+01
6.953703703703703276e+00 3.462316260400083934e+01
6.963963963963963444e+00 3.466024049792321193e+01
6.974224224224223612e+00 3.469733337783137728e+01
6.984484484484483779e+00 3.473444095410923182e+01
6.994744744744744835e+00 3.477156293379030672e+01
7.005005005005005003e+00 3.480869902054037368e+01
7.015265265265265171e+00 3.484584891464251655e+01
7.025525525525525339e+00 3.488301231297999294e+01
7.035785785785785507e+00 3.492018890902109973e+01
7.046046046046045674e+00 3.495737839280240422e+01
7.056306306306305842e+00 3.499458045091419223e+01
7.066566566566566010e+00 3.503179476648420376e+01
7.076826826826826178e+00 3.506902101916209347e+01
7.087087087087086346e+00 3.510625888510536896e+01
7.097347347347347402e+00 3.514350803696284231e+01
7.107607607607607569e+00 3.518076814386096629e+01
7.117867867867867737e+00 3.521803887138843692e+01
7.128128128128127905e+00 3.525531988158195418e+01
7.138388388388388073e+00 3.529261083291173406e+01
7.148648648648648241e+00 3.532991138026724798e+01
7.158908908908908408e+00 3.536722117494346662e+01
7.169169169169168576e+00 3.540453986462676994e+01
7.179429429429428744e+00 3.544186709338129759e+01
7.189689689689688912e+00 3.547920250163594602e+01
7.199949949949949968e+00 3.551654572617044892e+01
7.210210210210210136e+00 3.555389640010305641e+01
7.220470470470470303e+00 3.559125415287694238e+01
7.230730730730730471e+00 3.562861861024832422e+01
7.240990990990990639e+00 3.566598939427360904e+01
7.251251251251250807e+00 3.570336612329711556e+01
7.261511511511510975e+00 3.574074841193936436e+01
7.271771771771771142e+00 3.577813587108541782e+01
7.282032032032031310e+00 3.581552810787279384e+01
7.292292292292292366e+00 3.585292472568072952e+01
7.302552552552552534e+00 3.589032532411925303e+01
7.312812812812812702e+00 3.592772949901770119e+01
7.323073073073072869e+00 3.596513684241431719e+01
7.333333333333333037e+00 3.600254694254667243e+01
7.343593593593593205e+00 3.603995938384091602e+01
7.353853853853853373e+00 3.607737374690165666e+01
7.364114114114113541e+00 3.611478960850349296e+01
7.374374374374373708e+00 3.615220654158054003e+01
7.384634634634633876e+00 3.618962411521857803e+01
7.394894894894894932e+00 3.622704189464495528e+01
7.405155155155155100e+00 3.626445944122154685e+01
7.415415415415415268e+00 3.630187631243538959e+01
7.425675675675675436e+00 3.633929206189151984e+01
7.435935935935935603e+00 3.637670623930530667e+01
7.446196196196195771e+00 3.641411839049432331e+01
7.456456456456455939e+00 3.645152805737237856e+01
7.466716716716716107e+00 3.648893477794252505e+01
7.476976976976976275e+00 3.652633808628991119e+01
7.487237237237236442e+00 3.656373751257667237e+01
7.497497497497497498e+00 3.660113258303527317e+01
7.507757757757757666e+00 3.663852281996387461e+01
7.518018018018017834e+00 3.667590774172017376e+01
7.528278278278278002e+00 3.671328686271769470e+01
7.538538538538538170e+00 3.675065969342030314e+01
7.548798798798798337e+00 3.678802574033850448e+01
7.559059059059058505e+00 3.682538450602532976e+01
7.569319319319318673e+00 3.686273548907330877e+01
7.579579579579578841e+00 3.690007818411073259e+01
7.589839839839839897e+00 3.693741208179953617e+01
7.600100100100100065e+00 3.697473666883159638e+01
7.610360360360360232e+00 3.701205142792832703e+01
7.620620620620620400e+00 3.704935583783729669e+01
7.630880880880880568e+00 3.708664937333197287e+01
7.641141141141140736e+00 3.712393150521053542e+01
7.651401401401400904e+00 3.716120170029426362e+01
7.661661661661661071e+00 3.719845942142834616e+01
7.671921921921921239e+00 3.723570412748192382e+01
7.682182182182181407e+00 3.727293527334791889e+01
7.692442442442442463e+00 3.731015230994408682e+01
7.702702702702702631e+00 3.734735468421506255e+01
7.712962962962962798e+00 3.738454183913255946e+01
7.723223223223222966e+00 3.742171321369875159e+01
7.733483483483483134e+00 3.745886824294792916e+01
7.743743743743743302e+00 3.749600635794976711e+01
7.754004004004003470e+00 3.753312698581230222e+01
7.764264264264263637e+00 3.757022954968553563e+01
7.774524524524523805e+00 3.760731346876584524e+01
7.784784784784783973e+00 3.764437815830014955e+01
7.795045045045045029e+00 3.768142302959098089e+01
7.805305305305305197e+00 3.771844749000155872e+01
7.815565565565565365e+00 3.775545094296217030e+01
7.825825825825825532e+00 3.779243278797532213e+01
7.836086086086085700e+00 3.782939242062353458e+01
7.846346346346345868e+00 3.786632923257512573e+01
7.856606606606606036e+00 3.790324261159336316e+01
7.866866866866866204e+00 3.794013194154238278e+01
7.877127127127126371e+00 3.797699660239724295e+01
7.887387387387387427e+00 3.801383597025147765e+01
7.897647647647647595e+00 3.805064941732783979e+01
7.907907907907907763e+00 3.808743631198615986e+01
7.918168168168167931e+00 3.812419601873534702e+01
7.928428428428428099e+00 3.816092789824261189e+01
7.938688688688688266e+00 3.819763130734556000e+01
7.948948948948948434e+00 3.823430559906331894e+01
7.959209209209208602e+00 3.827095012260828355e+01
7.969469469469468770e+00 3.830756422339938183e+01
7.979729729729728938e+00 3.834414724307394806e+01
7.989989989989989994e+00 3.838069851950243105e+01
8.000250250250250161e+00 3.841721738680169551e+01
8.010510510510510329e+00 3.845370317534923998e+01
8.020770770770770497e+00 3.849015521179805432e+01
8.031031031031030665e+00 3.852657281909296216e+01
8.041291291291290833e+00 3.856295531648448360e+01
8.051551551551551000e+00 3.859930201954765749e+01
8.061811811811811168e+00 3.863561224019737494e+01
8.072072072072071336e+00 3.867188528670533287e+01
8.082332332332331504e+00 3.870812046371928972e+01
8.092592592592591672e+00 3.874431707228012556e+01
8.102852852852851839e+00 3.878047440984120442e+01
8.113113113113112007e+00 3.881659177028789287e+01
8.123373373373372175e+00 3.885266844395665231e+01
8.133633633633632343e+00 3.888870371765599998e+01
8.143893893893892511e+00 3.892469687468715733e+01
8.154154154154152678e+00 3.896064719486544448e+01
8.164414414414412846e+00 3.899655395454160356e+01
8.174674674674673014e+00 3.903241642662539590e+01
8.184934934934934958e+00 3.906823388060628588e+01
8.195195195195195126e+00 3.910400558257980919e+01
8.205455455455455294e+00 3.913973079526857646e+01
8.215715715715715461e+00 3.917540877804839283e+01
8.225975975975975629e+00 3.921103878697228851e+01
8.236236236236235797e+00 3.924662007479670223e+01
8.246496496496495965e+00 3.928215189100713900e+01
8.256756756756756133e+00 3.931763348184380646e+01
8.267017017017016300e+00 3.935306409033017161e+01
8.277277277277276468e+00 3.938844295629898085e+01
8.287537537537538412e+00 3.942376931642091620e+01
8.297797797797798580e+00 3.945904240423374887e+01
8.308058058058058748e+00 3.949426145016983725e+01
8.318318318318318916e+00 3.952942568158709236e+01
8.328578578578579084e+00 3.956453432279874960e+01
8.338838838838839251e+00 3.959958659510292733e+01
8.349099099099099419e+00 3.963458171681606501e+01
8.359359359359359587e+00 3.966951890330138042e+01
8.369619619619619755e+00 3.970439736700455313e+01
8.379879879879879923e+00 3.973921631748321914e+01
8.390140140140140090e+00 3.977397496144234879e+01
8.400400400400400258e+00 3.980867250276805436e+01
8.410660660660660426e+00 3.984330814255869058e+01
8.420920920920920594e+00 3.987788107916444602e+01
8.431181181181180762e+00 3.991239050821871359e+01
8.441441441441440929e+00 3.994683562267576349e+01
8.451701701701701097e+00 3.998121561284699510e+01
8.461961961961961265e+00 4.001552966643738074e+01
8.472222222222221433e+00 4.004977696858141911e+01
8.482482482482481601e+00 4.008395670188393467e+01
8.492742742742741768e+00 4.011806804645679136e+01
8.503003003003001936e+00 4.015211017995782328e+01
8.513263263263262104e+00 4.018608227762958052e+01
8.523523523523522272e+00 4.021998351234073255e+01
8.533783783783784216e+00 4.025381305462516224e+01
8.544044044044044384e+00 4.028757007272453450e+01
8.554304304304304551e+00 4.032125373262724111e+01
8.564564564564564719e+00 4.035486319811180067e+01
8.574824824824824887e+00 4.038839763078978962e+01
8.585085085085085055e+00 4.042185619014813369e+01
8.595345345345345223e+00 4.045523803359186843e+01
8.605605605605605390e+00 4.048854231648884650e+01
8.615865865865865558e+00 4.052176819221383397e+01
8.626126126126125726e+00 4.055491481219333849e+01
8.636386386386385894e+00 4.058798132595155295e+01
8.646646646646646062e+00 4.062096688115559573e+01
8.656906906906906229e+00 4.065387062366112048e+01
8.667167167167166397e+00 4.068669169756078219e+01
8.677427427427426565e+00 4.071942924523092699e+01
8.687687687687686733e+00 4.075208240737767795e+01
8.697947947947946901e+00 4.078465032308774596e+01
8.708208208208207068e+00 4.081713212987522610e+01
8.718468468468467236e+00 4.084952696373203196e+01
8.728728728728729180e+00 4.088183395917642571e+01
8.738988988988989348e+00 4.091405224930310425e+01
8.749249249249249516e+00 4.094618096583415223e+01
8.759509509509509684e+00 4.097821923917096854e+01
8.769769769769769852e+00 4.101016619844293132e+01
8.780030030030030019e+00 4.104202097156235851e+01
8.790290290290290187e+00 4.107378268527362053e+01
8.800550550550550355e+00 4.110545046520940105e+01
8.810810810810810523e+00 4.113702343594052735e+01
8.821071071071070691e+00 4.116850072103071767e+01
8.831331331331330858e+00 4.119988144309190403e+01
8.841591591591591026e+00 4.123116472383667741e+01
8.851851851851851194e+00 4.126234968413344006e+01
8.862112112112111362e+00 4.129343544406236788e+01
8.872372372372371530e+00 4.132442112297096770e+01
8.882632632632631697e+00 4.135530583952908756e+01
8.892892892892891865e+00 4.138608871178583826e+01
8.903153153153152033e+00 4.141676885722656465e+01
8.913413413413412201e+00 4.144734539283039254e+01
8.923673673673672369e+00 4.147781743512595654e+01
8.933933933933934313e+00 4.150818410025163274e+01
8.944194194194194480e+00 4.153844450401142296e+01
8.954454454454454648e+00 4.156859776193623190e+01
8.964714714714714816e+00 4.159864298934056137e+01
8.974974974974974984e+00 4.162857930138228824e+01
8.985235235235235152e+00 4.165840581312330926e+01
8.995495495495495319e+00 4.168812163958869377e+01
9.005755755755755487e+00 4.171772589582707980e+01
9.016016016016015655e+00 4.174721769697148233e+01
9.026276276276275823e+00 4.177659615829993811e+01
9.036536536536535991e+00 4.180586039529710973e+01
9.046796796796796158e+00 4.183500952371647941e+01
9.057057057057056326e+00 4.186404265964070959e+01
9.067317317317316494e+00 4.189295891954439099e+01
9.077577577577576662e+00 4.192175742035717434e+01
9.087837837837836830e+00 4.195043727952687362e+01
9.098098098098096997e+00 4.197899761507899541e+01
9.108358358358357165e+00 4.200743754568627963e+01
9.118618618618617333e+00 4.203575619072601199e+01
9.128878878878879277e+00 4.206395267034665153e+01
9.139139139139139445e+00 4.209202610553199264e+01
9.149399399399399613e+00 4.211997561816607316e+01
9.159659659659659781e+00 4.214780033109386181e+01
9.169919919919919948e+00 4.217549936819172984e+01
9.180180180180180116e+00 4.220307185442757714e+01
9.190440440440440284e+00 4.223051691592861090e+01
9.200700700700700452e+00 4.225783368004525897e+01
9.210960960960960620e+00 4.228502127541758426e+01
9.221221221221220787e+00 4.231207883204126574e+01
9.231481481481480955e+00 4.233900548133101438e+01
9.241741741741741123e+00 4.236580035619103057e+01
9.252002002002001291e+00 4.239246259107802928e+01
9.262262262262261459e+00 4.241899132206775391e+01
9.272522522522521626e+00 4.244538568692175318e+01
9.282782782782781794e+00 4.247164482515626815e+01
9.293043043043041962e+00 4.249776787810570511e+01
9.303303303303302130e+00 4.252375398899192760e+01
9.313563563563562298e+00 4.254960230298924984e+01
9.323823823823824242e+00 4.257531196729448908e+01
9.334084084084084409e+00 4.260088213119102818e+01
9.344344344344344577e+00 4.262631194611878271e+01
9.354604604604604745e+00 4.265160056573980540e+01
9.364864864864864913e+00 4.267674714600615005e+01
9.375125125125125081e+00 4.270175084522892917e+01
9.385385385385385248e+00 4.272661082414315814e+01
9.395645645645645416e+00 4.275132624597832631e+01
9.405905905905905584e+00 4.277589627652447746e+01
9.416166166166165752e+00 4.280032008419998135e+01
9.426426426426425920e+00 4.282459684011855217e+01
9.436686686686686087e+00 4.284872571815936482e+01
9.446946946946946255e+00 4.287270589503373230e+01
9.457207207207206423e+00 4.289653655035014168e+01
9.467467467467466591e+00 4.292021686668702785e+01
9.477727727727726759e+00 4.294374602965693555e+01
9.487987987987986926e+00 4.296712322797423411e+01
9.498248248248247094e+00 4.299034765352499932e+01
9.508508508508507262e+00 4.301341850143268886e+01
9.518768768768767430e+00 4.303633497012669551e+01
9.529029029029029374e+00 4.305909626140765312e+01
9.539289289289289542e+00 4.308170158051839138e+01
9.549549549549549710e+00 4.310415013621024372e+01
9.559809809809809877e+00 4.312644114080580238e+01
9.570070070070070045e+00 4.314857381027380256e+01
9.580330330330330213e+00 4.317054736428813300e+01
9.590590590590590381e+00 4.319236102630171814e+01
9.600850850850850549e+00 4.321401402360759647e+01
9.611111111111110716e+00 4.323550558741025895e+01
9.621371371371370884e+00 4.325683495288708258e+01
9.631631631631631052e+00 4.327800135925973279e+01
9.641891891891891220e+00 4.329900404985580309e+01
9.652152152152151388e+00 4.331984227217809291e+01
9.662412412412411555e+00 4.334051527796943049e+01
9.672672672672671723e+00 4.336102232327608164e+01
9.682932932932931891e+00 4.338136266851541478e+01
9.693193193193192059e+00 4.340153557854143429e+01
9.703453453453452227e+00 4.342154032270730823e+01
9.713713713713712394e+00 4.344137617493314707e+01
9.723973973973974338e+00 4.346104241376604449e+01
9.734234234234234506e+00 4.348053832244876560e+01
9.744494494494494674e+00 4.349986318898044146e+01
9.754754754754754842e+00 4.351901630618333883e+01
9.765015015015015010e+00 4.353799697176228278e+01
9.775275275275275177e+00 4.355680448837018304e+01
9.785535535535535345e+00 4.357543816367119405e+01
9.795795795795795513e+00 4.359389731040194960e+01
9.806056056056055681e+00 4.361218124643285421e+01
9.816316316316315849e+00 4.363028929483279228e+01
9.826576576576576016e+00 4.364822078392809601e+01
9.836836836836836184e+00 4.366597504736392921e+01
9.847097097097096352e+00 4.368355142416671555e+01
9.857357357357356520e+00 4.370094925880157177e+01
9.867617617617616688e+00 4.371816790123605756e+01
9.877877877877876855e+00 4.373520670699717527e+01
9.888138138138137023e+00 4.375206503723037343e+01
9.898398398398397191e+00 4.376874225875987889e+01
9.908658658658657359e+00 4.378523774414817638e+01
9.918918918918919303e+00 4.380155087175062079e+01
9.929179179179179471e+00 4.381768102577502333e+01
9.939439439439439639e+00 4.383362759633957495e+01
9.949699699699699806e+00 4.384938997952792761e+01
9.959959959959959974e+00 4.386496757744674113e+01
9.970220220220220142e+00 4.388035979828095634e+01
9.980480480480480310e+00 4.389556605634845710e+01
9.990740740740740478e+00 4.391058577215665792e+01
1.000100100100100065e+01 4.392541837245487812e+01
1.001126126126126081e+01 4.394006329029028990e+01
1.002152152152152098e+01 4.395451996505959613e+01
1.003178178178178115e+01 4.396878784256206529e+01
1.004204204204204132e+01 4.398286637505341190e+01
1.005230230230230148e+01 4.399675502129628057e+01
1.006256256256256165e+01 4.401045324661112090e+01
1.007282282282282182e+01 4.402396052292846917e+01
1.008308308308308199e+01 4.403727632883825294e+01
1.009334334334334216e+01 4.405040014963953610e+01
1.010360360360360232e+01 4.406333147738921241e+01
1.011386386386386249e+01 4.407606981095059950e+01
1.012412412412412444e+01 4.408861465604292817e+01
1.013438438438438460e+01 4.410096552528581526e+01
1.014464464464464477e+01 4.411312193824892347e+01
1.015490490490490494e+01 4.412508342149601503e+01
1.016516516516516511e+01 4.413684950863108725e+01
1.017542542542542527e+01 4.414841974034325744e+01
1.018568568568568544e+01 4.415979366445247223e+01
1.019594594594594561e+01 4.417097083595035656e+01
1.020620620620620578e+01 4.418195081704494243e+01
1.021646646646646595e+01 4.419273317720452354e+01
1.022672672672672611e+01 4.420331749319488779e+01
1.023698698698698628e+01 4.421370334912410982e+01
1.024724724724724645e+01 4.422389033648410361e+01
1.025750750750750662e+01 4.423387805418481378e+01
1.026776776776776678e+01 4.424366610859922133e+01
1.027802802802802695e+01 4.425325411359710159e+01
1.028828828828828712e+01 4.426264169058622144e+01
1.029854854854854729e+01 4.427182846854599063e+01
1.030880880880880746e+01 4.428081408406860220e+01
1.031906906906906940e+01 4.428959818138805815e+01
1.032932932932932957e+01 4.429818041241932747e+01
1.033958958958958974e+01 4.430656043679284295e+01
1.034984984984984990e+01 4.431473792188527483e+01
1.036011011011011007e+01 4.432271254285390683e+01
1.037037037037037024e+01 4.433048398266812029e+01
1.038063063063063041e+01 4.433805193214029572e+01
1.039089089089089057e+01 4.434541608995724715e+01
1.040115115115115074e+01 4.435257616270781966e+01
1.041141141141141091e+01 4.435953186491483535e+01
1.042167167167167108e+01 4.436628291906036026e+01
1.043193193193193125e+01 4.437282905561544055e+01
1.044219219219219141e+01 4.437917001306535525e+01
1.045245245245245158e+01 4.438530553793297884e+01
1.046271271271271175e+01 4.439123538481266706e+01
1.047297297297297192e+01 4.439695931638182458e+01
1.048323323323323208e+01 4.440247710343592757e+01
1.049349349349349225e+01 4.440778852490451811e+01
1.050375375375375242e+01 4.441289336787572495e+01
1.051401401401401436e+01 4.441779142761510712e+01
1.052427427427427453e+01 4.442248250759048034e+01
1.053453453453453470e+01 4.442696641948521830e+01
1.054479479479479487e+01 4.443124298322353383e+01
1.055505505505505504e+01 4.443531202698271443e+01
1.056531531531531520e+01 4.443917338721295351e+01
1.057557557557557537e+01 4.444282690865507135e+01
1.058583583583583554e+01 4.444627244435290692e+01
1.059609609609609571e+01 4.444950985566897828e+01
1.060635635635635587e+01 4.445253901229931159e+01
1.061661661661661604e+01 4.445535979228586854e+01
1.062687687687687621e+01 4.445797208202801443e+01
1.063713713713713638e+01 4.446037577629464721e+01
1.064739739739739655e+01 4.446257077823391768e+01
1.065765765765765671e+01 4.446455699938458395e+01
1.066791791791791688e+01 4.446633435968226422e+01
1.067817817817817705e+01 4.446790278747037206e+01
1.068843843843843722e+01 4.446926221950472069e+01
1.069869869869869738e+01 4.447041260096096238e+01
1.070895895895895755e+01 4.447135388544057832e+01
1.071921921921921950e+01 4.447208603497333002e+01
1.072947947947947966e+01 4.447260902002485494e+01
1.073973973973973983e+01 4.447292281949551551e+01
1.075000000000000000e+01 4.447302742072636761e+01
