5.000000000000000000e-01 2.314565726916889687e+01
8.203125000000000000e-01 2.412813564665004762e+01
1.140625000000000000e+00 2.261203155095762796e+01
1.460937500000000000e+00 2.378002011292450391e+01
1.781250000000000000e+00 2.521920588543133590e+01
2.101562500000000000e+00 2.665354192299513514e+01
2.421875000000000000e+00 3.033115289977742179e+01
2.742187500000000000e+00 2.674707516940123853e+01
3.062500000000000000e+00 2.838998482533019541e+01
3.382812500000000000e+00 3.017867461342142832e+01
3.703125000000000000e+00 3.161271482806153799e+01
4.023437500000000000e+00 3.046042330820037591e+01
4.343750000000000000e+00 3.332585152128250883e+01
4.664062500000000000e+00 3.219105213582296443e+01
4.984375000000000000e+00 3.295528828168761493e+01
5.304687500000000000e+00 3.337180104863127639e+01
5.625000000000000000e+00 3.456856362338925237e+01
5.945312500000000000e+00 3.524389089095779326e+01
6.265625000000000000e+00 3.850400954759384575e+01
6.585937500000000000e+00 3.540447351391016184e+01
6.906250000000000000e+00 4.027198677165834795e+01
7.226562500000000000e+00 4.132720931570445089e+01
7.546875000000000000e+00 3.882306280128457132e+01
7.867187500000000000e+00 3.996715782769933867e+01
8.187500000000000000e+00 4.280669414324885480e+01
8.507812500000000000e+00 4.098966220479516664e+01
8.828125000000000000e+00 4.417536710056116078e+01
9.148437500000000000e+00 4.205176024869339102e+01
9.468750000000000000e+00 4.222543912755900664e+01
9.789062500000000000e+00 4.161422185223231907e+01
1.010937500000000000e+01 4.312537469928795986e+01
1.042968750000000000e+01 4.257246449509913333e+01
1.075000000000000000e+01 4.250974933655954402e+01
