1.000000000000000021e-02 7.217593959226034575e-50
5.003003003003003712e-02 1.526620262650371329e-26
9.006006006006006537e-02 6.568178365952305830e-20
1.300900900900901214e-01 2.852832463258343134e-16
1.701201201201201496e-01 7.252077081528954105e-14
2.101501501501501779e-01 4.048562615159095026e-12
2.501801801801802339e-01 8.925520602833374934e-11
2.902102102102102621e-01 1.057643726901613191e-09
3.302402402402402903e-01 8.068761240054609122e-09
3.702702702702703186e-01 4.441868379225261715e-08
4.103003003003003468e-01 1.904297549106189425e-07
4.503303303303303751e-01 6.705835147597639916e-07
4.903603603603604588e-01 2.015867486024658450e-06
5.303903903903904871e-01 5.323875550911359596e-06
5.704204204204205153e-01 1.262573001541991851e-05
6.104504504504505435e-01 2.734919359022789894e-05
6.504804804804805718e-01 5.484640333553616304e-05
6.905105105105106000e-01 1.029376113222791282e-04
7.305405405405406283e-01 1.824128028417232924e-04
7.705705705705706565e-01 3.074325334620298198e-04
8.106006006006006848e-01 4.957771572920030784e-04
8.506306306306307130e-01 7.689077318696058150e-04
8.906606606606607413e-01 1.151819518466494887e-03
9.306906906906907695e-01 1.672687382877095872e-03
9.707207207207209088e-01 2.362319232556803553e-03
1.010750750750750937e+00 3.253447286170910776e-03
1.050780780780780965e+00 4.379896583344414750e-03
1.090810810810810993e+00 5.775675481091173923e-03
1.130840840840841022e+00 7.474034226778697443e-03
1.170870870870871050e+00 9.506535655398037910e-03
1.210900900900901078e+00 1.190217741559384916e-02
1.250930930930931106e+00 1.468659871473723851e-02
1.290960960960961135e+00 1.788139717195837142e-02
1.330990990990991163e+00 2.150357365772496282e-02
1.371021021021021191e+00 2.556511552221919781e-02
1.411051051051051219e+00 3.007272177236256644e-02
1.451081081081081248e+00 3.502766781328153778e-02
1.491111111111111276e+00 4.042580247004603361e-02
1.531141141141141304e+00 4.625766619816206598e-02
1.571171171171171332e+00 5.250871665042079750e-02
1.611201201201201361e+00 5.915964601393453037e-02
1.651231231231231389e+00 6.618677365082556441e-02
1.691261261261261417e+00 7.356249743673905217e-02
1.731291291291291445e+00 8.125578765453035646e-02
1.771321321321321474e+00 8.923270823046759725e-02
1.811351351351351502e+00 9.745695137075893744e-02
1.851381381381381530e+00 1.058903731542023274e-01
1.891411411411411558e+00 1.144935192648316585e-01
1.931441441441441809e+00 1.232261317254053495e-01
1.971471471471471837e+00 1.320476291531743618e-01
2.011501501501501643e+00 1.409175546531571399e-01
2.051531531531531449e+00 1.497959869541051203e-01
2.091561561561561700e+00 1.586439117530852316e-01
2.131591591591591506e+00 1.674235514506214328e-01
2.171621621621621756e+00 1.760986525222238419e-01
2.211651651651651562e+00 1.846347306829504153e-01
2.251681681681681813e+00 1.929992747634380890e-01
2.291711711711711619e+00 2.011619108363209840e-01
2.331741741741741869e+00 2.090945286214044574e-01
2.371771771771771675e+00 2.167713725682918202e-01
2.411801801801801926e+00 2.241691002791665610e-01
2.451831831831831732e+00 2.312668111051539022e-01
2.491861861861861982e+00 2.380460478400350799e-01
2.531891891891891788e+00 2.444907744573890374e-01
2.571921921921922038e+00 2.505873328031087977e-01
2.611951951951952289e+00 2.563243810753165208e-01
2.651981981981982095e+00 2.616928168076687045e-01
2.692012012012012345e+00 2.666856869284693898e-01
2.732042042042042151e+00 2.712980873044585906e-01
2.772072072072072402e+00 2.755270540011431346e-01
2.812102102102102208e+00 2.793714483066450094e-01
2.852132132132132458e+00 2.828318373779386552e-01
2.892162162162162264e+00 2.859103721808675114e-01
2.932192192192192515e+00 2.886106642116051391e-01
2.972222222222222321e+00 2.909376623096849857e-01
3.012252252252252571e+00 2.928975307032691822e-01
3.052282282282282377e+00 2.944975292673300826e-01
3.092312312312312628e+00 2.957458968258281917e-01
3.132342342342342434e+00 2.966517381903865935e-01
3.172372372372372684e+00 2.972249155006705390e-01
3.212402402402402490e+00 2.974759443157267702e-01
3.252432432432432741e+00 2.974158948007615821e-01
3.292462462462462547e+00 2.970562982599319057e-01
3.332492492492492797e+00 2.964090591822547416e-01
3.372522522522522603e+00 2.954863728941771739e-01
3.412552552552552854e+00 2.943006488481200167e-01
3.452582582582582660e+00 2.928644395207716800e-01
3.492612612612612910e+00 2.911903748474288234e-01
3.532642642642642716e+00 2.892911020785944309e-01
3.572672672672672967e+00 2.871792309117033870e-01
3.612702702702702773e+00 2.848672837236240762e-01
3.652732732732733023e+00 2.823676507078524689e-01
3.692762762762762829e+00 2.796925497035094854e-01
3.732792792792793080e+00 2.768539904908017824e-01
3.772822822822822886e+00 2.738637433190055370e-01
3.812852852852853136e+00 2.707333114277936104e-01
3.852882882882883386e+00 2.674739073204046025e-01
3.892912912912913193e+00 2.640964325473397212e-01
3.932942942942943443e+00 2.606114607615958589e-01
3.972972972972973249e+00 2.570292238105628679e-01
4.013003003003003499e+00 2.533596006353225905e-01
4.053033033033033306e+00 2.496121087549159345e-01
4.093063063063063112e+00 2.457958981209435456e-01
4.133093093093093806e+00 2.419197471364255836e-01
4.173123123123123612e+00 2.379920606419660689e-01
4.213153153153153418e+00 2.340208696817915046e-01
4.253183183183183225e+00 2.300138328720074399e-01
4.293213213213213919e+00 2.259782392033211906e-01
4.333243243243243725e+00 2.219210121204021058e-01
4.373273273273273531e+00 2.178487147299045246e-01
4.413303303303303338e+00 2.137675559988877483e-01
4.453333333333334032e+00 2.096833978148632538e-01
4.493363363363363838e+00 2.056017627879355159e-01
4.533393393393393644e+00 2.015278426844371307e-01
4.573423423423423451e+00 1.974665073900568890e-01
4.613453453453454145e+00 1.934223143086986896e-01
4.653483483483483951e+00 1.893995181111730319e-01
4.693513513513513757e+00 1.854020807552961836e-01
4.733543543543543564e+00 1.814336817060581419e-01
4.773573573573574258e+00 1.774977282912022225e-01
4.813603603603604064e+00 1.735973661338564011e-01
4.853633633633633870e+00 1.697354896097575949e-01
4.893663663663663677e+00 1.659147522821410592e-01
4.933693693693694371e+00 1.621375772725142939e-01
4.973723723723724177e+00 1.584061675303368721e-01
5.013753753753753983e+00 1.547225159690716612e-01
5.053783783783783790e+00 1.510884154401951895e-01
5.093813813813814484e+00 1.475054685205508531e-01
5.133843843843844290e+00 1.439750970919270179e-01
5.173873873873874096e+00 1.404985516949515678e-01
5.213903903903904791e+00 1.370769206423337050e-01
5.253933933933934597e+00 1.337111388791613620e-01
5.293963963963964403e+00 1.304019965804061043e-01
5.333993993993994209e+00 1.271501474779973273e-01
5.374024024024024904e+00 1.239561169118305467e-01
5.414054054054054710e+00 1.208203096008755167e-01
5.454084084084084516e+00 1.177430171321689756e-01
5.494114114114114322e+00 1.147244251669229248e-01
5.534144144144145017e+00 1.117646203642677638e-01
5.574174174174174823e+00 1.088635970242886747e-01
5.614204204204204629e+00 1.060212634530190018e-01
5.654234234234234435e+00 1.032374480529346106e-01
5.694264264264265130e+00 1.005119051432560306e-01
5.734294294294294936e+00 9.784432051502714445e-02
5.774324324324324742e+00 9.523431672649863844e-02
5.814354354354354548e+00 9.268145814482370293e-02
5.854384384384385243e+00 9.018525574046483417e-02
5.894414414414415049e+00 8.774517164103620703e-02
5.934444444444444855e+00 8.536062345155952247e-02
5.974474474474474661e+00 8.303098834831382224e-02
6.014504504504505356e+00 8.075560695359788876e-02
6.054534534534535162e+00 7.853378699882625213e-02
6.094564564564564968e+00 7.636480678342855155e-02
6.134594594594594774e+00 7.424791843704159344e-02
6.174624624624625469e+00 7.218235099246242403e-02
6.214654654654655275e+00 7.016731327678579766e-02
6.254684684684685081e+00 6.820199662807274743e-02
6.294714714714714887e+00 6.628557744480333136e-02
6.334744744744745581e+00 6.441721957524877695e-02
6.374774774774775388e+00 6.259607655376590862e-02
6.414804804804805194e+00 6.082129369086948512e-02
6.454834834834835888e+00 5.909201002377879874e-02
6.494864864864865694e+00 5.740736013396639109e-02
6.534894894894895501e+00 5.576647583805811187e-02
6.574924924924925307e+00 5.416848775825171269e-02
6.614954954954956001e+00 5.261252677823259616e-02
6.654984984984985807e+00 5.109772539037316097e-02
6.695015015015015614e+00 4.962321893980803367e-02
6.735045045045045420e+00 4.818814677078415987e-02
6.775075075075076114e+00 4.679165328048714295e-02
6.815105105105105920e+00 4.543288888535306630e-02
6.855135135135135727e+00 4.411101090467989955e-02
6.895165165165165533e+00 4.282518436616338658e-02
6.935195195195196227e+00 4.157458273779325586e-02
6.975225225225226033e+00 4.035838859036017939e-02
7.015255255255255840e+00 3.917579419464303075e-02
7.055285285285285646e+00 3.802600205716800269e-02
7.095315315315316340e+00 3.690822539825760334e-02
7.135345345345346146e+00 3.582168857591892797e-02
7.175375375375375953e+00 3.476562745895531853e-02
7.215405405405405759e+00 3.373928975252785123e-02
7.255435435435436453e+00 3.274193527923579400e-02
7.295465465465466259e+00 3.177283621863776636e-02
7.335495495495496066e+00 3.083127730798912794e-02
7.375525525525525872e+00 2.991655600683256616e-02
7.415555555555556566e+00 2.902798262794289638e-02
7.455585585585586372e+00 2.816488043699924559e-02
7.495615615615616179e+00 2.732658572323079169e-02
7.535645645645645985e+00 2.651244784316470968e-02
7.575675675675676679e+00 2.572182923948885744e-02
7.615705705705706485e+00 2.495410543693144315e-02
7.655735735735736291e+00 2.420866501695436573e-02
7.695765765765766986e+00 2.348490957295675668e-02
7.735795795795796792e+00 2.278225364758790922e-02
7.775825825825826598e+00 2.210012465367555343e-02
7.815855855855856404e+00 2.143796278019003548e-02
7.855885885885887099e+00 2.079522088457767814e-02
7.895915915915916905e+00 2.017136437271937685e-02
7.935945945945946711e+00 1.956587106769175008e-02
7.975975975975976517e+00 1.897823106843803120e-02
8.016006006006007212e+00 1.840794659938453648e-02
8.056036036036037018e+00 1.785453185197460532e-02
8.096066066066066824e+00 1.731751281902895595e-02
8.136096096096096630e+00 1.679642712278227312e-02
8.176126126126126437e+00 1.629082383738995887e-02
8.216156156156156243e+00 1.580026330664569684e-02
8.256186186186187825e+00 1.532431695760047216e-02
8.296216216216217632e+00 1.486256711072548274e-02
8.336246246246247438e+00 1.441460678721685242e-02
8.376276276276277244e+00 1.398003951399746925e-02
8.416306306306307050e+00 1.355847912693037942e-02
8.456336336336336856e+00 1.314954957272118294e-02
8.496366366366366663e+00 1.275288470995024175e-02
8.536396396396396469e+00 1.236812810964199420e-02
8.576426426426428051e+00 1.199493285574712576e-02
8.616456456456457857e+00 1.163296134588266868e-02
8.656486486486487664e+00 1.128188509264778372e-02
8.696516516516517470e+00 1.094138452580580012e-02
8.736546546546547276e+00 1.061114879559827209e-02
8.776576576576577082e+00 1.029087557743386949e-02
8.816606606606606888e+00 9.980270878172136859e-03
8.856636636636636695e+00 9.679048844202557678e-03
8.896666666666668277e+00 9.386931571499161631e-03
8.936696696696698083e+00 9.103648917813490782e-03
8.976726726726727890e+00 8.828938317151514836e-03
9.016756756756757696e+00 8.562544596664454014e-03
9.056786786786787502e+00 8.304219796068695175e-03
9.096816816816817308e+00 8.053722989696207937e-03
9.136846846846847114e+00 7.810820111263968961e-03
9.176876876876878697e+00 7.575283781439275631e-03
9.216906906906908503e+00 7.346893138266291819e-03
9.256936936936938309e+00 7.125433670509185961e-03
9.296966966966968116e+00 6.910697053957549733e-03
9.336996996996997922e+00 6.702480990730898605e-03
9.377027027027027728e+00 6.500589051610803498e-03
9.417057057057057534e+00 6.304830521421560426e-03
9.457087087087087340e+00 6.115020247473641930e-03
9.497117117117118923e+00 5.930978491077126824e-03
9.537147147147148729e+00 5.752530782126896725e-03
9.577177177177178535e+00 5.579507776755621672e-03
9.617207207207208342e+00 5.411745118045623547e-03
9.657237237237238148e+00 5.249083299786102066e-03
9.697267267267267954e+00 5.091367533258200039e-03
9.737297297297297760e+00 4.938447617026181340e-03
9.777327327327327566e+00 4.790177809710133641e-03
9.817357357357359149e+00 4.646416705711725603e-03
9.857387387387388955e+00 4.507027113862634854e-03
9.897417417417418761e+00 4.371875938961680870e-03
9.937447447447448567e+00 4.240834066165605730e-03
9.977477477477478374e+00 4.113776248195210455e-03
1.001750750750750818e+01 3.990580995317977858e-03
1.005753753753753799e+01 3.871130468065581923e-03
1.009756756756756779e+01 3.755310372644410973e-03
1.013759759759759937e+01 3.643009858995170571e-03
1.017762762762762918e+01 3.534121421457202348e-03
1.021765765765765899e+01 3.428540801992076368e-03
1.025768768768768879e+01 3.326166895920339844e-03
1.029771771771771860e+01 3.226901660124802812e-03
1.033774774774774841e+01 3.130650023673354088e-03
1.037777777777777821e+01 3.037319800813882784e-03
1.041780780780780979e+01 2.946821606293759197e-03
1.045783783783783960e+01 2.859068772956328483e-03
1.049786786786786941e+01 2.773977271566536573e-03
1.053789789789789921e+01 2.691465632818451376e-03
1.057792792792792902e+01 2.611454871476963976e-03
1.061795795795795883e+01 2.533868412606677875e-03
1.065798798798798863e+01 2.458632019841045999e-03
1.069801801801801844e+01 2.385673725645274384e-03
1.073804804804805002e+01 2.314923763526706684e-03
1.077807807807807983e+01 2.246314502147334254e-03
1.081810810810810963e+01 2.179780381292865422e-03
1.085813813813813944e+01 2.115257849654082062e-03
1.089816816816816925e+01 2.052685304376166905e-03
1.093819819819819905e+01 1.992003032332618790e-03
1.097822822822822886e+01 1.933153153080938939e-03
1.101825825825825866e+01 1.876079563457869887e-03
1.105828828828829025e+01 1.820727883772586863e-03
1.109831831831832005e+01 1.767045405557167133e-03
1.113834834834834986e+01 1.714981040834016044e-03
1.117837837837837967e+01 1.664485272860999473e-03
1.121840840840840947e+01 1.615510108315416655e-03
1.125843843843843928e+01 1.568009030878987934e-03
1.129846846846846908e+01 1.521936956186539661e-03
1.133849849849849889e+01 1.477250188101928612e-03
1.137852852852853047e+01 1.433906376285448312e-03
1.141855855855856028e+01 1.391864475017725493e-03
1.145858858858859008e+01 1.351084703245827032e-03
1.149861861861861989e+01 1.311528505818076182e-03
1.153864864864864970e+01 1.273158515874820221e-03
1.157867867867867950e+01 1.235938518363030895e-03
1.161870870870870931e+01 1.199833414643523919e-03
1.165873873873874089e+01 1.164809188160090964e-03
1.169876876876877070e+01 1.130832871140809897e-03
1.173879879879880050e+01 1.097872512302185220e-03
1.177882882882883031e+01 1.065897145527826013e-03
1.181885885885886012e+01 1.034876759493798693e-03
1.185888888888888992e+01 1.004782268213539774e-03
1.189891891891891973e+01 9.755854824759984485e-04
1.193894894894894954e+01 9.472590821511693224e-04
1.197897897897898112e+01 9.197765893379498308e-04
1.201900900900901092e+01 8.931123423298976613e-04
1.205903903903904073e+01 8.672414703749531124e-04
1.209906906906907054e+01 8.421398692060693119e-04
1.213909909909910034e+01 8.177841773199861705e-04
1.217912912912913015e+01 7.941517529823061659e-04
1.221915915915915996e+01 7.712206519373152004e-04
1.225918918918918976e+01 7.489696058017969015e-04
1.229921921921922134e+01 7.273780011225484390e-04
1.233924924924925115e+01 7.064258590778098659e-04
1.237927927927928096e+01 6.860938158035030177e-04
1.241930930930931076e+01 6.663631033255491831e-04
1.245933933933934057e+01 6.472155310801662020e-04
1.249936936936937038e+01 6.286334680044627357e-04
1.253939939939940018e+01 6.105998251802214347e-04
1.257942942942942999e+01 5.930980390141724458e-04
1.261945945945946157e+01 5.761120549385831315e-04
1.265948948948949138e+01 5.596263116164011111e-04
1.269951951951952118e+01 5.436257256356918878e-04
1.273954954954955099e+01 5.280956766784904947e-04
1.277957957957958079e+01 5.130219931496615834e-04
1.281960960960961060e+01 4.983909382517457505e-04
1.285963963963964041e+01 4.841891964921918160e-04
1.289966966966967199e+01 4.704038606097637803e-04
1.293969969969970180e+01 4.570224189073019295e-04
1.297972972972973160e+01 4.440327429783767592e-04
1.301975975975976141e+01 4.314230758157677867e-04
1.305978978978979121e+01 4.191820202900221437e-04
1.309981981981982102e+01 4.072985279867251439e-04
1.313984984984985083e+01 3.957618883914196272e-04
1.317987987987988063e+01 3.845617184114706729e-04
1.321990990990991222e+01 3.736879522244692395e-04
1.325993993993994202e+01 3.631308314430931679e-04
1.329996996996997183e+01 3.528808955866155790e-04
1.334000000000000163e+01 3.429289728496118976e-04
1.338003003003003144e+01 3.332661711586056030e-04
1.342006006006006125e+01 3.238838695077587244e-04
1.346009009009009105e+01 3.147737095649319472e-04
1.350012012012012086e+01 3.059275875397137129e-04
1.354015015015015244e+01 2.973376463052834371e-04
1.358018018018018225e+01 2.889962677661961203e-04
1.362021021021021205e+01 2.808960654644458645e-04
1.366024024024024186e+01 2.730298774163850356e-04
1.370027027027027167e+01 2.653907591732819699e-04
1.374030030030030147e+01 2.579719770985718801e-04
1.378033033033033128e+01 2.507670018550107126e-04
1.382036036036036108e+01 2.437695020951934012e-04
1.386039039039039267e+01 2.369733383490711144e-04
1.390042042042042247e+01 2.303725571023224809e-04
1.394045045045045228e+01 2.239613850595945403e-04
1.398048048048048209e+01 2.177342235868422367e-04
1.402051051051051189e+01 2.116856433271506422e-04
1.406054054054054170e+01 2.058103789846199821e-04
1.410057057057057150e+01 2.001033242710307408e-04
1.414060060060060309e+01 1.945595270102065981e-04
1.418063063063063289e+01 1.891741843951252422e-04
1.422066066066066270e+01 1.839426383929789778e-04
1.426069069069069251e+01 1.788603712935641775e-04
1.430072072072072231e+01 1.739230013964889441e-04
1.434075075075075212e+01 1.691262788328434720e-04
1.438078078078078192e+01 1.644660815171274061e-04
1.442081081081081173e+01 1.599384112253277555e-04
1.446084084084084331e+01 1.555393897952013819e-04
1.450087087087087312e+01 1.512652554449197293e-04
1.454090090090090293e+01 1.471123592063553853e-04
1.458093093093093273e+01 1.430771614694204615e-04
1.462096096096096254e+01 1.391562286339612716e-04
1.466099099099099234e+01 1.353462298658343762e-04
1.470102102102102215e+01 1.316439339538885646e-04
1.474105105105105196e+01 1.280462062646935985e-04
1.478108108108108354e+01 1.245500057919280183e-04
1.482111111111111335e+01 1.211523822974735121e-04
1.486114114114114315e+01 1.178504735413199038e-04
1.490117117117117296e+01 1.146415025974955931e-04
1.494120120120120276e+01 1.115227752533300181e-04
1.498123123123123257e+01 1.084916774894180972e-04
1.502126126126126238e+01 1.055456730377631557e-04
1.506129129129129218e+01 1.026823010156384446e-04
1.510132132132132377e+01 9.989917363279233477e-05
1.514135135135135357e+01 9.719397396969573649e-05
1.518138138138138338e+01 9.456445382459709474e-05
1.522141141141141318e+01 9.200843162723528661e-05
1.526144144144144299e+01 8.952379041711000865e-05
1.530147147147147280e+01 8.710847588428677715e-05
1.534150150150150260e+01 8.476049447078279548e-05
1.538153153153153418e+01 8.247791153061992256e-05
1.542156156156156399e+01 8.025884954672073493e-05
1.546159159159159380e+01 7.810148640285484564e-05
1.550162162162162360e+01 7.600405370891723657e-05
1.554165165165165341e+01 7.396483517786344374e-05
1.558168168168168322e+01 7.198216505268696143e-05
1.562171171171171302e+01 7.005442658187217906e-05
1.566174174174174283e+01 6.818005054180109213e-05
1.570177177177177441e+01 6.635751380465041208e-05
1.574180180180180422e+01 6.458533795035280745e-05
1.578183183183183402e+01 6.286208792124383499e-05
1.582186186186186383e+01 6.118637071806246942e-05
1.586189189189189364e+01 5.955683413600988121e-05
1.590192192192192344e+01 5.797216553961895237e-05
1.594195195195195325e+01 5.643109067521724886e-05
1.598198198198198305e+01 5.493237251981559468e-05
1.602201201201201641e+01 5.347481016527974232e-05
1.606204204204204444e+01 5.205723773669052913e-05
1.610207207207207603e+01 5.067852334381961352e-05
1.614210210210210406e+01 4.933756806469524406e-05
1.618213213213213564e+01 4.803330496025222683e-05
1.622216216216216722e+01 4.676469811910361092e-05
1.626219219219219525e+01 4.553074173149133756e-05
1.630222222222222683e+01 4.433045919150946666e-05
1.634225225225225486e+01 4.316290222672388447e-05
1.638228228228228645e+01 4.202715005432939080e-05
1.642231231231231448e+01 4.092230856302761261e-05
1.646234234234234606e+01 3.984750951982003926e-05
1.650237237237237764e+01 3.880190980094700597e-05
1.654240240240240567e+01 3.778469064622087342e-05
1.658243243243243725e+01 3.679505693602743533e-05
1.662246246246246528e+01 3.583223649029561341e-05
1.666249249249249686e+01 3.489547938875007485e-05
1.670252252252252489e+01 3.398405731179236148e-05
1.674255255255255648e+01 3.309726290136717850e-05
1.678258258258258806e+01 3.223440914119971690e-05
1.682261261261261609e+01 3.139482875580113213e-05
1.686264264264264767e+01 3.057787362766450928e-05
1.690267267267267570e+01 2.978291423208860713e-05
1.694270270270270728e+01 2.900933908908347514e-05
1.698273273273273531e+01 2.825655423183455478e-05
1.702276276276276690e+01 2.752398269120871424e-05
1.706279279279279493e+01 2.681106399581370536e-05
1.710282282282282651e+01 2.611725368712698045e-05
1.714285285285285809e+01 2.544202284923301525e-05
1.718288288288288612e+01 2.478485765271704958e-05
1.722291291291291770e+01 2.414525891228164260e-05
1.726294294294294573e+01 2.352274165766294296e-05
1.730297297297297732e+01 2.291683471743801784e-05
1.734300300300300535e+01 2.232708031532921114e-05
1.738303303303303693e+01 2.175303367861799303e-05
1.742306306306306851e+01 2.119426265830191510e-05
1.746309309309309654e+01 2.065034736062998260e-05
1.750312312312312812e+01 2.012087978967085791e-05
1.754315315315315615e+01 1.960546350057550203e-05
1.758318318318318774e+01 1.910371326320542930e-05
1.762321321321321577e+01 1.861525473581147547e-05
1.766324324324324735e+01 1.813972414845527097e-05
1.770327327327327538e+01 1.767676799587507053e-05
1.774330330330330696e+01 1.722604273950871024e-05
1.778333333333333854e+01 1.678721451839377494e-05
1.782336336336336657e+01 1.635995886867418946e-05
1.786339339339339816e+01 1.594396045145126352e-05
1.790342342342342619e+01 1.553891278872560549e-05
1.794345345345345777e+01 1.514451800718184972e-05
1.798348348348348580e+01 1.476048658958064947e-05
1.802351351351351738e+01 1.438653713352346313e-05
1.806354354354354896e+01 1.402239611736871089e-05
1.810357357357357699e+01 1.366779767308123147e-05
1.814360360360360858e+01 1.332248336580434634e-05
1.818363363363363661e+01 1.298620197995189218e-05
1.822366366366366819e+01 1.265870931162116571e-05
1.826369369369369622e+01 1.233976796713731796e-05
1.830372372372372780e+01 1.202914716754177863e-05
1.834375375375375938e+01 1.172662255884635572e-05
1.838378378378378741e+01 1.143197602787849805e-05
1.842381381381381900e+01 1.114499552354806841e-05
1.846384384384384703e+01 1.086547488337388292e-05
1.850387387387387861e+01 1.059321366510901439e-05
1.854390390390390664e+01 1.032801698331372018e-05
1.858393393393393822e+01 1.006969535072482958e-05
1.862396396396396625e+01 9.818064524279013206e-06
1.866399399399399783e+01 9.572945355648611833e-06
1.870402402402402942e+01 9.334163646155651598e-06
1.874405405405405745e+01 9.101550005931488102e-06
1.878408408408408903e+01 8.874939717195234648e-06
1.882411411411411706e+01 8.654172601527932880e-06
1.886414414414414864e+01 8.439092891021501041e-06
1.890417417417417667e+01 8.229549103187622534e-06
1.894420420420420825e+01 8.025393919513409461e-06
1.898423423423423984e+01 7.826484067555099081e-06
1.902426426426426787e+01 7.632680206463758352e-06
1.906429429429429945e+01 7.443846815840903693e-06
1.910432432432432748e+01 7.259852087824481637e-06
1.914435435435435906e+01 7.080567822308658780e-06
1.918438438438438709e+01 6.905869325204648061e-06
1.922441441441441867e+01 6.735635309651359454e-06
1.926444444444445026e+01 6.569747800088673904e-06
1.930447447447447828e+01 6.408092039107723243e-06
1.934450450450450987e+01 6.250556396996195169e-06
1.938453453453453790e+01 6.097032283898207851e-06
1.942456456456456948e+01 5.947414064511306563e-06
1.946459459459459751e+01 5.801598975245838453e-06
1.950462462462462909e+01 5.659487043772860274e-06
1.954465465465465712e+01 5.520981010890700560e-06
1.958468468468468870e+01 5.385986254641087983e-06
1.962471471471472029e+01 5.254410716608746011e-06
1.966474474474474832e+01 5.126164830339546547e-06
1.970477477477477990e+01 5.001161451814985138e-06
1.974480480480480793e+01 4.879315791922257332e-06
1.978483483483483951e+01 4.760545350861126691e-06
1.982486486486486754e+01 4.644769854430559658e-06
1.986489489489489912e+01 4.531911192139577176e-06
1.990492492492493071e+01 4.421893357089342819e-06
1.994495495495495874e+01 4.314642387573499616e-06
1.998498498498499032e+01 4.210086310347164325e-06
2.002501501501501835e+01 4.108155085515084467e-06
2.006504504504504993e+01 4.008780552991757233e-06
2.010507507507507796e+01 3.911896380487278335e-06
2.014510510510510954e+01 3.817438012974479540e-06
2.018513513513513757e+01 3.725342623593827553e-06
2.022516516516516916e+01 3.635549065954059123e-06
2.026519519519520074e+01 3.547997827788063373e-06
2.030522522522522877e+01 3.462630985924005535e-06
2.034525525525526035e+01 3.379392162533847110e-06
2.038528528528528838e+01 3.298226482621552523e-06
2.042531531531531996e+01 3.219080532715286628e-06
2.046534534534534799e+01 3.141902320728305492e-06
2.050537537537537958e+01 3.066641236954632045e-06
2.054540540540541116e+01 2.993248016166755054e-06
2.058543543543543919e+01 2.921674700782913862e-06
2.062546546546547077e+01 2.851874605073427018e-06
2.066549549549549880e+01 2.783802280375643593e-06
2.070552552552553038e+01 2.717413481288362738e-06
2.074555555555555841e+01 2.652665132817506404e-06
2.078558558558559000e+01 2.589515298445334513e-06
2.082561561561562158e+01 2.527923149096657029e-06
2.086564564564564961e+01 2.467848932976141471e-06
2.090567567567568119e+01 2.409253946251477277e-06
2.094570570570570922e+01 2.352100504558180763e-06
2.098573573573574080e+01 2.296351915302118763e-06
2.102576576576576883e+01 2.241972450737121209e-06
2.106579579579580042e+01 2.188927321795073217e-06
2.110582582582582845e+01 2.137182652647102905e-06
2.114585585585586003e+01 2.086705455974653131e-06
2.118588588588589161e+01 2.037463608930311632e-06
2.122591591591591964e+01 1.989425829768366832e-06
2.126594594594595122e+01 1.942561655126122961e-06
2.130597597597597925e+01 1.896841417937169312e-06
2.134600600600601084e+01 1.852236225958648000e-06
2.138603603603603887e+01 1.808717940894951511e-06
2.142606606606607045e+01 1.766259158100675588e-06
2.146609609609610203e+01 1.724833186846551287e-06
2.150612612612613006e+01 1.684414031132053804e-06
2.154615615615616164e+01 1.644976371029257016e-06
2.158618618618618967e+01 1.606495544542792187e-06
2.162621621621622126e+01 1.568947529971111058e-06
2.166624624624624929e+01 1.532308928755030680e-06
2.170627627627628087e+01 1.496556948799423232e-06
2.174630630630630890e+01 1.461669388254935995e-06
2.178633633633634048e+01 1.427624619746422316e-06
2.182636636636637206e+01 1.394401575035563990e-06
2.186639639639640009e+01 1.361979730105435059e-06
2.190642642642643168e+01 1.330339090654878356e-06
2.194645645645645970e+01 1.299460177991351345e-06
2.198648648648649129e+01 1.269324015310766058e-06
2.202651651651651932e+01 1.239912114353564981e-06
2.206654654654655090e+01 1.211206462426302241e-06
2.210657657657658248e+01 1.183189509778511490e-06
2.214660660660661051e+01 1.155844157324787581e-06
2.218663663663664209e+01 1.129153744702446169e-06
2.222666666666667012e+01 1.103102038655237006e-06
2.226669669669670171e+01 1.077673221734014002e-06
2.230672672672672974e+01 1.052851881305466288e-06
2.234675675675676132e+01 1.028622998860198994e-06
2.238678678678679290e+01 1.004971939611882914e-06
2.242681681681682093e+01 9.818844423792009487e-07
2.246684684684685251e+01 9.593466097427734141e-07
2.250687687687688054e+01 9.373448984693322020e-07
2.254690690690691213e+01 9.158661101956671310e-07
2.258693693693694016e+01 8.948973823651404772e-07
2.262696696696697174e+01 8.744261794096311008e-07
2.266699699699699977e+01 8.544402841701945860e-07
2.270702702702703135e+01 8.349277895496658838e-07
2.274705705705706293e+01 8.158770903908386866e-07
2.278708708708709096e+01 7.972768755739211985e-07
2.282711711711712255e+01 7.791161203271087835e-07
2.286714714714715058e+01 7.613840787445235133e-07
2.290717717717718216e+01 7.440702765055580338e-07
2.294720720720721019e+01 7.271645037902039026e-07
2.298723723723724177e+01 7.106568083848722370e-07
2.302726726726727335e+01 6.945374889734126097e-07
2.306729729729730138e+01 6.787970886082601712e-07
2.310732732732733297e+01 6.634263883567018585e-07
2.314735735735736100e+01 6.484164011174329651e-07
2.318738738738739258e+01 6.337583656026906534e-07
2.322741741741742061e+01 6.194437404814561819e-07
2.326744744744745219e+01 6.054641986791949616e-07
2.330747747747748377e+01 5.918116218299306182e-07
2.334750750750751180e+01 5.784780948763756480e-07
2.338753753753754339e+01 5.654559008140948393e-07
2.342756756756757142e+01 5.527375155757670959e-07
2.346759759759760300e+01 5.403156030516262295e-07
2.350762762762763103e+01 5.281830102424359392e-07
2.354765765765766261e+01 5.163327625413012544e-07
2.358768768768769064e+01 5.047580591408309021e-07
2.362771771771772222e+01 4.934522685621932204e-07
2.366774774774775381e+01 4.824089243027711901e-07
2.370777777777778184e+01 4.716217205991325321e-07
2.374780780780781342e+01 4.610845083021922300e-07
2.378783783783784145e+01 4.507912908615360004e-07
2.382786786786787303e+01 4.407362204158582509e-07
2.386789789789790106e+01 4.309135939867258285e-07
2.390792792792793264e+01 4.213178497727366659e-07
2.394795795795796423e+01 4.119435635414769577e-07
2.398798798798799226e+01 4.027854451164996570e-07
2.402801801801802384e+01 3.938383349568374048e-07
2.406804804804805187e+01 3.850972008264921681e-07
2.410807807807808345e+01 3.765571345514564704e-07
2.414810810810811148e+01 3.682133488619593170e-07
2.418813813813814306e+01 3.600611743175478673e-07
2.422816816816817109e+01 3.520960563128291956e-07
2.426819819819820268e+01 3.443135521616678960e-07
2.430822822822823426e+01 3.367093282577160737e-07
2.434825825825826229e+01 3.292791573092450657e-07
2.438828828828829387e+01 3.220189156462416720e-07
2.442831831831832190e+01 3.149245805978542319e-07
2.446834834834835348e+01 3.079922279382756264e-07
2.450837837837838151e+01 3.012180293992397586e-07
2.454840840840841310e+01 2.945982502473198652e-07
2.458843843843844468e+01 2.881292469243201421e-07
2.462846846846847271e+01 2.818074647490449127e-07
2.466849849849850429e+01 2.756294356787993949e-07
2.470852852852853232e+01 2.695917761290523030e-07
2.474855855855856390e+01 2.636911848496698743e-07
2.478858858858859193e+01 2.579244408562202722e-07
2.482861861861862351e+01 2.522884014148952278e-07
2.486864864864865510e+01 2.467800000795870472e-07
2.490867867867868313e+01 2.413962447797598550e-07
2.494870870870871471e+01 2.361342159577375076e-07
2.498873873873874274e+01 2.309910647541099662e-07
2.502876876876877432e+01 2.259640112399664038e-07
2.506879879879880235e+01 2.210503426947193046e-07
2.510882882882883393e+01 2.162474119282988758e-07
2.514885885885886196e+01 2.115526356465511687e-07
2.518888888888889355e+01 2.069634928586795806e-07
2.522891891891892513e+01 2.024775233256357932e-07
2.526894894894895316e+01 1.980923260483524946e-07
2.530897897897898474e+01 1.938055577947845036e-07
2.534900900900901277e+01 1.896149316647153344e-07
2.538903903903904435e+01 1.855182156913494228e-07
2.542906906906907238e+01 1.815132314786956240e-07
2.546909909909910397e+01 1.775978528738259417e-07
2.550912912912913555e+01 1.737700046730633267e-07
2.554915915915916358e+01 1.700276613612265508e-07
2.558918918918919516e+01 1.663688458830448633e-07
2.562921921921922319e+01 1.627916284459135534e-07
2.566924924924925477e+01 1.592941253531516736e-07
2.570927927927928280e+01 1.558744978669692834e-07
2.574930930930931439e+01 1.525309511003658459e-07
2.578933933933934597e+01 1.492617329371998269e-07
2.582936936936937400e+01 1.460651329796845342e-07
2.586939939939940558e+01 1.429394815226014132e-07
2.590942942942943361e+01 1.398831485535385094e-07
2.594945945945946519e+01 1.368945427784480696e-07
2.598948948948949322e+01 1.339721106718967942e-07
2.602951951951952481e+01 1.311143355513317498e-07
2.606954954954955284e+01 1.283197366747627731e-07
2.610957957957958442e+01 1.255868683612328398e-07
2.614960960960961600e+01 1.229143191334936139e-07
2.618963963963964403e+01 1.203007108823022013e-07
2.622966966966967561e+01 1.177446980517821445e-07
2.626969969969970364e+01 1.152449668453007050e-07
2.630972972972973523e+01 1.128002344513274300e-07
2.634975975975976326e+01 1.104092482887563433e-07
2.638978978978979484e+01 1.080707852711931917e-07
2.642981981981982642e+01 1.057836510897092800e-07
2.646984984984985445e+01 1.035466795135869870e-07
2.650987987987988603e+01 1.013587317085924446e-07
2.654990990990991406e+01 9.921869557232682366e-08
2.658993993993994565e+01 9.712548508620326129e-08
2.662996996996997368e+01 9.507803968363861946e-08
2.667000000000000526e+01 9.307532363402140446e-08
2.671003003003003329e+01 9.111632544207142630e-08
2.675006006006006487e+01 8.920005726217481539e-08
2.679009009009009645e+01 8.732555432732554007e-08
2.683012012012012448e+01 8.549187439229002338e-08
2.687015015015015607e+01 8.369809719062928509e-08
2.691018018018018410e+01 8.194332390522771228e-08
2.695021021021021568e+01 8.022667665197949415e-08
2.699024024024024371e+01 7.854729797629540334e-08
2.703027027027027529e+01 7.690435036210343242e-08
2.707030030030030687e+01 7.529701575302326581e-08
2.711033033033033490e+01 7.372449508540246871e-08
2.715036036036036649e+01 7.218600783291276996e-08
2.719039039039039451e+01 7.068079156241271692e-08
2.723042042042042610e+01 6.920810150078602440e-08
2.727045045045045413e+01 6.776721011247870418e-08
2.731048048048048571e+01 6.635740668746286565e-08
2.735051051051051729e+01 6.497799693936087518e-08
2.739054054054054532e+01 6.362830261347142333e-08
2.743057057057057690e+01 6.230766110444632805e-08
2.747060060060060493e+01 6.101542508337674905e-08
2.751063063063063652e+01 5.975096213404117516e-08
2.755066066066066455e+01 5.851365439809625316e-08
2.759069069069069613e+01 5.730289822896874283e-08
2.763072072072072416e+01 5.611810385424463512e-08
2.767075075075075574e+01 5.495869504632542439e-08
2.771078078078078732e+01 5.382410880115507602e-08
2.775081081081081535e+01 5.271379502480618264e-08
2.779084084084084694e+01 5.162721622772894943e-08
2.783087087087087497e+01 5.056384722647400114e-08
2.787090090090090655e+01 4.952317485269314106e-08
2.791093093093093458e+01 4.850469766924436056e-08
2.795096096096096616e+01 4.750792569321155580e-08
2.799099099099099774e+01 4.653238012567642052e-08
2.803102102102102577e+01 4.557759308806397622e-08
2.807105105105105736e+01 4.464310736490324537e-08
2.811108108108108539e+01 4.372847615283614254e-08
2.815111111111111697e+01 4.283326281572594904e-08
2.819114114114114500e+01 4.195704064570517601e-08
2.823117117117117658e+01 4.109939263001645118e-08
2.827120120120120816e+01 4.025991122350727790e-08
2.831123123123123619e+01 3.943819812662760314e-08
2.835126126126126778e+01 3.863386406880058537e-08
2.839129129129129581e+01 3.784652859703075244e-08
2.843132132132132739e+01 3.707581986961611532e-08
2.847135135135135542e+01 3.632137445484230459e-08
2.851138138138138700e+01 3.558283713452844552e-08
2.855141141141141503e+01 3.485986071231171925e-08
2.859144144144144661e+01 3.415210582654494484e-08
2.863147147147147820e+01 3.345924076770015155e-08
2.867150150150150623e+01 3.278094130015969582e-08
2.871153153153153781e+01 3.211689048829159145e-08
2.875156156156156584e+01 3.146677852669913726e-08
2.879159159159159742e+01 3.083030257454444901e-08
2.883162162162162545e+01 3.020716659384333831e-08
2.887165165165165703e+01 2.959708119163241265e-08
2.891168168168168862e+01 2.899976346591697643e-08
2.895171171171171665e+01 2.841493685530190402e-08
2.899174174174174823e+01 2.784233099221613289e-08
2.903177177177177626e+01 2.728168155964470685e-08
2.907180180180180784e+01 2.673273015127756166e-08
2.911183183183183587e+01 2.619522413499550133e-08
2.915186186186186745e+01 2.566891651960711993e-08
2.919189189189189548e+01 2.515356582476149150e-08
2.923192192192192707e+01 2.464893595395373125e-08
2.927195195195195865e+01 2.415479607055113580e-08
2.931198198198198668e+01 2.367092047676519156e-08
2.935201201201201826e+01 2.319708849549547807e-08
2.939204204204204629e+01 2.273308435497818343e-08
2.943207207207207787e+01 2.227869707616724728e-08
2.947210210210210590e+01 2.183372036278516314e-08
2.951213213213213749e+01 2.139795249397422467e-08
2.955216216216216907e+01 2.097119621948887418e-08
2.959219219219219710e+01 2.055325865736269431e-08
2.963222222222222868e+01 2.014395119399514777e-08
2.967225225225225671e+01 1.974308938659321434e-08
2.971228228228228829e+01 1.935049286791562398e-08
2.975231231231231632e+01 1.896598525326159829e-08
2.979234234234234791e+01 1.858939404964833502e-08
2.983237237237237949e+01 1.822055056712722424e-08
2.987240240240240752e+01 1.785928983218414945e-08
2.991243243243243910e+01 1.750545050317430883e-08
2.995246246246246713e+01 1.715887478774374571e-08
2.999249249249249871e+01 1.681940836218606803e-08
3.003252252252252674e+01 1.648690029269146917e-08
3.007255255255255832e+01 1.616120295843966020e-08
3.011258258258258635e+01 1.584217197649341205e-08
3.015261261261261794e+01 1.552966612844800705e-08
3.019264264264264952e+01 1.522354728879665006e-08
3.023267267267267755e+01 1.492368035496778373e-08
3.027270270270270913e+01 1.462993317899543201e-08
3.031273273273273716e+01 1.434217650078410634e-08
3.035276276276276874e+01 1.406028388292740509e-08
3.039279279279279677e+01 1.378413164704589583e-08
3.043282282282282836e+01 1.351359881160561922e-08
3.047285285285285994e+01 1.324856703118304745e-08
3.051288288288288797e+01 1.298892053714107539e-08
3.055291291291291955e+01 1.273454607968239319e-08
3.059294294294294758e+01 1.248533287124753861e-08
3.063297297297297916e+01 1.224117253122536399e-08
3.067300300300300719e+01 1.200195903194441728e-08
3.071303303303303878e+01 1.176758864591449569e-08
3.075306306306307036e+01 1.153795989428910297e-08
3.079309309309309839e+01 1.131297349651925536e-08
3.083312312312312997e+01 1.109253232116996420e-08
3.087315315315315800e+01 1.087654133787306132e-08
3.091318318318318958e+01 1.066490757038704015e-08
3.095321321321321761e+01 1.045754005073998737e-08
3.099324324324324920e+01 1.025434977442825337e-08
3.103327327327327723e+01 1.005524965664652432e-08
3.107330330330330881e+01 9.860154489524662376e-09
3.111333333333334039e+01 9.668980900346915536e-09
3.115336336336336842e+01 9.481647310731755443e-09
3.119339339339340000e+01 9.298073896747498049e-09
3.123342342342342803e+01 9.118182549943207876e-09
3.127345345345345962e+01 8.941896839272479237e-09
3.131348348348348765e+01 8.769141973889699435e-09
3.135351351351351923e+01 8.599844766796549415e-09
3.139354354354355081e+01 8.433933599321270143e-09
3.143357357357357884e+01 8.271338386408579230e-09
3.147360360360361042e+01 8.111990542702594019e-09
3.151363363363363845e+01 7.955822949403631776e-09
3.155366366366367004e+01 7.802769921880842850e-09
3.159369369369369807e+01 7.652767178022789854e-09
3.163372372372372965e+01 7.505751807308327461e-09
3.167375375375375768e+01 7.361662240581950556e-09
3.171378378378378926e+01 7.220438220515481451e-09
3.175381381381382084e+01 7.082020772741654397e-09
3.179384384384384887e+01 6.946352177642456567e-09
3.183387387387388046e+01 6.813375942778054248e-09
3.187390390390390849e+01 6.683036775940533223e-09
3.191393393393394007e+01 6.555280558818076926e-09
3.195396396396396810e+01 6.430054321255512055e-09
3.199399399399399968e+01 6.307306216097119013e-09
3.203402402402402771e+01 6.186985494598328379e-09
3.207405405405405929e+01 6.069042482392414210e-09
3.211408408408408377e+01 5.953428556000334806e-09
3.215411411411411535e+01 5.840096119870025327e-09
3.219414414414414694e+01 5.728998583933695710e-09
3.223417417417417852e+01 5.620090341670293594e-09
3.227420420420420299e+01 5.513326748661963626e-09
3.231423423423423458e+01 5.408664101633052513e-09
3.235426426426426616e+01 5.306059617960013935e-09
3.239429429429429774e+01 5.205471415641739553e-09
3.243432432432432933e+01 5.106858493719463509e-09
3.247435435435435380e+01 5.010180713135810497e-09
3.251438438438438538e+01 4.915398778023107558e-09
3.255441441441441697e+01 4.822474217410554495e-09
3.259444444444444855e+01 4.731369367340956220e-09
3.263447447447448013e+01 4.642047353387653363e-09
3.267450450450450461e+01 4.554472073561900317e-09
3.271453453453453619e+01 4.468608181602291547e-09
3.275456456456456777e+01 4.384421070637103248e-09
3.279459459459459936e+01 4.301876857211056866e-09
3.283462462462462383e+01 4.220942365668057320e-09
3.287465465465465542e+01 4.141585112881776380e-09
3.291468468468468700e+01 4.063773293326337978e-09
3.295471471471471858e+01 3.987475764478642557e-09
3.299474474474475016e+01 3.912662032545650978e-09
3.303477477477477464e+01 3.839302238508275117e-09
3.307480480480480622e+01 3.767367144475140241e-09
3.311483483483483781e+01 3.696828120339246873e-09
3.315486486486486939e+01 3.627657130730097834e-09
3.319489489489489387e+01 3.559826722254973313e-09
3.323492492492492545e+01 3.493310011022515643e-09
3.327495495495495703e+01 3.428080670442467080e-09
3.331498498498498861e+01 3.364112919294797568e-09
3.335501501501502020e+01 3.301381510062549675e-09
3.339504504504504467e+01 3.239861717522180711e-09
3.343507507507507626e+01 3.179529327585432695e-09
3.347510510510510784e+01 3.120360626387370856e-09
3.351513513513513942e+01 3.062332389614558865e-09
3.355516516516517100e+01 3.005421872068248908e-09
3.359519519519519548e+01 2.949606797457145804e-09
3.363522522522522706e+01 2.894865348414401595e-09
3.367525525525525865e+01 2.841176156734102511e-09
3.371528528528529023e+01 2.788518293821841853e-09
3.375531531531531471e+01 2.736871261354938086e-09
3.379534534534534629e+01 2.686214982147250676e-09
3.383537537537537787e+01 2.636529791214191423e-09
3.387540540540540945e+01 2.587796427033254815e-09
3.391543543543544104e+01 2.539996022995832667e-09
3.395546546546546551e+01 2.493110099045632425e-09
3.399549549549549710e+01 2.447120553500074030e-09
3.403552552552552868e+01 2.402009655049973987e-09
3.407555555555556026e+01 2.357760034933906805e-09
3.411558558558558474e+01 2.314354679283015291e-09
3.415561561561561632e+01 2.271776921632761179e-09
3.419564564564564790e+01 2.230010435597512478e-09
3.423567567567567949e+01 2.189039227704596758e-09
3.427570570570571107e+01 2.148847630384154741e-09
3.431573573573573555e+01 2.109420295111226130e-09
3.435576576576576713e+01 2.070742185696706871e-09
3.439579579579579871e+01 2.032798571723958434e-09
3.443582582582583029e+01 1.995575022127603241e-09
3.447585585585585477e+01 1.959057398911558582e-09
3.451588588588588635e+01 1.923231851002919638e-09
3.455591591591591794e+01 1.888084808238995839e-09
3.459594594594594952e+01 1.853602975484189765e-09
3.463597597597598110e+01 1.819773326874158870e-09
3.467600600600600558e+01 1.786583100184089048e-09
3.471603603603603716e+01 1.754019791318608411e-09
3.475606606606606874e+01 1.722071148920444292e-09
3.479609609609610033e+01 1.690725169095342553e-09
3.483612612612613191e+01 1.659970090250408039e-09
3.487615615615615638e+01 1.629794388043713020e-09
3.491618618618618797e+01 1.600186770442364525e-09
3.495621621621621955e+01 1.571136172886838122e-09
3.499624624624625113e+01 1.542631753559201029e-09
3.503627627627627561e+01 1.514662888752730409e-09
3.507630630630630719e+01 1.487219168341029294e-09
3.511633633633633877e+01 1.460290391344077102e-09
3.515636636636637036e+01 1.433866561589382374e-09
3.519639639639640194e+01 1.407937883465887042e-09
3.523642642642642642e+01 1.382494757768774345e-09
3.527645645645645800e+01 1.357527777633005721e-09
3.531648648648648958e+01 1.333027724553811949e-09
3.535651651651652116e+01 1.308985564492040833e-09
3.539654654654654564e+01 1.285392444062664446e-09
3.543657657657657722e+01 1.262239686804426594e-09
3.547660660660660881e+01 1.239518789529081386e-09
3.551663663663664039e+01 1.217221418748273672e-09
3.555666666666667197e+01 1.195339407176421655e-09
3.559669669669669645e+01 1.173864750308009781e-09
3.563672672672672803e+01 1.152789603067545725e-09
3.567675675675675961e+01 1.132106276530673512e-09
3.571678678678679120e+01 1.111807234714830205e-09
3.575681681681682278e+01 1.091885091437990305e-09
3.579684684684684726e+01 1.072332607243918987e-09
3.583687687687687884e+01 1.053142686392565605e-09
3.587690690690691042e+01 1.034308373914145759e-09
3.591693693693694200e+01 1.015822852725494970e-09
3.595696696696696648e+01 9.976794408074041710e-10
3.599699699699699806e+01 9.798715884414960818e-10
3.603702702702702965e+01 9.623928755054947347e-10
3.607705705705706123e+01 9.452370088254943684e-10
3.611708708708709281e+01 9.283978195840347830e-10
3.615711711711711729e+01 9.118692607827868501e-10
3.619714714714714887e+01 8.956454047586335643e-10
3.623717717717718045e+01 8.797204407519979946e-10
3.627720720720721204e+01 8.640886725263199481e-10
3.631723723723723651e+01 8.487445160374624968e-10
3.635726726726726810e+01 8.336824971521588371e-10
3.639729729729729968e+01 8.188972494142088750e-10
3.643732732732733126e+01 8.043835118575984570e-10
3.647735735735736284e+01 7.901361268653990170e-10
3.651738738738738732e+01 7.761500380734657737e-10
3.655741741741741890e+01 7.624202883180980953e-10
3.659744744744745049e+01 7.489420176264886777e-10
3.663747747747748207e+01 7.357104612492808679e-10
3.667750750750751365e+01 7.227209477341256084e-10
3.671753753753753813e+01 7.099688970395115308e-10
3.675756756756756971e+01 6.974498186878705157e-10
3.679759759759760129e+01 6.851593099572215967e-10
3.683762762762763288e+01 6.730930541104674030e-10
3.687765765765765735e+01 6.612468186615431518e-10
3.691768768768768894e+01 6.496164536776273038e-10
3.695771771771772052e+01 6.381978901166584585e-10
3.699774774774775210e+01 6.269871381993890046e-10
3.703777777777778368e+01 6.159802858152311662e-10
3.707780780780780816e+01 6.051734969611669060e-10
3.711783783783783974e+01 5.945630102130392607e-10
3.715786786786787133e+01 5.841451372285225231e-10
3.719789789789790291e+01 5.739162612810761278e-10
3.723792792792792739e+01 5.638728358242608220e-10
3.727795795795795897e+01 5.540113830857027472e-10
3.731798798798799055e+01 5.443284926901488426e-10
3.735801801801802213e+01 5.348208203109704373e-10
3.739804804804805372e+01 5.254850863494577330e-10
3.743807807807807819e+01 5.163180746414073177e-10
3.747810810810810978e+01 5.073166311902991937e-10
3.751813813813814136e+01 4.984776629266702016e-10
3.755816816816817294e+01 4.897981364929321404e-10
3.759819819819820452e+01 4.812750770532418802e-10
3.763822822822822900e+01 4.729055671278376151e-10
3.767825825825826058e+01 4.646867454512997142e-10
3.771828828828829216e+01 4.566158058542986409e-10
3.775831831831832375e+01 4.486899961682393355e-10
3.779834834834834822e+01 4.409066171524067721e-10
3.783837837837837981e+01 4.332630214430776577e-10
3.787840840840841139e+01 4.257566125241769298e-10
3.791843843843844297e+01 4.183848437189737477e-10
3.795846846846847455e+01 4.111452172024273244e-10
3.799849849849849903e+01 4.040352830337033504e-10
3.803852852852853061e+01 3.970526382084691333e-10
3.807855855855856220e+01 3.901949257305314259e-10
3.811858858858859378e+01 3.834598337024128123e-10
3.815861861861861826e+01 3.768450944344654704e-10
3.819864864864864984e+01 3.703484835721537495e-10
3.823867867867868142e+01 3.639678192410912494e-10
3.827870870870871300e+01 3.577009612095007013e-10
3.831873873873874459e+01 3.515458100676668784e-10
3.835876876876876906e+01 3.455003064241097218e-10
3.839879879879880065e+01 3.395624301180633680e-10
3.843882882882883223e+01 3.337301994479341854e-10
3.847885885885886381e+01 3.280016704154316614e-10
3.851888888888889539e+01 3.223749359850016646e-10
3.855891891891891987e+01 3.168481253582777921e-10
3.859894894894895145e+01 3.114194032632171364e-10
3.863897897897898304e+01 3.060869692576193802e-10
3.867900900900901462e+01 3.008490570467339650e-10
3.871903903903903910e+01 2.957039338146576016e-10
3.875906906906907068e+01 2.906498995692287321e-10
3.879909909909910226e+01 2.856852865001444213e-10
3.883912912912913384e+01 2.808084583500429434e-10
3.887915915915916543e+01 2.760178097982361822e-10
3.891918918918918990e+01 2.713117658568709899e-10
3.895921921921922149e+01 2.666887812792579062e-10
3.899924924924925307e+01 2.621473399800827931e-10
3.903927927927928465e+01 2.576859544672849728e-10
3.907930930930930913e+01 2.533031652853676228e-10
3.911933933933934071e+01 2.489975404698545318e-10
3.915936936936937229e+01 2.447676750127321777e-10
3.919939939939940388e+01 2.406121903385831137e-10
3.923942942942943546e+01 2.365297337912398514e-10
3.927945945945945994e+01 2.325189781307114230e-10
3.931948948948949152e+01 2.285786210401860621e-10
3.935951951951952310e+01 2.247073846428940076e-10
3.939954954954955468e+01 2.209040150286332240e-10
3.943957957957957916e+01 2.171672817897595939e-10
3.947960960960961074e+01 2.134959775664224810e-10
3.951963963963964233e+01 2.098889176009110171e-10
3.955966966966967391e+01 2.063449393008593888e-10
3.959969969969970549e+01 2.028629018111649472e-10
3.963972972972972997e+01 1.994416855944497494e-10
3.967975975975976155e+01 1.960801920198489912e-10
3.971978978978979313e+01 1.927773429599945243e-10
3.975981981981982472e+01 1.895320803960168565e-10
3.979984984984985630e+01 1.863433660303822833e-10
3.983987987987988078e+01 1.832101809074318471e-10
3.987990990990991236e+01 1.801315250414264175e-10
3.991993993993994394e+01 1.771064170520114779e-10
3.995996996996997552e+01 1.741338938068615563e-10
4.000000000000000000e+01 1.712130100714363922e-10
