5.000000000000000000e-01 1.769579414872632483e+01
5.102602602602602788e-01 1.771675062831393177e+01
5.205205205205205576e-01 1.773773957580217342e+01
5.307807807807807254e-01 1.775876111577569105e+01
5.410410410410410043e-01 1.777981537308741622e+01
5.513013013013012831e-01 1.780090247285988880e+01
5.615615615615615619e-01 1.782202254048379331e+01
5.718218218218218407e-01 1.784317570161852018e+01
5.820820820820821195e-01 1.786436208219159028e+01
5.923423423423423984e-01 1.788558180839860867e+01
6.026026026026025662e-01 1.790683500670258610e+01
6.128628628628628450e-01 1.792812180383470277e+01
6.231231231231231238e-01 1.794944232679285889e+01
6.333833833833834026e-01 1.797079670284126252e+01
6.436436436436436814e-01 1.799218505951167657e+01
6.539039039039038492e-01 1.801360752460159276e+01
6.641641641641641280e-01 1.803506422617386917e+01
6.744244244244244069e-01 1.805655529255703939e+01
6.846846846846846857e-01 1.807808085234535156e+01
6.949449449449449645e-01 1.809964103439661898e+01
7.052052052052051323e-01 1.812123596783339607e+01
7.154654654654655221e-01 1.814286578204155020e+01
7.257257257257256899e-01 1.816453060667047126e+01
7.359859859859859688e-01 1.818623057163194900e+01
7.462462462462462476e-01 1.820796580710045021e+01
7.565065065065064154e-01 1.822973644351167621e+01
7.667667667667668052e-01 1.825154261156242441e+01
7.770270270270269730e-01 1.827338444221008373e+01
7.872872872872872518e-01 1.829526206667225452e+01
7.975475475475475307e-01 1.831717561642519243e+01
8.078078078078078095e-01 1.833912522320455807e+01
8.180680680680680883e-01 1.836111101900353404e+01
8.283283283283282561e-01 1.838313313607296706e+01
8.385885885885886459e-01 1.840519170692027018e+01
8.488488488488488137e-01 1.842728686430848839e+01
8.591091091091090926e-01 1.844941874125634484e+01
8.693693693693693714e-01 1.847158747103661369e+01
8.796296296296295392e-01 1.849379318717619824e+01
8.898898898898899290e-01 1.851603602345440791e+01
9.001501501501500968e-01 1.853831611390283740e+01
9.104104104104103756e-01 1.856063359280424052e+01
9.206706706706706544e-01 1.858298859469204700e+01
9.309309309309309333e-01 1.860538125434869627e+01
9.411911911911912121e-01 1.862781170680494824e+01
9.514514514514513799e-01 1.865028008734008580e+01
9.617117117117117697e-01 1.867278653147949896e+01
9.719719719719719375e-01 1.869533117499463515e+01
9.822322322322322163e-01 1.871791415390136848e+01
9.924924924924924952e-01 1.874053560445916489e+01
1.002752752752752663e+00 1.876319566317086895e+01
1.013013013013012831e+00 1.878589446678017794e+01
1.023273273273273221e+00 1.880863215227177321e+01
1.033533533533533610e+00 1.883140885686979615e+01
1.043793793793793778e+00 1.885422471803677524e+01
1.054054054054053946e+00 1.887707987347191718e+01
1.064314314314314336e+00 1.889997446111056689e+01
1.074574574574574504e+00 1.892290861912364264e+01
1.084834834834834894e+00 1.894588248591474056e+01
1.095095095095095061e+00 1.896889620012006006e+01
1.105355355355355229e+00 1.899194990060735577e+01
1.115615615615615619e+00 1.901504372647339025e+01
1.125875875875876009e+00 1.903817781704378831e+01
1.136136136136136177e+00 1.906135231187133883e+01
1.146396396396396344e+00 1.908456735073475841e+01
1.156656656656656512e+00 1.910782307363663080e+01
1.166916916916916902e+00 1.913111962080259687e+01
1.177177177177177292e+00 1.915445713268087147e+01
1.187437437437437460e+00 1.917783574993815066e+01
1.197697697697697627e+00 1.920125561346090848e+01
1.207957957957957795e+00 1.922471686435199345e+01
1.218218218218218185e+00 1.924821964393058948e+01
1.228478478478478575e+00 1.927176409372853172e+01
1.238738738738738743e+00 1.929535035549158550e+01
1.248998998998998911e+00 1.931897857117525064e+01
1.259259259259259078e+00 1.934264888294492835e+01
1.269519519519519468e+00 1.936636143317197778e+01
1.279779779779779858e+00 1.939011636443575881e+01
1.290040040040040026e+00 1.941391381951766348e+01
1.300300300300300194e+00 1.943775394140283197e+01
1.310560560560560361e+00 1.946163687327617353e+01
1.320820820820820751e+00 1.948556275852163466e+01
1.331081081081081141e+00 1.950953174071997154e+01
1.341341341341341309e+00 1.953354396364698431e+01
1.351601601601601477e+00 1.955759957127196813e+01
1.361861861861861867e+00 1.958169870775536126e+01
1.372122122122122034e+00 1.960584151744640380e+01
1.382382382382382424e+00 1.963002814488230285e+01
1.392642642642642592e+00 1.965425873478607599e+01
1.402902902902902760e+00 1.967853343206287775e+01
1.413163163163163150e+00 1.970285238180063914e+01
1.423423423423423539e+00 1.972721572926553080e+01
1.433683683683683707e+00 1.975162361990106774e+01
1.443943943943943875e+00 1.977607619932616245e+01
1.454204204204204043e+00 1.980057361333260602e+01
1.464464464464464433e+00 1.982511600788263451e+01
1.474724724724724823e+00 1.984970352910693947e+01
1.484984984984984990e+00 1.987433632330220945e+01
1.495245245245245158e+00 1.989901453692985811e+01
1.505505505505505548e+00 1.992373831661217665e+01
1.515765765765765716e+00 1.994850780913126087e+01
1.526026026026025884e+00 1.997332316142669129e+01
1.536286286286286273e+00 1.999818452059020402e+01
1.546546546546546441e+00 2.002309203386876391e+01
1.556806806806806831e+00 2.004804584865766870e+01
1.567067067067066999e+00 2.007304611249924875e+01
1.577327327327327167e+00 2.009809297308035880e+01
1.587587587587587556e+00 2.012318657823076862e+01
1.597847847847847724e+00 2.014832707591893524e+01
1.608108108108108114e+00 2.017351461425101888e+01
1.618368368368368282e+00 2.019874934146771750e+01
1.628628628628628672e+00 2.022403140594076376e+01
1.638888888888888840e+00 2.024936095617022502e+01
1.649149149149149007e+00 2.027473814078450332e+01
1.659409409409409397e+00 2.030016310853288530e+01
1.669669669669669565e+00 2.032563600828845196e+01
1.679929929929929955e+00 2.035115698903862480e+01
1.690190190190190123e+00 2.037672619988819278e+01
1.700450450450450290e+00 2.040234379005380561e+01
1.710710710710710680e+00 2.042800990886049206e+01
1.720970970970970848e+00 2.045372470574103829e+01
1.731231231231231238e+00 2.047948833022912751e+01
1.741491491491491406e+00 2.050530093196110215e+01
1.751751751751751796e+00 2.053116266066903250e+01
1.762012012012011963e+00 2.055707366617970067e+01
1.772272272272272131e+00 2.058303409841014897e+01
1.782532532532532521e+00 2.060904410736657510e+01
1.792792792792792689e+00 2.063510384313903145e+01
1.803053053053053079e+00 2.066121345589810332e+01
1.813313313313313246e+00 2.068737309589480589e+01
1.823573573573573414e+00 2.071358291345409697e+01
1.833833833833833804e+00 2.073984305897123193e+01
1.844094094094093972e+00 2.076615368291131958e+01
1.854354354354354362e+00 2.079251493580375865e+01
1.864614614614614529e+00 2.081892696824032285e+01
1.874874874874874697e+00 2.084538993086839298e+01
1.885135135135135087e+00 2.087190397439274037e+01
1.895395395395395255e+00 2.089846924956709628e+01
1.905655655655655645e+00 2.092508590719410932e+01
1.915915915915915813e+00 2.095175409811915301e+01
1.926176176176176202e+00 2.097847397322849616e+01
1.936436436436436370e+00 2.100524568344425091e+01
1.946696696696696538e+00 2.103206937972268520e+01
1.956956956956956928e+00 2.105894521304795575e+01
1.967217217217217096e+00 2.108587333442923040e+01
1.977477477477477485e+00 2.111285389489972530e+01
1.987737737737737653e+00 2.113988704550738618e+01
1.997997997997997821e+00 2.116697293731721885e+01
2.008258258258257989e+00 2.119411172140054234e+01
2.018518518518518157e+00 2.122130354883736558e+01
2.028778778778778769e+00 2.124854857070954495e+01
2.039039039039038936e+00 2.127584693809542316e+01
2.049299299299299548e+00 2.130319880206895178e+01
2.059559559559559716e+00 2.133060431369299437e+01
2.069819819819819884e+00 2.135806362401667968e+01
2.080080080080080052e+00 2.138557688406989143e+01
2.090340340340340219e+00 2.141314424486249379e+01
2.100600600600600387e+00 2.144076585737370522e+01
2.110860860860860555e+00 2.146844187255447522e+01
2.121121121121120723e+00 2.149617244131864879e+01
2.131381381381381335e+00 2.152395771454318663e+01
2.141641641641641503e+00 2.155179784305656554e+01
2.151901901901902114e+00 2.157969297764167749e+01
2.162162162162162282e+00 2.160764326902901544e+01
2.172422422422422450e+00 2.163564886789016484e+01
2.182682682682682618e+00 2.166370992483324542e+01
2.192942942942942786e+00 2.169182659040342998e+01
2.203203203203202953e+00 2.171999901507152231e+01
2.213463463463463121e+00 2.174822734923381162e+01
2.223723723723723733e+00 2.177651174320725858e+01
2.233983983983983901e+00 2.180485234722050336e+01
2.244244244244244069e+00 2.183324931141475744e+01
2.254504504504504681e+00 2.186170278583569271e+01
2.264764764764764848e+00 2.189021292042991007e+01
2.275025025025025016e+00 2.191877986503791931e+01
2.285285285285285184e+00 2.194740376939186177e+01
2.295545545545545352e+00 2.197608478311128977e+01
2.305805805805805520e+00 2.200482305569248709e+01
2.316066066066065687e+00 2.203361873651031289e+01
2.326326326326326299e+00 2.206247197481066635e+01
2.336586586586586467e+00 2.209138291970243273e+01
2.346846846846847079e+00 2.212035172015641749e+01
2.357107107107107247e+00 2.214937852499831905e+01
2.367367367367367414e+00 2.217846348290447978e+01
2.377627627627627582e+00 2.220760674239354415e+01
2.387887887887887750e+00 2.223680845182723331e+01
2.398148148148147918e+00 2.226606875939727104e+01
2.408408408408408086e+00 2.229538781312783868e+01
2.418668668668668253e+00 2.232476576086397202e+01
2.428928928928928865e+00 2.235420275027011172e+01
2.439189189189189033e+00 2.238369892881994971e+01
2.449449449449449645e+00 2.241325444379937437e+01
2.459709709709709813e+00 2.244286944228828773e+01
2.469969969969969981e+00 2.247254407117029373e+01
2.480230230230230148e+00 2.250227847711193974e+01
2.490490490490490316e+00 2.253207280656898703e+01
2.500750750750750484e+00 2.256192720577183763e+01
2.511011011011011096e+00 2.259184182072891289e+01
2.521271271271271264e+00 2.262181679720933403e+01
2.531531531531531432e+00 2.265185228074711077e+01
2.541791791791791599e+00 2.268194841663109429e+01
2.552052052052051767e+00 2.271210534989936036e+01
2.562312312312312379e+00 2.274232322533256934e+01
2.572572572572572547e+00 2.277260218745041698e+01
2.582832832832832715e+00 2.280294238050318611e+01
2.593093093093092882e+00 2.283334394846399107e+01
2.603353353353353050e+00 2.286380703503006373e+01
2.613613613613613662e+00 2.289433178360486210e+01
2.623873873873873830e+00 2.292491833730577966e+01
2.634134134134133998e+00 2.295556683894707106e+01
2.644394394394394165e+00 2.298627743103732968e+01
2.654654654654654333e+00 2.301705025577206598e+01
2.664914914914914945e+00 2.304788545502972141e+01
2.675175175175175113e+00 2.307878317036654536e+01
2.685435435435435281e+00 2.310974354300244116e+01
2.695695695695695449e+00 2.314076671382018091e+01
2.705955955955956060e+00 2.317185282336575725e+01
2.716216216216216228e+00 2.320300201182222466e+01
2.726476476476476396e+00 2.323421441902478790e+01
2.736736736736736564e+00 2.326549018444104178e+01
2.746996996996996732e+00 2.329682944716748239e+01
2.757257257257257343e+00 2.332823234592434147e+01
2.767517517517517511e+00 2.335969901904644885e+01
2.777777777777777679e+00 2.339122960447934219e+01
2.788038038038037847e+00 2.342282423976844896e+01
2.798298298298298015e+00 2.345448306205532063e+01
2.808558558558558627e+00 2.348620620807073678e+01
2.818818818818818794e+00 2.351799381412920198e+01
2.829079079079078962e+00 2.354984601611143447e+01
2.839339339339339130e+00 2.358176294947432794e+01
2.849599599599599298e+00 2.361374474923196587e+01
2.859859859859859910e+00 2.364579154994972754e+01
2.870120120120120077e+00 2.367790348574063586e+01
2.880380380380380245e+00 2.371008069025710796e+01
2.890640640640640413e+00 2.374232329668297581e+01
2.900900900900900581e+00 2.377463143772474652e+01
2.911161161161161193e+00 2.380700524561135367e+01
2.921421421421421361e+00 2.383944485207212693e+01
2.931681681681681528e+00 2.387195038834791561e+01
2.941941941941941696e+00 2.390452198516956273e+01
2.952202202202201864e+00 2.393715977275861562e+01
2.962462462462462476e+00 2.396986388080636488e+01
2.972722722722722644e+00 2.400263443849578593e+01
2.982982982982982811e+00 2.403547157445650839e+01
2.993243243243242979e+00 2.406837541678381953e+01
3.003503503503503591e+00 2.410134609302105346e+01
3.013763763763763759e+00 2.413438373015367233e+01
3.024024024024023927e+00 2.416748845460308104e+01
3.034284284284284094e+00 2.420066039221353904e+01
3.044544544544544262e+00 2.423389966824933950e+01
3.054804804804804874e+00 2.426720640738539814e+01
3.065065065065065042e+00 2.430058073370232918e+01
3.075325325325325210e+00 2.433402277067069974e+01
3.085585585585585378e+00 2.436753264115293049e+01
3.095845845845845545e+00 2.440111046738610412e+01
3.106106106106106157e+00 2.443475637097871100e+01
3.116366366366366325e+00 2.446847047290693666e+01
3.126626626626626493e+00 2.450225289350209579e+01
3.136886886886886661e+00 2.453610375242712394e+01
3.147147147147146828e+00 2.457002316870557834e+01
3.157407407407407440e+00 2.460401126067705491e+01
3.167667667667667608e+00 2.463806814600969020e+01
3.177927927927927776e+00 2.467219394167665314e+01
3.188188188188187944e+00 2.470638876396585459e+01
3.198448448448448111e+00 2.474065272846245023e+01
3.208708708708708723e+00 2.477498595003135762e+01
3.218968968968968891e+00 2.480938854282578632e+01
3.229229229229229059e+00 2.484386062026732844e+01
3.239489489489489227e+00 2.487840229504182687e+01
3.249749749749749395e+00 2.491301367908893738e+01
3.260010010010010006e+00 2.494769488359463949e+01
3.270270270270270174e+00 2.498244601898730721e+01
3.280530530530530342e+00 2.501726719491859541e+01
3.290790790790790510e+00 2.505215852025817114e+01
3.301051051051051122e+00 2.508712010309601936e+01
3.311311311311311290e+00 2.512215205071774804e+01
3.321571571571571457e+00 2.515725446960410139e+01
3.331831831831831625e+00 2.519242746542669309e+01
3.342092092092091793e+00 2.522767114302215674e+01
3.352352352352352405e+00 2.526298560640784885e+01
3.362612612612612573e+00 2.529837095875371489e+01
3.372872872872872740e+00 2.533382730237417491e+01
3.383133133133132908e+00 2.536935473873334601e+01
3.393393393393393076e+00 2.540495336842304752e+01
3.403653653653653688e+00 2.544062329116010091e+01
3.413913913913913856e+00 2.547636460576827488e+01
3.424174174174174023e+00 2.551217741018432861e+01
3.434434434434434191e+00 2.554806180143110694e+01
3.444694694694694359e+00 2.558401787563038354e+01
3.454954954954954971e+00 2.562004572797362911e+01
3.465215215215215139e+00 2.565614545271064273e+01
3.475475475475475307e+00 2.569231714316939374e+01
3.485735735735735474e+00 2.572856089171400740e+01
3.495995995995995642e+00 2.576487678975038520e+01
3.506256256256256254e+00 2.580126492771919544e+01
3.516516516516516422e+00 2.583772539507443966e+01
3.526776776776776590e+00 2.587425828029375907e+01
3.537037037037036757e+00 2.591086367084631803e+01
3.547297297297296925e+00 2.594754165319768902e+01
3.557557557557557537e+00 2.598429231279903107e+01
3.567817817817817705e+00 2.602111573407702139e+01
3.578078078078077873e+00 2.605801200041721444e+01
3.588338338338338041e+00 2.609498119416077699e+01
3.598598598598598652e+00 2.613202339659940421e+01
3.608858858858858820e+00 2.616913868795363030e+01
3.619119119119118988e+00 2.620632714737807945e+01
3.629379379379379156e+00 2.624358885293649735e+01
3.639639639639639324e+00 2.628092388159891968e+01
3.649899899899899935e+00 2.631833230923803768e+01
3.660160160160160103e+00 2.635581421060888019e+01
3.670420420420420271e+00 2.639336965935045853e+01
3.680680680680680439e+00 2.643099872796037531e+01
3.690940940940940607e+00 2.646870148779738230e+01
3.701201201201201219e+00 2.650647800906875418e+01
3.711461461461461386e+00 2.654432836082101943e+01
3.721721721721721554e+00 2.658225261092655956e+01
3.731981981981981722e+00 2.662025082608095872e+01
3.742242242242241890e+00 2.665832307177747396e+01
3.752502502502502502e+00 2.669646941231392390e+01
3.762762762762762669e+00 2.673468991078372525e+01
3.773023023023022837e+00 2.677298462904389353e+01
3.783283283283283005e+00 2.681135362773093433e+01
3.793543543543543173e+00 2.684979696623396705e+01
3.803803803803803785e+00 2.688831470269410673e+01
3.814064064064063952e+00 2.692690689398579806e+01
3.824324324324324120e+00 2.696557359571568924e+01
3.834584584584584288e+00 2.700431486220347921e+01
3.844844844844844456e+00 2.704313074647852844e+01
3.855105105105105068e+00 2.708202130027583721e+01
3.865365365365365236e+00 2.712098657400742852e+01
3.875625625625625403e+00 2.716002661675928920e+01
3.885885885885885571e+00 2.719914147629842205e+01
3.896146146146146183e+00 2.723833119903460798e+01
3.906406406406406351e+00 2.727759583002967148e+01
3.916666666666666519e+00 2.731693541298593786e+01
3.926926926926926686e+00 2.735634999022075675e+01
3.937187187187186854e+00 2.739583960268069163e+01
3.947447447447447466e+00 2.743540428990711888e+01
3.957707707707707634e+00 2.747504409004019266e+01
3.967967967967967802e+00 2.751475903979729409e+01
3.978228228228227970e+00 2.755454917448127006e+01
3.988488488488488137e+00 2.759441452795660510e+01
3.998748748748748749e+00 2.763435513263748078e+01
4.009009009009009361e+00 2.767437101947752254e+01
4.019269269269269529e+00 2.771446221797249976e+01
4.029529529529529697e+00 2.775462875613401437e+01
4.039789789789789864e+00 2.779487066048292476e+01
4.050050050050050032e+00 2.783518795605351670e+01
4.060310310310310200e+00 2.787558066635149245e+01
4.070570570570570368e+00 2.791604881338507482e+01
4.080830830830830536e+00 2.795659241762111691e+01
4.091091091091090703e+00 2.799721149797779773e+01
4.101351351351350871e+00 2.803790607184130224e+01
4.111611611611611039e+00 2.807867615501727698e+01
4.121871871871871207e+00 2.811952176175075735e+01
4.132132132132131375e+00 2.816044290471271694e+01
4.142392392392391542e+00 2.820143959495304031e+01
4.152652652652652598e+00 2.824251184194714170e+01
4.162912912912912766e+00 2.828365965353799183e+01
4.173173173173172934e+00 2.832488303595435042e+01
4.183433433433433102e+00 2.836618199379082483e+01
4.193693693693694158e+00 2.840755652998340963e+01
4.203953953953954326e+00 2.844900664582736383e+01
4.214214214214214493e+00 2.849053234094334996e+01
4.224474474474474661e+00 2.853213361327511066e+01
4.234734734734734829e+00 2.857381045907492023e+01
4.244994994994994997e+00 2.861556287291121947e+01
4.255255255255255165e+00 2.865739084762799038e+01
4.265515515515515332e+00 2.869929437436029573e+01
4.275775775775775500e+00 2.874127344250478444e+01
4.286036036036035668e+00 2.878332803972251952e+01
4.296296296296295836e+00 2.882545815193042316e+01
4.306556556556556004e+00 2.886766376326852779e+01
4.316816816816816171e+00 2.890994485612139542e+01
4.327077077077076339e+00 2.895230141107548150e+01
4.337337337337336507e+00 2.899473340693775114e+01
4.347597597597597563e+00 2.903724082070678847e+01
4.357857857857857731e+00 2.907982362756003880e+01
4.368118118118117899e+00 2.912248180086034566e+01
4.378378378378378066e+00 2.916521531213891194e+01
4.388638638638638234e+00 2.920802413106474660e+01
4.398898898898899290e+00 2.925090822546418323e+01
4.409159159159159458e+00 2.929386756130100267e+01
4.419419419419419626e+00 2.933690210264605014e+01
4.429679679679679793e+00 2.938001181169974529e+01
4.439939939939939961e+00 2.942319664875308050e+01
4.450200200200200129e+00 2.946645657219475822e+01
4.460460460460460297e+00 2.950979153849102588e+01
4.470720720720720465e+00 2.955320150218591024e+01
4.480980980980980632e+00 2.959668641588291393e+01
4.491241241241240800e+00 2.964024623021764882e+01
4.501501501501500968e+00 2.968388089389843998e+01
4.511761761761761136e+00 2.972759035364408575e+01
4.522022022022022192e+00 2.977137455417787848e+01
4.532282282282282360e+00 2.981523343826947325e+01
4.542542542542542527e+00 2.985916694666014592e+01
4.552802802802802695e+00 2.990317501807257727e+01
4.563063063063062863e+00 2.994725758924009540e+01
4.573323323323323031e+00 2.999141459483726635e+01
4.583583583583583199e+00 3.003564596749761151e+01
4.593843843843843366e+00 3.007995163781952996e+01
4.604104104104103534e+00 3.012433153433072519e+01
4.614364364364364590e+00 3.016878558346416739e+01
4.624624624624624758e+00 3.021331370961267382e+01
4.634884884884884926e+00 3.025791583503538007e+01
4.645145145145145094e+00 3.030259187991411096e+01
4.655405405405405261e+00 3.034734176231036074e+01
4.665665665665665429e+00 3.039216539815212315e+01
4.675925925925925597e+00 3.043706270124487645e+01
4.686186186186185765e+00 3.048203358325997314e+01
4.696446446446445933e+00 3.052707795369907018e+01
4.706706706706706100e+00 3.057219571989818618e+01
4.716966966966967156e+00 3.061738678703070704e+01
4.727227227227227324e+00 3.066265105809958058e+01
4.737487487487487492e+00 3.070798843388526933e+01
4.747747747747747660e+00 3.075339881299073852e+01
4.758008008008007828e+00 3.079888209178465530e+01
4.768268268268267995e+00 3.084443816443697273e+01
4.778528528528528163e+00 3.089006692287138733e+01
4.788788788788788331e+00 3.093576825677016018e+01
4.799049049049048499e+00 3.098154205357576174e+01
4.809309309309308667e+00 3.102738819845994556e+01
4.819569569569569722e+00 3.107330657431785426e+01
4.829829829829829890e+00 3.111929706178822386e+01
4.840090090090090058e+00 3.116535953918430835e+01
4.850350350350350226e+00 3.121149388255827262e+01
4.860610610610610394e+00 3.125769996563855457e+01
4.870870870870870561e+00 3.130397765983260783e+01
4.881131131131130729e+00 3.135032683420055832e+01
4.891391391391390897e+00 3.139674735553296614e+01
4.901651651651651065e+00 3.144323908819429647e+01
4.911911911911912121e+00 3.148980189424725040e+01
4.922172172172172289e+00 3.153643563337306333e+01
4.932432432432432456e+00 3.158314016287857129e+01
4.942692692692692624e+00 3.162991533768702368e+01
4.952952952952952792e+00 3.167676101034116698e+01
4.963213213213212960e+00 3.172367703097322789e+01
4.973473473473473128e+00 3.177066324731123359e+01
4.983733733733733295e+00 3.181771950466209375e+01
4.993993993993993463e+00 3.186484564591337687e+01
5.004254254254253631e+00 3.191204151150609292e+01
5.014514514514514687e+00 3.195930693944486833e+01
5.024774774774774855e+00 3.200664176526586147e+01
5.035035035035035023e+00 3.205404582206951858e+01
5.045295295295295190e+00 3.210151894046094156e+01
5.055555555555555358e+00 3.214906094858401531e+01
5.065815815815815526e+00 3.219667167208190506e+01
5.076076076076075694e+00 3.224435093410865250e+01
5.086336336336335862e+00 3.229209855532576512e+01
5.096596596596596029e+00 3.233991435385457436e+01
5.106856856856856197e+00 3.238779814530710155e+01
5.117117117117117253e+00 3.243574974278129019e+01
5.127377377377377421e+00 3.248376895681458620e+01
5.137637637637637589e+00 3.253185559542185956e+01
5.147897897897897757e+00 3.258000946403981857e+01
5.158158158158157924e+00 3.262823036556038403e+01
5.168418418418418092e+00 3.267651810031298965e+01
5.178678678678678260e+00 3.272487246601867383e+01
5.188938938938938428e+00 3.277329325784013037e+01
5.199199199199198596e+00 3.282178026834287721e+01
5.209459459459459651e+00 3.287033328747636318e+01
5.219719719719719819e+00 3.291895210262622840e+01
5.229979979979979987e+00 3.296763649850692701e+01
5.240240240240240155e+00 3.301638625723236942e+01
5.250500500500500323e+00 3.306520115828744366e+01
5.260760760760760490e+00 3.311408097852110188e+01
5.271021021021020658e+00 3.316302549214749007e+01
5.281281281281280826e+00 3.321203447068720749e+01
5.291541541541540994e+00 3.326110768305863274e+01
5.301801801801801162e+00 3.331024489546737755e+01
5.312062062062062218e+00 3.335944587146733653e+01
5.322322322322322385e+00 3.340871037192713544e+01
5.332582582582582553e+00 3.345803815503334278e+01
5.342842842842842721e+00 3.350742897626318495e+01
5.353103103103102889e+00 3.355688258841536253e+01
5.363363363363363057e+00 3.360639874155098994e+01
5.373623623623623224e+00 3.365597718304795194e+01
5.383883883883883392e+00 3.370561765754636241e+01
5.394144144144143560e+00 3.375531990696528339e+01
5.404404404404403728e+00 3.380508367049975504e+01
5.414664664664664784e+00 3.385490868457378610e+01
5.424924924924924952e+00 3.390479468289581177e+01
5.435185185185185119e+00 3.395474139641907385e+01
5.445445445445445287e+00 3.400474855333547453e+01
5.455705705705705455e+00 3.405481587906646013e+01
5.465965965965965623e+00 3.410494309627137000e+01
5.476226226226225791e+00 3.415512992483963473e+01
5.486486486486485958e+00 3.420537608186627665e+01
5.496746746746746126e+00 3.425568128166230508e+01
5.507007007007007182e+00 3.430604523576333520e+01
5.517267267267267350e+00 3.435646765290079685e+01
5.527527527527527518e+00 3.440694823899092825e+01
5.537787787787787686e+00 3.445748669715016632e+01
5.548048048048047853e+00 3.450808272768053797e+01
5.558308308308308021e+00 3.455873602808182454e+01
5.568568568568568189e+00 3.460944629301944531e+01
5.578828828828828357e+00 3.466021321432948099e+01
5.589089089089088525e+00 3.471103648099180106e+01
5.599349349349348692e+00 3.476191577919724551e+01
5.609609609609609748e+00 3.481285079227924228e+01
5.619869869869869916e+00 3.486384120071613779e+01
5.630130130130130084e+00 3.491488668212250701e+01
5.640390390390390252e+00 3.496598691129646141e+01
5.650650650650650419e+00 3.501714156013891710e+01
5.660910910910910587e+00 3.506835029770762446e+01
5.671171171171170755e+00 3.511961279019769222e+01
5.681431431431430923e+00 3.517092870091513390e+01
5.691691691691691091e+00 3.522229769033013014e+01
5.701951951951951258e+00 3.527371941597775873e+01
5.712212212212212314e+00 3.532519353253987759e+01
5.722472472472472482e+00 3.537671969185136334e+01
5.732732732732732650e+00 3.542829754278690757e+01
5.742992992992992818e+00 3.547992673137616748e+01
5.753253253253252986e+00 3.553160690073370631e+01
5.763513513513513153e+00 3.558333769109993483e+01
5.773773773773773321e+00 3.563511873979786770e+01
5.784034034034033489e+00 3.568694968123293876e+01
5.794294294294293657e+00 3.573883014693229399e+01
5.804554554554554713e+00 3.579075976547786553e+01
5.814814814814814881e+00 3.584273816257980627e+01
5.825075075075075048e+00 3.589476496103247882e+01
5.835335335335335216e+00 3.594683978069265606e+01
5.845595595595595384e+00 3.599896223848475785e+01
5.855855855855855552e+00 3.605113194842486735e+01
5.866116116116115720e+00 3.610334852164551478e+01
5.876376376376375887e+00 3.615561156630752038e+01
5.886636636636636055e+00 3.620792068765261718e+01
5.896896896896896223e+00 3.626027548801375389e+01
5.907157157157157279e+00 3.631267556678978536e+01
5.917417417417417447e+00 3.636512052041507559e+01
5.927677677677677615e+00 3.641760994245412775e+01
5.937937937937937782e+00 3.647014342348376204e+01
5.948198198198197950e+00 3.652272055117789762e+01
5.958458458458458118e+00 3.657534091024752598e+01
5.968718718718718286e+00 3.662800408252019224e+01
5.978978978978978454e+00 3.668070964679194645e+01
5.989239239239238621e+00 3.673345717902778773e+01
5.999499499499498789e+00 3.678624625218704836e+01
6.009759759759759845e+00 3.683907643633125417e+01
6.020020020020020013e+00 3.689194729853655019e+01
6.030280280280280181e+00 3.694485840298560220e+01
6.040540540540540349e+00 3.699780931091051883e+01
6.050800800800800516e+00 3.705079958058644252e+01
6.061061061061060684e+00 3.710382876738108138e+01
6.071321321321320852e+00 3.715689642370145407e+01
6.081581581581581020e+00 3.721000209903044009e+01
6.091841841841841187e+00 3.726314533989437905e+01
6.102102102102102243e+00 3.731632568992116461e+01
6.112362362362362411e+00 3.736954268977018501e+01
6.122622622622622579e+00 3.742279587718698508e+01
6.132882882882882747e+00 3.747608478696139400e+01
6.143143143143142915e+00 3.752940895099602869e+01
6.153403403403403082e+00 3.758276789822757280e+01
6.163663663663663250e+00 3.763616115466257384e+01
6.173923923923923418e+00 3.768958824342050207e+01
6.184184184184183586e+00 3.774304868466044383e+01
6.194444444444443754e+00 3.779654199560305727e+01
6.204704704704704810e+00 3.785006769060142062e+01
6.214964964964964977e+00 3.790362528107689855e+01
6.225225225225225145e+00 3.795721427546843785e+01
6.235485485485485313e+00 3.801083417941280373e+01
6.245745745745745481e+00 3.806448449554913793e+01
6.256006006006005649e+00 3.811816472365884323e+01
6.266266266266265816e+00 3.817187436058740957e+01
6.276526526526525984e+00 3.822561290030122905e+01
6.286786786786786152e+00 3.827937983383110065e+01
6.297047047047046320e+00 3.833317464936556007e+01
6.307307307307307376e+00 3.838699683218401049e+01
6.317567567567567544e+00 3.844084586462287234e+01
6.327827827827827711e+00 3.849472122622786685e+01
6.338088088088087879e+00 3.854862239357701981e+01
6.348348348348348047e+00 3.860254884043708756e+01
6.358608608608608215e+00 3.865650003769647469e+01
6.368868868868868383e+00 3.871047545329361128e+01
6.379129129129128550e+00 3.876447455241073925e+01
6.389389389389388718e+00 3.881849679733095826e+01
6.399649649649649774e+00 3.887254164745754537e+01
6.409909909909909942e+00 3.892660855936082243e+01
6.420170170170170110e+00 3.898069698678060035e+01
6.430430430430430278e+00 3.903480638060855767e+01
6.440690690690690445e+00 3.908893618889204191e+01
6.450950950950950613e+00 3.914308585686450925e+01
6.461211211211210781e+00 3.919725482692876994e+01
6.471471471471470949e+00 3.925144253866895383e+01
6.481731731731731116e+00 3.930564842887934418e+01
6.491991991991991284e+00 3.935987193150682373e+01
6.502252252252252340e+00 3.941411247770339088e+01
6.512512512512512508e+00 3.946836949590055355e+01
6.522772772772772676e+00 3.952264241164506586e+01
6.533033033033032844e+00 3.957693064774509395e+01
6.543293293293293011e+00 3.963123362429662677e+01
6.553553553553553179e+00 3.968555075848612290e+01
6.563813813813813347e+00 3.973988146488282069e+01
6.574074074074073515e+00 3.979422515522681181e+01
6.584334334334333683e+00 3.984858123855403278e+01
6.594594594594593850e+00 3.990294912109628456e+01
6.604854854854854906e+00 3.995732820643559080e+01
6.615115115115115074e+00 4.001171789539079526e+01
6.625375375375375242e+00 4.006611758609874840e+01
6.635635635635635410e+00 4.012052667388010718e+01
6.645895895895895578e+00 4.017494455152208843e+01
6.656156156156155745e+00 4.022937060899761263e+01
6.666416416416415913e+00 4.028380423367869412e+01
6.676676676676676081e+00 4.033824481021085973e+01
6.686936936936936249e+00 4.039269172058661894e+01
6.697197197197197305e+00 4.044714434414954241e+01
6.707457457457457473e+00 4.050160205762010435e+01
6.717717717717717640e+00 4.055606423504222846e+01
6.727977977977977808e+00 4.061053024785955046e+01
6.738238238238237976e+00 4.066499946489754791e+01
6.748498498498498144e+00 4.071947125234557774e+01
6.758758758758758312e+00 4.077394497384734251e+01
6.769019019019018479e+00 4.082841999040363845e+01
6.779279279279278647e+00 4.088289566049106583e+01
6.789539539539538815e+00 4.093737133998264000e+01
6.799799799799799871e+00 4.099184638215319865e+01
6.810060060060060039e+00 4.104632013783073319e+01
6.820320320320320207e+00 4.110079195527176665e+01
6.830580580580580374e+00 4.115526118015035451e+01
6.840840840840840542e+00 4.120972715571232214e+01
6.851101101101100710e+00 4.126418922261846234e+01
6.861361361361360878e+00 4.131864671912288145e+01
6.871621621621621046e+00 4.137309898092414784e+01
6.881881881881881213e+00 4.142754534130109789e+01
6.892142142142141381e+00 4.148198513108103924e+01
6.902402402402402437e+00 4.153641767858108125e+01
6.912662662662662605e+00 4.159084230977972396e+01
6.922922922922922773e+00 4.164525834815376726e+01
6.933183183183182940e+00 4.169966511488338057e+01
6.943443443443443108e+00 4.175406192857344223e+01
6.953703703703703276e+00 4.180844810561860214e+01
6.963963963963963444e+00 4.186282295995601999e+01
6.974224224224223612e+00 4.191718580323392729e+01
6.984484484484483779e+00 4.197153594464877813e+01
6.994744744744744835e+00 4.202587269120407854e+01
7.005005005005005003e+00 4.208019534747276680e+01
7.015265265265265171e+00 4.213450321578392277e+01
7.025525525525525339e+00 4.218879559614401842e+01
7.035785785785785507e+00 4.224307178634009574e+01
7.046046046046045674e+00 4.229733108184680646e+01
7.056306306306305842e+00 4.235157277592005443e+01
7.066566566566566010e+00 4.240579615957106085e+01
7.076826826826826178e+00 4.246000052156327342e+01
7.087087087087086346e+00 4.251418514852658603e+01
7.097347347347347402e+00 4.256834932488384027e+01
7.107607607607607569e+00 4.262249233282883409e+01
7.117867867867867737e+00 4.267661345243262616e+01
7.128128128128127905e+00 4.273071196167755659e+01
7.138388388388388073e+00 4.278478713634213193e+01
7.148648648648648241e+00 4.283883825010090618e+01
7.158908908908908408e+00 4.289286457460275415e+01
7.169169169169168576e+00 4.294686537931909243e+01
7.179429429429428744e+00 4.300083993174840913e+01
7.189689689689688912e+00 4.305478749728617061e+01
7.199949949949949968e+00 4.310870733927550447e+01
7.210210210210210136e+00 4.316259871913733548e+01
7.220470470470470303e+00 4.321646089618178621e+01
7.230730730730730471e+00 4.327029312783449910e+01
7.240990990990990639e+00 4.332409466949769694e+01
7.251251251251250807e+00 4.337786477462551460e+01
7.261511511511510975e+00 4.343160269476744872e+01
7.271771771771771142e+00 4.348530767959619681e+01
7.282032032032031310e+00 4.353897897677130402e+01
7.292292292292292366e+00 4.359261583218993508e+01
7.302552552552552534e+00 4.364621748987000416e+01
7.312812812812812702e+00 4.369978319191410776e+01
7.323073073073072869e+00 4.375331217866857969e+01
7.333333333333333037e+00 4.380680368865597529e+01
7.343593593593593205e+00 4.386025695861307128e+01
7.353853853853853373e+00 4.391367122348795249e+01
7.364114114114113541e+00 4.396704571651060434e+01
7.374374374374373708e+00 4.402037966919969847e+01
7.384634634634633876e+00 4.407367231127209095e+01
7.394894894894894932e+00 4.412692287079541131e+01
7.405155155155155100e+00 4.418013057421609346e+01
7.415415415415415268e+00 4.423329464623964924e+01
7.425675675675675436e+00 4.428641431000394846e+01
7.435935935935935603e+00 4.433948878698896578e+01
7.446196196196195771e+00 4.439251729708330885e+01
7.456456456456455939e+00 4.444549905865248007e+01
7.466716716716716107e+00 4.449843328838431233e+01
7.476976976976976275e+00 4.455131920154460090e+01
7.487237237237236442e+00 4.460415601183780154e+01
7.497497497497497498e+00 4.465694293147412708e+01
7.507757757757757666e+00 4.470967917120160706e+01
7.518018018018017834e+00 4.476236394029655230e+01
7.528278278278278002e+00 4.481499644659786696e+01
7.538538538538538170e+00 4.486757589653540634e+01
7.548798798798798337e+00 4.492010149515145656e+01
7.559059059059058505e+00 4.497257244616035621e+01
7.569319319319318673e+00 4.502498795184734348e+01
7.579579579579578841e+00 4.507734721317387283e+01
7.589839839839839897e+00 4.512964942988034522e+01
7.600100100100100065e+00 4.518189380036071157e+01
7.610360360360360232e+00 4.523407952170131807e+01
7.620620620620620400e+00 4.528620578984544665e+01
7.630880880880880568e+00 4.533827179941818741e+01
7.641141141141140736e+00 4.539027674397678425e+01
7.651401401401400904e+00 4.544221981577863545e+01
7.661661661661661071e+00 4.549410020596111082e+01
7.671921921921921239e+00 4.554591710456961096e+01
7.682182182182181407e+00 4.559766970050615953e+01
7.692442442442442463e+00 4.564935718161749634e+01
7.702702702702702631e+00 4.570097873466860960e+01
7.712962962962962798e+00 4.575253354533528238e+01
7.723223223223222966e+00 4.580402079840420981e+01
7.733483483483483134e+00 4.585543967754861683e+01
7.743743743743743302e+00 4.590678936555284650e+01
7.754004004004003470e+00 4.595806904419996641e+01
7.764264264264263637e+00 4.600927789441469429e+01
7.774524524524523805e+00 4.606041509610364670e+01
7.784784784784783973e+00 4.611147982844197202e+01
7.795045045045045029e+00 4.616247126963681069e+01
7.805305305305305197e+00 4.621338859722313686e+01
7.815565565565565365e+00 4.626423098774482412e+01
7.825825825825825532e+00 4.631499761707986096e+01
7.836086086086085700e+00 4.636568766036980804e+01
7.846346346346345868e+00 4.641630029191738771e+01
7.856606606606606036e+00 4.646683468542681794e+01
7.866866866866866204e+00 4.651729001391127127e+01
7.877127127127126371e+00 4.656766544963406318e+01
7.887387387387387427e+00 4.661796016438968593e+01
7.897647647647647595e+00 4.666817332916783556e+01
7.907907907907907763e+00 4.671830411457136734e+01
7.918168168168167931e+00 4.676835169052847618e+01
7.928428428428428099e+00 4.681831522648850807e+01
7.938688688688688266e+00 4.686819389133687963e+01
7.948948948948948434e+00 4.691798685356592102e+01
7.959209209209208602e+00 4.696769328114846331e+01
7.969469469469468770e+00 4.701731234168581608e+01
7.979729729729728938e+00 4.706684320225758711e+01
7.989989989989989994e+00 4.711628502973792365e+01
8.000250250250250161e+00 4.716563699054246683e+01
8.010510510510510329e+00 4.721489825077240710e+01
8.020770770770770497e+00 4.726406797620649769e+01
8.031031031031030665e+00 4.731314533255183363e+01
8.041291291291290833e+00 4.736212948488067553e+01
8.051551551551551000e+00 4.741101959842146840e+01
8.061811811811811168e+00 4.745981483802697198e+01
8.072072072072071336e+00 4.750851436839192132e+01
8.082332332332331504e+00 4.755711735408415564e+01
8.092592592592591672e+00 4.760562295967217494e+01
8.102852852852851839e+00 4.765403034942156779e+01
8.113113113113112007e+00 4.770233868769970087e+01
8.123373373373372175e+00 4.775054713880055601e+01
8.133633633633632343e+00 4.779865486698140842e+01
8.143893893893892511e+00 4.784666103661311354e+01
8.154154154154152678e+00 4.789456481192826232e+01
8.164414414414412846e+00 4.794236535751446127e+01
8.174674674674673014e+00 4.799006183775888701e+01
8.184934934934934958e+00 4.803765341738606764e+01
8.195195195195195126e+00 4.808513926123205806e+01
8.205455455455455294e+00 4.813251853429601113e+01
8.215715715715715461e+00 4.817979040177528560e+01
8.225975975975975629e+00 4.822695402917886298e+01
8.236236236236235797e+00 4.827400858214152635e+01
8.246496496496495965e+00 4.832095322678333815e+01
8.256756756756756133e+00 4.836778712937874758e+01
8.267017017017016300e+00 4.841450945669916450e+01
8.277277277277276468e+00 4.846111937578069018e+01
8.287537537537538412e+00 4.850761605404870380e+01
8.297797797797798580e+00 4.855399865955323691e+01
8.308058058058058748e+00 4.860026636057065019e+01
8.318318318318318916e+00 4.864641832604345240e+01
8.328578578578579084e+00 4.869245372534380323e+01
8.338838838838839251e+00 4.873837172840399035e+01
8.349099099099099419e+00 4.878417150575574368e+01
8.359359359359359587e+00 4.882985222856884633e+01
8.369619619619619755e+00 4.887541306852092760e+01
8.379879879879879923e+00 4.892085319807723920e+01
8.390140140140140090e+00 4.896617179032248401e+01
8.400400400400400258e+00 4.901136801911371066e+01
8.410660660660660426e+00 4.905644105903179764e+01
8.420920920920920594e+00 4.910139008539001537e+01
8.431181181181180762e+00 4.914621427436199497e+01
8.441441441441440929e+00 4.919091280291650037e+01
8.451701701701701097e+00 4.923548484889421673e+01
8.461961961961961265e+00 4.927992959112555127e+01
8.472222222222221433e+00 4.932424620913577229e+01
8.482482482482481601e+00 4.936843388360238549e+01
8.492742742742741768e+00 4.941249179609166475e+01
8.503003003003001936e+00 4.945641912920520156e+01
8.513263263263262104e+00 4.950021506651622616e+01
8.523523523523522272e+00 4.954387879270004191e+01
8.533783783783784216e+00 4.958740949364077721e+01
8.544044044044044384e+00 4.963080635609905755e+01
8.554304304304304551e+00 4.967406856813533267e+01
8.564564564564564719e+00 4.971719531905593925e+01
8.574824824824824887e+00 4.976018579919190898e+01
8.585085085085085055e+00 4.980303920034402410e+01
8.595345345345345223e+00 4.984575471525599255e+01
8.605605605605605390e+00 4.988833153823669875e+01
8.615865865865865558e+00 4.993076886489942723e+01
8.626126126126125726e+00 4.997306589204929139e+01
8.636386386386385894e+00 5.001522181800894629e+01
8.646646646646646062e+00 5.005723584244836388e+01
8.656906906906906229e+00 5.009910716648341378e+01
8.667167167167166397e+00 5.014083499276540579e+01
8.677427427427426565e+00 5.018241852532954539e+01
8.687687687687686733e+00 5.022385696981268666e+01
8.697947947947946901e+00 5.026514953344177883e+01
8.708208208208207068e+00 5.030629542489808159e+01
8.718468468468467236e+00 5.034729385454552641e+01
8.728728728728729180e+00 5.038814403449934076e+01
8.738988988988989348e+00 5.042884517836817793e+01
8.749249249249249516e+00 5.046939650155327683e+01
8.759509509509509684e+00 5.050979722120563764e+01
8.769769769769769852e+00 5.055004655608430397e+01
8.780030030030030019e+00 5.059014372698816686e+01
8.790290290290290187e+00 5.063008795629956182e+01
8.800550550550550355e+00 5.066987846840984844e+01
8.810810810810810523e+00 5.070951448944344975e+01
8.821071071071070691e+00 5.074899524754103197e+01
8.831331331331330858e+00 5.078831997268873266e+01
8.841591591591591026e+00 5.082748789692874425e+01
8.851851851851851194e+00 5.086649825419595317e+01
8.862112112112111362e+00 5.090535028055634115e+01
8.872372372372371530e+00 5.094404321392099178e+01
8.882632632632631697e+00 5.098257629444956507e+01
8.892892892892891865e+00 5.102094876446946614e+01
8.903153153153152033e+00 5.105915986817311136e+01
8.913413413413412201e+00 5.109720885220168185e+01
8.923673673673672369e+00 5.113509496519593256e+01
8.933933933933934313e+00 5.117281745807272841e+01
8.944194194194194480e+00 5.121037558398621314e+01
8.954454454454454648e+00 5.124776859842609866e+01
8.964714714714714816e+00 5.128499575911442321e+01
8.974974974974974984e+00 5.132205632608890511e+01
8.985235235235235152e+00 5.135894956183626192e+01
8.995495495495495319e+00 5.139567473110191997e+01
9.005755755755755487e+00 5.143223110124032615e+01
9.016016016016015655e+00 5.146861794187947936e+01
9.026276276276275823e+00 5.150483452506862392e+01
9.036536536536535991e+00 5.154088012564833576e+01
9.046796796796796158e+00 5.157675402071493664e+01
9.057057057057056326e+00 5.161245548996196675e+01
9.067317317317316494e+00 5.164798381572612840e+01
9.077577577577576662e+00 5.168333828308014688e+01
9.087837837837836830e+00 5.171851817944169483e+01
9.098098098098096997e+00 5.175352279510059361e+01
9.108358358358357165e+00 5.178835142295168481e+01
9.118618618618617333e+00 5.182300335878402109e+01
9.128878878878879277e+00 5.185747790087459208e+01
9.139139139139139445e+00 5.189177435050357445e+01
9.149399399399399613e+00 5.192589201158236278e+01
9.159659659659659781e+00 5.195983019097337774e+01
9.169919919919919948e+00 5.199358819831768130e+01
9.180180180180180116e+00 5.202716534633679402e+01
9.190440440440440284e+00 5.206056095027952324e+01
9.200700700700700452e+00 5.209377432868262758e+01
9.210960960960960620e+00 5.212680480302820030e+01
9.221221221221220787e+00 5.215965169751056862e+01
9.231481481481480955e+00 5.219231433963232547e+01
9.241741741741741123e+00 5.222479205980005190e+01
9.252002002002001291e+00 5.225708419159160911e+01
9.262262262262261459e+00 5.228919007157772114e+01
9.272522522522521626e+00 5.232110903954504266e+01
9.282782782782781794e+00 5.235284043830370138e+01
9.293043043043041962e+00 5.238438361400009313e+01
9.303303303303302130e+00 5.241573791595595821e+01
9.313563563563562298e+00 5.244690269653054315e+01
9.323823823823824242e+00 5.247787731165749392e+01
9.334084084084084409e+00 5.250866112026953658e+01
9.344344344344344577e+00 5.253925348475468837e+01
9.354604604604604745e+00 5.256965377086499558e+01
9.364864864864864913e+00 5.259986134750085540e+01
9.375125125125125081e+00 5.262987558720686820e+01
9.385385385385385248e+00 5.265969586576595418e+01
9.395645645645645416e+00 5.268932156248325072e+01
9.405905905905905584e+00 5.271875206006310322e+01
9.416166166166165752e+00 5.274798674470266491e+01
9.426426426426425920e+00 5.277702500619169967e+01
9.436686686686686087e+00 5.280586623771271348e+01
9.446946946946946255e+00 5.283450983603624707e+01
9.457207207207206423e+00 5.286295520167598028e+01
9.467467467467466591e+00 5.289120173860299445e+01
9.477727727727726759e+00 5.291924885441423498e+01
9.487987987987986926e+00 5.294709596030207166e+01
9.498248248248247094e+00 5.297474247137230208e+01
9.508508508508507262e+00 5.300218780619416492e+01
9.518768768768767430e+00 5.302943138721478533e+01
9.529029029029029374e+00 5.305647264060120705e+01
9.539289289289289542e+00 5.308331099613764792e+01
9.549549549549549710e+00 5.310994588765172608e+01
9.559809809809809877e+00 5.313637675258539161e+01
9.570070070070070045e+00 5.316260303233902818e+01
9.580330330330330213e+00 5.318862417212216087e+01
9.590590590590590381e+00 5.321443962107669989e+01
9.600850850850850549e+00 5.324004883223962992e+01
9.611111111111110716e+00 5.326545126254848839e+01
9.621371371371370884e+00 5.329064637285287631e+01
9.631631631631631052e+00 5.331563362818305052e+01
9.641891891891891220e+00 5.334041249733605383e+01
9.652152152152151388e+00 5.336498245314860611e+01
9.662412412412411555e+00 5.338934297276696128e+01
9.672672672672671723e+00 5.341349353704701031e+01
9.682932932932931891e+00 5.343743363112810840e+01
9.693193193193192059e+00 5.346116274426729831e+01
9.703453453453452227e+00 5.348468036971441109e+01
9.713713713713712394e+00 5.350798600505245162e+01
9.723973973973974338e+00 5.353107915184886423e+01
9.734234234234234506e+00 5.355395931602176773e+01
9.744494494494494674e+00 5.357662600747584492e+01
9.754754754754754842e+00 5.359907874059553023e+01
9.765015015015015010e+00 5.362131703395002802e+01
9.775275275275275177e+00 5.364334041027311883e+01
9.785535535535535345e+00 5.366514839666454151e+01
9.795795795795795513e+00 5.368674052461873458e+01
9.806056056056055681e+00 5.370811632972794314e+01
9.816316316316315849e+00 5.372927535226313012e+01
9.826576576576576016e+00 5.375021713640438747e+01
9.836836836836836184e+00 5.377094123118605040e+01
9.847097097097096352e+00 5.379144718984288431e+01
9.857357357357356520e+00 5.381173457001496274e+01
9.867617617617616688e+00 5.383180293376148740e+01
9.877877877877876855e+00 5.385165184778865211e+01
9.888138138138137023e+00 5.387128088297382789e+01
9.898398398398397191e+00 5.389068961504405308e+01
9.908658658658657359e+00 5.390987762391109328e+01
9.918918918918919303e+00 5.392884449424430926e+01
9.929179179179179471e+00 5.394758981518274510e+01
9.939439439439439639e+00 5.396611318051828476e+01
9.949699699699699806e+00 5.398441418842630668e+01
9.959959959959959974e+00 5.400249244189887321e+01
9.970220220220220142e+00 5.402034754839291963e+01
9.980480480480480310e+00 5.403797912015148341e+01
9.990740740740740478e+00 5.405538677391109559e+01
1.000100100100100065e+01 5.407257013113898836e+01
1.001126126126126081e+01 5.408952881806206392e+01
1.002152152152152098e+01 5.410626246543029083e+01
1.003178178178178115e+01 5.412277070889441433e+01
1.004204204204204132e+01 5.413905318873880645e+01
1.005230230230230148e+01 5.415510955004306481e+01
1.006256256256256165e+01 5.417093944249413084e+01
1.007282282282282182e+01 5.418654252086535195e+01
1.008308308308308199e+01 5.420191844433471573e+01
1.009334334334334216e+01 5.421706687715629158e+01
1.010360360360360232e+01 5.423198748837008765e+01
1.011386386386386249e+01 5.424667995170277379e+01
1.012412412412412444e+01 5.426114394587609979e+01
1.013438438438438460e+01 5.427537915443149075e+01
1.014464464464464477e+01 5.428938526574696510e+01
1.015490490490490494e+01 5.430316197313421611e+01
1.016516516516516511e+01 5.431670897470920778e+01
1.017542542542542527e+01 5.433002597365110375e+01
1.018568568568568544e+01 5.434311267796699951e+01
1.019594594594594561e+01 5.435596880059912905e+01
1.020620620620620578e+01 5.436859405946658086e+01
1.021646646646646595e+01 5.438098817744236158e+01
1.022672672672672611e+01 5.439315088238035401e+01
1.023698698698698628e+01 5.440508190704326807e+01
1.024724724724724645e+01 5.441678098933382302e+01
1.025750750750750662e+01 5.442824787209756465e+01
1.026776776776776678e+01 5.443948230312115300e+01
1.027802802802802695e+01 5.445048403530203984e+01
1.028828828828828712e+01 5.446125282650643129e+01
1.029854854854854729e+01 5.447178843981868823e+01
1.030880880880880746e+01 5.448209064314855254e+01
1.031906906906906940e+01 5.449215920975009197e+01
1.032932932932932957e+01 5.450199391757893608e+01
1.033958958958958974e+01 5.451159455010328969e+01
1.034984984984984990e+01 5.452096089559342573e+01
1.036011011011011007e+01 5.453009274745661372e+01
1.037037037037037024e+01 5.453898990445851780e+01
1.038063063063063041e+01 5.454765217012814560e+01
1.039089089089089057e+01 5.455607935336735181e+01
1.040115115115115074e+01 5.456427126817748530e+01
1.041141141141141091e+01 5.457222773371945124e+01
1.042167167167167108e+01 5.457994857424465351e+01
1.043193193193193125e+01 5.458743361922378057e+01
1.044219219219219141e+01 5.459468270327245421e+01
1.045245245245245158e+01 5.460169566623385862e+01
1.046271271271271175e+01 5.460847235302581737e+01
1.047297297297297192e+01 5.461501261392546525e+01
1.048323323323323208e+01 5.462131630421581008e+01
1.049349349349349225e+01 5.462738328448168090e+01
1.050375375375375242e+01 5.463321342064631381e+01
1.051401401401401436e+01 5.463880658367533982e+01
1.052427427427427453e+01 5.464416264968591719e+01
1.053453453453453470e+01 5.464928150025772169e+01
1.054479479479479487e+01 5.465416302209743549e+01
1.055505505505505504e+01 5.465880710709240020e+01
1.056531531531531520e+01 5.466321365244715480e+01
1.057557557557557537e+01 5.466738256052603617e+01
1.058583583583583554e+01 5.467131373915484716e+01
1.059609609609609571e+01 5.467500710099128014e+01
1.060635635635635587e+01 5.467846256449074360e+01
1.061661661661661604e+01 5.468168005295228085e+01
1.062687687687687621e+01 5.468465949512768987e+01
1.063713713713713638e+01 5.468740082503741462e+01
1.064739739739739655e+01 5.468990398182795332e+01
1.065765765765765671e+01 5.469216891014053772e+01
1.066791791791791688e+01 5.469419555971585112e+01
1.067817817817817705e+01 5.469598388561254154e+01
1.068843843843843722e+01 5.469753384830804066e+01
1.069869869869869738e+01 5.469884541333534855e+01
1.070895895895895755e+01 5.469991855160405692e+01
1.071921921921921950e+01 5.470075323939054357e+01
1.072947947947947966e+01 5.470134945820186090e+01
1.073973973973973983e+01 5.470170719475846255e+01
1.075000000000000000e+01 5.470182644116623294e+01
