8.408143767431389278e+03 4.613380389400534654e+01
8.426585230659986337e+03 4.610058207091604032e+01
8.445026693888583395e+03 4.606738417148869047e+01
8.463468157117182272e+03 4.603421017849542096e+01
8.481909620345779331e+03 4.600106007472075476e+01
8.500351083574376389e+03 4.596793384296162799e+01
8.518792546802973447e+03 4.593483146602734024e+01
8.537234010031572325e+03 4.590175292673956875e+01
8.555675473260169383e+03 4.586869820793240393e+01
8.574116936488766441e+03 4.583566729245224991e+01
8.592558399717363500e+03 4.580266016315788846e+01
8.610999862945962377e+03 4.576967680292042218e+01
8.629441326174559435e+03 4.573671719462332419e+01
8.647882789403156494e+03 4.570378132116236714e+01
8.666324252631753552e+03 4.567086916544564446e+01
8.684765715860352429e+03 4.563798071039356330e+01
8.703207179088949488e+03 4.560511593893883031e+01
8.721648642317546546e+03 4.557227483402643742e+01
8.740090105546143604e+03 4.553945737861365473e+01
8.758531568774742482e+03 4.550666355567003762e+01
8.776973032003339540e+03 4.547389334817739126e+01
8.795414495231936598e+03 4.544114673912979896e+01
8.813855958460533657e+03 4.540842371153357249e+01
8.832297421689132534e+03 4.537572424840724494e+01
8.850738884917729592e+03 4.534304833278161340e+01
8.869180348146326651e+03 4.531039594769967493e+01
8.887621811374923709e+03 4.527776707621664087e+01
8.906063274603522586e+03 4.524516170139991544e+01
8.924504737832119645e+03 4.521257980632912421e+01
8.942946201060716703e+03 4.518002137409603591e+01
8.961387664289313761e+03 4.514748638780464063e+01
8.979829127517912639e+03 4.511497483057105740e+01
8.998270590746509697e+03 4.508248668552359106e+01
9.016712053975106755e+03 4.505002193580267544e+01
9.035153517203703814e+03 4.501758056456089463e+01
9.053594980432302691e+03 4.498516255496296878e+01
9.072036443660899749e+03 4.495276789018573993e+01
9.090477906889496808e+03 4.492039655341815063e+01
9.108919370118093866e+03 4.488804852786127242e+01
9.127360833346692743e+03 4.485572379672825605e+01
9.145802296575289802e+03 4.482342234324434571e+01
9.164243759803886860e+03 4.479114415064687904e+01
9.182685223032483918e+03 4.475888920218523026e+01
9.201126686261082796e+03 4.472665748112088124e+01
9.219568149489679854e+03 4.469444897072732914e+01
9.238009612718276912e+03 4.466226365429014322e+01
9.256451075946873971e+03 4.463010151510691514e+01
9.274892539175472848e+03 4.459796253648725184e+01
9.293334002404069906e+03 4.456584670175281104e+01
9.311775465632666965e+03 4.453375399423724446e+01
9.330216928861264023e+03 4.450168439728619774e+01
9.348658392089862900e+03 4.446963789425731761e+01
9.367099855318459959e+03 4.443761446852023766e+01
9.385541318547057017e+03 4.440561410345655702e+01
9.403982781775654075e+03 4.437363678245986875e+01
9.422424245004252953e+03 4.434168248893568176e+01
9.440865708232850011e+03 4.430975120630149178e+01
9.459307171461447069e+03 4.427784291798671035e+01
9.477748634690044128e+03 4.424595760743272166e+01
9.496190097918643005e+03 4.421409525809276886e+01
9.514631561147240063e+03 4.418225585343207484e+01
9.533073024375837122e+03 4.415043937692774279e+01
9.551514487604434180e+03 4.411864581206875613e+01
9.569955950833033057e+03 4.408687514235601412e+01
9.588397414061630116e+03 4.405512735130230340e+01
9.606838877290227174e+03 4.402340242243225532e+01
9.625280340518824232e+03 4.399170033928238865e+01
9.643721803747423110e+03 4.396002108540105269e+01
9.662163266976020168e+03 4.392836464434848409e+01
9.680604730204617226e+03 4.389673099969671455e+01
9.699046193433214285e+03 4.386512013502963470e+01
9.717487656661813162e+03 4.383353203394294439e+01
9.735929119890410220e+03 4.380196668004415983e+01
9.754370583119007279e+03 4.377042405695260641e+01
9.772812046347604337e+03 4.373890414829939743e+01
9.791253509576203214e+03 4.370740693772743413e+01
9.809694972804800273e+03 4.367593240889140560e+01
9.828136436033397331e+03 4.364448054545776046e+01
9.846577899261994389e+03 4.361305133110470678e+01
9.865019362490593267e+03 4.358164474952223344e+01
9.883460825719190325e+03 4.355026078441203907e+01
9.901902288947787383e+03 4.351889941948758889e+01
9.920343752176384442e+03 4.348756063847405073e+01
9.938785215404983319e+03 4.345624442510832353e+01
9.957226678633580377e+03 4.342495076313903013e+01
9.975668141862177436e+03 4.339367963632647474e+01
9.994109605090774494e+03 4.336243102844266417e+01
1.001255106831937337e+04 4.333120492327130080e+01
1.003099253154797043e+04 4.330000130460774699e+01
1.004943399477656749e+04 4.326882015625905353e+01
1.006787545800516455e+04 4.323766146204391703e+01
1.008631692123376342e+04 4.320652520579268696e+01
1.010475838446236048e+04 4.317541137134737284e+01
1.012319984769095754e+04 4.314431994256160863e+01
1.014164131091955460e+04 4.311325090330063858e+01
1.016008277414815348e+04 4.308220423744136696e+01
1.017852423737675053e+04 4.305117992887226563e+01
1.019696570060534759e+04 4.302017796149344520e+01
1.021540716383394465e+04 4.298919831921657675e+01
1.023384862706254353e+04 4.295824098596493457e+01
1.025229009029114059e+04 4.292730594567338898e+01
1.027073155351973764e+04 4.289639318228832821e+01
1.028917301674833470e+04 4.286550267976775785e+01
1.030761447997693176e+04 4.283463442208118721e+01
1.032605594320553064e+04 4.280378839320970741e+01
1.034449740643412770e+04 4.277296457714592037e+01
1.036293886966272476e+04 4.274216295789397435e+01
1.038138033289132363e+04 4.271138351946951417e+01
1.039982179611992069e+04 4.268062624589970255e+01
1.041826325934851775e+04 4.264989112122323434e+01
1.043670472257711481e+04 4.261917812949025119e+01
1.045514618580571187e+04 4.258848725476241270e+01
1.047358764903431074e+04 4.255781848111283239e+01
1.049202911226290780e+04 4.252717179262612746e+01
1.051047057549150486e+04 4.249654717339833354e+01
1.052891203872010374e+04 4.246594460753697575e+01
1.054735350194870080e+04 4.243536407916101183e+01
1.056579496517729785e+04 4.240480557240081794e+01
1.058423642840589491e+04 4.237426907139821708e+01
1.060267789163449197e+04 4.234375456030645068e+01
1.062111935486309085e+04 4.231326202329017150e+01
1.063956081809168791e+04 4.228279144452543648e+01
1.065800228132028496e+04 4.225234280819967836e+01
1.067644374454888384e+04 4.222191609851174121e+01
1.069488520777748090e+04 4.219151129967184488e+01
1.071332667100607796e+04 4.216112839590157080e+01
1.073176813423467502e+04 4.213076737143386197e+01
1.075020959746327208e+04 4.210042821051302298e+01
1.076865106069187095e+04 4.207011089739469867e+01
1.078709252392046801e+04 4.203981541634587416e+01
1.080553398714906507e+04 4.200954175164486770e+01
1.082397545037766395e+04 4.197928988758131652e+01
1.084241691360626101e+04 4.194905980845615545e+01
1.086085837683485806e+04 4.191885149858165249e+01
1.087929984006345512e+04 4.188866494228136617e+01
1.089774130329205218e+04 4.185850012389013131e+01
1.091618276652065106e+04 4.182835702775405196e+01
1.093462422974924812e+04 4.179823563823053689e+01
1.095306569297784517e+04 4.176813593968824989e+01
1.097150715620644405e+04 4.173805791650709551e+01
1.098994861943504111e+04 4.170800155307824753e+01
1.100839008266363817e+04 4.167796683380409917e+01
1.102683154589223523e+04 4.164795374309829157e+01
1.104527300912083228e+04 4.161796226538567822e+01
1.106371447234943116e+04 4.158799238510233920e+01
1.108215593557802822e+04 4.155804408669555983e+01
1.110059739880662528e+04 4.152811735462382359e+01
1.111903886203522416e+04 4.149821217335680501e+01
1.113748032526382121e+04 4.146832852737534836e+01
1.115592178849241827e+04 4.143846640117151736e+01
1.117436325172101533e+04 4.140862577924848864e+01
1.119280471494961239e+04 4.137880664612063697e+01
1.121124617817821127e+04 4.134900898631346422e+01
1.122968764140680832e+04 4.131923278436363489e+01
1.124812910463540538e+04 4.128947802481894769e+01
1.126657056786400426e+04 4.125974469223829999e+01
1.128501203109260132e+04 4.123003277119175181e+01
1.130345349432119838e+04 4.120034224626044761e+01
1.132189495754979544e+04 4.117067310203663766e+01
1.134033642077839249e+04 4.114102532312366378e+01
1.135877788400699137e+04 4.111139889413597359e+01
1.137721934723558843e+04 4.108179379969908496e+01
1.139566081046418549e+04 4.105221002444957890e+01
1.141410227369278437e+04 4.102264755303509958e+01
1.143254373692138142e+04 4.099310637011436143e+01
1.145098520014997848e+04 4.096358646035712070e+01
1.146942666337857554e+04 4.093408780844417549e+01
1.148786812660717260e+04 4.090461039906733021e+01
1.150630958983577148e+04 4.087515421692945239e+01
1.152475105306436853e+04 4.084571924674440169e+01
1.154319251629296559e+04 4.081630547323705116e+01
1.156163397952156447e+04 4.078691288114325886e+01
1.158007544275016153e+04 4.075754145520990335e+01
1.159851690597875859e+04 4.072819118019484108e+01
1.161695836920735564e+04 4.069886204086687798e+01
1.163539983243595270e+04 4.066955402200581915e+01
1.165384129566455158e+04 4.064026710840241208e+01
1.167228275889314864e+04 4.061100128485836791e+01
1.169072422212174570e+04 4.058175653618632595e+01
1.170916568535034457e+04 4.055253284720987494e+01
1.172760714857894163e+04 4.052333020276355313e+01
1.174604861180753869e+04 4.049414858769276293e+01
1.176449007503613575e+04 4.046498798685387044e+01
1.178293153826473281e+04 4.043584838511414148e+01
1.180137300149333169e+04 4.040672976735171318e+01
1.181981446472192874e+04 4.037763211845562950e+01
1.183825592795052580e+04 4.034855542332581280e+01
1.185669739117912468e+04 4.031949966687306386e+01
1.187513885440772174e+04 4.029046483401904766e+01
1.189358031763631880e+04 4.026145090969628626e+01
1.191202178086491585e+04 4.023245787884814462e+01
1.193046324409351291e+04 4.020348572642884477e+01
1.194890470732211179e+04 4.017453443740343033e+01
1.196734617055070885e+04 4.014560399674778068e+01
1.198578763377930591e+04 4.011669438944859678e+01
1.200422909700790296e+04 4.008780560050336561e+01
1.202267056023650002e+04 4.005893761492042415e+01
1.204111202346509890e+04 4.003009041771885990e+01
1.205955348669369596e+04 4.000126399392857479e+01
1.207799494992229302e+04 3.997245832859023551e+01
1.209643641315089189e+04 3.994367340675529476e+01
1.211487787637948895e+04 3.991490921348596999e+01
1.213331933960808601e+04 3.988616573385522202e+01
1.215176080283668307e+04 3.985744295294676931e+01
1.217020226606528013e+04 3.982874085585506663e+01
1.218864372929387901e+04 3.980005942768531924e+01
1.220708519252247606e+04 3.977139865355343318e+01
1.222552665575107312e+04 3.974275851858605790e+01
1.224396811897967200e+04 3.971413900792053653e+01
1.226240958220826906e+04 3.968554010670491294e+01
1.228085104543686612e+04 3.965696180009794602e+01
1.229929250866546317e+04 3.962840407326905989e+01
1.231773397189406023e+04 3.959986691139836523e+01
1.233617543512265911e+04 3.957135029967666640e+01
1.235461689835125617e+04 3.954285422330538324e+01
1.237305836157985323e+04 3.951437866749665062e+01
1.239149982480845210e+04 3.948592361747320467e+01
1.240994128803704916e+04 3.945748905846845389e+01
1.242838275126564622e+04 3.942907497572642228e+01
1.244682421449424328e+04 3.940068135450177067e+01
1.246526567772284034e+04 3.937230818005976829e+01
1.248370714095143921e+04 3.934395543767631409e+01
1.250214860418003627e+04 3.931562311263787990e+01
1.252059006740863333e+04 3.928731119024156726e+01
1.253903153063723221e+04 3.925901965579502217e+01
1.255747299386582927e+04 3.923074849461652747e+01
1.257591445709442633e+04 3.920249769203488910e+01
1.259435592032302520e+04 3.917426723338950723e+01
1.261279738355162044e+04 3.914605710403032646e+01
1.263123884678021932e+04 3.911786728931784296e+01
1.264968031000881638e+04 3.908969777462309736e+01
1.266812177323741344e+04 3.906154854532765341e+01
1.268656323646601231e+04 3.903341958682362645e+01
1.270500469969460937e+04 3.900531088451363360e+01
1.272344616292320643e+04 3.897722242381080093e+01
1.274188762615180531e+04 3.894915419013876345e+01
1.276032908938040055e+04 3.892110616893167219e+01
1.277877055260899942e+04 3.889307834563413024e+01
1.279721201583759648e+04 3.886507070570124966e+01
1.281565347906619354e+04 3.883708323459861589e+01
1.283409494229479242e+04 3.880911591780225223e+01
1.285253640552338948e+04 3.878116874079868381e+01
1.287097786875198653e+04 3.875324168908485944e+01
1.288941933198058541e+04 3.872533474816816579e+01
1.290786079520918065e+04 3.869744790356644870e+01
1.292630225843777953e+04 3.866958114080798481e+01
1.294474372166637659e+04 3.864173444543143887e+01
1.296318518489497364e+04 3.861390780298591352e+01
1.298162664812357252e+04 3.858610119903092794e+01
1.300006811135216958e+04 3.855831461913636815e+01
1.301850957458076664e+04 3.853054804888255092e+01
1.303695103780936552e+04 3.850280147386013851e+01
1.305539250103796076e+04 3.847507487967019557e+01
1.307383396426655963e+04 3.844736825192414642e+01
1.309227542749515669e+04 3.841968157624377511e+01
1.311071689072375375e+04 3.839201483826123251e+01
1.312915835395235263e+04 3.836436802361899367e+01
1.314759981718094787e+04 3.833674111796989337e+01
1.316604128040954674e+04 3.830913410697708343e+01
1.318448274363814380e+04 3.828154697631404701e+01
1.320292420686674086e+04 3.825397971166459143e+01
1.322136567009533974e+04 3.822643229872281267e+01
1.323980713332393680e+04 3.819890472319313091e+01
1.325824859655253385e+04 3.817139697079025495e+01
1.327669005978113273e+04 3.814390902723916810e+01
1.329513152300972797e+04 3.811644087827513516e+01
1.331357298623832685e+04 3.808899250964371674e+01
1.333201444946692391e+04 3.806156390710071946e+01
1.335045591269552096e+04 3.803415505641219596e+01
1.336889737592411984e+04 3.800676594335447334e+01
1.338733883915271690e+04 3.797939655371411760e+01
1.340578030238131396e+04 3.795204687328791238e+01
1.342422176560991284e+04 3.792471688788288020e+01
1.344266322883850808e+04 3.789740658331627543e+01
1.346110469206710695e+04 3.787011594541554160e+01
1.347954615529570401e+04 3.784284496001835407e+01
1.349798761852430107e+04 3.781559361297256316e+01
1.351642908175289995e+04 3.778836189013622970e+01
1.353487054498149701e+04 3.776114977737757528e+01
1.355331200821009406e+04 3.773395726057503907e+01
1.357175347143869294e+04 3.770678432561717131e+01
1.359019493466728818e+04 3.767963095840274690e+01
1.360863639789588706e+04 3.765249714484064469e+01
1.362707786112448412e+04 3.762538287084991140e+01
1.364551932435308117e+04 3.759828812235974027e+01
1.366396078758168005e+04 3.757121288530944270e+01
1.368240225081027711e+04 3.754415714564846951e+01
1.370084371403887417e+04 3.751712088933638256e+01
1.371928517726747305e+04 3.749010410234284763e+01
1.373772664049606828e+04 3.746310677064764860e+01
1.375616810372466716e+04 3.743612888024064489e+01
1.377460956695326422e+04 3.740917041712180691e+01
1.379305103018186128e+04 3.738223136730118767e+01
1.381149249341046016e+04 3.735531171679889439e+01
1.382993395663905721e+04 3.732841145164510266e+01
1.384837541986765427e+04 3.730153055788007066e+01
1.386681688309625315e+04 3.727466902155408945e+01
1.388525834632484839e+04 3.724782682872750428e+01
1.390369980955344727e+04 3.722100396547070034e+01
1.392214127278204433e+04 3.719420041786408149e+01
1.394058273601064138e+04 3.716741617199808445e+01
1.395902419923924026e+04 3.714065121397316460e+01
1.397746566246783732e+04 3.711390552989978886e+01
1.399590712569643438e+04 3.708717910589840017e+01
1.401434858892503325e+04 3.706047192809948143e+01
1.403279005215362849e+04 3.703378398264347027e+01
1.405123151538222737e+04 3.700711525568078741e+01
1.406967297861082443e+04 3.698046573337183673e+01
1.408811444183942149e+04 3.695383540188699101e+01
1.410655590506802037e+04 3.692722424740655640e+01
1.412499736829661742e+04 3.690063225612083642e+01
1.414343883152521448e+04 3.687405941423003952e+01
1.416188029475381336e+04 3.684750570794431468e+01
1.418032175798240860e+04 3.682097112348377266e+01
1.419876322121100748e+04 3.679445564707841498e+01
1.421720468443960453e+04 3.676795926496816946e+01
1.423564614766820159e+04 3.674148196340287598e+01
1.425408761089680047e+04 3.671502372864226516e+01
1.427252907412539753e+04 3.668858454695598681e+01
1.429097053735399459e+04 3.666216440462355308e+01
1.430941200058259346e+04 3.663576328793436687e+01
1.432785346381118870e+04 3.660938118318770762e+01
1.434629492703978758e+04 3.658301807669271000e+01
1.436473639026838464e+04 3.655667395476837100e+01
1.438317785349698170e+04 3.653034880374355708e+01
1.440161931672558057e+04 3.650404260995695438e+01
1.442006077995417763e+04 3.647775535975710426e+01
1.443850224318277469e+04 3.645148703950236779e+01
1.445694370641137357e+04 3.642523763556093286e+01
1.447538516963996881e+04 3.639900713431079993e+01
1.449382663286856769e+04 3.637279552213980338e+01
1.451226809609716474e+04 3.634660278544554757e+01
1.453070955932576180e+04 3.632042891063544943e+01
1.454915102255436068e+04 3.629427388412669586e+01
1.456759248578295774e+04 3.626813769234628637e+01
1.458603394901155480e+04 3.624202032173097621e+01
1.460447541224015367e+04 3.621592175872728347e+01
1.462291687546874891e+04 3.618984198979148914e+01
1.464135833869734779e+04 3.616378100138963703e+01
1.465979980192594485e+04 3.613773877999751249e+01
1.467824126515454191e+04 3.611171531210062824e+01
1.469668272838314078e+04 3.608571058419423849e+01
1.471512419161173784e+04 3.605972458278333193e+01
1.473356565484033490e+04 3.603375729438259611e+01
1.475200711806893378e+04 3.600780870551644597e+01
1.477044858129752902e+04 3.598187880271898820e+01
1.478889004452612789e+04 3.595596757253404263e+01
1.480733150775472495e+04 3.593007500151509248e+01
1.482577297098332201e+04 3.590420107622532697e+01
1.484421443421192089e+04 3.587834578323761292e+01
1.486265589744051795e+04 3.585250910913446631e+01
1.488109736066911501e+04 3.582669104050808073e+01
1.489953882389771388e+04 3.580089156396029892e+01
1.491798028712630912e+04 3.577511066610262702e+01
1.493642175035490800e+04 3.574934833355618480e+01
1.495486321358350506e+04 3.572360455295174120e+01
1.497330467681210212e+04 3.569787931092970013e+01
1.499174614004070099e+04 3.567217259414007202e+01
1.501018760326929805e+04 3.564648438924249518e+01
1.502862906649789511e+04 3.562081468290620023e+01
1.504707052972649399e+04 3.559516346181002433e+01
1.506551199295508923e+04 3.556953071264240407e+01
1.508395345618368810e+04 3.554391642210134705e+01
1.510239491941228516e+04 3.551832057689444611e+01
1.512083638264088222e+04 3.549274316373887928e+01
1.513927784586948110e+04 3.546718416936136720e+01
1.515771930909807816e+04 3.544164358049820862e+01
1.517616077232667521e+04 3.541612138389523068e+01
1.519460223555527409e+04 3.539061756630783862e+01
1.521304369878386933e+04 3.536513211450094474e+01
1.523148516201246821e+04 3.533966501524901105e+01
1.524992662524106527e+04 3.531421625533600661e+01
1.526836808846966233e+04 3.528878582155543597e+01
1.528680955169826120e+04 3.526337370071028943e+01
1.530525101492685826e+04 3.523797987961309985e+01
1.532369247815545532e+04 3.521260434508586457e+01
1.534213394138405420e+04 3.518724708396006662e+01
1.536057540461264944e+04 3.516190808307671034e+01
1.537901686784124831e+04 3.513658732928622186e+01
1.539745833106984537e+04 3.511128480944854147e+01
1.541589979429844243e+04 3.508600051043305967e+01
1.543434125752704131e+04 3.506073441911860300e+01
1.545278272075563837e+04 3.503548652239346950e+01
1.547122418398423542e+04 3.501025680715539323e+01
1.548966564721283248e+04 3.498504526031154427e+01
1.550810711044142954e+04 3.495985186877851447e+01
1.552654857367002842e+04 3.493467661948232461e+01
1.554499003689862548e+04 3.490951949935841014e+01
1.556343150012722253e+04 3.488438049535160701e+01
1.558187296335582141e+04 3.485925959441615873e+01
1.560031442658441665e+04 3.483415678351570222e+01
1.561875588981301553e+04 3.480907204962325352e+01
1.563719735304161259e+04 3.478400537972123630e+01
1.565563881627020965e+04 3.475895676080141072e+01
1.567408027949880852e+04 3.473392617986493747e+01
1.569252174272740558e+04 3.470891362392231372e+01
1.571096320595600264e+04 3.468391907999340873e+01
1.572940466918460152e+04 3.465894253510742828e+01
1.574784613241319676e+04 3.463398397630292891e+01
1.576628759564179563e+04 3.460904339062778234e+01
1.578472905887039269e+04 3.458412076513921107e+01
1.580317052209898975e+04 3.455921608690373148e+01
1.582161198532758863e+04 3.453432934299719648e+01
1.584005344855618569e+04 3.450946052050475998e+01
1.585849491178478274e+04 3.448460960652086271e+01
1.587693637501338162e+04 3.445977658814926059e+01
1.589537783824197686e+04 3.443496145250297502e+01
1.591381930147057574e+04 3.441016418670432842e+01
1.593226076469917280e+04 3.438538477788490866e+01
1.595070222792776985e+04 3.436062321318554780e+01
1.596914369115636873e+04 3.433587947975637178e+01
1.598758515438496579e+04 3.431115356475675071e+01
1.600602661761356285e+04 3.428644545535529886e+01
1.602446808084216173e+04 3.426175513872985334e+01
1.604290954407075697e+04 3.423708260206751675e+01
1.606135100729935584e+04 3.421242783256458608e+01
1.607979247052795290e+04 3.418779081742659542e+01
1.609823393375654996e+04 3.416317154386831589e+01
1.611667539698514884e+04 3.413856999911366330e+01
1.613511686021374589e+04 3.411398617039583314e+01
1.615355832344234295e+04 3.408942004495713718e+01
1.617199978667094183e+04 3.406487161004913133e+01
1.619044124989953707e+04 3.404034085293252332e+01
1.620888271312813595e+04 3.401582776087720106e+01
1.622732417635673301e+04 3.399133232116222558e+01
1.624576563958533006e+04 3.396685452107580261e+01
1.626420710281392894e+04 3.394239434791531096e+01
1.628264856604252600e+04 3.391795178898725993e+01
1.630109002927112306e+04 3.389352683160732482e+01
1.631953149249972194e+04 3.386911946310027588e+01
1.633797295572831717e+04 3.384472967080006356e+01
1.635641441895691605e+04 3.382035744204970484e+01
1.637485588218551311e+04 3.379600276420136851e+01
1.639329734541411017e+04 3.377166562461630406e+01
1.641173880864270905e+04 3.374734601066489148e+01
1.643018027187130792e+04 3.372304390972658439e+01
1.644862173509990316e+04 3.369875930918993845e+01
1.646706319832850204e+04 3.367449219645257585e+01
1.648550466155709728e+04 3.365024255892119953e+01
1.650394612478569616e+04 3.362601038401160025e+01
1.652238758801429503e+04 3.360179565914859978e+01
1.654082905124289027e+04 3.357759837176609352e+01
1.655927051447148915e+04 3.355341850930702918e+01
1.657771197770008439e+04 3.352925605922337837e+01
1.659615344092868327e+04 3.350511100897616501e+01
1.661459490415728214e+04 3.348098334603544401e+01
1.663303636738588102e+04 3.345687305788027999e+01
1.665147783061447626e+04 3.343278013199876852e+01
1.666991929384307150e+04 3.340870455588800780e+01
1.668836075707167038e+04 3.338464631705409147e+01
1.670680222030026925e+04 3.336060540301212995e+01
1.672524368352886813e+04 3.333658180128621495e+01
1.674368514675746337e+04 3.331257549940941942e+01
1.676212660998605861e+04 3.328858648492378336e+01
1.678056807321465749e+04 3.326461474538033514e+01
1.679900953644325637e+04 3.324066026833907017e+01
1.681745099967185524e+04 3.321672304136893672e+01
1.683589246290045048e+04 3.319280305204782167e+01
1.685433392612904936e+04 3.316890028796257184e+01
1.687277538935764460e+04 3.314501473670897980e+01
1.689121685258624348e+04 3.312114638589174120e+01
1.690965831581484235e+04 3.309729522312451877e+01
1.692809977904344123e+04 3.307346123602984989e+01
1.694654124227203647e+04 3.304964441223923188e+01
1.696498270550063171e+04 3.302584473939303678e+01
1.698342416872923059e+04 3.300206220514053967e+01
1.700186563195782946e+04 3.297829679713991169e+01
1.702030709518642834e+04 3.295454850305824124e+01
1.703874855841502358e+04 3.293081731057144168e+01
1.705719002164361882e+04 3.290710320736435079e+01
1.707563148487221770e+04 3.288340618113064551e+01
1.709407294810081657e+04 3.285972621957287743e+01
1.711251441132941545e+04 3.283606331040245863e+01
1.713095587455801069e+04 3.281241744133963323e+01
1.714939733778660957e+04 3.278878860011350582e+01
1.716783880101520481e+04 3.276517677446201304e+01
1.718628026424380369e+04 3.274158195213190226e+01
1.720472172747240256e+04 3.271800412087875998e+01
1.722316319070100144e+04 3.269444326846701188e+01
1.724160465392959668e+04 3.267089938266986593e+01
1.726004611715819192e+04 3.264737245126934084e+01
1.727848758038679080e+04 3.262386246205625184e+01
1.729692904361538967e+04 3.260036940283020357e+01
1.731537050684398855e+04 3.257689326139960428e+01
1.733381197007258379e+04 3.255343402558163746e+01
1.735225343330117903e+04 3.252999168320224044e+01
1.737069489652977791e+04 3.250656622209612578e+01
1.738913635975837678e+04 3.248315763010677415e+01
1.740757782298697566e+04 3.245976589508641297e+01
1.742601928621557090e+04 3.243639100489603777e+01
1.744446074944416978e+04 3.241303294740534113e+01
1.746290221267276502e+04 3.238969171049280504e+01
1.748134367590136389e+04 3.236636728204558722e+01
1.749978513912996277e+04 3.234305964995962057e+01
1.751822660235856165e+04 3.231976880213951375e+01
1.753666806558715689e+04 3.229649472649860087e+01
1.755510952881575213e+04 3.227323741095892728e+01
1.757355099204435101e+04 3.224999684345121409e+01
1.759199245527294988e+04 3.222677301191488652e+01
1.761043391850154876e+04 3.220356590429806687e+01
1.762887538173014400e+04 3.218037550855755313e+01
1.764731684495873924e+04 3.215720181265879063e+01
1.766575830818733812e+04 3.213404480457590751e+01
1.768419977141593699e+04 3.211090447229170763e+01
1.770264123464453587e+04 3.208778080379761377e+01
1.772108269787313111e+04 3.206467378709373151e+01
1.773952416110172999e+04 3.204158341018879241e+01
1.775796562433032523e+04 3.201850966110015406e+01
1.777640708755892410e+04 3.199545252785381777e+01
1.779484855078752298e+04 3.197241199848439663e+01
1.781329001401612186e+04 3.194938806103512619e+01
1.783173147724471710e+04 3.192638070355786795e+01
1.785017294047331234e+04 3.190338991411305258e+01
1.786861440370191121e+04 3.188041568076972965e+01
1.788705586693051009e+04 3.185745799160553915e+01
1.790549733015910897e+04 3.183451683470670091e+01
1.792393879338770421e+04 3.181159219816803940e+01
1.794238025661629945e+04 3.178868407009290920e+01
1.796082171984489833e+04 3.176579243859326240e+01
1.797926318307349720e+04 3.174291729178959542e+01
1.799770464630209608e+04 3.172005861781097380e+01
1.801614610953069132e+04 3.169721640479502156e+01
1.803458757275928656e+04 3.167439064088786083e+01
1.805302903598788544e+04 3.165158131424418997e+01
1.807147049921648431e+04 3.162878841302722677e+01
1.808991196244508319e+04 3.160601192540871196e+01
1.810835342567367843e+04 3.158325183956890214e+01
1.812679488890227731e+04 3.156050814369656266e+01
1.814523635213087255e+04 3.153778082598897825e+01
1.816367781535947142e+04 3.151506987465191045e+01
1.818211927858807030e+04 3.149237527789963309e+01
1.820056074181666918e+04 3.146969702395490032e+01
1.821900220504526442e+04 3.144703510104896083e+01
1.823744366827385966e+04 3.142438949742150456e+01
1.825588513150245853e+04 3.140176020132071599e+01
1.827432659473105741e+04 3.137914720100324928e+01
1.829276805795965629e+04 3.135655048473418560e+01
1.831120952118825153e+04 3.133397004078709713e+01
1.832965098441684677e+04 3.131140585744395821e+01
1.834809244764544565e+04 3.128885792299520219e+01
1.836653391087404452e+04 3.126632622573970366e+01
1.838497537410264340e+04 3.124381075398474295e+01
1.840341683733123864e+04 3.122131149604604161e+01
1.842185830055983752e+04 3.119882844024771629e+01
1.844029976378843276e+04 3.117636157492230353e+01
1.845874122701703163e+04 3.115391088841073142e+01
1.847718269024563051e+04 3.113147636906234084e+01
1.849562415347422939e+04 3.110905800523484643e+01
1.851406561670282463e+04 3.108665578529435436e+01
1.853250707993141987e+04 3.106426969761535162e+01
1.855094854316001874e+04 3.104189973058068119e+01
1.856939000638861762e+04 3.101954587258156693e+01
1.858783146961721650e+04 3.099720811201758863e+01
1.860627293284581174e+04 3.097488643729668212e+01
1.862471439607440698e+04 3.095258083683513206e+01
1.864315585930300585e+04 3.093029129905755070e+01
1.866159732253160473e+04 3.090801781239689916e+01
1.868003878576020361e+04 3.088576036529446966e+01
1.869848024898879885e+04 3.086351894619986780e+01
1.871692171221739773e+04 3.084129354357102670e+01
1.873536317544599297e+04 3.081908414587419287e+01
1.875380463867459184e+04 3.079689074158389417e+01
1.877224610190319072e+04 3.077471331918298958e+01
1.879068756513178960e+04 3.075255186716261946e+01
1.880912902836038484e+04 3.073040637402220909e+01
1.882757049158898008e+04 3.070827682826947225e+01
1.884601195481757895e+04 3.068616321842038275e+01
1.886445341804617783e+04 3.066406553299919935e+01
1.888289488127477671e+04 3.064198376053845152e+01
1.890133634450337195e+04 3.061991788957890392e+01
1.891977780773196719e+04 3.059786790866959549e+01
1.893821927096056606e+04 3.057583380636778614e+01
1.895666073418916494e+04 3.055381557123899938e+01
1.897510219741776382e+04 3.053181319185699039e+01
1.899354366064635906e+04 3.050982665680373529e+01
1.901198512387495794e+04 3.048785595466942056e+01
1.903042658710355317e+04 3.046590107405247849e+01
1.904886805033215205e+04 3.044396200355952686e+01
1.906730951356075093e+04 3.042203873180539375e+01
1.908575097678934981e+04 3.040013124741312112e+01
1.910419244001794505e+04 3.037823953901392215e+01
1.912263390324654029e+04 3.035636359524721328e+01
1.914107536647513916e+04 3.033450340476057505e+01
1.915951682970373804e+04 3.031265895620977702e+01
1.917795829293233692e+04 3.029083023825875642e+01
1.919639975616093216e+04 3.026901723957961465e+01
1.921484121938952740e+04 3.024721994885260656e+01
1.923328268261812627e+04 3.022543835476612983e+01
1.925172414584672515e+04 3.020367244601674273e+01
1.927016560907532403e+04 3.018192221130913566e+01
1.928860707230391927e+04 3.016018763935614899e+01
1.930704853553251814e+04 3.013846871887872325e+01
1.932548999876111338e+04 3.011676543860593824e+01
1.934393146198971226e+04 3.009507778727498462e+01
1.936237292521831114e+04 3.007340575363117452e+01
1.938081438844691002e+04 3.005174932642790608e+01
1.939925585167550526e+04 3.003010849442669894e+01
1.941769731490410049e+04 3.000848324639715159e+01
1.943613877813269937e+04 2.998687357111693430e+01
1.945458024136129825e+04 2.996527945737183529e+01
1.947302170458989713e+04 2.994370089395569323e+01
1.949146316781849237e+04 2.992213786967042921e+01
1.950990463104708761e+04 2.990059037332601122e+01
1.952834609427568648e+04 2.987905839374048256e+01
1.954678755750428536e+04 2.985754191973992278e+01
1.956522902073288424e+04 2.983604094015847963e+01
1.958367048396147948e+04 2.981455544383833001e+01
1.960211194719007835e+04 2.979308541962967283e+01
1.962055341041867359e+04 2.977163085639076101e+01
1.963899487364727247e+04 2.975019174298784463e+01
1.965743633687587135e+04 2.972876806829521712e+01
1.967587780010447023e+04 2.970735982119516549e+01
1.969431926333306546e+04 2.968596699057799526e+01
1.971276072656166070e+04 2.966458956534200553e+01
1.973120218979025958e+04 2.964322753439348190e+01
1.974964365301885846e+04 2.962188088664671071e+01
1.976808511624745734e+04 2.960054961102396121e+01
1.978652657947605258e+04 2.957923369645547851e+01
1.980496804270464781e+04 2.955793313187947646e+01
1.982340950593324669e+04 2.953664790624213055e+01
1.984185096916184557e+04 2.951537800849758142e+01
1.986029243239044445e+04 2.949412342760792782e+01
1.987873389561903969e+04 2.947288415254321947e+01
1.989717535884763856e+04 2.945166017228142863e+01
1.991561682207623380e+04 2.943045147580848919e+01
1.993405828530483268e+04 2.940925805211825761e+01
1.995249974853343156e+04 2.938807989021250577e+01
1.997094121176203043e+04 2.936691697910093524e+01
1.998938267499062567e+04 2.934576930780117721e+01
2.000782413821922091e+04 2.932463686533873926e+01
2.002626560144781979e+04 2.930351964074705151e+01
2.004470706467641867e+04 2.928241762306743823e+01
2.006314852790501754e+04 2.926133080134911424e+01
2.008158999113361278e+04 2.924025916464918851e+01
2.010003145436220802e+04 2.921920270203263570e+01
2.011847291759080690e+04 2.919816140257230686e+01
2.013691438081940578e+04 2.917713525534894003e+01
2.015535584404800466e+04 2.915612424945111059e+01
2.017379730727659989e+04 2.913512837397527733e+01
2.019223877050519877e+04 2.911414761802572571e+01
2.021068023373379401e+04 2.909318197071460332e+01
2.022912169696239289e+04 2.907223142116189862e+01
2.024756316019099177e+04 2.905129595849541957e+01
2.026600462341958701e+04 2.903037557185083273e+01
2.028444608664818588e+04 2.900947025037159577e+01
2.030288754987678112e+04 2.898857998320900364e+01
2.032132901310538000e+04 2.896770475952214952e+01
2.033977047633397888e+04 2.894684456847796383e+01
2.035821193956257775e+04 2.892599939925113262e+01
2.037665340279117299e+04 2.890516924102417917e+01
2.039509486601976823e+04 2.888435408298739304e+01
2.041353632924836711e+04 2.886355391433885131e+01
2.043197779247696599e+04 2.884276872428441152e+01
2.045041925570556486e+04 2.882199850203771518e+01
2.046886071893416010e+04 2.880124323682015230e+01
2.048730218216275534e+04 2.878050291786089332e+01
2.050574364539135422e+04 2.875977753439683937e+01
2.052418510861995310e+04 2.873906707567266849e+01
2.054262657184855198e+04 2.871837153094079298e+01
2.056106803507714721e+04 2.869769088946137359e+01
2.057950949830574609e+04 2.867702514050228046e+01
2.059795096153434133e+04 2.865637427333913934e+01
2.061639242476294021e+04 2.863573827725528531e+01
2.063483388799153909e+04 2.861511714154177000e+01
2.065327535122013796e+04 2.859451085549737215e+01
2.067171681444873320e+04 2.857391940842855149e+01
2.069015827767732844e+04 2.855334278964949135e+01
2.070859974090592732e+04 2.853278098848204891e+01
2.072704120413452620e+04 2.851223399425579075e+01
2.074548266736312507e+04 2.849170179630796085e+01
2.076392413059172031e+04 2.847118438398346996e+01
2.078236559382031555e+04 2.845068174663492755e+01
2.080080705704891443e+04 2.843019387362257433e+01
2.081924852027751331e+04 2.840972075431434618e+01
2.083768998350611218e+04 2.838926237808581732e+01
2.085613144673470742e+04 2.836881873432022871e+01
2.087457290996330630e+04 2.834838981240844191e+01
2.089301437319190154e+04 2.832797560174897811e+01
2.091145583642050042e+04 2.830757609174798262e+01
2.092989729964909930e+04 2.828719127181923554e+01
2.094833876287769817e+04 2.826682113138414820e+01
2.096678022610629341e+04 2.824646565987172764e+01
2.098522168933488865e+04 2.822612484671861210e+01
2.100366315256348753e+04 2.820579868136903201e+01
2.102210461579208641e+04 2.818548715327483478e+01
2.104054607902068528e+04 2.816519025189545644e+01
2.105898754224928052e+04 2.814490796669792871e+01
2.107742900547787576e+04 2.812464028715685416e+01
2.109587046870647464e+04 2.810438720275442392e+01
2.111431193193507352e+04 2.808414870298040000e+01
2.113275339516367239e+04 2.806392477733212587e+01
2.115119485839226763e+04 2.804371541531450163e+01
2.116963632162086651e+04 2.802352060643996978e+01
2.118807778484946175e+04 2.800334034022854368e+01
2.120651924807806063e+04 2.798317460620777197e+01
2.122496071130665950e+04 2.796302339391275638e+01
2.124340217453525838e+04 2.794288669288611970e+01
2.126184363776385362e+04 2.792276449267803784e+01
2.128028510099244886e+04 2.790265678284618645e+01
2.129872656422104774e+04 2.788256355295577293e+01
2.131716802744964662e+04 2.786248479257951871e+01
2.133560949067824549e+04 2.784242049129765562e+01
2.135405095390684073e+04 2.782237063869791882e+01
2.137249241713543597e+04 2.780233522437553617e+01
2.139093388036403485e+04 2.778231423793322463e+01
2.140937534359263373e+04 2.776230766898120450e+01
2.142781680682123260e+04 2.774231550713717098e+01
2.144625827004982784e+04 2.772233774202629064e+01
2.146469973327842672e+04 2.770237436328119784e+01
2.148314119650702196e+04 2.768242536054201253e+01
2.150158265973562084e+04 2.766249072345628335e+01
2.152002412296421971e+04 2.764257044167904809e+01
2.153846558619281859e+04 2.762266450487276614e+01
2.155690704942141383e+04 2.760277290270736472e+01
2.157534851265000907e+04 2.758289562486019264e+01
2.159378997587860795e+04 2.756303266101603811e+01
2.161223143910720682e+04 2.754318400086711094e+01
2.163067290233580570e+04 2.752334963411305679e+01
2.164911436556440094e+04 2.750352955046094294e+01
2.166755582879299618e+04 2.748372373962521920e+01
2.168599729202159506e+04 2.746393219132776409e+01
2.170443875525019394e+04 2.744415489529786711e+01
2.172288021847879281e+04 2.742439184127218610e+01
2.174132168170738805e+04 2.740464301899479693e+01
2.175976314493598693e+04 2.738490841821714383e+01
2.177820460816458217e+04 2.736518802869805356e+01
2.179664607139318105e+04 2.734548184020373895e+01
2.181508753462177992e+04 2.732578984250775989e+01
2.183352899785037880e+04 2.730611202539107296e+01
2.185197046107897404e+04 2.728644837864196404e+01
2.187041192430756928e+04 2.726679889205608376e+01
2.188885338753616816e+04 2.724716355543643331e+01
2.190729485076476703e+04 2.722754235859335381e+01
2.192573631399336591e+04 2.720793529134452626e+01
2.194417777722196115e+04 2.718834234351496804e+01
2.196261924045055639e+04 2.716876350493701509e+01
2.198106070367915527e+04 2.714919876545031840e+01
2.199950216690775414e+04 2.712964811490187245e+01
2.201794363013635302e+04 2.711011154314595117e+01
2.203638509336494826e+04 2.709058904004416846e+01
2.205482655659354714e+04 2.707108059546540701e+01
2.207326801982214238e+04 2.705158619928586816e+01
2.209170948305074126e+04 2.703210584138902561e+01
2.211015094627934013e+04 2.701263951166565036e+01
2.212859240950793901e+04 2.699318720001378935e+01
2.214703387273653425e+04 2.697374889633877260e+01
2.216547533596512949e+04 2.695432459055318475e+01
2.218391679919372837e+04 2.693491427257687576e+01
2.220235826242232724e+04 2.691551793233696799e+01
2.222079972565092612e+04 2.689613555976782777e+01
2.223924118887952136e+04 2.687676714481106544e+01
2.225768265210811660e+04 2.685741267741556015e+01
2.227612411533671548e+04 2.683807214753738535e+01
2.229456557856531435e+04 2.681874554513988329e+01
2.231300704179391323e+04 2.679943286019361537e+01
2.233144850502250847e+04 2.678013408267635853e+01
2.234988996825110735e+04 2.676084920257310884e+01
2.236833143147970259e+04 2.674157820987607792e+01
2.238677289470830146e+04 2.672232109458467875e+01
2.240521435793690034e+04 2.670307784670554341e+01
2.242365582116549922e+04 2.668384845625246626e+01
2.244209728439409446e+04 2.666463291324646789e+01
2.246053874762268970e+04 2.664543120771573470e+01
2.247898021085128858e+04 2.662624332969563667e+01
2.249742167407988745e+04 2.660706926922873095e+01
2.251586313730848633e+04 2.658790901636472981e+01
2.253430460053708157e+04 2.656876256116052204e+01
2.255274606376567681e+04 2.654962989368014803e+01
2.257118752699427569e+04 2.653051100399481044e+01
2.258962899022287456e+04 2.651140588218285288e+01
2.260807045345147344e+04 2.649231451832978124e+01
2.262651191668006868e+04 2.647323690252822459e+01
2.264495337990866392e+04 2.645417302487794942e+01
2.266339484313726280e+04 2.643512287548584894e+01
2.268183630636586167e+04 2.641608644446595378e+01
2.270027776959446055e+04 2.639706372193939643e+01
2.271871923282305579e+04 2.637805469803444680e+01
2.273716069605165467e+04 2.635905936288645535e+01
2.275560215928024991e+04 2.634007770663789927e+01
2.277404362250884878e+04 2.632110971943833633e+01
2.279248508573744766e+04 2.630215539144442616e+01
2.281092654896604654e+04 2.628321471281992672e+01
2.282936801219464178e+04 2.626428767373565876e+01
2.284780947542323702e+04 2.624537426436954490e+01
2.286625093865183590e+04 2.622647447490654926e+01
2.288469240188043477e+04 2.620758829553873426e+01
2.290313386510903365e+04 2.618871571646521446e+01
2.292157532833762889e+04 2.616985672789216011e+01
2.294001679156622413e+04 2.615101132003279361e+01
2.295845825479482301e+04 2.613217948310738592e+01
2.297689971802342188e+04 2.611336120734324595e+01
2.299534118125202076e+04 2.609455648297473473e+01
2.301378264448061600e+04 2.607576530024324057e+01
2.303222410770921488e+04 2.605698764939715772e+01
2.305066557093781012e+04 2.603822352069193968e+01
2.306910703416640899e+04 2.601947290439002103e+01
2.308754849739500787e+04 2.600073579076087071e+01
2.310598996062360675e+04 2.598201217008096009e+01
2.312443142385220199e+04 2.596330203263377356e+01
2.314287288708079723e+04 2.594460536870975886e+01
2.316131435030939610e+04 2.592592216860639454e+01
2.317975581353799498e+04 2.590725242262811179e+01
2.319819727676659386e+04 2.588859612108635844e+01
2.321663873999518910e+04 2.586995325429953851e+01
2.323508020322378434e+04 2.585132381259302647e+01
2.325352166645238322e+04 2.583270778629917075e+01
2.327196312968098209e+04 2.581410516575727598e+01
2.329040459290958097e+04 2.579551594131360659e+01
2.330884605613817621e+04 2.577694010332139385e+01
2.332728751936677509e+04 2.575837764214078263e+01
2.334572898259537033e+04 2.573982854813888821e+01
2.336417044582396920e+04 2.572129281168975012e+01
2.338261190905256808e+04 2.570277042317434280e+01
2.340105337228116696e+04 2.568426137298056489e+01
2.341949483550976220e+04 2.566576565150324996e+01
2.343793629873835744e+04 2.564728324914412383e+01
2.345637776196695631e+04 2.562881415631184723e+01
2.347481922519555519e+04 2.561035836342196959e+01
2.349326068842415407e+04 2.559191586089696102e+01
2.351170215165274931e+04 2.557348663916617681e+01
2.353014361488134455e+04 2.555507068866586096e+01
2.354858507810994342e+04 2.553666799983915325e+01
2.356702654133854230e+04 2.551827856313607512e+01
2.358546800456714118e+04 2.549990236901351537e+01
2.360390946779573642e+04 2.548153940793524797e+01
2.362235093102433530e+04 2.546318967037190362e+01
2.364079239425293054e+04 2.544485314680098398e+01
2.365923385748152941e+04 2.542652982770684034e+01
2.367767532071012829e+04 2.540821970358067716e+01
2.369611678393872717e+04 2.538992276492055566e+01
2.371455824716732241e+04 2.537163900223136892e+01
2.373299971039591765e+04 2.535336840602485609e+01
2.375144117362451652e+04 2.533511096681957397e+01
2.376988263685311540e+04 2.531686667514092548e+01
2.378832410008171428e+04 2.529863552152112760e+01
2.380676556331030952e+04 2.528041749649921499e+01
2.382520702653890476e+04 2.526221259062104352e+01
2.384364848976750363e+04 2.524402079443925473e+01
2.386208995299610251e+04 2.522584209851332204e+01
2.388053141622470139e+04 2.520767649340950101e+01
2.389897287945329663e+04 2.518952396970083996e+01
2.391741434268189550e+04 2.517138451796718357e+01
2.393585580591049074e+04 2.515325812879515155e+01
2.395429726913908962e+04 2.513514479277814573e+01
2.397273873236768850e+04 2.511704450051635007e+01
2.399118019559628738e+04 2.509895724261670225e+01
2.400962165882488262e+04 2.508088300969292206e+01
2.402806312205347785e+04 2.506282179236546881e+01
2.404650458528207673e+04 2.504477358126156972e+01
2.406494604851067561e+04 2.502673836701519861e+01
2.408338751173927449e+04 2.500871614026706879e+01
2.410182897496786973e+04 2.499070689166464376e+01
2.412027043819646497e+04 2.497271061186211227e+01
2.413871190142506384e+04 2.495472729152039548e+01
2.415715336465366272e+04 2.493675692130713628e+01
2.417559482788226160e+04 2.491879949189671706e+01
2.419403629111085684e+04 2.490085499397021351e+01
2.421247775433945571e+04 2.488292341821541243e+01
2.423091921756805095e+04 2.486500475532682941e+01
2.424936068079664983e+04 2.484709899600565208e+01
2.426780214402524871e+04 2.482920613095978624e+01
2.428624360725384759e+04 2.481132615090381677e+01
2.430468507048244282e+04 2.479345904655902189e+01
2.432312653371103806e+04 2.477560480865335890e+01
2.434156799693963694e+04 2.475776342792146067e+01
2.436000946016823582e+04 2.473993489510462496e+01
2.437845092339683470e+04 2.472211920095084281e+01
2.439689238662542994e+04 2.470431633621474177e+01
2.441533384985402517e+04 2.468652629165761780e+01
2.443377531308262405e+04 2.466874905804741402e+01
2.445221677631122293e+04 2.465098462615872421e+01
2.447065823953982181e+04 2.463323298677279283e+01
2.448909970276841705e+04 2.461549413067749725e+01
2.450754116599701592e+04 2.459776804866734778e+01
2.452598262922561116e+04 2.458005473154348408e+01
2.454442409245421004e+04 2.456235417011366806e+01
2.456286555568280892e+04 2.454466635519228035e+01
2.458130701891140779e+04 2.452699127760033093e+01
2.459974848214000303e+04 2.450932892816542363e+01
2.461818994536859827e+04 2.449167929772177033e+01
2.463663140859719715e+04 2.447404237711018382e+01
2.465507287182579603e+04 2.445641815717807432e+01
2.467351433505439491e+04 2.443880662877944587e+01
2.469195579828299014e+04 2.442120778277488924e+01
2.471039726151158538e+04 2.440362161003156416e+01
2.472883872474018426e+04 2.438604810142322066e+01
2.474728018796878314e+04 2.436848724783017417e+01
2.476572165119738202e+04 2.435093904013930910e+01
2.478416311442597726e+04 2.433340346924407882e+01
2.480260457765457613e+04 2.431588052604447725e+01
2.482104604088317137e+04 2.429837020144707793e+01
2.483948750411177025e+04 2.428087248636496653e+01
2.485792896734036913e+04 2.426338737171780835e+01
2.487637043056896437e+04 2.424591484843179146e+01
2.489481189379756324e+04 2.422845490743963381e+01
2.491325335702616212e+04 2.421100753968058683e+01
2.493169482025475736e+04 2.419357273610043890e+01
2.495013628348335624e+04 2.417615048765147279e+01
2.496857774671195148e+04 2.415874078529251534e+01
2.498701920994055035e+04 2.414134361998887712e+01
2.500546067316914923e+04 2.412395898271239503e+01
2.502390213639774447e+04 2.410658686444140386e+01
2.504234359962634335e+04 2.408922725616072569e+01
2.506078506285493859e+04 2.407188014886168048e+01
2.507922652608353746e+04 2.405454553354207903e+01
2.509766798931213634e+04 2.403722340120620515e+01
2.511610945254073158e+04 2.401991374286483349e+01
2.513455091576933046e+04 2.400261654953520107e+01
2.515299237899792934e+04 2.398533181224101440e+01
2.517143384222652458e+04 2.396805952201246015e+01
2.518987530545512345e+04 2.395079966988615539e+01
2.520831676868371869e+04 2.393355224690519734e+01
2.522675823191231757e+04 2.391631724411912074e+01
2.524519969514091645e+04 2.389909465258391208e+01
2.526364115836951169e+04 2.388188446336199178e+01
2.528208262159811056e+04 2.386468666752221779e+01
2.530052408482670944e+04 2.384750125613988203e+01
2.531896554805530468e+04 2.383032822029671394e+01
2.533740701128390356e+04 2.381316755108084138e+01
2.535584847451249880e+04 2.379601923958682974e+01
2.537428993774109767e+04 2.377888327691564641e+01
2.539273140096969655e+04 2.376175965417466784e+01
2.541117286419829179e+04 2.374464836247768673e+01
2.542961432742689067e+04 2.372754939294487997e+01
2.544805579065548955e+04 2.371046273670282289e+01
2.546649725388408478e+04 2.369338838488448573e+01
2.548493871711268366e+04 2.367632632862921938e+01
2.550338018034127890e+04 2.365927655908275540e+01
2.552182164356987778e+04 2.364223906739720604e+01
2.554026310679847666e+04 2.362521384473104646e+01
2.555870457002707190e+04 2.360820088224913249e+01
2.557714603325567077e+04 2.359120017112266510e+01
2.559558749648426965e+04 2.357421170252921527e+01
2.561402895971286489e+04 2.355723546765270981e+01
2.563247042294146377e+04 2.354027145768341001e+01
2.565091188617005901e+04 2.352331966381793649e+01
2.566935334939865788e+04 2.350638007725923018e+01
2.568779481262725676e+04 2.348945268921658780e+01
2.570623627585585200e+04 2.347253749090563701e+01
2.572467773908445088e+04 2.345563447354830444e+01
2.574311920231304975e+04 2.343874362837286185e+01
2.576156066554164499e+04 2.342186494661389773e+01
2.578000212877024387e+04 2.340499841951229598e+01
2.579844359199883911e+04 2.338814403831526789e+01
2.581688505522743799e+04 2.337130179427630594e+01
2.583532651845603687e+04 2.335447167865522289e+01
2.585376798168463210e+04 2.333765368271811980e+01
2.587220944491323098e+04 2.332084779773737537e+01
2.589065090814182986e+04 2.330405401499166373e+01
2.590909237137042510e+04 2.328727232576594020e+01
2.592753383459902398e+04 2.327050272135142350e+01
2.594597529782761922e+04 2.325374519304562781e+01
2.596441676105621809e+04 2.323699973215229875e+01
2.598285822428481697e+04 2.322026632998148088e+01
2.600129968751341221e+04 2.320354497784946446e+01
2.601974115074201109e+04 2.318683566707877119e+01
2.603818261397060996e+04 2.317013838899820044e+01
2.605662407719920520e+04 2.315345313494279367e+01
2.607506554042780408e+04 2.313677989625379894e+01
2.609350700365639932e+04 2.312011866427874907e+01
2.611194846688499820e+04 2.310346943037136569e+01
2.613038993011359707e+04 2.308683218589162323e+01
2.614883139334219231e+04 2.307020692220570623e+01
2.616727285657079119e+04 2.305359363068601652e+01
2.618571431979939007e+04 2.303699230271116605e+01
2.620415578302798531e+04 2.302040292966599822e+01
2.622259724625658419e+04 2.300382550294152395e+01
2.624103870948517942e+04 2.298726001393498564e+01
2.625948017271377830e+04 2.297070645404979672e+01
2.627792163594237718e+04 2.295416481469557368e+01
2.629636309917097242e+04 2.293763508728812539e+01
2.631480456239957130e+04 2.292111726324942822e+01
2.633324602562817017e+04 2.290461133400763316e+01
2.635168748885676541e+04 2.288811729099709069e+01
2.637012895208536429e+04 2.287163512565828682e+01
2.638857041531395953e+04 2.285516482943789285e+01
2.640701187854255841e+04 2.283870639378872625e+01
2.642545334177115728e+04 2.282225981016977201e+01
2.644389480499975252e+04 2.280582507004616133e+01
2.646233626822835140e+04 2.278940216488916093e+01
2.648077773145695028e+04 2.277299108617619083e+01
2.649921919468554552e+04 2.275659182539081371e+01
2.651766065791414439e+04 2.274020437402270645e+01
2.653610212114273963e+04 2.272382872356768857e+01
2.655454358437133851e+04 2.270746486552769738e+01
2.657298504759993739e+04 2.269111279141079507e+01
2.659142651082853263e+04 2.267477249273116513e+01
2.660986797405713151e+04 2.265844396100907332e+01
2.662830943728573038e+04 2.264212718777092093e+01
2.664675090051432562e+04 2.262582216454920925e+01
2.666519236374292450e+04 2.260952888288251827e+01
2.668363382697151974e+04 2.259324733431553867e+01
2.670207529020011862e+04 2.257697751039903977e+01
2.672051675342871749e+04 2.256071940268988385e+01
2.673895821665731273e+04 2.254447300275100829e+01
2.675739967988591161e+04 2.252823830215142209e+01
2.677584114311451049e+04 2.251201529246621291e+01
2.679428260634310573e+04 2.249580396527653647e+01
2.681272406957170460e+04 2.247960431216959876e+01
2.683116553280029984e+04 2.246341632473868444e+01
