5.000000000000000000e-01 1.277752480793712522e+02
8.203125000000000000e-01 1.296732628985924691e+02
1.140625000000000000e+00 1.327874297171785543e+02
1.460937500000000000e+00 1.326100751773346076e+02
1.781250000000000000e+00 1.352698593130629945e+02
2.101562500000000000e+00 1.367911515522997945e+02
2.421875000000000000e+00 1.364126144135652510e+02
2.742187500000000000e+00 1.397520987722578809e+02
3.062500000000000000e+00 1.388830171515653831e+02
3.382812500000000000e+00 1.383157370554753243e+02
3.703125000000000000e+00 1.422249284229410762e+02
4.023437500000000000e+00 1.414630051385569800e+02
4.343750000000000000e+00 1.419794545954505338e+02
4.664062500000000000e+00 1.444040498814202920e+02
4.984375000000000000e+00 1.394775622025730115e+02
5.304687500000000000e+00 1.466147482198522596e+02
5.625000000000000000e+00 1.440620082667989834e+02
5.945312500000000000e+00 1.448847775122414134e+02
6.265625000000000000e+00 1.465751787988941999e+02
6.585937500000000000e+00 1.474133206656100299e+02
6.906250000000000000e+00 1.500825611618441826e+02
7.226562500000000000e+00 1.499705298164211342e+02
7.546875000000000000e+00 1.480031303404481093e+02
7.867187500000000000e+00 1.496706483137805606e+02
8.187500000000000000e+00 1.494110817143031795e+02
8.507812500000000000e+00 1.513896428320300629e+02
8.828125000000000000e+00 1.507370978798196859e+02
9.148437500000000000e+00 1.529662244153858808e+02
9.468750000000000000e+00 1.509989470214941036e+02
9.789062500000000000e+00 1.509812301327208388e+02
1.010937500000000000e+01 1.507617580807324487e+02
1.042968750000000000e+01 1.504937019236480751e+02
1.075000000000000000e+01 1.524093516868644826e+02
