5.000000000000000000e-01 1.055909079432654352e+02
8.203125000000000000e-01 1.110492159633820961e+02
1.140625000000000000e+00 1.137796797692177080e+02
1.460937500000000000e+00 1.193453130559398403e+02
1.781250000000000000e+00 1.231121653172683921e+02
2.101562500000000000e+00 1.298096967372008237e+02
2.421875000000000000e+00 1.336832618878496248e+02
2.742187500000000000e+00 1.412062612710487599e+02
3.062500000000000000e+00 1.442190341633260005e+02
3.382812500000000000e+00 1.508566577677744363e+02
3.703125000000000000e+00 1.559164517275373498e+02
4.023437500000000000e+00 1.606548622438179166e+02
4.343750000000000000e+00 1.662899288496439851e+02
4.664062500000000000e+00 1.723808575908179250e+02
4.984375000000000000e+00 1.756546318469708581e+02
5.304687500000000000e+00 1.785222269721492978e+02
5.625000000000000000e+00 1.846093748701004813e+02
5.945312500000000000e+00 1.885634854490858174e+02
6.265625000000000000e+00 1.930148174601288531e+02
6.585937500000000000e+00 1.972299673247319163e+02
6.906250000000000000e+00 2.020733353220405490e+02
7.226562500000000000e+00 2.053346965324376185e+02
7.546875000000000000e+00 2.081890836845686863e+02
7.867187500000000000e+00 2.121013788304730667e+02
8.187500000000000000e+00 2.145126119511542129e+02
8.507812500000000000e+00 2.164196061026635505e+02
8.828125000000000000e+00 2.185397865880268853e+02
9.148437500000000000e+00 2.213479487304485644e+02
9.468750000000000000e+00 2.221184184827779973e+02
9.789062500000000000e+00 2.229181143532807141e+02
1.010937500000000000e+01 2.236375406648251953e+02
1.042968750000000000e+01 2.244976811180166294e+02
1.075000000000000000e+01 2.249914260470427791e+02
