5.000000000000000000e+01 8.166314066884552414e-01
1.250000000000000000e+02 1.622529994924403196e+00
2.000000000000000000e+02 8.449682513373627302e+00
2.750000000000000000e+02 1.522899403243119920e+01
3.500000000000000000e+02 2.021219215667032998e+01
4.250000000000000000e+02 2.794768647342469947e+01
5.000000000000000000e+02 2.622937367944787823e+01
5.750000000000000000e+02 2.942415558262207398e+01
6.500000000000000000e+02 2.461851393526051623e+01
7.250000000000000000e+02 2.572936281352703602e+01
8.000000000000000000e+02 2.550391928837821709e+01
8.750000000000000000e+02 2.080441233753816732e+01
9.500000000000000000e+02 1.985270611272732566e+01
1.025000000000000000e+03 1.587459546498687324e+01
1.100000000000000000e+03 1.539244073583139993e+01
1.175000000000000000e+03 1.438211738413195917e+01
1.250000000000000000e+03 1.104413543752914073e+01
