7.629622379651479605e+03 1.875923185175953378e+01
5.843526250923830048e+03 3.364361675565635323e+01
4.474525456735130319e+03 5.201384181251911798e+01
3.342521927189250164e+03 7.728777023544809310e+01
2.425542437866709861e+03 1.156841590476814048e+02
1.701613764348029918e+03 1.581384026906303859e+02
1.148762682213739936e+03 2.032925760673441005e+02
7.450159670443659934e+02 2.446831810194465504e+02
4.684003944204320078e+02 2.717800781994049544e+02
3.408829242719870081e+02 2.859542085745220561e+02
2.884361775485659791e+02 2.953496599931293645e+02
2.746712224468880095e+02 2.972068121100746794e+02
2.707458897980159804e+02 2.969096815742367994e+02
2.695503493105520079e+02 2.967532422203648821e+02
