5.000000000000000000e-01 3.044185691003453442e+01
8.203125000000000000e-01 2.909337494677728486e+01
1.140625000000000000e+00 3.079495167225336161e+01
1.460937500000000000e+00 3.141662124578072479e+01
1.781250000000000000e+00 3.243617123777850253e+01
2.101562500000000000e+00 3.270487770451480714e+01
2.421875000000000000e+00 3.333696450956307444e+01
2.742187500000000000e+00 3.442082508666887719e+01
3.062500000000000000e+00 3.647400560088270538e+01
3.382812500000000000e+00 3.744341799201659171e+01
3.703125000000000000e+00 3.873170809526658331e+01
4.023437500000000000e+00 3.879686069900456857e+01
4.343750000000000000e+00 4.085093975193987603e+01
4.664062500000000000e+00 4.113301106244045258e+01
4.984375000000000000e+00 4.417452449307598528e+01
5.304687500000000000e+00 4.314276978555210462e+01
5.625000000000000000e+00 4.432467965353234973e+01
5.945312500000000000e+00 4.557423337476130598e+01
6.265625000000000000e+00 4.630737764463468409e+01
6.585937500000000000e+00 4.769312411893844228e+01
6.906250000000000000e+00 4.852579418328005545e+01
7.226562500000000000e+00 4.977032386501768002e+01
7.546875000000000000e+00 5.034837299265698363e+01
7.867187500000000000e+00 5.107237187247950772e+01
8.187500000000000000e+00 5.270197024002160191e+01
8.507812500000000000e+00 5.298109913379113323e+01
8.828125000000000000e+00 5.289922238148075451e+01
9.148437500000000000e+00 5.306129979240116512e+01
9.468750000000000000e+00 5.516648914604371612e+01
9.789062500000000000e+00 5.488105514967229226e+01
1.010937500000000000e+01 5.358793616311810837e+01
1.042968750000000000e+01 5.517381675747711967e+01
1.075000000000000000e+01 5.440314769102906212e+01
