5.000000000000000000e-01 2.652128048541555572e+01
6.523437500000000000e-01 2.695538673609719282e+01
8.046875000000000000e-01 2.846661615754243257e+01
9.570312500000000000e-01 2.847225779819777003e+01
1.109375000000000000e+00 3.216096335120169414e+01
1.261718750000000000e+00 3.355862715983852240e+01
1.414062500000000000e+00 3.648534507614203193e+01
1.566406250000000000e+00 3.986093618010334438e+01
1.718750000000000000e+00 4.259107894865453403e+01
1.871093750000000000e+00 4.352462656995786006e+01
2.023437500000000000e+00 4.715592380448453724e+01
2.175781250000000000e+00 4.884675744456057345e+01
2.328125000000000000e+00 5.279513850439618494e+01
2.480468750000000000e+00 5.681555891419752413e+01
2.632812500000000000e+00 6.046203685753710744e+01
2.785156250000000000e+00 6.510611733537240298e+01
2.937500000000000000e+00 6.711780711816773248e+01
3.089843750000000000e+00 7.293883848725107555e+01
3.242187500000000000e+00 7.656327580900125440e+01
3.394531250000000000e+00 7.966924260449198414e+01
3.546875000000000000e+00 8.357095143222504419e+01
3.699218750000000000e+00 8.989475416484727077e+01
3.851562500000000000e+00 9.375619475117450463e+01
4.003906250000000000e+00 9.623988378441573843e+01
4.156250000000000000e+00 1.019184031798253329e+02
4.308593750000000000e+00 1.051565040536373203e+02
4.460937500000000000e+00 1.085595303377319709e+02
4.613281250000000000e+00 1.096986977451602030e+02
4.765625000000000000e+00 1.118303397119503728e+02
4.917968750000000000e+00 1.150889363578321536e+02
5.070312500000000000e+00 1.136199843703592336e+02
5.222656250000000000e+00 1.149340060649113582e+02
5.375000000000000000e+00 1.174352034853609865e+02
