3.175545786914930204e+02 1.946867735187455537e+02
6.639085956366569690e+02 1.737593690481037925e+02
1.517825246865869985e+03 1.283738272007352634e+02
5.520559549502780101e+03 5.203231446461396104e+01
1.219178338723090019e+04 2.835391710933024711e+01
2.153149676005039873e+04 1.952854503142355824e+01
3.353969966796109657e+04 1.633073483112315571e+01
4.821639211096309737e+04 1.277371855352873276e+01
6.556157408905640477e+04 1.085211205873634377e+01
8.557524560224090237e+04 1.104777715775015778e+01
1.082574066505170049e+05 9.701484461550631266e+00
