5.000000000000000000e-01 2.659133035305497050e-01
8.203125000000000000e-01 2.699195901159005540e-01
1.140625000000000000e+00 2.714467825607304596e-01
1.460937500000000000e+00 2.856197030646531188e-01
1.781250000000000000e+00 2.991701407255721312e-01
2.101562500000000000e+00 3.002782609433801153e-01
2.421875000000000000e+00 3.034636448302532319e-01
2.742187500000000000e+00 3.114397932383387579e-01
3.062500000000000000e+00 3.268762414911465242e-01
3.382812500000000000e+00 3.358283337370556176e-01
3.703125000000000000e+00 3.470826578283220387e-01
4.023437500000000000e+00 3.536118355974818273e-01
4.343750000000000000e+00 3.579403035049895654e-01
4.664062500000000000e+00 3.734667893942796857e-01
4.984375000000000000e+00 3.614671415743822558e-01
5.304687500000000000e+00 3.754084399094157476e-01
5.625000000000000000e+00 3.926051430355367855e-01
5.945312500000000000e+00 4.022552064708761477e-01
6.265625000000000000e+00 4.136371464904250450e-01
6.585937500000000000e+00 4.036367632050958387e-01
6.906250000000000000e+00 4.308080674370339813e-01
7.226562500000000000e+00 4.391577813809605657e-01
7.546875000000000000e+00 4.415187294620827041e-01
7.867187500000000000e+00 4.394071601586299614e-01
8.187500000000000000e+00 4.453308494417908547e-01
8.507812500000000000e+00 4.558035423543678188e-01
8.828125000000000000e+00 4.643240398800729807e-01
9.148437500000000000e+00 4.709864280430162697e-01
9.468750000000000000e+00 4.631439365253045559e-01
9.789062500000000000e+00 4.655431342487456603e-01
1.010937500000000000e+01 4.801817998931129372e-01
1.042968750000000000e+01 4.756087162283337832e-01
1.075000000000000000e+01 4.802869296346785055e-01
