21.5 125.0 3.166297911606216 1.2087463593929295 0.4762305819069046 0.28836062011749347 1.1854418345983504 0.03796587428074585
21.5 350.0 4.794240050867137 0.09759313731891031 0.3872884105738912 0.022486189403001965 5.051497762247209 0.23888428126161582
21.5 500.0 6.712784194355246 0.589689366066289 0.4072990603656964 0.030334941993163753 71.11102275308076 19.829199867530978
21.5 800.0 9.455410081977591 20.592335620279204 0.36524280105645524 0.31867467423517887 19999.99995975129 19618.650744994506
21.5 800.0 11.005845428998112 19.797931233091614 0.38668787173568786 0.24780607122318443 49999.992689822524 1768563.861775915
21.5 800.0 12.357818871866629 0.5439846863744765 0.40229790077887684 0.012292752916590646 99999.99817034816 174783.37640851198
21.5 800.0 9.455475129862997 12.752068993618627 0.3652450815979543 0.19767687985132007 19999.999551834873 162299.07943678793
21.5 800.0 2.4169598470321576 None 0.10000000002186918 None 1.999999999999696 None
21.5 50.0 3.9793917225130393 10.352377207899778 0.10000000034993183 0.9704215519794916 1.0441780029456476 0.09787121605925982
21.5 200.0 3.897313451931 0.1304477955537508 0.3038220652847493 0.06984842429302442 1.6804972767987072 0.01501751329776106
21.5 275.0 3.791391160760345 0.031567483194404417 0.10000016646358985 0.15446097409534384 1.9999999999647593 0.02996448464847111
21.5 275.0 4.203993159517403 0.027247324455721533 0.3130404914330725 0.031487130085564814 2.682538506701304 0.055095602499328454
21.5 462.5 4.576546297225308 0.40286989763968256 0.25873541342793394 0.047039520856232905 9.999999981629571 2.989277640501116
21.5 462.5 5.65545835148953 0.3505581081870008 0.3564268013077476 0.027293351461786193 19.999999999995104 0.03628747062839416
21.5 462.5 6.726599029415517 0.3725060565614453 0.4279704899296297 0.02307987513527319 33.232513454243986 5.045563649407492
21.5 575.0 7.131063098641532 0.92749419945994 0.36944605586063395 0.032796153204057155 262.96468858771937 139.54110311870477
21.5 650.0 7.899018574403544 2.408445365443585 0.37084639896878724 0.060579304487297876 999.9999991225685 355.26239608592255
21.5 650.0 12.488617886642107 2.148211406222525 0.4552243438500124 0.03116499776990268 8147.111637590514 5837.1375854069875
21.5 650.0 12.488617920359555 2.1482114133783523 0.45522434433112635 0.031164997791742973 8147.111729604716 5837.137644903922
21.5 650.0 12.487455527900165 2.151033841126272 0.4552072436378387 0.031252316176347425 8144.028836698999 5839.96207585851
21.5 725.0 2.4021828145010855 None 0.013109368965685647 None 1.9999999999964222 None
21.5 725.0 14.999999532551442 3.5494946507959084 0.4532093076961941 0.08025706212017168 68916.41876458624 187694.33771103917
