5.000000000000000000e-01 1.065781703648629559e+02
5.048798798798799226e-01 1.066994878429959357e+02
5.097597597597597341e-01 1.068214458844646941e+02
5.146396396396396566e-01 1.069440463626865636e+02
5.195195195195194682e-01 1.070648988681841161e+02
5.243993993993993907e-01 1.071870224832968574e+02
5.292792792792793133e-01 1.073086544480860596e+02
5.341591591591591248e-01 1.074309297609959089e+02
5.390390390390390474e-01 1.075519531652051484e+02
5.439189189189189699e-01 1.076734927724226907e+02
5.487987987987987815e-01 1.077951697151929125e+02
5.536786786786787040e-01 1.079168571290383767e+02
5.585585585585585155e-01 1.080388090905277068e+02
5.634384384384384381e-01 1.081596269481690484e+02
5.683183183183183607e-01 1.082807072637988739e+02
5.731981981981981722e-01 1.084012856127441751e+02
5.780780780780780947e-01 1.085246783313767480e+02
5.829579579579580173e-01 1.086448896845213881e+02
5.878378378378378288e-01 1.087668969307123206e+02
5.927177177177177514e-01 1.088867362315244804e+02
5.975975975975975629e-01 1.090076049937053284e+02
6.024774774774774855e-01 1.091300195699390798e+02
6.073573573573574080e-01 1.092510299272723415e+02
6.122372372372372196e-01 1.093725603028969999e+02
6.171171171171171421e-01 1.094931958051714105e+02
6.219969969969969537e-01 1.096142221751995720e+02
6.268768768768768762e-01 1.097344788848258759e+02
6.317567567567567988e-01 1.098544801006684395e+02
6.366366366366366103e-01 1.099765524310070788e+02
6.415165165165165329e-01 1.100965594326201398e+02
6.463963963963963444e-01 1.102170862300290537e+02
6.512762762762762669e-01 1.103359284625888108e+02
6.561561561561561895e-01 1.104578863193255813e+02
6.610360360360360010e-01 1.105788085344434393e+02
6.659159159159159236e-01 1.106993425511189884e+02
6.707957957957957351e-01 1.108193563553218866e+02
6.756756756756756577e-01 1.109396307376375290e+02
6.805555555555555802e-01 1.110604274522913357e+02
6.854354354354355028e-01 1.111804405074672104e+02
6.903153153153153143e-01 1.113009757622084379e+02
6.951951951951952369e-01 1.114195454340559337e+02
7.000750750750750484e-01 1.115404710803127557e+02
7.049549549549549710e-01 1.116616594033624494e+02
7.098348348348348935e-01 1.117815334528072526e+02
7.147147147147147050e-01 1.119012730122047259e+02
7.195945945945946276e-01 1.120204821849035000e+02
7.244744744744744391e-01 1.121400820884988008e+02
7.293543543543543617e-01 1.122606016132033488e+02
7.342342342342342842e-01 1.123803257421554633e+02
7.391141141141140958e-01 1.124988546035574473e+02
7.439939939939940183e-01 1.126187003736641117e+02
7.488738738738738299e-01 1.127382761107308653e+02
7.537537537537537524e-01 1.128583769328384108e+02
7.586336336336336750e-01 1.129783399906571333e+02
7.635135135135135975e-01 1.130965684943610938e+02
7.683933933933934091e-01 1.132166515986808832e+02
7.732732732732732206e-01 1.133336635868248266e+02
7.781531531531531432e-01 1.134557328515637096e+02
7.830330330330330657e-01 1.135721906083149406e+02
7.879129129129129883e-01 1.136925113283347883e+02
7.927927927927927998e-01 1.138121564869019835e+02
7.976726726726726113e-01 1.139307216364158819e+02
8.025525525525525339e-01 1.140492763145690134e+02
8.074324324324324564e-01 1.141684913826687051e+02
8.123123123123123790e-01 1.142862183353936132e+02
8.171921921921921905e-01 1.144046048131114190e+02
8.220720720720720021e-01 1.145249993424310304e+02
8.269519519519519246e-01 1.146421501980963598e+02
8.318318318318318472e-01 1.147615800032807840e+02
8.367117117117117697e-01 1.148795132499807039e+02
8.415915915915915813e-01 1.149983790613186727e+02
8.464714714714715038e-01 1.151161495360249774e+02
8.513513513513513153e-01 1.152345825140368447e+02
8.562312312312312379e-01 1.153523235768195008e+02
8.611111111111111605e-01 1.154711354511699852e+02
8.659909909909910830e-01 1.155893900722735879e+02
8.708708708708708945e-01 1.157077656594737931e+02
8.757507507507507061e-01 1.158242195444344134e+02
8.806306306306306286e-01 1.159426994214223896e+02
8.855105105105105512e-01 1.160606180833097483e+02
8.903903903903904737e-01 1.161779735654624943e+02
8.952702702702702853e-01 1.162954477123373778e+02
9.001501501501500968e-01 1.164122192855940625e+02
9.050300300300300194e-01 1.165293820394687145e+02
9.099099099099099419e-01 1.166484460583118903e+02
9.147897897897898645e-01 1.167665332544044503e+02
9.196696696696696760e-01 1.168826782464007863e+02
9.245495495495494875e-01 1.170018280693461037e+02
9.294294294294294101e-01 1.171182071036438828e+02
9.343093093093093326e-01 1.172338746077623455e+02
9.391891891891892552e-01 1.173520024389353580e+02
9.440690690690690667e-01 1.174690060514191430e+02
9.489489489489489893e-01 1.175850201306490561e+02
9.538288288288288008e-01 1.177019792597096028e+02
9.587087087087087234e-01 1.178172535902233875e+02
9.635885885885886459e-01 1.179368013571309319e+02
9.684684684684684575e-01 1.180516114406521382e+02
9.733483483483483800e-01 1.181688955634239875e+02
9.782282282282281916e-01 1.182853226612263597e+02
9.831081081081081141e-01 1.184006113844846766e+02
9.879879879879880367e-01 1.185169880571334033e+02
9.928678678678679592e-01 1.186348741717193604e+02
9.977477477477477708e-01 1.187495260878434209e+02
1.002627627627627582e+00 1.188666650422754145e+02
1.007507507507507505e+00 1.189829399780537926e+02
1.012387387387387427e+00 1.190972280687260962e+02
1.017267267267267350e+00 1.192148501274366765e+02
1.022147147147147273e+00 1.193295012380332736e+02
1.027027027027027195e+00 1.194453862829689683e+02
1.031906906906906896e+00 1.195615244164520590e+02
1.036786786786786818e+00 1.196765089148127572e+02
1.041666666666666741e+00 1.197925900848033081e+02
1.046546546546546441e+00 1.199066687889217064e+02
1.051426426426426364e+00 1.200231142645089619e+02
1.056306306306306286e+00 1.201386839785593850e+02
1.061186186186186209e+00 1.202523852019238575e+02
1.066066066066066131e+00 1.203695910628134271e+02
1.070945945945946054e+00 1.204830857780800670e+02
1.075825825825825977e+00 1.205971129570847893e+02
1.080705705705705677e+00 1.207135192532978323e+02
1.085585585585585600e+00 1.208274802668609311e+02
1.090465465465465522e+00 1.209418333620723729e+02
1.095345345345345223e+00 1.210577182752679306e+02
1.100225225225225145e+00 1.211722892017937028e+02
1.105105105105105068e+00 1.212868260149640065e+02
1.109984984984984990e+00 1.214017566084828985e+02
1.114864864864864913e+00 1.215150813688018872e+02
1.119744744744744835e+00 1.216283688115086221e+02
1.124624624624624758e+00 1.217420482739122747e+02
1.129504504504504681e+00 1.218562638542984615e+02
1.134384384384384381e+00 1.219710167473105287e+02
1.139264264264264304e+00 1.220850163856383972e+02
1.144144144144144004e+00 1.221994100347260286e+02
1.149024024024023927e+00 1.223134793625249443e+02
1.153903903903903849e+00 1.224273671808386723e+02
1.158783783783783772e+00 1.225404964925934479e+02
1.163663663663663694e+00 1.226541630414076138e+02
1.168543543543543617e+00 1.227677906701334507e+02
1.173423423423423539e+00 1.228805119683057256e+02
1.178303303303303462e+00 1.229944939098260761e+02
1.183183183183183163e+00 1.231081472764202118e+02
1.188063063063063085e+00 1.232192973750600800e+02
1.192942942942943008e+00 1.233324333206570458e+02
1.197822822822822708e+00 1.234455279554869094e+02
1.202702702702702631e+00 1.235591622075415188e+02
1.207582582582582553e+00 1.236704286609382279e+02
1.212462462462462476e+00 1.237828143086252766e+02
1.217342342342342398e+00 1.238964676199826158e+02
1.222222222222222321e+00 1.240089127767375459e+02
1.227102102102102243e+00 1.241216060222445776e+02
1.231981981981982166e+00 1.242323563895920984e+02
1.236861861861861867e+00 1.243462761115166444e+02
1.241741741741741789e+00 1.244579586481576001e+02
1.246621621621621490e+00 1.245704740096488479e+02
1.251501501501501412e+00 1.246810383953598489e+02
1.256381381381381335e+00 1.247930216826121921e+02
1.261261261261261257e+00 1.249030491467124193e+02
1.266141141141141180e+00 1.250164079024115154e+02
1.271021021021021102e+00 1.251276624096425110e+02
1.275900900900901025e+00 1.252396049027864251e+02
1.280780780780780947e+00 1.253512054289822828e+02
1.285660660660660648e+00 1.254624627741415139e+02
1.290540540540540571e+00 1.255744095520976913e+02
1.295420420420420493e+00 1.256845347345626891e+02
1.300300300300300194e+00 1.257957920822016291e+02
1.305180180180180116e+00 1.259069998610275007e+02
1.310060060060060039e+00 1.260166757834120688e+02
1.314939939939939961e+00 1.261291170502456680e+02
1.319819819819819884e+00 1.262385411828872606e+02
1.324699699699699806e+00 1.263492488726313212e+02
1.329579579579579729e+00 1.264606483997251161e+02
1.334459459459459651e+00 1.265699136400776297e+02
1.339339339339339352e+00 1.266803160548544867e+02
1.344219219219219275e+00 1.267903674046955160e+02
1.349099099099098975e+00 1.269012605504225206e+02
1.353978978978978898e+00 1.270110558441865010e+02
1.358858858858858820e+00 1.271201986810223588e+02
1.363738738738738743e+00 1.272300337062408317e+02
1.368618618618618665e+00 1.273398139542842671e+02
1.373498498498498588e+00 1.274502884135260530e+02
1.378378378378378510e+00 1.275581586033049746e+02
1.383258258258258433e+00 1.276688224997276109e+02
1.388138138138138133e+00 1.277777792699531858e+02
1.393018018018018056e+00 1.278857762458733447e+02
1.397897897897897979e+00 1.279947676729551631e+02
1.402777777777777679e+00 1.281050569394340926e+02
1.407657657657657602e+00 1.282142352498535445e+02
1.412537537537537524e+00 1.283241102056191494e+02
1.417417417417417447e+00 1.284319648183396509e+02
1.422297297297297369e+00 1.285403636191507530e+02
1.427177177177177292e+00 1.286485513305806592e+02
1.432057057057057214e+00 1.287584955671709679e+02
1.436936936936936915e+00 1.288653515079321608e+02
1.441816816816816837e+00 1.289730544134673664e+02
1.446696696696696760e+00 1.290809991445704554e+02
1.451576576576576461e+00 1.291896418380052580e+02
1.456456456456456383e+00 1.292979198849405691e+02
1.461336336336336306e+00 1.294061365140665032e+02
1.466216216216216228e+00 1.295135298190786841e+02
1.471096096096096151e+00 1.296202502173178743e+02
1.475975975975976073e+00 1.297275161703688298e+02
1.480855855855855996e+00 1.298359396780325596e+02
1.485735735735735918e+00 1.299420088249788989e+02
1.490615615615615619e+00 1.300507645279851943e+02
1.495495495495495542e+00 1.301573153665214022e+02
1.500375375375375464e+00 1.302647193421103964e+02
1.505255255255255387e+00 1.303706789322909003e+02
1.510135135135135087e+00 1.304767245498370016e+02
1.515015015015015010e+00 1.305845457268116547e+02
1.519894894894894932e+00 1.306910727535981778e+02
1.524774774774774855e+00 1.307972253053869736e+02
1.529654654654654777e+00 1.309048495132661287e+02
1.534534534534534478e+00 1.310099432598395026e+02
1.539414414414414400e+00 1.311160463764488782e+02
1.544294294294294323e+00 1.312210010211505846e+02
1.549174174174174246e+00 1.313297461269411599e+02
1.554054054054054168e+00 1.314344080820234808e+02
1.558933933933933869e+00 1.315393082116559924e+02
1.563813813813813791e+00 1.316450660942194588e+02
1.568693693693693714e+00 1.317521484701646557e+02
1.573573573573573636e+00 1.318569919782390798e+02
1.578453453453453559e+00 1.319636260072758489e+02
1.583333333333333481e+00 1.320680166939787910e+02
1.588213213213213182e+00 1.321726453054142780e+02
1.593093093093093104e+00 1.322767346661625822e+02
1.597972972972973027e+00 1.323829297459052725e+02
1.602852852852852950e+00 1.324874962943082721e+02
1.607732732732732872e+00 1.325916776309220211e+02
1.612612612612612573e+00 1.326962530142492085e+02
1.617492492492492495e+00 1.328007547428024111e+02
1.622372372372372418e+00 1.329051823831189267e+02
1.627252252252252340e+00 1.330096922297172455e+02
1.632132132132132263e+00 1.331127189116903651e+02
1.637012012012011963e+00 1.332181751437493062e+02
1.641891891891891886e+00 1.333205794401035291e+02
1.646771771771771808e+00 1.334263573181823972e+02
1.651651651651651731e+00 1.335298637580479237e+02
1.656531531531531654e+00 1.336332932642249887e+02
1.661411411411411354e+00 1.337360166329690969e+02
1.666291291291291277e+00 1.338403928492302555e+02
1.671171171171171199e+00 1.339423302788590604e+02
1.676051051051051122e+00 1.340462369744070088e+02
1.680930930930931044e+00 1.341483312870021791e+02
1.685810810810810745e+00 1.342517661551299284e+02
1.690690690690690667e+00 1.343538589776137258e+02
1.695570570570570590e+00 1.344577686109452088e+02
1.700450450450450512e+00 1.345609675208011424e+02
1.705330330330330435e+00 1.346626620510505177e+02
1.710210210210210358e+00 1.347641164079571752e+02
1.715090090090090058e+00 1.348659644967787585e+02
1.719969969969969981e+00 1.349690005471794905e+02
1.724849849849849903e+00 1.350708446193949612e+02
1.729729729729729826e+00 1.351734012890586598e+02
1.734609609609609748e+00 1.352730134720508772e+02
1.739489489489489449e+00 1.353747685420206892e+02
1.744369369369369371e+00 1.354770780249154427e+02
1.749249249249249294e+00 1.355785083322830076e+02
1.754129129129129216e+00 1.356814505390746604e+02
1.759009009009009139e+00 1.357812773573589595e+02
1.763888888888888840e+00 1.358819765154632648e+02
1.768768768768768762e+00 1.359846693540070817e+02
1.773648648648648685e+00 1.360845593207953073e+02
1.778528528528528607e+00 1.361850031098071838e+02
1.783408408408408530e+00 1.362855209278189079e+02
1.788288288288288230e+00 1.363862734521942741e+02
1.793168168168168153e+00 1.364869399209201504e+02
1.798048048048048075e+00 1.365868775074792723e+02
1.802927927927927998e+00 1.366873705514407220e+02
1.807807807807807920e+00 1.367866507250583652e+02
1.812687687687687843e+00 1.368860029780982188e+02
1.817567567567567544e+00 1.369871993150900664e+02
1.822447447447447466e+00 1.370855688124189840e+02
1.827327327327327389e+00 1.371861061020732109e+02
1.832207207207207311e+00 1.372867170771299641e+02
1.837087087087087234e+00 1.373843323270494352e+02
1.841966966966966934e+00 1.374846037252659130e+02
1.846846846846846857e+00 1.375831685906391613e+02
1.851726726726726779e+00 1.376821278691492694e+02
1.856606606606606702e+00 1.377797002409817537e+02
1.861486486486486625e+00 1.378792873497653204e+02
1.866366366366366325e+00 1.379766748260620091e+02
1.871246246246246248e+00 1.380772161878268491e+02
1.876126126126126170e+00 1.381745810511431216e+02
1.881006006006006093e+00 1.382715267146200517e+02
1.885885885885886015e+00 1.383708184458669166e+02
1.890765765765765716e+00 1.384682274862274767e+02
1.895645645645645638e+00 1.385673346028054027e+02
1.900525525525525561e+00 1.386643927423204730e+02
1.905405405405405483e+00 1.387623348373733734e+02
1.910285285285285406e+00 1.388600195101297743e+02
1.915165165165165106e+00 1.389576094880096946e+02
1.920045045045045029e+00 1.390549409752076997e+02
1.924924924924924952e+00 1.391525043781287252e+02
1.929804804804804874e+00 1.392481712023268017e+02
1.934684684684684797e+00 1.393448869547901836e+02
1.939564564564564719e+00 1.394424897865894764e+02
1.944444444444444420e+00 1.395386840913762967e+02
1.949324324324324342e+00 1.396347806409642658e+02
1.954204204204204265e+00 1.397314362478624901e+02
1.959084084084084187e+00 1.398284876850951264e+02
1.963963963963964110e+00 1.399236320348993843e+02
1.968843843843843811e+00 1.400201583356671335e+02
1.973723723723723733e+00 1.401149386944088917e+02
1.978603603603603656e+00 1.402127511351733062e+02
1.983483483483483578e+00 1.403073319873838045e+02
1.988363363363363501e+00 1.404016462789363970e+02
1.993243243243243201e+00 1.404980067251098887e+02
1.998123123123123124e+00 1.405921186448109381e+02
2.003003003003002824e+00 1.406884442492090272e+02
2.007882882882882747e+00 1.407836770197986880e+02
2.012762762762762669e+00 1.408794712978911434e+02
2.017642642642642592e+00 1.409728440933051274e+02
2.022522522522522515e+00 1.410671081029260279e+02
2.027402402402402437e+00 1.411620992383888051e+02
2.032282282282282360e+00 1.412561576933565561e+02
2.037162162162162282e+00 1.413492813660148499e+02
2.042042042042042205e+00 1.414457931493548415e+02
2.046921921921922127e+00 1.415383762062433561e+02
2.051801801801802050e+00 1.416330184502492955e+02
2.056681681681681972e+00 1.417272238955345358e+02
2.061561561561561895e+00 1.418198243987596072e+02
2.066441441441441818e+00 1.419141541589139308e+02
2.071321321321321296e+00 1.420077116360573086e+02
2.076201201201201219e+00 1.420981559186012930e+02
2.081081081081081141e+00 1.421936740598612801e+02
2.085960960960961064e+00 1.422865793102016312e+02
2.090840840840840986e+00 1.423778708435692124e+02
2.095720720720720465e+00 1.424707288320440739e+02
2.100600600600600387e+00 1.425634797700079446e+02
2.105480480480480310e+00 1.426561233620667508e+02
2.110360360360360232e+00 1.427498342520154324e+02
2.115240240240240155e+00 1.428407512357200346e+02
2.120120120120120077e+00 1.429320622664684493e+02
2.125000000000000000e+00 1.430246088981810431e+02
2.129879879879879923e+00 1.431160374600221417e+02
2.134759759759759845e+00 1.432070192831193935e+02
2.139639639639639768e+00 1.433005865674323331e+02
2.144519519519519690e+00 1.433911797386010107e+02
2.149399399399399613e+00 1.434814928102231590e+02
2.154279279279279535e+00 1.435738887948267006e+02
2.159159159159159458e+00 1.436646547256367796e+02
2.164039039039039380e+00 1.437561543564652311e+02
2.168918918918919303e+00 1.438453440588609169e+02
2.173798798798798781e+00 1.439374664466728291e+02
2.178678678678678704e+00 1.440282928671645095e+02
2.183558558558558627e+00 1.441173124612583933e+02
2.188438438438438549e+00 1.442092699615211870e+02
2.193318318318318472e+00 1.442982317149942730e+02
2.198198198198197950e+00 1.443875878062600009e+02
2.203078078078077873e+00 1.444775090605982939e+02
2.207957957957957795e+00 1.445668062820490434e+02
2.212837837837837718e+00 1.446576896867917696e+02
2.217717717717717640e+00 1.447462471461927862e+02
2.222597597597597563e+00 1.448357104664301289e+02
2.227477477477477485e+00 1.449235249057406065e+02
2.232357357357357408e+00 1.450127566573509341e+02
2.237237237237237331e+00 1.451027259651904444e+02
2.242117117117117253e+00 1.451917267213859191e+02
2.246996996996997176e+00 1.452795859990127951e+02
2.251876876876877098e+00 1.453669858250544564e+02
2.256756756756757021e+00 1.454568327642601844e+02
2.261636636636636943e+00 1.455450237316117068e+02
2.266516516516516866e+00 1.456327543663936410e+02
2.271396396396396788e+00 1.457193384426353475e+02
2.276276276276276267e+00 1.458088888193116759e+02
2.281156156156156189e+00 1.458964353507685701e+02
2.286036036036036112e+00 1.459843778082465917e+02
2.290915915915916035e+00 1.460718580487464067e+02
2.295795795795795957e+00 1.461581875330730043e+02
2.300675675675675436e+00 1.462464596298847539e+02
2.305555555555555358e+00 1.463323760765740644e+02
2.310435435435435281e+00 1.464192039122154654e+02
2.315315315315315203e+00 1.465066001302661221e+02
2.320195195195195126e+00 1.465938760115642481e+02
2.325075075075075048e+00 1.466777541977245107e+02
2.329954954954954971e+00 1.467658224762729162e+02
2.334834834834834894e+00 1.468515259140637852e+02
2.339714714714714816e+00 1.469377977806134083e+02
2.344594594594594739e+00 1.470234288246113863e+02
2.349474474474474661e+00 1.471094557362753221e+02
2.354354354354354584e+00 1.471934558256422747e+02
2.359234234234234506e+00 1.472802749553251260e+02
2.364114114114114429e+00 1.473657589957957441e+02
2.368993993993994351e+00 1.474512925246812074e+02
2.373873873873873830e+00 1.475351407950235796e+02
2.378753753753753752e+00 1.476202519492602505e+02
2.383633633633633675e+00 1.477055859079650020e+02
2.388513513513513598e+00 1.477892311752297019e+02
2.393393393393393520e+00 1.478739672445896645e+02
2.398273273273273443e+00 1.479596218928299720e+02
2.403153153153152921e+00 1.480430628155558850e+02
2.408033033033032844e+00 1.481272476153270929e+02
2.412912912912912766e+00 1.482102603463135324e+02
2.417792792792792689e+00 1.482941914944749158e+02
2.422672672672672611e+00 1.483772976983200920e+02
2.427552552552552534e+00 1.484607996806650476e+02
2.432432432432432456e+00 1.485452220488583350e+02
2.437312312312312379e+00 1.486279445630335090e+02
2.442192192192192302e+00 1.487107132294735550e+02
2.447072072072072224e+00 1.487944028472235516e+02
2.451951951951952147e+00 1.488772642344518715e+02
2.456831831831832069e+00 1.489587703314967939e+02
2.461711711711711992e+00 1.490415479304323014e+02
2.466591591591591914e+00 1.491241962241527972e+02
2.471471471471471837e+00 1.492056620399441158e+02
2.476351351351351315e+00 1.492882256418201905e+02
2.481231231231231238e+00 1.493706594215989298e+02
2.486111111111111160e+00 1.494519084459763292e+02
2.490990990990991083e+00 1.495356633825956010e+02
2.495870870870871006e+00 1.496152427977615105e+02
2.500750750750750928e+00 1.496975050296570089e+02
2.505630630630630851e+00 1.497778749631413291e+02
2.510510510510510773e+00 1.498600504448563981e+02
2.515390390390390252e+00 1.499403313121927397e+02
2.520270270270270174e+00 1.500222430178577326e+02
2.525150150150150097e+00 1.501019048167836161e+02
2.530030030030030019e+00 1.501828451419873147e+02
2.534909909909909942e+00 1.502629456623598685e+02
2.539789789789789864e+00 1.503436192808373448e+02
2.544669669669669787e+00 1.504232747340322192e+02
2.549549549549549710e+00 1.505040344304599671e+02
2.554429429429429632e+00 1.505843062344980865e+02
2.559309309309309555e+00 1.506624947426605274e+02
2.564189189189189477e+00 1.507416101946649576e+02
2.569069069069068956e+00 1.508227180370336953e+02
2.573948948948948878e+00 1.509022724827196953e+02
2.578828828828828801e+00 1.509820464599643230e+02
2.583708708708708723e+00 1.510591980452501275e+02
2.588588588588588646e+00 1.511390550433739293e+02
2.593468468468468568e+00 1.512164647189783011e+02
2.598348348348348491e+00 1.512951593202571132e+02
2.603228228228228414e+00 1.513731829321036457e+02
2.608108108108108336e+00 1.514512468301595902e+02
2.612987987987988259e+00 1.515302417691026449e+02
2.617867867867867737e+00 1.516062471632846496e+02
2.622747747747747660e+00 1.516862149453297093e+02
2.627627627627627582e+00 1.517624771129199814e+02
2.632507507507507505e+00 1.518409202047218685e+02
2.637387387387387427e+00 1.519192252677676720e+02
2.642267267267267350e+00 1.519964982941548328e+02
2.647147147147147273e+00 1.520727375560555288e+02
2.652027027027027195e+00 1.521497307748543335e+02
2.656906906906907118e+00 1.522258679861027417e+02
2.661786786786787040e+00 1.523034760733317796e+02
2.666666666666666963e+00 1.523782566398602398e+02
2.671546546546546441e+00 1.524557631000846243e+02
2.676426426426426364e+00 1.525315153320134698e+02
2.681306306306306286e+00 1.526078434537978410e+02
2.686186186186186209e+00 1.526843894200110299e+02
2.691066066066066131e+00 1.527586385297915115e+02
2.695945945945946054e+00 1.528363384946181895e+02
2.700825825825825977e+00 1.529097623229403951e+02
2.705705705705705899e+00 1.529869994279334549e+02
2.710585585585585822e+00 1.530606757013387380e+02
2.715465465465465744e+00 1.531370885766532979e+02
2.720345345345345223e+00 1.532113775607705577e+02
2.725225225225225145e+00 1.532855224286360283e+02
2.730105105105105068e+00 1.533606048050412198e+02
2.734984984984984990e+00 1.534360848397193706e+02
2.739864864864864913e+00 1.535085332345542497e+02
2.744744744744744835e+00 1.535835442787172838e+02
2.749624624624624758e+00 1.536567850321981439e+02
2.754504504504504681e+00 1.537309646045827094e+02
2.759384384384384603e+00 1.538046374276145514e+02
2.764264264264264526e+00 1.538792503377595722e+02
2.769144144144144004e+00 1.539520888594674091e+02
2.774024024024023927e+00 1.540258675992699295e+02
2.778903903903903849e+00 1.540969636144378399e+02
2.783783783783783772e+00 1.541726248155894154e+02
2.788663663663663694e+00 1.542434256915793185e+02
2.793543543543543617e+00 1.543177069877307588e+02
2.798423423423423539e+00 1.543898454412031640e+02
2.803303303303303462e+00 1.544618359294925938e+02
2.808183183183183385e+00 1.545344052070703640e+02
2.813063063063063307e+00 1.546057359020015269e+02
2.817942942942943230e+00 1.546789184824481822e+02
2.822822822822822708e+00 1.547495878818418760e+02
2.827702702702702631e+00 1.548232026551238789e+02
2.832582582582582553e+00 1.548921166563704332e+02
2.837462462462462476e+00 1.549643413221073729e+02
2.842342342342342398e+00 1.550364174259537151e+02
2.847222222222222321e+00 1.551074326047679790e+02
2.852102102102102243e+00 1.551777504965874073e+02
2.856981981981982166e+00 1.552486478012507121e+02
2.861861861861862089e+00 1.553181163834441065e+02
2.866741741741742011e+00 1.553896261383261503e+02
2.871621621621621490e+00 1.554602545280791333e+02
2.876501501501501412e+00 1.555292691824166411e+02
2.881381381381381335e+00 1.556012420558481324e+02
2.886261261261261257e+00 1.556719668088941546e+02
2.891141141141141180e+00 1.557412585185169007e+02
2.896021021021021102e+00 1.558096649951511665e+02
2.900900900900901025e+00 1.558779181995413978e+02
2.905780780780780947e+00 1.559493187692909544e+02
2.910660660660660870e+00 1.560180001155848402e+02
2.915540540540540793e+00 1.560865281458163736e+02
2.920420420420420715e+00 1.561552699203048462e+02
2.925300300300300194e+00 1.562231232214342356e+02
2.930180180180180116e+00 1.562917413482321081e+02
2.935060060060060039e+00 1.563627799506926408e+02
2.939939939939939961e+00 1.564285162192130372e+02
2.944819819819819884e+00 1.564963042678613192e+02
2.949699699699699806e+00 1.565659629059581448e+02
2.954579579579579729e+00 1.566328897149399211e+02
2.959459459459459651e+00 1.566989236768162641e+02
2.964339339339339574e+00 1.567683038578937555e+02
2.969219219219219497e+00 1.568355014612582181e+02
2.974099099099098975e+00 1.569023589625237776e+02
2.978978978978978898e+00 1.569683218691247930e+02
2.983858858858858820e+00 1.570363440185485899e+02
2.988738738738738743e+00 1.571042107967752486e+02
2.993618618618618665e+00 1.571702586799837320e+02
2.998498498498498588e+00 1.572352249259664916e+02
3.003378378378378510e+00 1.573015129427771228e+02
3.008258258258258433e+00 1.573680139181446691e+02
3.013138138138138356e+00 1.574338023204089154e+02
3.018018018018018278e+00 1.575005445087601004e+02
3.022897897897898201e+00 1.575667590162196063e+02
3.027777777777777679e+00 1.576311476282676551e+02
3.032657657657657602e+00 1.576977878698153006e+02
3.037537537537537524e+00 1.577616735419590555e+02
3.042417417417417447e+00 1.578270698896549504e+02
3.047297297297297369e+00 1.578923075669906666e+02
3.052177177177177292e+00 1.579562720418267645e+02
3.057057057057057214e+00 1.580217489957005625e+02
3.061936936936937137e+00 1.580865095736516253e+02
3.066816816816817060e+00 1.581488789241257109e+02
3.071696696696696982e+00 1.582153659659637981e+02
3.076576576576576461e+00 1.582770416497898225e+02
3.081456456456456383e+00 1.583420929481656572e+02
3.086336336336336306e+00 1.584066121625385790e+02
3.091216216216216228e+00 1.584696669335943682e+02
3.096096096096096151e+00 1.585336788621153232e+02
3.100975975975976073e+00 1.585971570950682690e+02
3.105855855855855996e+00 1.586602876527480817e+02
3.110735735735735918e+00 1.587225101666062415e+02
3.115615615615615841e+00 1.587847569300473936e+02
3.120495495495495764e+00 1.588490829796328114e+02
3.125375375375375686e+00 1.589108188746087365e+02
3.130255255255255165e+00 1.589731394259043213e+02
3.135135135135135087e+00 1.590358585458873222e+02
3.140015015015015010e+00 1.590978541054933828e+02
3.144894894894894932e+00 1.591589380006150805e+02
3.149774774774774855e+00 1.592209815101252843e+02
3.154654654654654777e+00 1.592821126162187113e+02
3.159534534534534700e+00 1.593440168060756434e+02
3.164414414414414622e+00 1.594048203085002342e+02
3.169294294294294545e+00 1.594669596056342016e+02
3.174174174174174468e+00 1.595263092882522642e+02
3.179054054054053946e+00 1.595896219551602826e+02
3.183933933933933869e+00 1.596488295350906697e+02
3.188813813813813791e+00 1.597088102246732149e+02
3.193693693693693714e+00 1.597699407923495016e+02
3.198573573573573636e+00 1.598314707286283465e+02
3.203453453453453559e+00 1.598900158510924143e+02
3.208333333333333481e+00 1.599504634017401088e+02
3.213213213213213404e+00 1.600107457203685044e+02
3.218093093093093326e+00 1.600708624752130618e+02
3.222972972972973249e+00 1.601276122241954738e+02
3.227852852852853172e+00 1.601898449814027288e+02
3.232732732732732650e+00 1.602473908381561216e+02
3.237612612612612573e+00 1.603072193508648695e+02
3.242492492492492495e+00 1.603666931909473021e+02
3.247372372372372418e+00 1.604250571501106037e+02
3.252252252252252340e+00 1.604853294389919256e+02
3.257132132132132263e+00 1.605410935857121615e+02
3.262012012012012185e+00 1.606004652864230309e+02
3.266891891891892108e+00 1.606575918279411326e+02
3.271771771771772030e+00 1.607154945680098024e+02
3.276651651651651953e+00 1.607730401471309847e+02
3.281531531531531432e+00 1.608317410461718282e+02
3.286411411411411354e+00 1.608891390673330761e+02
3.291291291291291277e+00 1.609480715731706653e+02
3.296171171171171199e+00 1.610024818917473510e+02
3.301051051051051122e+00 1.610601302622053765e+02
3.305930930930931044e+00 1.611187464326591225e+02
3.310810810810810967e+00 1.611741620269443729e+02
3.315690690690690889e+00 1.612301654584223911e+02
3.320570570570570812e+00 1.612871366566779443e+02
3.325450450450450735e+00 1.613422306476505241e+02
3.330330330330330213e+00 1.614005699206547035e+02
3.335210210210210136e+00 1.614557026851550461e+02
3.340090090090090058e+00 1.615112341731837091e+02
3.344969969969969981e+00 1.615669746456189557e+02
3.349849849849849903e+00 1.616242549011524261e+02
3.354729729729729826e+00 1.616769924628914907e+02
3.359609609609609748e+00 1.617337411081183802e+02
3.364489489489489671e+00 1.617889876802768470e+02
3.369369369369369593e+00 1.618436821806123760e+02
3.374249249249249516e+00 1.618982047449769368e+02
3.379129129129129439e+00 1.619521743420737039e+02
3.384009009009008917e+00 1.620074954697290082e+02
3.388888888888888840e+00 1.620635978652596805e+02
3.393768768768768762e+00 1.621168599377840849e+02
3.398648648648648685e+00 1.621701396764019592e+02
3.403528528528528607e+00 1.622261076079379336e+02
3.408408408408408530e+00 1.622773240930925454e+02
3.413288288288288452e+00 1.623319926762157479e+02
3.418168168168168375e+00 1.623851521445477317e+02
3.423048048048048297e+00 1.624387110252698676e+02
3.427927927927928220e+00 1.624898035105911163e+02
3.432807807807807698e+00 1.625445436051533648e+02
3.437687687687687621e+00 1.625970078887096122e+02
3.442567567567567544e+00 1.626515930087997504e+02
3.447447447447447466e+00 1.627027524182963703e+02
3.452327327327327389e+00 1.627537365352838492e+02
3.457207207207207311e+00 1.628066512440439624e+02
3.462087087087087234e+00 1.628599661158673655e+02
3.466966966966967156e+00 1.629108078459152864e+02
3.471846846846847079e+00 1.629620488458338627e+02
3.476726726726727001e+00 1.630154146413515264e+02
3.481606606606606924e+00 1.630663049345469346e+02
3.486486486486486402e+00 1.631175948789824020e+02
3.491366366366366325e+00 1.631687090247649223e+02
3.496246246246246248e+00 1.632200310497213707e+02
3.501126126126126170e+00 1.632704092670417708e+02
3.506006006006006093e+00 1.633225316430008149e+02
3.510885885885886015e+00 1.633721730621607264e+02
3.515765765765765938e+00 1.634225982157814201e+02
3.520645645645645860e+00 1.634738079364936141e+02
3.525525525525525783e+00 1.635229185048412148e+02
3.530405405405405705e+00 1.635718513270931567e+02
3.535285285285285184e+00 1.636229152932090187e+02
3.540165165165165106e+00 1.636714932656846599e+02
3.545045045045045029e+00 1.637231660028605233e+02
3.549924924924924952e+00 1.637710032258661101e+02
3.554804804804804874e+00 1.638202031136551113e+02
3.559684684684684797e+00 1.638698031140352782e+02
3.564564564564564719e+00 1.639190326108081877e+02
3.569444444444444642e+00 1.639686624033507201e+02
3.574324324324324564e+00 1.640181144576923487e+02
3.579204204204204487e+00 1.640641086335222667e+02
3.584084084084084409e+00 1.641143614108945883e+02
3.588963963963963888e+00 1.641615407509192721e+02
3.593843843843843811e+00 1.642085407024059691e+02
3.598723723723723733e+00 1.642570993289677119e+02
3.603603603603603656e+00 1.643039333135345714e+02
3.608483483483483578e+00 1.643521334986933198e+02
3.613363363363363501e+00 1.643997680118861240e+02
3.618243243243243423e+00 1.644450956734013687e+02
3.623123123123123346e+00 1.644941110880146766e+02
3.628003003003003268e+00 1.645421736626552729e+02
3.632882882882883191e+00 1.645875406824297613e+02
3.637762762762762669e+00 1.646364048376851201e+02
3.642642642642642592e+00 1.646817977268223672e+02
3.647522522522522515e+00 1.647281718556313592e+02
3.652402402402402437e+00 1.647751400807036930e+02
3.657282282282282360e+00 1.648217342229592930e+02
3.662162162162162282e+00 1.648648517608462782e+02
3.667042042042042205e+00 1.649122469825295241e+02
3.671921921921922127e+00 1.649582978333342851e+02
3.676801801801802050e+00 1.650026153371468922e+02
3.681681681681681972e+00 1.650479151267954592e+02
3.686561561561561895e+00 1.650932272959863383e+02
3.691441441441441373e+00 1.651383576919315317e+02
3.696321321321321296e+00 1.651823350782585749e+02
3.701201201201201219e+00 1.652278786022579595e+02
3.706081081081081141e+00 1.652724627312492487e+02
3.710960960960961064e+00 1.653156981799341736e+02
3.715840840840840986e+00 1.653601117026824454e+02
3.720720720720720909e+00 1.654041481819410819e+02
3.725600600600600831e+00 1.654518928124813613e+02
3.730480480480480754e+00 1.654914776376024292e+02
3.735360360360360676e+00 1.655367169953687778e+02
3.740240240240240155e+00 1.655800213829442384e+02
3.745120120120120077e+00 1.656243111721593095e+02
3.750000000000000000e+00 1.656678335005825033e+02
3.754879879879879923e+00 1.657119518126598336e+02
3.759759759759759845e+00 1.657537428255136831e+02
3.764639639639639768e+00 1.657963243038585688e+02
3.769519519519519690e+00 1.658396968726613068e+02
3.774399399399399613e+00 1.658809348791086506e+02
3.779279279279279535e+00 1.659231588370002441e+02
3.784159159159159458e+00 1.659657837985718913e+02
3.789039039039038936e+00 1.660101766776862462e+02
3.793918918918918859e+00 1.660496996544144110e+02
3.798798798798798781e+00 1.660923571627422461e+02
3.803678678678678704e+00 1.661334627073963475e+02
3.808558558558558627e+00 1.661745785037494727e+02
3.813438438438438549e+00 1.662160951453673192e+02
3.818318318318318472e+00 1.662572314317080782e+02
3.823198198198198394e+00 1.662983777408659876e+02
3.828078078078078317e+00 1.663383606599043674e+02
3.832957957957958239e+00 1.663793314135253070e+02
3.837837837837838162e+00 1.664222692867689091e+02
3.842717717717717640e+00 1.664605201837345874e+02
3.847597597597597563e+00 1.665009335600699103e+02
3.852477477477477485e+00 1.665405734693480895e+02
3.857357357357357408e+00 1.665817900209196694e+02
3.862237237237237331e+00 1.666216450028317411e+02
3.867117117117117253e+00 1.666626855717798605e+02
3.871996996996997176e+00 1.667005997195088867e+02
3.876876876876877098e+00 1.667398950491815413e+02
3.881756756756757021e+00 1.667791994654888867e+02
3.886636636636636943e+00 1.668202788416181193e+02
3.891516516516516422e+00 1.668558743379232112e+02
3.896396396396396344e+00 1.668963836578966209e+02
3.901276276276276267e+00 1.669351361961201121e+02
3.906156156156156189e+00 1.669737014002282933e+02
3.911036036036036112e+00 1.670110970904885050e+02
3.915915915915916035e+00 1.670496797878177233e+02
3.920795795795795957e+00 1.670892538314128046e+02
3.925675675675675880e+00 1.671254962111469808e+02
3.930555555555555802e+00 1.671646949649606881e+02
3.935435435435435725e+00 1.672019369115766665e+02
3.940315315315315647e+00 1.672385971010811545e+02
3.945195195195195126e+00 1.672782157618226506e+02
3.950075075075075048e+00 1.673144990730579025e+02
3.954954954954954971e+00 1.673511839426258518e+02
3.959834834834834894e+00 1.673880737158574732e+02
3.964714714714714816e+00 1.674233964809944553e+02
3.969594594594594739e+00 1.674620743454203762e+02
3.974474474474474661e+00 1.674968219258878435e+02
3.979354354354354584e+00 1.675337436784820113e+02
3.984234234234234506e+00 1.675690971698577130e+02
3.989114114114114429e+00 1.676062320956474707e+02
3.993993993993993907e+00 1.676421921528538803e+02
3.998873873873873830e+00 1.676791460743408209e+02
4.003753753753754197e+00 1.677123608790309675e+02
4.008633633633634119e+00 1.677495273865309571e+02
4.013513513513514042e+00 1.677865050102491296e+02
4.018393393393393964e+00 1.678199383113808381e+02
4.023273273273273887e+00 1.678543653711479919e+02
4.028153153153153809e+00 1.678893916750688788e+02
4.033033033033033732e+00 1.679222530939004230e+02
4.037912912912913654e+00 1.679606511885946247e+02
4.042792792792793577e+00 1.679919463300024063e+02
4.047672672672672611e+00 1.680262109262659180e+02
4.052552552552552534e+00 1.680604824689860948e+02
4.057432432432432456e+00 1.680967378173305349e+02
4.062312312312312379e+00 1.681286514250053870e+02
4.067192192192192302e+00 1.681631416456993975e+02
4.072072072072072224e+00 1.681964522691739319e+02
4.076951951951952147e+00 1.682311543359743951e+02
4.081831831831832069e+00 1.682634891585752257e+02
4.086711711711711992e+00 1.682974132361804607e+02
4.091591591591591914e+00 1.683301566030962420e+02
4.096471471471470949e+00 1.683631042403846436e+02
4.101351351351350871e+00 1.683962565238179820e+02
4.106231231231230794e+00 1.684262462024331342e+02
4.111111111111110716e+00 1.684621842442747095e+02
4.115990990990990639e+00 1.684921857984123790e+02
4.120870870870870561e+00 1.685239761954907181e+02
4.125750750750750484e+00 1.685569618339882254e+02
4.130630630630630407e+00 1.685887644960340594e+02
4.135510510510510329e+00 1.686213661866890448e+02
4.140390390390390252e+00 1.686515943936315125e+02
4.145270270270270174e+00 1.686832164827708027e+02
4.150150150150150097e+00 1.687138525745398567e+02
4.155030030030030019e+00 1.687468753726985540e+02
4.159909909909909942e+00 1.687767290462289793e+02
4.164789789789789864e+00 1.688091686394831186e+02
4.169669669669669787e+00 1.688382392341870570e+02
4.174549549549549710e+00 1.688694991597457147e+02
4.179429429429429632e+00 1.688999704398225674e+02
4.184309309309309555e+00 1.689316391038959466e+02
4.189189189189189477e+00 1.689603333678617503e+02
4.194069069069069400e+00 1.689892312547615063e+02
4.198948948948949322e+00 1.690199228322335046e+02
4.203828828828829245e+00 1.690500236668098069e+02
4.208708708708709167e+00 1.690805275258855431e+02
4.213588588588589090e+00 1.691088492642293204e+02
4.218468468468469013e+00 1.691391648610456286e+02
4.223348348348348935e+00 1.691690880196978810e+02
4.228228228228228858e+00 1.691966288132939837e+02
4.233108108108108780e+00 1.692265620979105165e+02
4.237987987987988703e+00 1.692541122483603431e+02
4.242867867867868625e+00 1.692838565217481914e+02
4.247747747747747660e+00 1.693116150225008880e+02
4.252627627627627582e+00 1.693413693970736063e+02
4.257507507507507505e+00 1.693691374298088022e+02
4.262387387387387427e+00 1.693947189241310411e+02
4.267267267267267350e+00 1.694238901782287030e+02
4.272147147147147273e+00 1.694534652208435830e+02
4.277027027027027195e+00 1.694808529880546928e+02
4.281906906906907118e+00 1.695076472101810054e+02
4.286786786786787040e+00 1.695344456196388876e+02
4.291666666666666963e+00 1.695614477289904869e+02
4.296546546546546885e+00 1.695890524026452795e+02
4.301426426426425920e+00 1.696166614729080493e+02
4.306306306306305842e+00 1.696444745568680332e+02
4.311186186186185765e+00 1.696702970457754134e+02
4.316066066066065687e+00 1.696953253005340798e+02
4.320945945945945610e+00 1.697235504095331464e+02
4.325825825825825532e+00 1.697517803530042784e+02
4.330705705705705455e+00 1.697742251420191906e+02
4.335585585585585378e+00 1.698016647059201603e+02
4.340465465465465300e+00 1.698267124307114386e+02
4.345345345345345223e+00 1.698537609988799204e+02
4.350225225225225145e+00 1.698778174534900813e+02
4.355105105105105068e+00 1.699034755945102120e+02
4.359984984984984990e+00 1.699283383961071650e+02
4.364864864864864913e+00 1.699526051506176429e+02
4.369744744744744835e+00 1.699812729678461096e+02
4.374624624624624758e+00 1.700037481497994349e+02
4.379504504504504681e+00 1.700288254516389657e+02
4.384384384384384603e+00 1.700541064992441704e+02
4.389264264264264526e+00 1.700783912602763337e+02
4.394144144144144448e+00 1.701028795446198671e+02
4.399024024024024371e+00 1.701275713950404054e+02
4.403903903903904293e+00 1.701508662245817050e+02
4.408783783783784216e+00 1.701747646650975696e+02
4.413663663663664138e+00 1.701970652624571869e+02
4.418543543543544061e+00 1.702217707378263469e+02
4.423423423423423984e+00 1.702462796664371751e+02
4.428303303303303906e+00 1.702701913657793114e+02
4.433183183183183829e+00 1.702929049812481139e+02
4.438063063063063751e+00 1.703142196775430364e+02
4.442942942942943674e+00 1.703395431121728052e+02
4.447822822822823596e+00 1.703608635989679101e+02
4.452702702702702631e+00 1.703841903235652069e+02
4.457582582582582553e+00 1.704079210252454573e+02
4.462462462462462476e+00 1.704304526196662266e+02
4.467342342342342398e+00 1.704527866769202831e+02
4.472222222222222321e+00 1.704741212905835255e+02
4.477102102102102243e+00 1.704962605532365103e+02
4.481981981981982166e+00 1.705194053202747000e+02
4.486861861861862089e+00 1.705391440469622637e+02
4.491741741741742011e+00 1.705622946354871203e+02
4.496621621621621934e+00 1.705838435782683007e+02
4.501501501501501856e+00 1.706043922012283645e+02
4.506381381381381779e+00 1.706255452151024201e+02
4.511261261261261701e+00 1.706467008050774439e+02
4.516141141141141624e+00 1.706686618050783579e+02
4.521021021021021546e+00 1.706884177138594225e+02
4.525900900900901469e+00 1.707105848051735109e+02
4.530780780780780503e+00 1.707301446728348822e+02
4.535660660660660426e+00 1.707497068806646894e+02
4.540540540540540349e+00 1.707710787550301461e+02
4.545420420420420271e+00 1.707914489705543986e+02
4.550300300300300194e+00 1.708112190924959464e+02
4.555180180180180116e+00 1.708323977510303280e+02
4.560060060060060039e+00 1.708503643785631994e+02
4.564939939939939961e+00 1.708701414166447989e+02
4.569819819819819884e+00 1.708917291061257799e+02
4.574699699699699806e+00 1.709103049902367388e+02
4.579579579579579729e+00 1.709294858804721855e+02
4.584459459459459651e+00 1.709470607170749190e+02
4.589339339339339574e+00 1.709680550959711240e+02
4.594219219219219497e+00 1.709856338002736607e+02
4.599099099099099419e+00 1.710054264977464129e+02
4.603978978978979342e+00 1.710246180146157258e+02
4.608858858858859264e+00 1.710442140122173669e+02
4.613738738738739187e+00 1.710620017313710264e+02
4.618618618618619109e+00 1.710779808038871295e+02
4.623498498498499032e+00 1.710955708595271858e+02
4.628378378378378954e+00 1.711143700493460358e+02
4.633258258258257989e+00 1.711319636497965178e+02
4.638138138138137911e+00 1.711491567300536758e+02
4.643018018018017834e+00 1.711683643773342567e+02
4.647897897897897757e+00 1.711859637751600474e+02
4.652777777777777679e+00 1.712023570279998808e+02
4.657657657657657602e+00 1.712207652073664121e+02
4.662537537537537524e+00 1.712369604514155697e+02
4.667417417417417447e+00 1.712543654915574791e+02
4.672297297297297369e+00 1.712703624837819518e+02
4.677177177177177292e+00 1.712873680186441732e+02
4.682057057057057214e+00 1.713039724513115800e+02
4.686936936936937137e+00 1.713201754667490206e+02
4.691816816816817060e+00 1.713363801146812477e+02
4.696696696696696982e+00 1.713527877715443708e+02
4.701576576576576905e+00 1.713671816991616197e+02
4.706456456456456827e+00 1.713854061843877901e+02
4.711336336336336750e+00 1.713993997879686049e+02
4.716216216216216672e+00 1.714154101782341399e+02
4.721096096096096595e+00 1.714328334059953249e+02
4.725975975975976517e+00 1.714476373845931221e+02
4.730855855855856440e+00 1.714618377738899540e+02
4.735735735735735474e+00 1.714786605463057469e+02
4.740615615615615397e+00 1.714936701739819966e+02
4.745495495495495319e+00 1.715088827770234161e+02
4.750375375375375242e+00 1.715247017129998710e+02
4.755255255255255165e+00 1.715383033505744947e+02
4.760135135135135087e+00 1.715533180989506832e+02
4.765015015015015010e+00 1.715659132129292459e+02
4.769894894894894932e+00 1.715791145312539356e+02
4.774774774774774855e+00 1.715947381831784639e+02
4.779654654654654777e+00 1.716097578711395784e+02
4.784534534534534700e+00 1.716219535934368992e+02
4.789414414414414622e+00 1.716351591729974757e+02
4.794294294294294545e+00 1.716501823990339517e+02
4.799174174174174468e+00 1.716646013565518558e+02
4.804054054054054390e+00 1.716786176025303234e+02
4.808933933933934313e+00 1.716906162426035678e+02
4.813813813813814235e+00 1.717030194993222665e+02
4.818693693693694158e+00 1.717154237014789260e+02
4.823573573573574080e+00 1.717302520325817454e+02
4.828453453453454003e+00 1.717434659451685377e+02
4.833333333333333925e+00 1.717556710161542526e+02
4.838213213213212960e+00 1.717670688478827685e+02
4.843093093093092882e+00 1.717808916837351489e+02
4.847972972972972805e+00 1.717908771875363527e+02
4.852852852852852727e+00 1.718042978730301797e+02
4.857732732732732650e+00 1.718169113646272024e+02
4.862612612612612573e+00 1.718297278164837678e+02
4.867492492492492495e+00 1.718387058670197121e+02
4.872372372372372418e+00 1.718513217807841045e+02
4.877252252252252340e+00 1.718629282877451487e+02
4.882132132132132263e+00 1.718747375145916010e+02
4.887012012012012185e+00 1.718871540705357290e+02
4.891891891891892108e+00 1.718979543217507739e+02
4.896771771771772030e+00 1.719081488637690143e+02
4.901651651651651953e+00 1.719193547672468867e+02
4.906531531531531876e+00 1.719309658199768194e+02
4.911411411411411798e+00 1.719417687159576360e+02
4.916291291291291721e+00 1.719521681947891807e+02
4.921171171171171643e+00 1.719629725279455670e+02
4.926051051051051566e+00 1.719737774904971275e+02
4.930930930930931488e+00 1.719819540991986742e+02
4.935810810810811411e+00 1.719935693239544037e+02
4.940690690690690445e+00 1.720029601623816973e+02
4.945570570570570368e+00 1.720127564817253472e+02
4.950450450450450290e+00 1.720225531440253519e+02
4.955330330330330213e+00 1.720317434388858544e+02
4.960210210210210136e+00 1.720405296557010786e+02
4.965090090090090058e+00 1.720519465914784405e+02
4.969969969969969981e+00 1.720591152779814195e+02
4.974849849849849903e+00 1.720689146333909036e+02
4.979729729729729826e+00 1.720793215388643205e+02
4.984609609609609748e+00 1.720870983778667096e+02
4.989489489489489671e+00 1.720960897711433120e+02
4.994369369369369593e+00 1.721052841011103567e+02
4.999249249249249516e+00 1.721128596906879409e+02
5.004129129129129439e+00 1.721224597839837998e+02
5.009009009009009361e+00 1.721302385188614323e+02
5.013888888888889284e+00 1.721382200617170497e+02
5.018768768768769206e+00 1.721480238726520327e+02
5.023648648648649129e+00 1.721545891426858077e+02
5.028528528528529051e+00 1.721627742959129250e+02
5.033408408408408974e+00 1.721697450533755784e+02
5.038288288288288008e+00 1.721769184472293261e+02
5.043168168168167931e+00 1.721851046082516064e+02
5.048048048048047853e+00 1.721936962431841494e+02
5.052927927927927776e+00 1.721994532670956346e+02
5.057807807807807698e+00 1.722066279390313355e+02
5.062687687687687621e+00 1.722142080429561304e+02
5.067567567567567544e+00 1.722217884853571377e+02
5.072447447447447466e+00 1.722291666424832499e+02
5.077327327327327389e+00 1.722355325530666903e+02
5.082207207207207311e+00 1.722435189239486419e+02
5.087087087087087234e+00 1.722472520583291384e+02
5.091966966966967156e+00 1.722519981546367660e+02
5.096846846846847079e+00 1.722591750649388302e+02
5.101726726726727001e+00 1.722675677415136306e+02
5.106606606606606924e+00 1.722743401284801052e+02
5.111486486486486847e+00 1.722796946643981073e+02
5.116366366366366769e+00 1.722856572449748001e+02
5.121246246246246692e+00 1.722912146505725275e+02
5.126126126126126614e+00 1.722951513516188982e+02
5.131006006006006537e+00 1.723017223420402502e+02
5.135885885885886459e+00 1.723084960219499919e+02
5.140765765765765494e+00 1.723126357814415144e+02
5.145645645645645416e+00 1.723175862342541222e+02
5.150525525525525339e+00 1.723217262560076222e+02
5.155405405405405261e+00 1.723278928578348825e+02
5.160285285285285184e+00 1.723308171606724102e+02
5.165165165165165106e+00 1.723384026757757965e+02
5.170045045045045029e+00 1.723409218283461541e+02
5.174924924924924952e+00 1.723452652181366318e+02
5.179804804804804874e+00 1.723494058552545880e+02
5.184684684684684797e+00 1.723541547066809585e+02
5.189564564564564719e+00 1.723578901889028714e+02
5.194444444444444642e+00 1.723634499846638448e+02
5.199324324324324564e+00 1.723653615569987210e+02
5.204204204204204487e+00 1.723715295532959431e+02
5.209084084084084409e+00 1.723736439455390723e+02
5.213963963963964332e+00 1.723779878878765714e+02
5.218843843843844255e+00 1.723811160591173461e+02
5.223723723723724177e+00 1.723844466882831910e+02
5.228603603603604100e+00 1.723857502651308664e+02
5.233483483483484022e+00 1.723902973678237061e+02
5.238363363363363945e+00 1.723930199757762693e+02
5.243243243243242979e+00 1.723975671711055213e+02
5.248123123123122902e+00 1.724015063571338260e+02
5.253003003003002824e+00 1.724026074040289984e+02
5.257882882882882747e+00 1.724075603295837311e+02
5.262762762762762669e+00 1.724066339974500011e+02
5.267642642642642592e+00 1.724087486519990193e+02
5.272522522522522515e+00 1.724114716639533071e+02
5.277402402402402437e+00 1.724143974339458509e+02
5.282282282282282360e+00 1.724161067418729374e+02
5.287162162162162282e+00 1.724204518589683062e+02
5.292042042042042205e+00 1.724215529210436841e+02
5.296921921921922127e+00 1.724218428948111637e+02
5.301801801801802050e+00 1.724243633726752591e+02
5.306681681681681972e+00 1.724246534648197553e+02
5.311561561561561895e+00 1.724267684535152796e+02
5.316441441441441818e+00 1.724280722368535237e+02
5.321321321321321740e+00 1.724297816729636850e+02
5.326201201201201663e+00 1.724314911335663396e+02
5.331081081081081585e+00 1.724311728979144789e+02
5.335960960960961508e+00 1.724320713352528003e+02
5.340840840840841430e+00 1.724333752155292530e+02
5.345720720720720465e+00 1.724336651174527333e+02
5.350600600600600387e+00 1.724311164709453692e+02
5.355480480480480310e+00 1.724332314322571449e+02
5.360360360360360232e+00 1.724345353786706596e+02
5.365240240240240155e+00 1.724350281688837470e+02
5.370120120120120077e+00 1.724357237149951345e+02
5.375000000000000000e+00 1.724337835008448394e+02
