5.000000000000000000e-01 1.031488714373009685e+02
5.048798798798799226e-01 1.032659547076189455e+02
5.097597597597597341e-01 1.033850144852493145e+02
5.146396396396396566e-01 1.035017785287913483e+02
5.195195195195194682e-01 1.036199343102826873e+02
5.243993993993993907e-01 1.037379727131529563e+02
5.292792792792793133e-01 1.038557246692069214e+02
5.341591591591591248e-01 1.039739473895687070e+02
5.390390390390390474e-01 1.040917984528226299e+02
5.439189189189189699e-01 1.042087694578380024e+02
5.487987987987987815e-01 1.043268866787816194e+02
5.536786786786787040e-01 1.044446297407838387e+02
5.585585585585585155e-01 1.045624210103936065e+02
5.634384384384384381e-01 1.046797511692746809e+02
5.683183183183183607e-01 1.047965334240391542e+02
5.731981981981981722e-01 1.049144663557758150e+02
5.780780780780780947e-01 1.050311699230181830e+02
5.829579579579580173e-01 1.051492817567242497e+02
5.878378378378378288e-01 1.052667584763298692e+02
5.927177177177177514e-01 1.053842810251839524e+02
5.975975975975975629e-01 1.055009940950219089e+02
6.024774774774774855e-01 1.056186925374412056e+02
6.073573573573574080e-01 1.057352366850426364e+02
6.122372372372372196e-01 1.058523384381900740e+02
6.171171171171171421e-01 1.059691404069017153e+02
6.219969969969969537e-01 1.060867591764067441e+02
6.268768768768768762e-01 1.062034754686340250e+02
6.317567567567567988e-01 1.063205787147642951e+02
6.366366366366366103e-01 1.064370346002057630e+02
6.415165165165165329e-01 1.065540498895082351e+02
6.463963963963963444e-01 1.066711938303155875e+02
6.512762762762762669e-01 1.067870816025645269e+02
6.561561561561561895e-01 1.069046550462939109e+02
6.610360360360360010e-01 1.070214036881945958e+02
6.659159159159159236e-01 1.071368903510973070e+02
6.707957957957957351e-01 1.072537187458307955e+02
6.756756756756756577e-01 1.073705875001851524e+02
6.805555555555555802e-01 1.074858410913219871e+02
6.854354354354355028e-01 1.076024394582660619e+02
6.903153153153153143e-01 1.077190770034357712e+02
6.951951951951952369e-01 1.078360157795343213e+02
7.000750750750750484e-01 1.079515938829481030e+02
7.049549549549549710e-01 1.080680843093331021e+02
7.098348348348348935e-01 1.081838235356565150e+02
7.147147147147147050e-01 1.083003011989866451e+02
7.195945945945946276e-01 1.084153224562480773e+02
7.244744744744744391e-01 1.085321373449592670e+02
7.293543543543543617e-01 1.086472286850386553e+02
7.342342342342342842e-01 1.087634117585335218e+02
7.391141141141140958e-01 1.088793661329280695e+02
7.439939939939940183e-01 1.089949140408651971e+02
7.488738738738738299e-01 1.091105845737064755e+02
7.537537537537537524e-01 1.092269976088391132e+02
7.586336336336336750e-01 1.093414077354996010e+02
7.635135135135135975e-01 1.094571798083797205e+02
7.683933933933934091e-01 1.095728968324811490e+02
7.732732732732732206e-01 1.096891807479167795e+02
7.781531531531531432e-01 1.098038969773414522e+02
7.830330330330330657e-01 1.099190004784146879e+02
7.879129129129129883e-01 1.100337786709095127e+02
7.927927927927927998e-01 1.101492124306083582e+02
7.976726726726726113e-01 1.102653929235308823e+02
8.025525525525525339e-01 1.103789223640140307e+02
8.074324324324324564e-01 1.104944495074887669e+02
8.123123123123123790e-01 1.106093803084918932e+02
8.171921921921921905e-01 1.107238921635867257e+02
8.220720720720720021e-01 1.108378038227685920e+02
8.269519519519519246e-01 1.109531817015503492e+02
8.318318318318318472e-01 1.110676893692028386e+02
8.367117117117117697e-01 1.111823152038797673e+02
8.415915915915915813e-01 1.112972397789539087e+02
8.464714714714715038e-01 1.114116509829249111e+02
8.513513513513513153e-01 1.115259989154416616e+02
8.562312312312312379e-01 1.116402833126391130e+02
8.611111111111111605e-01 1.117557718404432023e+02
8.659909909909910830e-01 1.118684781374207091e+02
8.708708708708708945e-01 1.119837488771233325e+02
8.757507507507507061e-01 1.120974119832999634e+02
8.806306306306306286e-01 1.122116452371142259e+02
8.855105105105105512e-01 1.123252665159749171e+02
8.903903903903904737e-01 1.124392762613649808e+02
8.952702702702702853e-01 1.125534017262404518e+02
9.001501501501500968e-01 1.126672777175187008e+02
9.050300300300300194e-01 1.127802633529604321e+02
9.099099099099099419e-01 1.128940027513577746e+02
9.147897897897898645e-01 1.130086813661899185e+02
9.196696696696696760e-01 1.131218259678812075e+02
9.245495495495494875e-01 1.132345331551084939e+02
9.294294294294294101e-01 1.133483632723630734e+02
9.343093093093093326e-01 1.134611122243961745e+02
9.391891891891892552e-01 1.135748939325867894e+02
9.440690690690690667e-01 1.136887897388070314e+02
9.489489489489489893e-01 1.138012315981712277e+02
9.538288288288288008e-01 1.139147080239359866e+02
9.587087087087087234e-01 1.140273733342295372e+02
9.635885885885886459e-01 1.141395949568287165e+02
9.684684684684684575e-01 1.142528530322064029e+02
9.733483483483483800e-01 1.143661308820699674e+02
9.782282282282281916e-01 1.144785003111686024e+02
9.831081081081081141e-01 1.145913516857646357e+02
9.879879879879880367e-01 1.147036634734863725e+02
9.928678678678679592e-01 1.148157130721913148e+02
9.977477477477477708e-01 1.149283379241147003e+02
1.002627627627627582e+00 1.150413529969108168e+02
1.007507507507507505e+00 1.151527990705108238e+02
1.012387387387387427e+00 1.152661282964871958e+02
1.017267267267267350e+00 1.153778856570234694e+02
1.022147147147147273e+00 1.154897513501619386e+02
1.027027027027027195e+00 1.156013507012950328e+02
1.031906906906906896e+00 1.157138082456848593e+02
1.036786786786786818e+00 1.158253424540772585e+02
1.041666666666666741e+00 1.159375480157519149e+02
1.046546546546546441e+00 1.160483572281375189e+02
1.051426426426426364e+00 1.161605905156159366e+02
1.056306306306306286e+00 1.162718956417808442e+02
1.061186186186186209e+00 1.163832130685388080e+02
1.066066066066066131e+00 1.164941649604607363e+02
1.070945945945946054e+00 1.166062622911436506e+02
1.075825825825825977e+00 1.167175214161062087e+02
1.080705705705705677e+00 1.168284131923648914e+02
1.085585585585585600e+00 1.169388415313760134e+02
1.090465465465465522e+00 1.170508923596457720e+02
1.095345345345345223e+00 1.171616260415061532e+02
1.100225225225225145e+00 1.172731298783574942e+02
1.105105105105105068e+00 1.173833126194489296e+02
1.109984984984984990e+00 1.174935036477004218e+02
1.114864864864864913e+00 1.176039887684602121e+02
1.119744744744744835e+00 1.177151502636450715e+02
1.124624624624624758e+00 1.178248887497033763e+02
1.129504504504504681e+00 1.179353986931153173e+02
1.134384384384384381e+00 1.180467776737263534e+02
1.139264264264264304e+00 1.181564422172062763e+02
1.144144144144144004e+00 1.182667838198557178e+02
1.149024024024023927e+00 1.183764608286334266e+02
1.153903903903903849e+00 1.184860474718211520e+02
1.158783783783783772e+00 1.185967930010841513e+02
1.163663663663663694e+00 1.187060062955523989e+02
1.168543543543543617e+00 1.188160906324413588e+02
1.173423423423423539e+00 1.189255058734899677e+02
1.178303303303303462e+00 1.190349253964350851e+02
1.183183183183183163e+00 1.191441558572068828e+02
1.188063063063063085e+00 1.192536798720701938e+02
1.192942942942943008e+00 1.193634980867765734e+02
1.197822822822822708e+00 1.194726426773343633e+02
1.202702702702702631e+00 1.195807239440457295e+02
1.207582582582582553e+00 1.196917164757853840e+02
1.212462462462462476e+00 1.197996074954903207e+02
1.217342342342342398e+00 1.199085677041985605e+02
1.222222222222222321e+00 1.200171406039081177e+02
1.227102102102102243e+00 1.201260065469333398e+02
1.231981981981982166e+00 1.202341915625735709e+02
1.236861861861861867e+00 1.203429616717928923e+02
1.241741741741741789e+00 1.204525136896671995e+02
1.246621621621621490e+00 1.205602109929461250e+02
1.251501501501501412e+00 1.206685914517165656e+02
1.256381381381381335e+00 1.207767756278999514e+02
1.261261261261261257e+00 1.208853507504898630e+02
1.266141141141141180e+00 1.209924542319333369e+02
1.271021021021021102e+00 1.211000453133161585e+02
1.275900900900901025e+00 1.212096970608372715e+02
1.280780780780780947e+00 1.213162029568134557e+02
1.285660660660660648e+00 1.214243772085681314e+02
1.290540540540540571e+00 1.215327464235545847e+02
1.295420420420420493e+00 1.216396347892399490e+02
1.300300300300300194e+00 1.217470118944738431e+02
1.305180180180180116e+00 1.218546813382957197e+02
1.310060060060060039e+00 1.219620505491990343e+02
1.314939939939939961e+00 1.220682280988497865e+02
1.319819819819819884e+00 1.221753893422668398e+02
1.324699699699699806e+00 1.222828429141383566e+02
1.329579579579579729e+00 1.223896965455386123e+02
1.334459459459459651e+00 1.224982322296094139e+02
1.339339339339339352e+00 1.226034852453452118e+02
1.344219219219219275e+00 1.227093260078808470e+02
1.349099099099098975e+00 1.228158554539846961e+02
1.353978978978978898e+00 1.229223777414787975e+02
1.358858858858858820e+00 1.230290921473511645e+02
1.363738738738738743e+00 1.231349010866372424e+02
1.368618618618618665e+00 1.232414004002273202e+02
1.373498498498498588e+00 1.233481917984162806e+02
1.378378378378378510e+00 1.234536747629367710e+02
1.383258258258258433e+00 1.235590476419143897e+02
1.388138138138138133e+00 1.236643099498246414e+02
1.393018018018018056e+00 1.237706652299738153e+02
1.397897897897897979e+00 1.238766098686327695e+02
1.402777777777777679e+00 1.239816401716889658e+02
1.407657657657657602e+00 1.240873630969184518e+02
1.412537537537537524e+00 1.241926728340474000e+02
1.417417417417417447e+00 1.242976689434750028e+02
1.422297297297297369e+00 1.244037621814582621e+02
1.427177177177177292e+00 1.245072210677208062e+02
1.432057057057057214e+00 1.246128871187237195e+02
1.436936936936936915e+00 1.247177330289221544e+02
1.441816816816816837e+00 1.248219588976268994e+02
1.446696696696696760e+00 1.249275881834987700e+02
1.451576576576576461e+00 1.250317867319803611e+02
1.456456456456456383e+00 1.251354636261375930e+02
1.461336336336336306e+00 1.252395310055773621e+02
1.466216216216216228e+00 1.253440913505199745e+02
1.471096096096096151e+00 1.254488406541556031e+02
1.475975975975976073e+00 1.255528633445698716e+02
1.480855855855855996e+00 1.256563611858232292e+02
1.485735735735735918e+00 1.257595365854974432e+02
1.490615615615615619e+00 1.258649391371892108e+02
1.495495495495495542e+00 1.259678773824386440e+02
1.500375375375375464e+00 1.260719216976563644e+02
1.505255255255255387e+00 1.261748246567162397e+02
1.510135135135135087e+00 1.262781185939912234e+02
1.515015015015015010e+00 1.263807801105861870e+02
1.519894894894894932e+00 1.264847553468494539e+02
1.524774774774774855e+00 1.265873796288461079e+02
1.529654654654654777e+00 1.266899844796016055e+02
1.534534534534534478e+00 1.267929808254270085e+02
1.539414414414414400e+00 1.268970894753038294e+02
1.544294294294294323e+00 1.269981953604969220e+02
1.549174174174174246e+00 1.271020604172257009e+02
1.554054054054054168e+00 1.272036389228048989e+02
1.558933933933933869e+00 1.273067432605971590e+02
1.563813813813813791e+00 1.274083820869856680e+02
1.568693693693693714e+00 1.275106188271729621e+02
1.573573573573573636e+00 1.276124204038568450e+02
1.578453453453453559e+00 1.277143032663533688e+02
1.583333333333333481e+00 1.278163710693643651e+02
1.588213213213213182e+00 1.279181056953904800e+02
1.593093093093093104e+00 1.280191949271211911e+02
1.597972972972973027e+00 1.281210909696840190e+02
1.602852852852852950e+00 1.282226524196697426e+02
1.607732732732732872e+00 1.283230461593429652e+02
1.612612612612612573e+00 1.284256004727391201e+02
1.617492492492492495e+00 1.285264656683054056e+02
1.622372372372372418e+00 1.286276184749403910e+02
1.627252252252252340e+00 1.287283292883327874e+02
1.632132132132132263e+00 1.288277614574088545e+02
1.637012012012011963e+00 1.289293605352111456e+02
1.641891891891891886e+00 1.290293663348143696e+02
1.646771771771771808e+00 1.291304963667925847e+02
1.651651651651651731e+00 1.292310771739397808e+02
1.656531531531531654e+00 1.293303734897557433e+02
1.661411411411411354e+00 1.294315296368634449e+02
1.666291291291291277e+00 1.295311899719712301e+02
1.671171171171171199e+00 1.296305067435298781e+02
1.676051051051051122e+00 1.297304254492040343e+02
1.680930930930931044e+00 1.298308421099754355e+02
1.685810810810810745e+00 1.299298619396133745e+02
1.690690690690690667e+00 1.300300113871743690e+02
1.695570570570570590e+00 1.301290777491164476e+02
1.700450450450450512e+00 1.302279028929781077e+02
1.705330330330330435e+00 1.303275426253490537e+02
1.710210210210210358e+00 1.304260956111882308e+02
1.715090090090090058e+00 1.305256753291397445e+02
1.719969969969969981e+00 1.306245899247895181e+02
1.724849849849849903e+00 1.307225198742172836e+02
1.729729729729729826e+00 1.308211594701629110e+02
1.734609609609609748e+00 1.309200857371250493e+02
1.739489489489489449e+00 1.310179186167819694e+02
1.744369369369369371e+00 1.311173125063499469e+02
1.749249249249249294e+00 1.312153991442546328e+02
1.754129129129129216e+00 1.313127075740901830e+02
1.759009009009009139e+00 1.314111533866413879e+02
1.763888888888888840e+00 1.315077541812408413e+02
1.768768768768768762e+00 1.316059195383461145e+02
1.773648648648648685e+00 1.317034108778875350e+02
1.778528528528528607e+00 1.318016154445260213e+02
1.783408408408408530e+00 1.318986102472292998e+02
1.788288288288288230e+00 1.319961044331987807e+02
1.793168168168168153e+00 1.320932424091020323e+02
1.798048048048048075e+00 1.321903446801738085e+02
1.802927927927927998e+00 1.322866605396453110e+02
1.807807807807807920e+00 1.323840123057009350e+02
1.812687687687687843e+00 1.324810061833155430e+02
1.817567567567567544e+00 1.325777487392143712e+02
1.822447447447447466e+00 1.326745619166938184e+02
1.827327327327327389e+00 1.327694010383905834e+02
1.832207207207207311e+00 1.328658156851201397e+02
1.837087087087087234e+00 1.329625159332575777e+02
1.841966966966966934e+00 1.330582079866997844e+02
1.846846846846846857e+00 1.331541847302452481e+02
1.851726726726726779e+00 1.332493666866392061e+02
1.856606606606606702e+00 1.333451571041454429e+02
1.861486486486486625e+00 1.334408000563862799e+02
1.866366366366366325e+00 1.335365116214110799e+02
1.871246246246246248e+00 1.336321834995637801e+02
1.876126126126126170e+00 1.337268400003029001e+02
1.881006006006006093e+00 1.338213465690966473e+02
1.885885885885886015e+00 1.339170054172649884e+02
1.890765765765765716e+00 1.340116463907005766e+02
1.895645645645645638e+00 1.341067890607373556e+02
1.900525525525525561e+00 1.342010202758640958e+02
1.905405405405405483e+00 1.342956442535617612e+02
1.910285285285285406e+00 1.343892456352315037e+02
1.915165165165165106e+00 1.344834572128226000e+02
1.920045045045045029e+00 1.345777349142773573e+02
1.924924924924924952e+00 1.346713145730469421e+02
1.929804804804804874e+00 1.347655054945889503e+02
1.934684684684684797e+00 1.348597622411794248e+02
1.939564564564564719e+00 1.349531004519058399e+02
1.944444444444444420e+00 1.350466126557338384e+02
1.949324324324324342e+00 1.351402992699483434e+02
1.954204204204204265e+00 1.352330643345524663e+02
1.959084084084084187e+00 1.353276481257741466e+02
1.963963963963964110e+00 1.354195539023752985e+02
1.968843843843843811e+00 1.355124007951604881e+02
1.973723723723723733e+00 1.356054212704456177e+02
1.978603603603603656e+00 1.356977356653619609e+02
1.983483483483483578e+00 1.357903330397620323e+02
1.988363363363363501e+00 1.358837645715782969e+02
1.993243243243243201e+00 1.359740640955581057e+02
1.998123123123123124e+00 1.360674014727121630e+02
2.003003003003002824e+00 1.361593681602079755e+02
2.007882882882882747e+00 1.362516178774421860e+02
2.012762762762762669e+00 1.363438195717544090e+02
2.017642642642642592e+00 1.364350883470264080e+02
2.022522522522522515e+00 1.365257541911687724e+02
2.027402402402402437e+00 1.366174769484589149e+02
2.032282282282282360e+00 1.367098154270322254e+02
2.037162162162162282e+00 1.368008856380180305e+02
2.042042042042042205e+00 1.368915726865283489e+02
2.046921921921922127e+00 1.369826529622550879e+02
2.051801801801802050e+00 1.370737938106314289e+02
2.056681681681681972e+00 1.371644393960279160e+02
2.061561561561561895e+00 1.372548111795693444e+02
2.066441441441441818e+00 1.373453538267193323e+02
2.071321321321321296e+00 1.374351763576217138e+02
2.076201201201201219e+00 1.375253920740882165e+02
2.081081081081081141e+00 1.376154439570728414e+02
2.085960960960961064e+00 1.377056663779685550e+02
2.090840840840840986e+00 1.377950544174651952e+02
2.095720720720720465e+00 1.378859533773733119e+02
2.100600600600600387e+00 1.379747874543169814e+02
2.105480480480480310e+00 1.380637906388998601e+02
2.110360360360360232e+00 1.381534110765569494e+02
2.115240240240240155e+00 1.382427536253694313e+02
2.120120120120120077e+00 1.383317053820321689e+02
2.125000000000000000e+00 1.384212754256084565e+02
2.129879879879879923e+00 1.385097807246435764e+02
2.134759759759759845e+00 1.385977808725928639e+02
2.139639639639639768e+00 1.386874107628604520e+02
2.144519519519519690e+00 1.387749613498402255e+02
2.149399399399399613e+00 1.388629048880798678e+02
2.154279279279279535e+00 1.389514672858203426e+02
2.159159159159159458e+00 1.390394099402845427e+02
2.164039039039039380e+00 1.391281976880877664e+02
2.168918918918919303e+00 1.392150109436590810e+02
2.173798798798798781e+00 1.393032332775163127e+02
2.178678678678678704e+00 1.393917375482722321e+02
2.183558558558558627e+00 1.394787152181064300e+02
2.188438438438438549e+00 1.395650684075219772e+02
2.193318318318318472e+00 1.396533994257960387e+02
2.198198198198197950e+00 1.397392943861614185e+02
2.203078078078077873e+00 1.398263755370466015e+02
2.207957957957957795e+00 1.399141914866463026e+02
2.212837837837837718e+00 1.400000199142521069e+02
2.217717717717717640e+00 1.400866958505857269e+02
2.222597597597597563e+00 1.401722892461858976e+02
2.227477477477477485e+00 1.402589581391148954e+02
2.232357357357357408e+00 1.403456806348139594e+02
2.237237237237237331e+00 1.404313184334332618e+02
2.242117117117117253e+00 1.405167807197477430e+02
2.246996996996997176e+00 1.406036626126222018e+02
2.251876876876877098e+00 1.406892297210829952e+02
2.256756756756757021e+00 1.407742784321420118e+02
2.261636636636636943e+00 1.408585792981907332e+02
2.266516516516516866e+00 1.409444158253395187e+02
2.271396396396396788e+00 1.410303046440866126e+02
2.276276276276276267e+00 1.411148732197906384e+02
2.281156156156156189e+00 1.411996069360282320e+02
2.286036036036036112e+00 1.412842769620509955e+02
2.290915915915916035e+00 1.413688832342603234e+02
2.295795795795795957e+00 1.414538841238248210e+02
2.300675675675675436e+00 1.415371004834048847e+02
2.305555555555555358e+00 1.416211693727409511e+02
2.310435435435435281e+00 1.417056327922000207e+02
2.315315315315315203e+00 1.417892271072572044e+02
2.320195195195195126e+00 1.418736757819115724e+02
2.325075075075075048e+00 1.419565637707981978e+02
2.329954954954954971e+00 1.420399607682082035e+02
2.334834834834834894e+00 1.421237523242533030e+02
2.339714714714714816e+00 1.422077086201623501e+02
2.344594594594594739e+00 1.422904457609269002e+02
2.349474474474474661e+00 1.423730002634168272e+02
2.354354354354354584e+00 1.424558335553289226e+02
2.359234234234234506e+00 1.425396393795344068e+02
2.364114114114114429e+00 1.426201419588716135e+02
2.368993993993994351e+00 1.427050854883359250e+02
2.373873873873873830e+00 1.427860286739310993e+02
2.378753753753753752e+00 1.428679442069629033e+02
2.383633633633633675e+00 1.429497908950653766e+02
2.388513513513513598e+00 1.430315685424984906e+02
2.393393393393393520e+00 1.431137409928621480e+02
2.398273273273273443e+00 1.431951481338988685e+02
2.403153153153152921e+00 1.432763693262233176e+02
2.408033033033032844e+00 1.433572879911340010e+02
2.412912912912912766e+00 1.434388336852601640e+02
2.417792792792792689e+00 1.435200767556559072e+02
2.422672672672672611e+00 1.436021806310638738e+02
2.427552552552552534e+00 1.436827010033143495e+02
2.432432432432432456e+00 1.437624507877008284e+02
2.437312312312312379e+00 1.438431775793749807e+02
2.442192192192192302e+00 1.439241830233083874e+02
2.447072072072072224e+00 1.440046504274510255e+02
2.451951951951952147e+00 1.440837613805850594e+02
2.456831831831832069e+00 1.441646686145369358e+02
2.461711711711711992e+00 1.442439844048129771e+02
2.466591591591591914e+00 1.443238116801315130e+02
2.471471471471471837e+00 1.444038002315339497e+02
2.476351351351351315e+00 1.444833645998414511e+02
2.481231231231231238e+00 1.445622698277606162e+02
2.486111111111111160e+00 1.446411008791035329e+02
2.490990990990991083e+00 1.447196230436083511e+02
2.495870870870871006e+00 1.448005351742625066e+02
2.500750750750750928e+00 1.448777346777426942e+02
2.505630630630630851e+00 1.449567377547693354e+02
2.510510510510510773e+00 1.450351960949012380e+02
2.515390390390390252e+00 1.451142849794750873e+02
2.520270270270270174e+00 1.451917694188004191e+02
2.525150150150150097e+00 1.452690597288567176e+02
2.530030030030030019e+00 1.453480405681696084e+02
2.534909909909909942e+00 1.454252961797115233e+02
2.539789789789789864e+00 1.455030645988616982e+02
2.544669669669669787e+00 1.455801666380978929e+02
2.549549549549549710e+00 1.456588443348647104e+02
2.554429429429429632e+00 1.457365013474839373e+02
2.559309309309309555e+00 1.458125451272512123e+02
2.564189189189189477e+00 1.458887468120383630e+02
2.569069069069068956e+00 1.459666447393609303e+02
2.573948948948948878e+00 1.460428086237768355e+02
2.578828828828828801e+00 1.461188938188864768e+02
2.583708708708708723e+00 1.461965591006116369e+02
2.588588588588588646e+00 1.462728429520481086e+02
2.593468468468468568e+00 1.463482175791589555e+02
2.598348348348348491e+00 1.464242244739403418e+02
2.603228228228228414e+00 1.464995583688233580e+02
2.608108108108108336e+00 1.465762379435340961e+02
2.612987987987988259e+00 1.466511745428623783e+02
2.617867867867867737e+00 1.467274576833659125e+02
2.622747747747747660e+00 1.468024715932505728e+02
2.627627627627627582e+00 1.468770476160736678e+02
2.632507507507507505e+00 1.469521380407316826e+02
2.637387387387387427e+00 1.470272668176094157e+02
2.642267267267267350e+00 1.471019570745095848e+02
2.647147147147147273e+00 1.471763273147993516e+02
2.652027027027027195e+00 1.472504964980069531e+02
2.656906906906907118e+00 1.473249418745946571e+02
2.661786786786787040e+00 1.473983496002462346e+02
2.666666666666666963e+00 1.474732283682754428e+02
2.671546546546546441e+00 1.475469491947364702e+02
2.676426426426426364e+00 1.476213051328310542e+02
2.681306306306306286e+00 1.476948605659974305e+02
2.686186186186186209e+00 1.477690515075554458e+02
2.691066066066066131e+00 1.478408829432596008e+02
2.695945945945946054e+00 1.479151472549044684e+02
2.700825825825825977e+00 1.479875295845024255e+02
2.705705705705705899e+00 1.480609074056097256e+02
2.710585585585585822e+00 1.481338413553062878e+02
2.715465465465465744e+00 1.482052494896067287e+02
2.720345345345345223e+00 1.482786150248080048e+02
2.725225225225225145e+00 1.483517764561811134e+02
2.730105105105105068e+00 1.484235302819496383e+02
2.734984984984984990e+00 1.484953187544061848e+02
2.739864864864864913e+00 1.485678645564795772e+02
2.744744744744744835e+00 1.486386385427118171e+02
2.749624624624624758e+00 1.487095667738431928e+02
2.754504504504504681e+00 1.487823377937047837e+02
2.759384384384384603e+00 1.488528519908167311e+02
2.764264264264264526e+00 1.489248481337129988e+02
2.769144144144144004e+00 1.489957921588647594e+02
2.774024024024023927e+00 1.490670116781525678e+02
2.778903903903903849e+00 1.491363310139039982e+02
2.783783783783783772e+00 1.492076176700889221e+02
2.788663663663663694e+00 1.492796644113920195e+02
2.793543543543543617e+00 1.493487195516168811e+02
2.798423423423423539e+00 1.494187754905541112e+02
2.803303303303303462e+00 1.494886219277674968e+02
2.808183183183183385e+00 1.495595920204170000e+02
2.813063063063063307e+00 1.496290191819808229e+02
2.817942942942943230e+00 1.496982358487285296e+02
2.822822822822822708e+00 1.497673630878618383e+02
2.827702702702702631e+00 1.498371296067656999e+02
2.832582582582582553e+00 1.499065640428167114e+02
2.837462462462462476e+00 1.499760306546727691e+02
2.842342342342342398e+00 1.500444348869044973e+02
2.847222222222222321e+00 1.501126269638075996e+02
2.852102102102102243e+00 1.501808500534088182e+02
2.856981981981982166e+00 1.502505655477017115e+02
2.861861861861862089e+00 1.503187294728957966e+02
2.866741741741742011e+00 1.503868024120232008e+02
2.871621621621621490e+00 1.504557597305626757e+02
2.876501501501501412e+00 1.505232847046969198e+02
2.881381381381381335e+00 1.505891310653630342e+02
2.886261261261261257e+00 1.506585475657334996e+02
2.891141141141141180e+00 1.507261635729648219e+02
2.896021021021021102e+00 1.507923431391821509e+02
2.900900900900901025e+00 1.508606305154282268e+02
2.905780780780780947e+00 1.509267467532293381e+02
2.910660660660660870e+00 1.509943606245262515e+02
2.915540540540540793e+00 1.510607803622089875e+02
2.920420420420420715e+00 1.511272293167189673e+02
2.925300300300300194e+00 1.511929721433103282e+02
2.930180180180180116e+00 1.512604601042886543e+02
2.935060060060060039e+00 1.513266289424456374e+02
2.939939939939939961e+00 1.513925812750132138e+02
2.944819819819819884e+00 1.514580712794896442e+02
2.949699699699699806e+00 1.515240808982651401e+02
2.954579579579579729e+00 1.515899964219526339e+02
2.959459459459459651e+00 1.516556946985633942e+02
2.964339339339339574e+00 1.517201917280223142e+02
2.969219219219219497e+00 1.517854543625330734e+02
2.974099099099098975e+00 1.518498833987326577e+02
2.978978978978978898e+00 1.519155712028230027e+02
2.983858858858858820e+00 1.519804251145319824e+02
2.988738738738738743e+00 1.520441975339203964e+02
2.993618618618618665e+00 1.521091063351853165e+02
2.998498498498498588e+00 1.521729326681516739e+02
3.003378378378378510e+00 1.522367858656509156e+02
3.008258258258258433e+00 1.523005423725628589e+02
3.013138138138138356e+00 1.523656841015640850e+02
3.018018018018018278e+00 1.524292474805561142e+02
3.022897897897898201e+00 1.524923429736649041e+02
3.027777777777777679e+00 1.525558355073032146e+02
3.032657657657657602e+00 1.526197256315538766e+02
3.037537537537537524e+00 1.526812910793758533e+02
3.042417417417417447e+00 1.527454813666040820e+02
3.047297297297297369e+00 1.528083361608856876e+02
3.052177177177177292e+00 1.528709690162770301e+02
3.057057057057057214e+00 1.529341233543711382e+02
3.061936936936937137e+00 1.529961876592458054e+02
3.066816816816817060e+00 1.530580290444901266e+02
3.071696696696696982e+00 1.531206401168976754e+02
3.076576576576576461e+00 1.531826559603686349e+02
3.081456456456456383e+00 1.532442000579583237e+02
3.086336336336336306e+00 1.533068872410466099e+02
3.091216216216216228e+00 1.533677353401413086e+02
3.096096096096096151e+00 1.534283588519155899e+02
3.100975975975976073e+00 1.534901260686988849e+02
3.105855855855855996e+00 1.535510469570059513e+02
3.110735735735735918e+00 1.536122410064475048e+02
3.115615615615615841e+00 1.536730857183458170e+02
3.120495495495495764e+00 1.537338299759720144e+02
3.125375375375375686e+00 1.537945981981633565e+02
3.130255255255255165e+00 1.538541432985123834e+02
3.135135135135135087e+00 1.539145848360430193e+02
3.140015015015015010e+00 1.539745508634715065e+02
3.144894894894894932e+00 1.540350397266039408e+02
3.149774774774774855e+00 1.540945530402202053e+02
3.154654654654654777e+00 1.541527149283713243e+02
3.159534534534534700e+00 1.542128987215340032e+02
3.164414414414414622e+00 1.542729809973818931e+02
3.169294294294294545e+00 1.543324611563760129e+02
3.174174174174174468e+00 1.543912133980334431e+02
3.179054054054053946e+00 1.544506138615443263e+02
3.183933933933933869e+00 1.545087848660643033e+02
3.188813813813813791e+00 1.545679801329235090e+02
3.193693693693693714e+00 1.546261953413072945e+02
3.198573573573573636e+00 1.546846832655321009e+02
3.203453453453453559e+00 1.547426915433098031e+02
3.208333333333333481e+00 1.547993413913168865e+02
3.213213213213213404e+00 1.548572671799698526e+02
3.218093093093093326e+00 1.549159680907428935e+02
3.222972972972973249e+00 1.549728069541882007e+02
3.227852852852853172e+00 1.550310489569412766e+02
3.232732732732732650e+00 1.550886843300754094e+02
3.237612612612612573e+00 1.551459638706060673e+02
3.242492492492492495e+00 1.552021323021598391e+02
3.247372372372372418e+00 1.552599570667549642e+02
3.252252252252252340e+00 1.553155373305931164e+02
3.257132132132132263e+00 1.553722709395987067e+02
3.262012012012012185e+00 1.554285213269570818e+02
3.266891891891892108e+00 1.554851701008383316e+02
3.271771771771772030e+00 1.555413352718706221e+02
3.276651651651651953e+00 1.555981513356498169e+02
3.281531531531531432e+00 1.556529694390930274e+02
3.286411411411411354e+00 1.557095738276374846e+02
3.291291291291291277e+00 1.557651887252636698e+02
3.296171171171171199e+00 1.558204446372037353e+02
3.301051051051051122e+00 1.558753410677948636e+02
3.305930930930931044e+00 1.559296249133773813e+02
3.310810810810810967e+00 1.559850655819989527e+02
3.315690690690690889e+00 1.560400200094685772e+02
3.320570570570570812e+00 1.560946142316449823e+02
3.325450450450450735e+00 1.561498603951137625e+02
3.330330330330330213e+00 1.562027204094566741e+02
3.335210210210210136e+00 1.562583847979130667e+02
3.340090090090090058e+00 1.563119150836130018e+02
3.344969969969969981e+00 1.563658440080952801e+02
3.349849849849849903e+00 1.564199182393552974e+02
3.354729729729729826e+00 1.564728696486804438e+02
3.359609609609609748e+00 1.565264734370625774e+02
3.364489489489489671e+00 1.565794609795384531e+02
3.369369369369369593e+00 1.566333552088219960e+02
3.374249249249249516e+00 1.566859979035775154e+02
3.379129129129129439e+00 1.567389124129842628e+02
3.384009009009008917e+00 1.567907008749344300e+02
3.388888888888888840e+00 1.568441593030292154e+02
3.393768768768768762e+00 1.568973815010766941e+02
3.398648648648648685e+00 1.569494768745861393e+02
3.403528528528528607e+00 1.570003169646080323e+02
3.408408408408408530e+00 1.570534648872872481e+02
3.413288288288288452e+00 1.571049752946832996e+02
3.418168168168168375e+00 1.571568848483776719e+02
3.423048048048048297e+00 1.572091937504474686e+02
3.427927927927928220e+00 1.572615201154767419e+02
3.432807807807807698e+00 1.573119511446117258e+02
3.437687687687687621e+00 1.573622708154655641e+02
3.442567567567567544e+00 1.574134997584053792e+02
3.447447447447447466e+00 1.574637242267393447e+02
3.452327327327327389e+00 1.575146031528187507e+02
3.457207207207207311e+00 1.575658817136276468e+02
3.462087087087087234e+00 1.576156438003710321e+02
3.466966966966967156e+00 1.576658050409186274e+02
3.471846846846847079e+00 1.577163657002261061e+02
3.476726726726727001e+00 1.577660474978802370e+02
3.481606606606606924e+00 1.578163844861438179e+02
3.486486486486486402e+00 1.578671214628537598e+02
3.491366366366366325e+00 1.579160827331541270e+02
3.496246246246246248e+00 1.579639067729742123e+02
3.501126126126126170e+00 1.580140507263202210e+02
3.506006006006006093e+00 1.580635699723920311e+02
3.510885885885886015e+00 1.581123358465575279e+02
3.515765765765765938e+00 1.581612449267921647e+02
3.520645645645645860e+00 1.582090149591505508e+02
3.525525525525525783e+00 1.582578256792336333e+02
3.530405405405405705e+00 1.583072929517279874e+02
3.535285285285285184e+00 1.583551070870706781e+02
3.540165165165165106e+00 1.584024221119069580e+02
3.545045045045045029e+00 1.584518061664681170e+02
3.549924924924924952e+00 1.584992785455436888e+02
3.554804804804804874e+00 1.585456085967879858e+02
3.559684684684684797e+00 1.585938803613043149e+02
3.564564564564564719e+00 1.586407523691136134e+02
3.569444444444444642e+00 1.586872523329588489e+02
3.574324324324324564e+00 1.587360818632748760e+02
3.579204204204204487e+00 1.587828672346073517e+02
3.584084084084084409e+00 1.588295375834683512e+02
3.588963963963963888e+00 1.588760928201675426e+02
3.593843843843843811e+00 1.589222753249637492e+02
3.598723723723723733e+00 1.589695020184191208e+02
3.603603603603603656e+00 1.590141650130748872e+02
3.608483483483483578e+00 1.590611611794117266e+02
3.613363363363363501e+00 1.591063657387529702e+02
3.618243243243243423e+00 1.591520991616784499e+02
3.623123123123123346e+00 1.591991360308476260e+02
3.628003003003003268e+00 1.592433471722371792e+02
3.632882882882883191e+00 1.592883453064787034e+02
3.637762762762762669e+00 1.593342601473745219e+02
3.642642642642642592e+00 1.593791547407473388e+02
3.647522522522522515e+00 1.594230281605078119e+02
3.652402402402402437e+00 1.594684648360306483e+02
3.657282282282282360e+00 1.595141730285718609e+02
3.662162162162162282e+00 1.595576956583394121e+02
3.667042042042042205e+00 1.596026532077231082e+02
3.671921921921922127e+00 1.596461999789136428e+02
3.676801801801802050e+00 1.596892408148510469e+02
3.681681681681681972e+00 1.597337175533246239e+02
3.686561561561561895e+00 1.597771705594480238e+02
3.691441441441441373e+00 1.598201171388394926e+02
3.696321321321321296e+00 1.598639824066193000e+02
3.701201201201201219e+00 1.599076004515691238e+02
3.706081081081081141e+00 1.599518786736789480e+02
3.710960960960961064e+00 1.599938347164292054e+02
3.715840840840840986e+00 1.600376179561794743e+02
3.720720720720720909e+00 1.600807643184513154e+02
3.725600600600600831e+00 1.601218457108477935e+02
3.730480480480480754e+00 1.601641060201735343e+02
3.735360360360360676e+00 1.602059879502631929e+02
3.740240240240240155e+00 1.602484003108646107e+02
3.745120120120120077e+00 1.602917334717363929e+02
3.750000000000000000e+00 1.603326091406851219e+02
3.754879879879879923e+00 1.603746650557191344e+02
3.759759759759759845e+00 1.604163420166342746e+02
3.764639639639639768e+00 1.604578996429285382e+02
3.769519519519519690e+00 1.604993380413233979e+02
3.774399399399399613e+00 1.605411774288832589e+02
3.779279279279279535e+00 1.605805547248602068e+02
3.784159159159159458e+00 1.606234568566379721e+02
3.789039039039038936e+00 1.606619427148513921e+02
3.793918918918918859e+00 1.607033034721932268e+02
3.798798798798798781e+00 1.607441536631903602e+02
3.803678678678678704e+00 1.607838413396624730e+02
3.808558558558558627e+00 1.608244513466740955e+02
3.813438438438438549e+00 1.608633765573557355e+02
3.818318318318318472e+00 1.609036153355969248e+02
3.823198198198198394e+00 1.609432119416963189e+02
3.828078078078078317e+00 1.609821658968178042e+02
3.832957957957958239e+00 1.610229565015436890e+02
3.837837837837838162e+00 1.610625824462372577e+02
3.842717717717717640e+00 1.611014345700821764e+02
3.847597597597597563e+00 1.611396430964556714e+02
3.852477477477477485e+00 1.611786445951379392e+02
3.857357357357357408e+00 1.612173940860975279e+02
3.862237237237237331e+00 1.612561529834850376e+02
3.867117117117117253e+00 1.612957055579007317e+02
3.871996996996997176e+00 1.613333063116712935e+02
3.876876876876877098e+00 1.613718314080368543e+02
3.881756756756757021e+00 1.614080107546053000e+02
3.886636636636636943e+00 1.614456376888055615e+02
3.891516516516516422e+00 1.614847130942067395e+02
3.896396396396396344e+00 1.615215723267124019e+02
3.901276276276276267e+00 1.615590947633854739e+02
3.906156156156156189e+00 1.615972808319147020e+02
3.911036036036036112e+00 1.616339036953065715e+02
3.915915915915916035e+00 1.616702727672272601e+02
3.920795795795795957e+00 1.617084851444465130e+02
3.925675675675675880e+00 1.617453954533839919e+02
3.930555555555555802e+00 1.617816584605471064e+02
3.935435435435435725e+00 1.618180608401915492e+02
3.940315315315315647e+00 1.618531594369086122e+02
3.945195195195195126e+00 1.618908900481283979e+02
3.950075075075075048e+00 1.619258731733464458e+02
3.954954954954954971e+00 1.619619142032069021e+02
3.959834834834834894e+00 1.619974378869936800e+02
3.964714714714714816e+00 1.620328381006625875e+02
3.969594594594594739e+00 1.620686400769426996e+02
3.974474474474474661e+00 1.621044500575098084e+02
3.979354354354354584e+00 1.621394792668419029e+02
3.984234234234234506e+00 1.621746475484208361e+02
3.989114114114114429e+00 1.622090345940999612e+02
3.993993993993993907e+00 1.622436918873160607e+02
3.998873873873873830e+00 1.622788828040893350e+02
4.003753753753754197e+00 1.623138182835384953e+02
4.008633633633634119e+00 1.623475768488431754e+02
4.013513513513514042e+00 1.623817373489145268e+02
4.018393393393393964e+00 1.624161683053383740e+02
4.023273273273273887e+00 1.624491581263154956e+02
4.028153153153153809e+00 1.624834716896141344e+02
4.033033033033033732e+00 1.625166068650511306e+02
4.037912912912913654e+00 1.625506711568229150e+02
4.042792792792793577e+00 1.625843472129246550e+02
4.047672672672672611e+00 1.626168438141400259e+02
4.052552552552552534e+00 1.626493470388420803e+02
4.057432432432432456e+00 1.626825160729324296e+02
4.062312312312312379e+00 1.627155599622857380e+02
4.067192192192192302e+00 1.627479509505812700e+02
4.072072072072072224e+00 1.627808761690969561e+02
4.076951951951952147e+00 1.628131482682317426e+02
4.081831831831832069e+00 1.628462186914108827e+02
4.086711711711711992e+00 1.628781076225781987e+02
4.091591591591591914e+00 1.629090784642302765e+02
4.096471471471470949e+00 1.629411116675508140e+02
4.101351351351350871e+00 1.629734154048025516e+02
4.106231231231230794e+00 1.630050650536755370e+02
4.111111111111110716e+00 1.630361921399089056e+02
4.115990990990990639e+00 1.630673252025877957e+02
4.120870870870870561e+00 1.630983320235591805e+02
4.125750750750750484e+00 1.631297414091990277e+02
4.130630630630630407e+00 1.631606277958444764e+02
4.135510510510510329e+00 1.631912555715688598e+02
4.140390390390390252e+00 1.632216243921739647e+02
4.145270270270270174e+00 1.632518665529863711e+02
4.150150150150150097e+00 1.632819820144476068e+02
4.155030030030030019e+00 1.633123676867969607e+02
4.159909909909909942e+00 1.633435534215073517e+02
4.164789789789789864e+00 1.633727587990511552e+02
4.169669669669669787e+00 1.634026316622703234e+02
4.174549549549549710e+00 1.634319800598446761e+02
4.179429429429429632e+00 1.634612012147989901e+02
4.184309309309309555e+00 1.634918853472207161e+02
4.189189189189189477e+00 1.635201893454440381e+02
4.194069069069069400e+00 1.635491612677148794e+02
4.198948948948949322e+00 1.635772100321956657e+02
4.203828828828829245e+00 1.636072528119334208e+02
4.208708708708709167e+00 1.636361074376860074e+02
4.213588588588589090e+00 1.636640384683686875e+02
4.218468468468469013e+00 1.636923723365579235e+02
4.223348348348348935e+00 1.637205784192455837e+02
4.228228228228228858e+00 1.637493202842976245e+02
4.233108108108108780e+00 1.637771378690534050e+02
4.237987987987988703e+00 1.638042963520304056e+02
4.242867867867868625e+00 1.638319904976396231e+02
4.247747747747747660e+00 1.638607516906903641e+02
4.252627627627627582e+00 1.638877911790995086e+02
4.257507507507507505e+00 1.639148351632888136e+02
4.262387387387387427e+00 1.639428137697848342e+02
4.267267267267267350e+00 1.639698667657435749e+02
4.272147147147147273e+00 1.639958608796774513e+02
4.277027027027027195e+00 1.640227896937161347e+02
4.281906906906907118e+00 1.640487921636461692e+02
4.286786786786787040e+00 1.640761286385796041e+02
4.291666666666666963e+00 1.641020065306354070e+02
4.296546546546546885e+00 1.641290858297797399e+02
4.301426426426425920e+00 1.641537744605713840e+02
4.306306306306305842e+00 1.641799307582548408e+02
4.311186186186185765e+00 1.642072890510910099e+02
4.316066066066065687e+00 1.642327882785063480e+02
4.320945945945945610e+00 1.642592234541953644e+02
4.325825825825825532e+00 1.642835322510603362e+02
4.330705705705705455e+00 1.643083773456266954e+02
4.335585585585585378e+00 1.643333593193187312e+02
4.340465465465465300e+00 1.643594109895685165e+02
4.345345345345345223e+00 1.643834681581879806e+02
4.350225225225225145e+00 1.644081950840773914e+02
4.355105105105105068e+00 1.644330590316440635e+02
4.359984984984984990e+00 1.644581933846563686e+02
4.364864864864864913e+00 1.644830649284100446e+02
4.369744744744744835e+00 1.645062066969115051e+02
4.374624624624624758e+00 1.645293517910808703e+02
4.379504504504504681e+00 1.645546341590429336e+02
4.384384384384384603e+00 1.645772524935142940e+02
4.389264264264264526e+00 1.646010746353882723e+02
4.394144144144144448e+00 1.646262346705180164e+02
4.399024024024024371e+00 1.646481954961494694e+02
4.403903903903904293e+00 1.646720278364370245e+02
4.408783783783784216e+00 1.646947957867202774e+02
4.413663663663664138e+00 1.647181009835000793e+02
4.418543543543544061e+00 1.647419434068506519e+02
4.423423423423423984e+00 1.647647209234520744e+02
4.428303303303303906e+00 1.647871009205795474e+02
4.433183183183183829e+00 1.648086824899578744e+02
4.438063063063063751e+00 1.648312020128556696e+02
4.442942942942943674e+00 1.648541255443178954e+02
4.447822822822823596e+00 1.648761167347539072e+02
4.452702702702702631e+00 1.648977098260134824e+02
4.457582582582582553e+00 1.649202416203285111e+02
4.462462462462462476e+00 1.649414394463128133e+02
4.467342342342342398e+00 1.649642445396113146e+02
4.472222222222222321e+00 1.649849131987622570e+02
4.477102102102102243e+00 1.650058518026363004e+02
4.481981981981982166e+00 1.650263918194044663e+02
4.486861861861862089e+00 1.650482721912543980e+02
4.491741741741742011e+00 1.650701554608533286e+02
4.496621621621621934e+00 1.650920416318131174e+02
4.501501501501501856e+00 1.651112540973074942e+02
4.506381381381381779e+00 1.651323426408559101e+02
4.511261261261261701e+00 1.651522291166455148e+02
4.516141141141141624e+00 1.651717162453859373e+02
4.521021021021021546e+00 1.651917412722644372e+02
4.525900900900901469e+00 1.652124383634201195e+02
4.530780780780780503e+00 1.652328700139215698e+02
4.535660660660660426e+00 1.652531703940270233e+02
4.540540540540540349e+00 1.652729373643578867e+02
4.545420420420420271e+00 1.652908310378932413e+02
4.550300300300300194e+00 1.653108705057316286e+02
4.555180180180180116e+00 1.653299744078990727e+02
4.560060060060060039e+00 1.653498845748707708e+02
4.564939939939939961e+00 1.653680546649014786e+02
4.569819819819819884e+00 1.653883716133924224e+02
4.574699699699699806e+00 1.654069480636242417e+02
4.579579579579579729e+00 1.654239176124959272e+02
4.584459459459459651e+00 1.654433027497880744e+02
4.589339339339339574e+00 1.654608124957237010e+02
4.594219219219219497e+00 1.654800677675904126e+02
4.599099099099099419e+00 1.654981180337054525e+02
4.603978978978979342e+00 1.655161701948864561e+02
4.608858858858859264e+00 1.655343584841974121e+02
4.613738738738739187e+00 1.655525487721100149e+02
4.618618618618619109e+00 1.655695332918096767e+02
4.623498498498499032e+00 1.655867879242678669e+02
4.628378378378378954e+00 1.656047155411106360e+02
4.633258258258257989e+00 1.656221079346470617e+02
4.638138138138137911e+00 1.656392337975858595e+02
4.643018018018017834e+00 1.656560929158602846e+02
4.647897897897897757e+00 1.656732222182773455e+02
4.652777777777777679e+00 1.656902190812282356e+02
4.657657657657657602e+00 1.657064118582826211e+02
4.662537537537537524e+00 1.657226060680890498e+02
4.667417417417417447e+00 1.657389362273206359e+02
4.672297297297297369e+00 1.657556710427575410e+02
4.677177177177177292e+00 1.657716014014143582e+02
4.682057057057057214e+00 1.657890115279976158e+02
4.686936936936937137e+00 1.658045418817459051e+02
4.691816816816817060e+00 1.658195360919850714e+02
4.696696696696696982e+00 1.658357413945896610e+02
4.701576576576576905e+00 1.658512760879658856e+02
4.706456456456456827e+00 1.658665433803315068e+02
4.711336336336336750e+00 1.658810052915808910e+02
4.716216216216216672e+00 1.658965442249038063e+02
4.721096096096096595e+00 1.659123536576153128e+02
4.725975975975976517e+00 1.659270885495936909e+02
4.730855855855856440e+00 1.659419593533145019e+02
4.735735735735735474e+00 1.659566968470009272e+02
4.740615615615615397e+00 1.659710321008610379e+02
4.745495495495495319e+00 1.659856377178235505e+02
4.750375375375375242e+00 1.660005136926467060e+02
4.755255255255255165e+00 1.660126997151392914e+02
4.760135135135135087e+00 1.660282509079800093e+02
4.765015015015015010e+00 1.660429961693424161e+02
4.769894894894894932e+00 1.660561275255996918e+02
4.774774774774774855e+00 1.660700675127480963e+02
4.779654654654654777e+00 1.660832009714828814e+02
4.784534534534534700e+00 1.660953930972146679e+02
4.789414414414414622e+00 1.661101442446918668e+02
4.794294294294294545e+00 1.661227422923574579e+02
4.799174174174174468e+00 1.661348025657428877e+02
4.804054054054054390e+00 1.661499612231515925e+02
4.808933933933934313e+00 1.661613500941151926e+02
4.813813813813814235e+00 1.661739519866585226e+02
4.818693693693694158e+00 1.661868242866045762e+02
4.823573573573574080e+00 1.662002363357334218e+02
4.828453453453454003e+00 1.662120328137788476e+02
4.833333333333333925e+00 1.662259859662045187e+02
4.838213213213212960e+00 1.662365714606777090e+02
4.843093093093092882e+00 1.662486399978388647e+02
4.847972972972972805e+00 1.662599008867204304e+02
4.852852852852852727e+00 1.662729145231756434e+02
4.857732732732732650e+00 1.662841770563566683e+02
4.862612612612612573e+00 1.662958447562558035e+02
4.867492492492492495e+00 1.663083219851467618e+02
4.872372372372372418e+00 1.663175647368729528e+02
4.877252252252252340e+00 1.663297739109586075e+02
4.882132132132132263e+00 1.663400964580861512e+02
4.887012012012012185e+00 1.663516331891725883e+02
4.891891891891892108e+00 1.663615524888561765e+02
4.896771771771772030e+00 1.663734952942706116e+02
4.901651651651651953e+00 1.663834158974604520e+02
4.906531531531531876e+00 1.663941464167469348e+02
4.911411411411411798e+00 1.664040683305561856e+02
4.916291291291291721e+00 1.664143954489731243e+02
4.921171171171171643e+00 1.664243185305751354e+02
4.926051051051051566e+00 1.664339723899710748e+02
4.930930930930931488e+00 1.664448409929724733e+02
4.935810810810811411e+00 1.664555754341457714e+02
4.940690690690690445e+00 1.664634768857204108e+02
4.945570570570570368e+00 1.664736727718166094e+02
4.950450450450450290e+00 1.664830595606588588e+02
4.955330330330330213e+00 1.664923119445322186e+02
4.960210210210210136e+00 1.665015649627785024e+02
4.965090090090090058e+00 1.665106833458945061e+02
4.969969969969969981e+00 1.665199373452192049e+02
4.974849849849849903e+00 1.665285167995205882e+02
4.979729729729729826e+00 1.665362868830444825e+02
4.984609609609609748e+00 1.665464872287718663e+02
4.989489489489489671e+00 1.665541230788930704e+02
4.994369369369369593e+00 1.665636494357354422e+02
4.999249249249249516e+00 1.665711511151426976e+02
5.004129129129129439e+00 1.665804083541699754e+02
5.009009009009009361e+00 1.665880458403422324e+02
5.013888888888889284e+00 1.665952785027373011e+02
5.018768768768769206e+00 1.666034567251822978e+02
5.023648648648649129e+00 1.666128507984230964e+02
5.028528528528529051e+00 1.666192742340731741e+02
5.033408408408408974e+00 1.666275887590063576e+02
5.038288288288288008e+00 1.666338775010306676e+02
5.043168168168167931e+00 1.666416524938281611e+02
5.048048048048047853e+00 1.666480770400887934e+02
5.052927927927927776e+00 1.666553122679702881e+02
5.057807807807807698e+00 1.666636285912693722e+02
5.062687687687687621e+00 1.666695135110728074e+02
5.067567567567567544e+00 1.666751285646691372e+02
5.072447447447447466e+00 1.666841212800075311e+02
5.077327327327327389e+00 1.666894665897779362e+02
5.082207207207207311e+00 1.666957577989661559e+02
5.087087087087087234e+00 1.667027248470555492e+02
5.091966966966967156e+00 1.667079356864810507e+02
5.096846846846847079e+00 1.667139572424975995e+02
5.101726726726727001e+00 1.667198440216300241e+02
5.106606606606606924e+00 1.667255957621593438e+02
5.111486486486486847e+00 1.667310774551444581e+02
5.116366366366366769e+00 1.667373702346558844e+02
5.121246246246246692e+00 1.667421765838201964e+02
5.126126126126126614e+00 1.667479291360239699e+02
5.131006006006006537e+00 1.667531412650692175e+02
5.135885885885886459e+00 1.667586238552968325e+02
5.140765765765765494e+00 1.667631603621282750e+02
5.145645645645645416e+00 1.667693192361256536e+02
5.150525525525525339e+00 1.667734505325832401e+02
5.155405405405405261e+00 1.667774466921726173e+02
5.160285285285285184e+00 1.667830653337752835e+02
5.165165165165165106e+00 1.667869265427858636e+02
5.170045045045045029e+00 1.667907879665782502e+02
5.174924924924924952e+00 1.667962717944143094e+02
5.179804804804804874e+00 1.668012149835500679e+02
5.184684684684684797e+00 1.668046710529455936e+02
5.189564564564564719e+00 1.668088032249395667e+02
5.194444444444444642e+00 1.668117186405638392e+02
5.199324324324324564e+00 1.668165270584452742e+02
5.204204204204204487e+00 1.668199834030018565e+02
5.209084084084084409e+00 1.668233046598525391e+02
5.213963963963964332e+00 1.668273020887284019e+02
5.218843843843844255e+00 1.668310291980379247e+02
5.223723723723724177e+00 1.668329983243208403e+02
5.228603603603604100e+00 1.668364550522770458e+02
5.233483483483484022e+00 1.668392356526066749e+02
5.238363363363363945e+00 1.668417458666745006e+02
5.243243243243242979e+00 1.668458788578542737e+02
5.248123123123122902e+00 1.668469015294365079e+02
5.253003003003002824e+00 1.668507643003036947e+02
5.257882882882882747e+00 1.668517870019692566e+02
5.262762762762762669e+00 1.668564612520714547e+02
5.267642642642642592e+00 1.668577544891573723e+02
5.272522522522522515e+00 1.668601297083598070e+02
5.277402402402402437e+00 1.668616933954176602e+02
5.282282282282282360e+00 1.668647450135090651e+02
5.287162162162162282e+00 1.668663086679336232e+02
5.292042042042042205e+00 1.668676020243639186e+02
5.296921921921922127e+00 1.668695715391603756e+02
5.301801801801802050e+00 1.668707295957513566e+02
5.306681681681681972e+00 1.668728344742676768e+02
5.311561561561561895e+00 1.668729104489707140e+02
5.316441441441441818e+00 1.668751505978907517e+02
5.321321321321321740e+00 1.668763086932985402e+02
5.326201201201201663e+00 1.668770610198515669e+02
5.331081081081081585e+00 1.668797069306422429e+02
5.335960960960961508e+00 1.668785654775388139e+02
5.340840840840841430e+00 1.668795883502223774e+02
5.345720720720720465e+00 1.668811520869798812e+02
5.350600600600600387e+00 1.668798754206366368e+02
5.355480480480480310e+00 1.668830624478804623e+02
5.360360360360360232e+00 1.668824620523996316e+02
5.365240240240240155e+00 1.668819970376236199e+02
5.370120120120120077e+00 1.668819376815289388e+02
5.375000000000000000e+00 1.668830958242359088e+02
