5.000000000000000000e-01 1.061703137787029239e-01
5.102602602602602788e-01 1.063455129608859018e-01
5.205205205205205576e-01 1.065207077571318772e-01
5.307807807807807254e-01 1.066958982010389884e-01
5.410410410410410043e-01 1.068710843269903982e-01
5.513013013013012831e-01 1.070462661701489931e-01
5.615615615615615619e-01 1.072214437664525954e-01
5.718218218218218407e-01 1.073966171526076624e-01
5.820820820820821195e-01 1.075717863660851370e-01
5.923423423423423984e-01 1.077469514451143973e-01
6.026026026026025662e-01 1.079221124286783434e-01
6.128628628628628450e-01 1.080972693565081660e-01
6.231231231231231238e-01 1.082724222690778643e-01
6.333833833833834026e-01 1.084475712075998327e-01
6.436436436436436814e-01 1.086227162140186026e-01
6.539039039039038492e-01 1.087978573310068586e-01
6.641641641641641280e-01 1.089729946019590695e-01
6.744244244244244069e-01 1.091481280709875462e-01
6.846846846846846857e-01 1.093232577829166274e-01
6.949449449449449645e-01 1.094983837832778084e-01
7.052052052052051323e-01 1.096735061183047311e-01
7.154654654654655221e-01 1.098486248349282712e-01
7.257257257257256899e-01 1.100237399807710431e-01
7.359859859859859688e-01 1.101988516041429306e-01
7.462462462462462476e-01 1.103739597540357442e-01
7.565065065065064154e-01 1.105490644801186417e-01
7.667667667667668052e-01 1.107241658327323547e-01
7.770270270270269730e-01 1.108992638628854971e-01
7.872872872872872518e-01 1.110743586222483065e-01
7.975475475475475307e-01 1.112494501631488136e-01
8.078078078078078095e-01 1.114245385385673054e-01
8.180680680680680883e-01 1.115996238021316062e-01
8.283283283283282561e-01 1.117747060081124566e-01
8.385885885885886459e-01 1.119497852114182818e-01
8.488488488488488137e-01 1.121248614675904032e-01
8.591091091091090926e-01 1.122999348327987368e-01
8.693693693693693714e-01 1.124750053638362973e-01
8.796296296296295392e-01 1.126500731181148546e-01
8.898898898898899290e-01 1.128251381536599929e-01
9.001501501501500968e-01 1.130002005291061706e-01
9.104104104104103756e-01 1.131752603036925708e-01
9.206706706706706544e-01 1.133503175372577443e-01
9.309309309309309333e-01 1.135253722902348911e-01
9.411911911911912121e-01 1.137004246236479610e-01
9.514514514514513799e-01 1.138754745991056166e-01
9.617117117117117697e-01 1.140505222787980000e-01
9.719719719719719375e-01 1.142255677254910839e-01
9.822322322322322163e-01 1.144006110025221623e-01
9.924924924924924952e-01 1.145756521737955752e-01
1.002752752752752663e+00 1.147506913037778659e-01
1.013013013013012831e+00 1.149257284574928956e-01
1.023273273273273221e+00 1.151007637005178330e-01
1.033533533533533610e+00 1.152757970989778946e-01
1.043793793793793778e+00 1.154508287195424587e-01
1.054054054054053946e+00 1.156258586294196256e-01
1.064314314314314336e+00 1.158008868963527199e-01
1.074574574574574504e+00 1.159759135886147402e-01
1.084834834834834894e+00 1.161509387750047223e-01
1.095095095095095061e+00 1.163259625248421053e-01
1.105355355355355229e+00 1.165009849079634147e-01
1.115615615615615619e+00 1.166760059947170580e-01
1.125875875875876009e+00 1.168510258559589676e-01
1.136136136136136177e+00 1.170260445630482010e-01
1.146396396396396344e+00 1.172010621878422504e-01
1.156656656656656512e+00 1.173760788026928792e-01
1.166916916916916902e+00 1.175510944804415980e-01
1.177177177177177292e+00 1.177261092944150433e-01
1.187437437437437460e+00 1.179011233184208141e-01
1.197697697697697627e+00 1.180761366267423645e-01
1.207957957957957795e+00 1.182511492941360209e-01
1.218218218218218185e+00 1.184261613958250137e-01
1.228478478478478575e+00 1.186011730074960357e-01
1.238738738738738743e+00 1.187761842052943023e-01
1.248998998998998911e+00 1.189511950658199146e-01
1.259259259259259078e+00 1.191262056661224894e-01
1.269519519519519468e+00 1.193012160836980223e-01
1.279779779779779858e+00 1.194762263964830595e-01
1.290040040040040026e+00 1.196512366828519081e-01
1.300300300300300194e+00 1.198262470216109737e-01
1.310560560560560361e+00 1.200012574919954306e-01
1.320820820820820751e+00 1.201762681736642940e-01
1.331081081081081141e+00 1.203512791466964521e-01
1.341341341341341309e+00 1.205262904915858913e-01
1.351601601601601477e+00 1.207013022892383519e-01
1.361861861861861867e+00 1.208763146209658051e-01
1.372122122122122034e+00 1.210513275684830525e-01
1.382382382382382424e+00 1.212263412139033408e-01
1.392642642642642592e+00 1.214013556397339905e-01
1.402902902902902760e+00 1.215763709288717603e-01
1.413163163163163150e+00 1.217513871645991286e-01
1.423423423423423539e+00 1.219264044305800460e-01
1.433683683683683707e+00 1.221014228108553423e-01
1.443943943943943875e+00 1.222764423898387715e-01
1.454204204204204043e+00 1.224514632523126811e-01
1.464464464464464433e+00 1.226264854834237250e-01
1.474724724724724823e+00 1.228015091686788240e-01
1.484984984984984990e+00 1.229765343939409616e-01
1.495245245245245158e+00 1.231515612454246733e-01
1.505505505505505548e+00 1.233265898096923413e-01
1.515765765765765716e+00 1.235016201736494207e-01
1.526026026026025884e+00 1.236766524245408866e-01
1.536286286286286273e+00 1.238516866499465574e-01
1.546546546546546441e+00 1.240267229377773894e-01
1.556806806806806831e+00 1.242017613762706474e-01
1.567067067067066999e+00 1.243768020539862823e-01
1.577327327327327167e+00 1.245518450598028792e-01
1.587587587587587556e+00 1.247268904829127306e-01
1.597847847847847724e+00 1.249019384128187554e-01
1.608108108108108114e+00 1.250769889393293088e-01
1.618368368368368282e+00 1.252520421525549488e-01
1.628628628628628672e+00 1.254270981429036202e-01
1.638888888888888840e+00 1.256021570010767141e-01
1.649149149149149007e+00 1.257772188180654449e-01
1.659409409409409397e+00 1.259522836851457717e-01
1.669669669669669565e+00 1.261273516938750672e-01
1.679929929929929955e+00 1.263024229360875661e-01
1.690190190190190123e+00 1.264774975038909233e-01
1.700450450450450290e+00 1.266525754896609401e-01
1.710710710710710680e+00 1.268276569860382896e-01
1.720970970970970848e+00 1.270027420859244638e-01
1.731231231231231238e+00 1.271778308824771941e-01
1.741491491491491406e+00 1.273529234691068157e-01
1.751751751751751796e+00 1.275280199394719371e-01
1.762012012012011963e+00 1.277031203874748055e-01
1.772272272272272131e+00 1.278782249072585309e-01
1.782532532532532521e+00 1.280533335932021455e-01
1.792792792792792689e+00 1.282284465399158857e-01
1.803053053053053079e+00 1.284035638422386105e-01
1.813313313313313246e+00 1.285786855952324448e-01
1.823573573573573414e+00 1.287538118941793930e-01
1.833833833833833804e+00 1.289289428345772037e-01
1.844094094094093972e+00 1.291040785121347068e-01
1.854354354354354362e+00 1.292792190227686766e-01
1.864614614614614529e+00 1.294543644625984202e-01
1.874874874874874697e+00 1.296295149279437509e-01
1.885135135135135087e+00 1.298046705153187153e-01
1.895395395395395255e+00 1.299798313214282908e-01
1.905655655655655645e+00 1.301549974431655543e-01
1.915915915915915813e+00 1.303301689776060757e-01
1.926176176176176202e+00 1.305053460220036987e-01
1.936436436436436370e+00 1.306805286737877936e-01
1.946696696696696538e+00 1.308557170305583994e-01
1.956956956956956928e+00 1.310309111900825330e-01
1.967217217217217096e+00 1.312061112502888871e-01
1.977477477477477485e+00 1.313813173092655828e-01
1.987737737737737653e+00 1.315565294652549511e-01
1.997997997997997821e+00 1.317317478166496469e-01
2.008258258258257989e+00 1.319069724619886808e-01
2.018518518518518157e+00 1.320822034999533934e-01
2.028778778778778769e+00 1.322574410293631542e-01
2.039039039039038936e+00 1.324326851491713641e-01
2.049299299299299548e+00 1.326079359584619588e-01
2.059559559559559716e+00 1.327831935564443566e-01
2.069819819819819884e+00 1.329584580424497953e-01
2.080080080080080052e+00 1.331337295159277234e-01
2.090340340340340219e+00 1.333090080764406660e-01
2.100600600600600387e+00 1.334842938236616150e-01
2.110860860860860555e+00 1.336595868573683954e-01
2.121121121121120723e+00 1.338348872774405007e-01
2.131381381381381335e+00 1.340101951838547079e-01
2.141641641641641503e+00 1.341855106766813854e-01
2.151901901901902114e+00 1.343608338560795257e-01
2.162162162162162282e+00 1.345361648222940243e-01
2.172422422422422450e+00 1.347115036756498518e-01
2.182682682682682618e+00 1.348868505165493059e-01
2.192942942942942786e+00 1.350622054454676535e-01
2.203203203203202953e+00 1.352375685629484681e-01
2.213463463463463121e+00 1.354129399695999658e-01
2.223723723723723733e+00 1.355883197660910644e-01
2.233983983983983901e+00 1.357637080531466367e-01
2.244244244244244069e+00 1.359391049315439304e-01
2.254504504504504681e+00 1.361145105021085988e-01
2.264764764764764848e+00 1.362899248657097329e-01
2.275025025025025016e+00 1.364653481232563081e-01
2.285285285285285184e+00 1.366407803756935491e-01
2.295545545545545352e+00 1.368162217239981271e-01
2.305805805805805520e+00 1.369916722691732203e-01
2.316066066066065687e+00 1.371671321122463483e-01
2.326326326326326299e+00 1.373426013542638491e-01
2.336586586586586467e+00 1.375180800962867989e-01
2.346846846846847079e+00 1.376935684393872650e-01
2.357107107107107247e+00 1.378690664846441705e-01
2.367367367367367414e+00 1.380445743331382980e-01
2.377627627627627582e+00 1.382200920859494309e-01
2.387887887887887750e+00 1.383956198441511909e-01
2.398148148148147918e+00 1.385711577088071522e-01
2.408408408408408086e+00 1.387467057809662896e-01
2.418668668668668253e+00 1.389222641616601472e-01
2.428928928928928865e+00 1.390978329518962886e-01
2.439189189189189033e+00 1.392734122526567142e-01
2.449449449449449645e+00 1.394490021648912559e-01
2.459709709709709813e+00 1.396246027895151898e-01
2.469969969969969981e+00 1.398002142274041015e-01
2.480230230230230148e+00 1.399758365793900006e-01
2.490490490490490316e+00 1.401514699462565183e-01
2.500750750750750484e+00 1.403271144287354943e-01
2.511011011011011096e+00 1.405027701275021468e-01
2.521271271271271264e+00 1.406784371431708536e-01
2.531531531531531432e+00 1.408541155762914610e-01
2.541791791791791599e+00 1.410298055273437878e-01
2.552052052052051767e+00 1.412055070967351833e-01
2.562312312312312379e+00 1.413812203847941706e-01
2.572572572572572547e+00 1.415569454917680048e-01
2.582832832832832715e+00 1.417326825178168437e-01
2.593093093093092882e+00 1.419084315630105564e-01
2.603353353353353050e+00 1.420841927273243099e-01
2.613613613613613662e+00 1.422599661106328239e-01
2.623873873873873830e+00 1.424357518127087330e-01
2.634134134134133998e+00 1.426115499332151759e-01
2.644394394394394165e+00 1.427873605717039918e-01
2.654654654654654333e+00 1.429631838276096412e-01
2.664914914914914945e+00 1.431390198002459591e-01
2.675175175175175113e+00 1.433148685888011586e-01
2.685435435435435281e+00 1.434907302923336681e-01
2.695695695695695449e+00 1.436666050097676062e-01
2.705955955955956060e+00 1.438424928398888136e-01
2.716216216216216228e+00 1.440183938813395514e-01
2.726476476476476396e+00 1.441943082326152259e-01
2.736736736736736564e+00 1.443702359920594203e-01
2.746996996996996732e+00 1.445461772578585935e-01
2.757257257257257343e+00 1.447221321280394435e-01
2.767517517517517511e+00 1.448981007004632171e-01
2.777777777777777679e+00 1.450740830728209640e-01
2.788038038038037847e+00 1.452500793426303449e-01
2.798298298298298015e+00 1.454260896072299691e-01
2.808558558558558627e+00 1.456021139637753703e-01
2.818818818818818794e+00 1.457781525092347041e-01
2.829079079079078962e+00 1.459542053403836970e-01
2.839339339339339130e+00 1.461302725538019820e-01
2.849599599599599298e+00 1.463063542458672706e-01
2.859859859859859910e+00 1.464824505127516885e-01
2.870120120120120077e+00 1.466585614504172241e-01
2.880380380380380245e+00 1.468346871546111487e-01
2.890640640640640413e+00 1.470108277208612146e-01
2.900900900900900581e+00 1.471869832444706871e-01
2.911161161161161193e+00 1.473631538205146807e-01
2.921421421421421361e+00 1.475393395438346078e-01
2.931681681681681528e+00 1.477155405090343765e-01
2.941941941941941696e+00 1.478917568104751445e-01
2.952202202202201864e+00 1.480679885422706843e-01
2.962462462462462476e+00 1.482442357982833303e-01
2.972722722722722644e+00 1.484204986721182062e-01
2.982982982982982811e+00 1.485967772571198664e-01
2.993243243243242979e+00 1.487730716463664393e-01
3.003503503503503591e+00 1.489493819326656587e-01
3.013763763763763759e+00 1.491257082085497565e-01
3.024024024024023927e+00 1.493020505662707165e-01
3.034284284284284094e+00 1.494784090977955004e-01
3.044544544544544262e+00 1.496547838948016906e-01
3.054804804804804874e+00 1.498311750486721328e-01
3.065065065065065042e+00 1.500075826504907728e-01
3.075325325325325210e+00 1.501840067910370502e-01
3.085585585585585378e+00 1.503604475607815405e-01
3.095845845845845545e+00 1.505369050498813754e-01
3.106106106106106157e+00 1.507133793481746920e-01
3.116366366366366325e+00 1.508898705451762468e-01
3.126626626626626493e+00 1.510663787300723093e-01
3.136886886886886661e+00 1.512429039917163043e-01
3.147147147147146828e+00 1.514194464186228439e-01
3.157407407407407440e+00 1.515960060989640090e-01
3.167667667667667608e+00 1.517725831205632703e-01
3.177927927927927776e+00 1.519491775708910475e-01
3.188188188188187944e+00 1.521257895370601576e-01
3.198448448448448111e+00 1.523024191058200694e-01
3.208708708708708723e+00 1.524790663635523791e-01
3.218968968968968891e+00 1.526557313962654538e-01
3.229229229229229059e+00 1.528324142895893800e-01
3.239489489489489227e+00 1.530091151287714391e-01
3.249749749749749395e+00 1.531858339986703621e-01
3.260010010010010006e+00 1.533625709837516116e-01
3.270270270270270174e+00 1.535393261680822741e-01
3.280530530530530342e+00 1.537160996353254538e-01
3.290790790790790510e+00 1.538928914687359983e-01
3.301051051051051122e+00 1.540697017511543088e-01
3.311311311311311290e+00 1.542465305650021490e-01
3.321571571571571457e+00 1.544233779922763172e-01
3.331831831831831625e+00 1.546002441145451212e-01
3.342092092092091793e+00 1.547771290129409116e-01
3.352352352352352405e+00 1.549540327681564744e-01
3.362612612612612573e+00 1.551309554604396179e-01
3.372872872872872740e+00 1.553078971695870114e-01
3.383133133133132908e+00 1.554848579749394388e-01
3.393393393393393076e+00 1.556618379553765530e-01
3.403653653653653688e+00 1.558388371893114355e-01
3.413913913913913856e+00 1.560158557546851288e-01
3.424174174174174023e+00 1.561928937289608632e-01
3.434434434434434191e+00 1.563699511891196436e-01
3.444694694694694359e+00 1.565470282116539769e-01
3.454954954954954971e+00 1.567241248725621539e-01
3.465215215215215139e+00 1.569012412473441143e-01
3.475475475475475307e+00 1.570783774109938691e-01
3.485735735735735474e+00 1.572555334379966696e-01
3.495995995995995642e+00 1.574327094023209583e-01
3.506256256256256254e+00 1.576099053774139558e-01
3.516516516516516422e+00 1.577871214361964980e-01
3.526776776776776590e+00 1.579643576510565139e-01
3.537037037037036757e+00 1.581416140938430581e-01
3.547297297297296925e+00 1.583188908358625913e-01
3.557557557557557537e+00 1.584961879478713476e-01
3.567817817817817705e+00 1.586735055000701167e-01
3.578078078078077873e+00 1.588508435620995807e-01
3.588338338338338041e+00 1.590282022030327369e-01
3.598598598598598652e+00 1.592055814913707346e-01
3.608858858858858820e+00 1.593829814950361301e-01
3.619119119119118988e+00 1.595604022813679745e-01
3.629379379379379156e+00 1.597378439171141251e-01
3.639639639639639324e+00 1.599153064684282199e-01
3.649899899899899935e+00 1.600927900008607407e-01
3.660160160160160103e+00 1.602702945793557376e-01
3.670420420420420271e+00 1.604478202682423638e-01
3.680680680680680439e+00 1.606253671312312947e-01
3.690940940940940607e+00 1.608029352314073734e-01
3.701201201201201219e+00 1.609805246312235039e-01
3.711461461461461386e+00 1.611581353924950166e-01
3.721721721721721554e+00 1.613357675763938681e-01
3.731981981981981722e+00 1.615134212434420069e-01
3.742242242242241890e+00 1.616910964535047956e-01
3.752502502502502502e+00 1.618687932657864315e-01
3.762762762762762669e+00 1.620465117388219245e-01
3.773023023023022837e+00 1.622242519304722685e-01
3.783283283283283005e+00 1.624020138979175021e-01
3.793543543543543173e+00 1.625797976976499637e-01
3.803803803803803785e+00 1.627576033854697957e-01
3.814064064064063952e+00 1.629354310164760622e-01
3.824324324324324120e+00 1.631132806450621975e-01
3.834584584584584288e+00 1.632911523249097052e-01
3.844844844844844456e+00 1.634690461089802760e-01
3.855105105105105068e+00 1.636469620495105970e-01
3.865365365365365236e+00 1.638249001980051633e-01
3.875625625625625403e+00 1.640028606052302551e-01
3.885885885885885571e+00 1.641808433212070262e-01
3.896146146146146183e+00 1.643588483952050927e-01
3.906406406406406351e+00 1.645368758757357608e-01
3.916666666666666519e+00 1.647149258105453373e-01
3.926926926926926686e+00 1.648929982466085520e-01
3.937187187187186854e+00 1.650710932301222011e-01
3.947447447447447466e+00 1.652492108064974596e-01
3.957707707707707634e+00 1.654273510203542463e-01
3.967967967967967802e+00 1.656055139155132860e-01
3.978228228228227970e+00 1.657836995349895592e-01
3.988488488488488137e+00 1.659619079209863624e-01
3.998748748748748749e+00 1.661401391148869255e-01
4.009009009009009361e+00 1.663183931572485286e-01
4.019269269269269529e+00 1.664966700877942296e-01
4.029529529529529697e+00 1.666749699454077860e-01
4.039789789789789864e+00 1.668532927681243283e-01
4.050050050050050032e+00 1.670316385931252812e-01
4.060310310310310200e+00 1.672100074567296757e-01
4.070570570570570368e+00 1.673883993943875159e-01
4.080830830830830536e+00 1.675668144406727567e-01
4.091091091091090703e+00 1.677452526292756152e-01
4.101351351351350871e+00 1.679237139929951605e-01
4.111611611611611039e+00 1.681021985637329852e-01
4.121871871871871207e+00 1.682807063724841012e-01
4.132132132132131375e+00 1.684592374493309175e-01
4.142392392392391542e+00 1.686377918234349682e-01
4.152652652652652598e+00 1.688163695230301131e-01
4.162912912912912766e+00 1.689949705754138498e-01
4.173173173173172934e+00 1.691735950069402361e-01
4.183433433433433102e+00 1.693522428430130344e-01
4.193693693693694158e+00 1.695309141080768023e-01
4.203953953953954326e+00 1.697096088256096480e-01
4.214214214214214493e+00 1.698883270181149596e-01
4.224474474474474661e+00 1.700670687071146325e-01
4.234734734734734829e+00 1.702458339131397991e-01
4.244994994994994997e+00 1.704246226557241672e-01
4.255255255255255165e+00 1.706034349533951666e-01
4.265515515515515332e+00 1.707822708236657605e-01
4.275775775775775500e+00 1.709611302830273682e-01
4.286036036036035668e+00 1.711400133469407059e-01
4.296296296296295836e+00 1.713189200298277093e-01
4.306556556556556004e+00 1.714978503450641512e-01
4.316816816816816171e+00 1.716768043049701209e-01
4.327077077077076339e+00 1.718557819208026971e-01
4.337337337337336507e+00 1.720347832027468160e-01
4.347597597597597563e+00 1.722138081599072224e-01
4.357857857857857731e+00 1.723928568002997264e-01
4.368118118118117899e+00 1.725719291308424885e-01
4.378378378378378066e+00 1.727510251573481648e-01
4.388638638638638234e+00 1.729301448845141365e-01
4.398898898898899290e+00 1.731092883159144336e-01
4.409159159159159458e+00 1.732884554539911304e-01
4.419419419419419626e+00 1.734676463000442426e-01
4.429679679679679793e+00 1.736468608542247050e-01
4.439939939939939961e+00 1.738260991155233803e-01
4.450200200200200129e+00 1.740053610817644258e-01
4.460460460460460297e+00 1.741846467495925532e-01
4.470720720720720465e+00 1.743639561144680605e-01
4.480980980980980632e+00 1.745432891706549250e-01
4.491241241241240800e+00 1.747226459112113661e-01
4.501501501501500968e+00 1.749020263279827125e-01
4.511761761761761136e+00 1.750814304115890230e-01
4.522022022022022192e+00 1.752608581514181751e-01
4.532282282282282360e+00 1.754403095356147912e-01
4.542542542542542527e+00 1.756197845510709121e-01
4.552802802802802695e+00 1.757992831834163105e-01
4.563063063063062863e+00 1.759788054170091931e-01
4.573323323323323031e+00 1.761583512349255698e-01
4.583583583583583199e+00 1.763379206189495674e-01
4.593843843843843366e+00 1.765175135495639092e-01
4.604104104104103534e+00 1.766971300059390626e-01
4.614364364364364590e+00 1.768767699659240245e-01
4.624624624624624758e+00 1.770564334060351075e-01
4.634884884884884926e+00 1.772361203014463371e-01
4.645145145145145094e+00 1.774158306259787932e-01
4.655405405405405261e+00 1.775955643520900906e-01
4.665665665665665429e+00 1.777753214508638602e-01
4.675925925925925597e+00 1.779551018919993122e-01
4.686186186186185765e+00 1.781349056438002731e-01
4.696446446446445933e+00 1.783147326731649718e-01
4.706706706706706100e+00 1.784945829455738542e-01
4.716966966966967156e+00 1.786744564250806466e-01
4.727227227227227324e+00 1.788543530742983667e-01
4.737487487487487492e+00 1.790342728543922457e-01
4.747747747747747660e+00 1.792142157250640466e-01
4.758008008008007828e+00 1.793941816445444870e-01
4.768268268268267995e+00 1.795741705695790280e-01
4.778528528528528163e+00 1.797541824554182155e-01
4.788788788788788331e+00 1.799342172558053288e-01
4.799049049049048499e+00 1.801142749229650009e-01
4.809309309309308667e+00 1.802943554075903676e-01
4.819569569569569722e+00 1.804744586588331867e-01
4.829829829829829890e+00 1.806545846242897935e-01
4.840090090090090058e+00 1.808347332499902482e-01
4.850350350350350226e+00 1.810149044803854301e-01
4.860610610610610394e+00 1.811950982583357683e-01
4.870870870870870561e+00 1.813753145250972809e-01
4.881131131131130729e+00 1.815555532203105282e-01
4.891391391391390897e+00 1.817358142819874012e-01
4.901651651651651065e+00 1.819160976464978818e-01
4.911911911911912121e+00 1.820964032485582196e-01
4.922172172172172289e+00 1.822767310212169700e-01
4.932432432432432456e+00 1.824570808958430601e-01
4.942692692692692624e+00 1.826374528021109944e-01
4.952952952952952792e+00 1.828178466679896141e-01
4.963213213213212960e+00 1.829982624197269148e-01
4.973473473473473128e+00 1.831786999818371675e-01
4.983733733733733295e+00 1.833591592770875411e-01
4.993993993993993463e+00 1.835396402264840021e-01
5.004254254254253631e+00 1.837201427492572703e-01
5.014514514514514687e+00 1.839006667628492742e-01
5.024774774774774855e+00 1.840812121828979686e-01
5.035035035035035023e+00 1.842617789232245673e-01
5.045295295295295190e+00 1.844423668958179163e-01
5.055555555555555358e+00 1.846229760108200613e-01
5.065815815815815526e+00 1.848036061765126192e-01
5.076076076076075694e+00 1.849842572993002920e-01
5.086336336336335862e+00 1.851649292836971827e-01
5.096596596596596029e+00 1.853456220323110026e-01
5.106856856856856197e+00 1.855263354458282221e-01
5.117117117117117253e+00 1.857070694229985275e-01
5.127377377377377421e+00 1.858878238606191668e-01
5.137637637637637589e+00 1.860685986535195180e-01
5.147897897897897757e+00 1.862493936945449347e-01
5.158158158158157924e+00 1.864302088745408148e-01
5.168418418418418092e+00 1.866110440823367245e-01
5.178678678678678260e+00 1.867918992047299387e-01
5.188938938938938428e+00 1.869727741264688436e-01
5.199199199199198596e+00 1.871536687302364776e-01
5.209459459459459651e+00 1.873345828966336557e-01
5.219719719719719819e+00 1.875155165041621774e-01
5.229979979979979987e+00 1.876964694292077018e-01
5.240240240240240155e+00 1.878774415460221225e-01
5.250500500500500323e+00 1.880584327267063038e-01
5.260760760760760490e+00 1.882394428411932608e-01
5.271021021021020658e+00 1.884204717572284249e-01
5.281281281281280826e+00 1.886015193403538515e-01
5.291541541541540994e+00 1.887825854538891512e-01
5.301801801801801162e+00 1.889636699589120061e-01
5.312062062062062218e+00 1.891447727142419877e-01
5.322322322322322385e+00 1.893258935764199902e-01
5.332582582582582553e+00 1.895070323996897732e-01
5.342842842842842721e+00 1.896881890359796985e-01
5.353103103103102889e+00 1.898693633348823850e-01
5.363363363363363057e+00 1.900505551436356411e-01
5.373623623623623224e+00 1.902317643071029518e-01
5.383883883883883392e+00 1.904129906677537176e-01
5.394144144144143560e+00 1.905942340656424649e-01
5.404404404404403728e+00 1.907754943383892510e-01
5.414664664664664784e+00 1.909567713211593742e-01
5.424924924924924952e+00 1.911380648466416143e-01
5.435185185185185119e+00 1.913193747450289417e-01
5.445445445445445287e+00 1.915007008439953973e-01
5.455705705705705455e+00 1.916820429686765248e-01
5.465965965965965623e+00 1.918634009416469444e-01
5.476226226226225791e+00 1.920447745828988972e-01
5.486486486486485958e+00 1.922261637098197362e-01
5.496746746746746126e+00 1.924075681371703317e-01
5.507007007007007182e+00 1.925889876770623121e-01
5.517267267267267350e+00 1.927704221389355821e-01
5.527527527527527518e+00 1.929518713295342858e-01
5.537787787787787686e+00 1.931333350528859349e-01
5.548048048048047853e+00 1.933148131102752632e-01
5.558308308308308021e+00 1.934963053002229372e-01
5.568568568568568189e+00 1.936778114184602995e-01
5.578828828828828357e+00 1.938593312579052208e-01
5.589089089089088525e+00 1.940408646086382860e-01
5.599349349349348692e+00 1.942224112578782580e-01
5.609609609609609748e+00 1.944039709899559876e-01
5.619869869869869916e+00 1.945855435862911265e-01
5.630130130130130084e+00 1.947671288253641220e-01
5.640390390390390252e+00 1.949487264826932353e-01
5.650650650650650419e+00 1.951303363308069805e-01
5.660910910910910587e+00 1.953119581392180615e-01
5.671171171171170755e+00 1.954935916743970603e-01
5.681431431431430923e+00 1.956752366997454307e-01
5.691691691691691091e+00 1.958568929755691301e-01
5.701951951951951258e+00 1.960385602590499765e-01
5.712212212212212314e+00 1.962202383042189191e-01
5.722472472472472482e+00 1.964019268619283665e-01
5.732732732732732650e+00 1.965836256798231818e-01
5.742992992992992818e+00 1.967653345023122335e-01
5.753253253253252986e+00 1.969470530705400291e-01
5.763513513513513153e+00 1.971287811223575437e-01
5.773773773773773321e+00 1.973105183922921058e-01
5.784034034034033489e+00 1.974922646115185310e-01
5.794294294294293657e+00 1.976740195078286466e-01
5.804554554554554713e+00 1.978557828056010104e-01
5.814814814814814881e+00 1.980375542257701571e-01
5.825075075075075048e+00 1.982193334857955958e-01
5.835335335335335216e+00 1.984011202996309453e-01
5.845595595595595384e+00 1.985829143776910166e-01
5.855855855855855552e+00 1.987647154268219196e-01
5.866116116116115720e+00 1.989465231502665910e-01
5.876376376376375887e+00 1.991283372476337354e-01
5.886636636636636055e+00 1.993101574148639921e-01
5.896896896896896223e+00 1.994919833441968215e-01
5.907157157157157279e+00 1.996738147241372274e-01
5.917417417417417447e+00 1.998556512394209506e-01
5.927677677677677615e+00 2.000374925709811902e-01
5.937937937937937782e+00 2.002193383959133821e-01
5.948198198198197950e+00 2.004011883874393107e-01
5.958458458458458118e+00 2.005830422148731640e-01
5.968718718718718286e+00 2.007648995435848960e-01
5.978978978978978454e+00 2.009467600349644223e-01
5.989239239239238621e+00 2.011286233463848161e-01
5.999499499499498789e+00 2.013104891311656708e-01
6.009759759759759845e+00 2.014923570385356300e-01
6.020020020020020013e+00 2.016742267135951949e-01
6.030280280280280181e+00 2.018560977972782278e-01
6.040540540540540349e+00 2.020379699263143425e-01
6.050800800800800516e+00 2.022198427331888537e-01
6.061061061061060684e+00 2.024017158461050292e-01
6.071321321321320852e+00 2.025835888889435110e-01
6.081581581581581020e+00 2.027654614812230693e-01
6.091841841841841187e+00 2.029473332380600792e-01
6.102102102102102243e+00 2.031292037701278308e-01
6.112362362362362411e+00 2.033110726836152293e-01
6.122622622622622579e+00 2.034929395801853558e-01
6.132882882882882747e+00 2.036748040569338891e-01
6.143143143143142915e+00 2.038566657063462517e-01
6.153403403403403082e+00 2.040385241162553931e-01
6.163663663663663250e+00 2.042203788697987688e-01
6.173923923923923418e+00 2.044022295453734317e-01
6.184184184184183586e+00 2.045840757165940105e-01
6.194444444444443754e+00 2.047659169522468292e-01
6.204704704704704810e+00 2.049477528162463591e-01
6.214964964964964977e+00 2.051295828675883948e-01
6.225225225225225145e+00 2.053114066603058396e-01
6.235485485485485313e+00 2.054932237434224651e-01
6.245745745745745481e+00 2.056750336609050045e-01
6.256006006006005649e+00 2.058568359516180224e-01
6.266266266266265816e+00 2.060386301492760641e-01
6.276526526526525984e+00 2.062204157823947503e-01
6.286786786786786152e+00 2.064021923742440368e-01
6.297047047047046320e+00 2.065839594427983927e-01
6.307307307307307376e+00 2.067657165006884235e-01
6.317567567567567544e+00 2.069474630551510486e-01
6.327827827827827711e+00 2.071291986079792369e-01
6.338088088088087879e+00 2.073109226554724349e-01
6.348348348348348047e+00 2.074926346883846640e-01
6.358608608608608215e+00 2.076743341918734220e-01
6.368868868868868383e+00 2.078560206454487247e-01
6.379129129129128550e+00 2.080376935229198143e-01
6.389389389389388718e+00 2.082193522923429796e-01
6.399649649649649774e+00 2.084009964159684314e-01
6.409909909909909942e+00 2.085826253501866512e-01
6.420170170170170110e+00 2.087642385454744065e-01
6.430430430430430278e+00 2.089458354463402390e-01
6.440690690690690445e+00 2.091274154912695360e-01
6.450950950950950613e+00 2.093089781126694082e-01
6.461211211211210781e+00 2.094905227368117073e-01
6.471471471471470949e+00 2.096720487837788471e-01
6.481731731731731116e+00 2.098535556674048230e-01
6.491991991991991284e+00 2.100350427952195342e-01
6.502252252252252340e+00 2.102165095683902196e-01
6.512512512512512508e+00 2.103979553816638648e-01
6.522772772772772676e+00 2.105793796233083326e-01
6.533033033033032844e+00 2.107607816750537710e-01
6.543293293293293011e+00 2.109421609120330499e-01
6.553553553553553179e+00 2.111235167027203929e-01
6.563813813813813347e+00 2.113048484088737577e-01
6.574074074074073515e+00 2.114861553854712750e-01
6.584334334334333683e+00 2.116674369806519906e-01
6.594594594594593850e+00 2.118486925356530270e-01
6.604854854854854906e+00 2.120299213847471886e-01
6.615115115115115074e+00 2.122111228551815387e-01
6.625375375375375242e+00 2.123922962671132564e-01
6.635635635635635410e+00 2.125734409335463537e-01
6.645895895895895578e+00 2.127545561602681157e-01
6.656156156156155745e+00 2.129356412457845127e-01
6.666416416416415913e+00 2.131166954812550585e-01
6.676676676676676081e+00 2.132977181504274733e-01
6.686936936936936249e+00 2.134787085295733189e-01
6.697197197197197305e+00 2.136596658874196364e-01
6.707457457457457473e+00 2.138405894850844424e-01
6.717717717717717640e+00 2.140214785760083116e-01
6.727977977977977808e+00 2.142023324058882072e-01
6.738238238238237976e+00 2.143831502126083144e-01
6.748498498498498144e+00 2.145639312261730380e-01
6.758758758758758312e+00 2.147446746686374475e-01
6.769019019019018479e+00 2.149253797540394695e-01
6.779279279279278647e+00 2.151060456883282235e-01
6.789539539539538815e+00 2.152866716692961591e-01
6.799799799799799871e+00 2.154672568865086402e-01
6.810060060060060039e+00 2.156478005212324744e-01
6.820320320320320207e+00 2.158283017463654141e-01
6.830580580580580374e+00 2.160087597263636028e-01
6.840840840840840542e+00 2.161891736171724643e-01
6.851101101101100710e+00 2.163695425661515681e-01
6.861361361361360878e+00 2.165498657120040749e-01
6.871621621621621046e+00 2.167301421847025733e-01
6.881881881881881213e+00 2.169103711054173877e-01
6.892142142142141381e+00 2.170905515864411384e-01
6.902402402402402437e+00 2.172706827311169653e-01
6.912662662662662605e+00 2.174507636337619509e-01
6.922922922922922773e+00 2.176307933795942062e-01
6.933183183183182940e+00 2.178107710446579304e-01
6.943443443443443108e+00 2.179906956957467501e-01
6.953703703703703276e+00 2.181705663903301118e-01
6.963963963963963444e+00 2.183503821764758435e-01
6.974224224224223612e+00 2.185301420927751592e-01
6.984484484484483779e+00 2.187098451682661093e-01
6.994744744744744835e+00 2.188894904223563642e-01
7.005005005005005003e+00 2.190690768647461650e-01
7.015265265265265171e+00 2.192486034953521068e-01
7.025525525525525339e+00 2.194280693042293118e-01
7.035785785785785507e+00 2.196074732714930755e-01
7.046046046046045674e+00 2.197868143672422336e-01
7.056306306306305842e+00 2.199660915514796422e-01
7.066566566566566010e+00 2.201453037740349061e-01
7.076826826826826178e+00 2.203244499744849150e-01
7.087087087087086346e+00 2.205035290820764049e-01
7.097347347347347402e+00 2.206825400156460226e-01
7.107607607607607569e+00 2.208614816835413330e-01
7.117867867867867737e+00 2.210403529835416048e-01
7.128128128128127905e+00 2.212191528027801224e-01
7.138388388388388073e+00 2.213978800176611139e-01
7.148648648648648241e+00 2.215765334937838671e-01
7.158908908908908408e+00 2.217551120858605729e-01
7.169169169169168576e+00 2.219336146376373886e-01
7.179429429429428744e+00 2.221120399818145852e-01
7.189689689689688912e+00 2.222903869399665555e-01
7.199949949949949968e+00 2.224686543224609903e-01
7.210210210210210136e+00 2.226468409283806904e-01
7.220470470470470303e+00 2.228249455454404948e-01
7.230730730730730471e+00 2.230029669499103417e-01
7.240990990990990639e+00 2.231809039065328626e-01
7.251251251251250807e+00 2.233587551684443062e-01
7.261511511511510975e+00 2.235365194770939090e-01
7.271771771771771142e+00 2.237141955621649303e-01
7.282032032032031310e+00 2.238917821414928844e-01
7.292292292292292366e+00 2.240692779209867702e-01
7.302552552552552534e+00 2.242466815945500791e-01
7.312812812812812702e+00 2.244239918439988046e-01
7.323073073073072869e+00 2.246012073389839492e-01
7.333333333333333037e+00 2.247783267369107829e-01
7.343593593593593205e+00 2.249553486828602955e-01
7.353853853853853373e+00 2.251322718095097042e-01
7.364114114114113541e+00 2.253090947370535446e-01
7.374374374374373708e+00 2.254858160731247618e-01
7.384634634634633876e+00 2.256624344127172999e-01
7.394894894894894932e+00 2.258389483381053886e-01
7.405155155155155100e+00 2.260153564187692421e-01
7.415415415415415268e+00 2.261916572113134294e-01
7.425675675675675436e+00 2.263678492593920455e-01
7.435935935935935603e+00 2.265439310936313566e-01
7.446196196196195771e+00 2.267199012315518347e-01
7.456456456456455939e+00 2.268957581774931898e-01
7.466716716716716107e+00 2.270715004225370703e-01
7.476976976976976275e+00 2.272471264444326511e-01
7.487237237237236442e+00 2.274226347075209431e-01
7.497497497497497498e+00 2.275980236626596320e-01
7.507757757757757666e+00 2.277732917471499974e-01
7.518018018018017834e+00 2.279484373846611123e-01
7.528278278278278002e+00 2.281234589851597883e-01
7.538538538538538170e+00 2.282983549448341920e-01
7.548798798798798337e+00 2.284731236460242898e-01
7.559059059059058505e+00 2.286477634571495998e-01
7.569319319319318673e+00 2.288222727326369166e-01
7.579579579579578841e+00 2.289966498128516714e-01
7.589839839839839897e+00 2.291708930240280162e-01
7.600100100100100065e+00 2.293450006781980743e-01
7.610360360360360232e+00 2.295189710731256882e-01
7.620620620620620400e+00 2.296928024922370581e-01
7.630880880880880568e+00 2.298664932045548781e-01
7.641141141141140736e+00 2.300400414646326663e-01
7.651401401401400904e+00 2.302134455124869306e-01
7.661661661661661071e+00 2.303867035735356616e-01
7.671921921921921239e+00 2.305598138585327472e-01
7.682182182182181407e+00 2.307327745635060212e-01
7.692442442442442463e+00 2.309055838696940366e-01
7.702702702702702631e+00 2.310782399434872514e-01
7.712962962962962798e+00 2.312507409363655508e-01
7.723223223223222966e+00 2.314230849848403493e-01
7.733483483483483134e+00 2.315952702103967198e-01
7.743743743743743302e+00 2.317672947194355237e-01
7.754004004004003470e+00 2.319391566032175389e-01
7.764264264264263637e+00 2.321108539378089475e-01
7.774524524524523805e+00 2.322823847840268519e-01
7.784784784784783973e+00 2.324537471873873440e-01
7.795045045045045029e+00 2.326249391780522979e-01
7.805305305305305197e+00 2.327959587707802147e-01
7.815565565565565365e+00 2.329668039648778166e-01
7.825825825825825532e+00 2.331374727441497818e-01
7.836086086086085700e+00 2.333079630768540025e-01
7.846346346346345868e+00 2.334782729156550385e-01
7.856606606606606036e+00 2.336484001975807911e-01
7.866866866866866204e+00 2.338183428439793432e-01
7.877127127127126371e+00 2.339880987604773810e-01
7.887387387387387427e+00 2.341576658369405595e-01
7.897647647647647595e+00 2.343270419474356436e-01
7.907907907907907763e+00 2.344962249501915119e-01
7.918168168168167931e+00 2.346652126875665156e-01
7.928428428428428099e+00 2.348340029860106759e-01
7.938688688688688266e+00 2.350025936560377060e-01
7.948948948948948434e+00 2.351709824921899283e-01
7.959209209209208602e+00 2.353391672730112960e-01
7.969469469469468770e+00 2.355071457610193042e-01
7.979729729729728938e+00 2.356749157026786778e-01
7.989989989989989994e+00 2.358424748283769745e-01
8.000250250250250161e+00 2.360098208524035734e-01
8.010510510510510329e+00 2.361769514729263608e-01
8.020770770770770497e+00 2.363438643719737720e-01
8.031031031031030665e+00 2.365105572154189983e-01
8.041291291291290833e+00 2.366770276529617523e-01
8.051551551551551000e+00 2.368432733181176086e-01
8.061811811811811168e+00 2.370092918282042660e-01
8.072072072072071336e+00 2.371750807843331921e-01
8.082332332332331504e+00 2.373406377714011029e-01
8.092592592592591672e+00 2.375059603580849388e-01
8.102852852852851839e+00 2.376710460968367578e-01
8.113113113113112007e+00 2.378358925238842625e-01
8.123373373373372175e+00 2.380004971592289964e-01
8.133633633633632343e+00 2.381648575066494522e-01
8.143893893893892511e+00 2.383289710537073725e-01
8.154154154154152678e+00 2.384928352717514133e-01
8.164414414414412846e+00 2.386564476159289405e-01
8.174674674674673014e+00 2.388198055251962992e-01
8.184934934934934958e+00 2.389829064223300548e-01
8.195195195195195126e+00 2.391457477139473653e-01
8.205455455455455294e+00 2.393083267905191658e-01
8.215715715715715461e+00 2.394706410263928997e-01
8.225975975975975629e+00 2.396326877798150012e-01
8.236236236236235797e+00 2.397944643929553754e-01
8.246496496496495965e+00 2.399559681919358478e-01
8.256756756756756133e+00 2.401171964868577258e-01
8.267017017017016300e+00 2.402781465718372977e-01
8.277277277277276468e+00 2.404388157250380853e-01
8.287537537537538412e+00 2.405992012087089238e-01
8.297797797797798580e+00 2.407593002692251516e-01
8.308058058058058748e+00 2.409191101371279398e-01
8.318318318318318916e+00 2.410786280271722815e-01
8.328578578578579084e+00 2.412378511383736213e-01
8.338838838838839251e+00 2.413967766540564552e-01
8.349099099099099419e+00 2.415554017419110910e-01
8.359359359359359587e+00 2.417137235540437468e-01
8.369619619619619755e+00 2.418717392270405553e-01
8.379879879879879923e+00 2.420294458820240746e-01
8.390140140140140090e+00 2.421868406247187355e-01
8.400400400400400258e+00 2.423439205455198697e-01
8.410660660660660426e+00 2.425006827195565762e-01
8.420920920920920594e+00 2.426571242067708523e-01
8.431181181181180762e+00 2.428132420519885093e-01
8.441441441441440929e+00 2.429690332849976930e-01
8.451701701701701097e+00 2.431244949206308181e-01
8.461961961961961265e+00 2.432796239588473353e-01
8.472222222222221433e+00 2.434344173848181081e-01
8.482482482482481601e+00 2.435888721690184222e-01
8.492742742742741768e+00 2.437429852673194119e-01
8.503003003003001936e+00 2.438967536210823461e-01
8.513263263263262104e+00 2.440501741572562167e-01
8.523523523523522272e+00 2.442032437884823770e-01
8.533783783783784216e+00 2.443559594131951007e-01
8.544044044044044384e+00 2.445083179157330755e-01
8.554304304304304551e+00 2.446603161664452353e-01
8.564564564564564719e+00 2.448119510218075834e-01
8.574824824824824887e+00 2.449632193245389611e-01
8.585085085085085055e+00 2.451141179037214790e-01
8.595345345345345223e+00 2.452646435749218368e-01
8.605605605605605390e+00 2.454147931403178606e-01
8.615865865865865558e+00 2.455645633888276780e-01
8.626126126126125726e+00 2.457139510962416395e-01
8.636386386386385894e+00 2.458629530253592932e-01
8.646646646646646062e+00 2.460115659261260801e-01
8.656906906906906229e+00 2.461597865357747217e-01
8.667167167167166397e+00 2.463076115789715193e-01
8.677427427427426565e+00 2.464550377679651794e-01
8.687687687687686733e+00 2.466020618027340572e-01
8.697947947947946901e+00 2.467486803711451682e-01
8.708208208208207068e+00 2.468948901491095638e-01
8.718468468468467236e+00 2.470406878007442575e-01
8.728728728728729180e+00 2.471860699785350945e-01
8.738988988988989348e+00 2.473310333235044789e-01
8.749249249249249516e+00 2.474755744653820422e-01
8.759509509509509684e+00 2.476196900227803643e-01
8.769769769769769852e+00 2.477633766033668916e-01
8.780030030030030019e+00 2.479066308040511202e-01
8.790290290290290187e+00 2.480494492111604554e-01
8.800550550550550355e+00 2.481918284006343345e-01
8.810810810810810523e+00 2.483337649382083290e-01
8.821071071071070691e+00 2.484752553796087948e-01
8.831331331331330858e+00 2.486162962707525181e-01
8.841591591591591026e+00 2.487568841479416981e-01
8.851851851851851194e+00 2.488970155380686722e-01
8.862112112112111362e+00 2.490366869588218623e-01
8.872372372372371530e+00 2.491758949188961347e-01
8.882632632632631697e+00 2.493146359182023541e-01
8.892892892892891865e+00 2.494529064480849045e-01
8.903153153153152033e+00 2.495907029915397923e-01
8.913413413413412201e+00 2.497280220234379122e-01
8.923673673673672369e+00 2.498648600107464535e-01
8.933933933933934313e+00 2.500012134127612140e-01
8.944194194194194480e+00 2.501370786813343905e-01
8.954454454454454648e+00 2.502724522611122215e-01
8.964714714714714816e+00 2.504073305897703827e-01
8.974974974974974984e+00 2.505417100982538225e-01
8.985235235235235152e+00 2.506755872110222882e-01
8.995495495495495319e+00 2.508089583462966843e-01
9.005755755755755487e+00 2.509418199163077623e-01
9.016016016016015655e+00 2.510741683275488634e-01
9.026276276276275823e+00 2.512059999810328237e-01
9.036536536536535991e+00 2.513373112725493241e-01
9.046796796796796158e+00 2.514680985929286794e-01
9.057057057057056326e+00 2.515983583283035729e-01
9.067317317317316494e+00 2.517280868603767319e-01
9.077577577577576662e+00 2.518572805666937087e-01
9.087837837837836830e+00 2.519859358209166067e-01
9.098098098098096997e+00 2.521140489930918660e-01
9.108358358358357165e+00 2.522416164499438618e-01
9.118618618618617333e+00 2.523686345551412469e-01
9.128878878878879277e+00 2.524950996695903838e-01
9.139139139139139445e+00 2.526210081517194506e-01
9.149399399399399613e+00 2.527463563577715955e-01
9.159659659659659781e+00 2.528711406420879326e-01
9.169919919919919948e+00 2.529953573574166281e-01
9.180180180180180116e+00 2.531190028551976723e-01
9.190440440440440284e+00 2.532420734858706890e-01
9.200700700700700452e+00 2.533645655991740853e-01
9.210960960960960620e+00 2.534864755444510842e-01
9.221221221221220787e+00 2.536077996709590887e-01
9.231481481481480955e+00 2.537285343281739380e-01
9.241741741741741123e+00 2.538486758661111509e-01
9.252002002002001291e+00 2.539682206356338456e-01
9.262262262262261459e+00 2.540871649887707640e-01
9.272522522522521626e+00 2.542055052790345160e-01
9.282782782782781794e+00 2.543232378617498179e-01
9.293043043043041962e+00 2.544403590943677407e-01
9.303303303303302130e+00 2.545568653367975553e-01
9.313563563563562298e+00 2.546727529517299193e-01
9.323823823823824242e+00 2.547880183049724412e-01
9.334084084084084409e+00 2.549026577657753090e-01
9.344344344344344577e+00 2.550166677071702415e-01
9.354604604604604745e+00 2.551300445063022782e-01
9.364864864864864913e+00 2.552427845447662325e-01
9.375125125125125081e+00 2.553548842089534143e-01
9.385385385385385248e+00 2.554663398903809779e-01
9.395645645645645416e+00 2.555771479860448059e-01
9.405905905905905584e+00 2.556873048987591823e-01
9.416166166166165752e+00 2.557968070375012948e-01
9.426426426426425920e+00 2.559056508177594003e-01
9.436686686686686087e+00 2.560138326618848215e-01
9.446946946946946255e+00 2.561213489994380588e-01
9.457207207207206423e+00 2.562281962675402314e-01
9.467467467467466591e+00 2.563343709112309021e-01
9.477727727727726759e+00 2.564398693838169097e-01
9.487987987987986926e+00 2.565446881472276952e-01
9.498248248248247094e+00 2.566488236723756255e-01
9.508508508508507262e+00 2.567522724395101541e-01
9.518768768768767430e+00 2.568550309385780328e-01
9.529029029029029374e+00 2.569570956695776953e-01
9.539289289289289542e+00 2.570584631429287947e-01
9.549549549549549710e+00 2.571591298798274750e-01
9.559809809809809877e+00 2.572590924126035850e-01
9.570070070070070045e+00 2.573583472850948795e-01
9.580330330330330213e+00 2.574568910529969057e-01
9.590590590590590381e+00 2.575547202842403127e-01
9.600850850850850549e+00 2.576518315593417374e-01
9.611111111111110716e+00 2.577482214717808917e-01
9.621371371371370884e+00 2.578438866283526143e-01
9.631631631631631052e+00 2.579388236495461229e-01
9.641891891891891220e+00 2.580330291698966216e-01
9.652152152152151388e+00 2.581264998383624998e-01
9.662412412412411555e+00 2.582192323186862648e-01
9.672672672672671723e+00 2.583112232897573080e-01
9.682932932932931891e+00 2.584024694459827742e-01
9.693193193193192059e+00 2.584929674976524372e-01
9.703453453453452227e+00 2.585827141713006316e-01
9.713713713713712394e+00 2.586717062100788445e-01
9.723973973973974338e+00 2.587599403741087101e-01
9.734234234234234506e+00 2.588474134408597638e-01
9.744494494494494674e+00 2.589341222055038250e-01
9.754754754754754842e+00 2.590200634812853120e-01
9.765015015015015010e+00 2.591052340998788450e-01
9.775275275275275177e+00 2.591896309117538988e-01
9.785535535535535345e+00 2.592732507865383451e-01
9.795795795795795513e+00 2.593560906133758337e-01
9.806056056056055681e+00 2.594381473012852268e-01
9.816316316316315849e+00 2.595194177795253077e-01
9.826576576576576016e+00 2.595998989979463878e-01
9.836836836836836184e+00 2.596795879273483543e-01
9.847097097097096352e+00 2.597584815598403818e-01
9.857357357357356520e+00 2.598365769091879329e-01
9.867617617617616688e+00 2.599138710111740802e-01
9.877877877877876855e+00 2.599903609239461177e-01
9.888138138138137023e+00 2.600660437283647264e-01
9.898398398398397191e+00 2.601409165283549152e-01
9.908658658658657359e+00 2.602149764512574626e-01
9.918918918918919303e+00 2.602882206481647587e-01
9.929179179179179471e+00 2.603606462942688604e-01
9.939439439439439639e+00 2.604322505892068818e-01
9.949699699699699806e+00 2.605030307573951154e-01
9.959959959959959974e+00 2.605729840483712034e-01
9.970220220220220142e+00 2.606421077371268158e-01
9.980480480480480310e+00 2.607103991244421604e-01
9.990740740740740478e+00 2.607778555372203821e-01
1.000100100100100065e+01 2.608444743288119705e-01
1.001126126126126081e+01 2.609102528793468267e-01
1.002152152152152098e+01 2.609751885960541196e-01
1.003178178178178115e+01 2.610392789135868585e-01
1.004204204204204132e+01 2.611025212943424711e-01
1.005230230230230148e+01 2.611649132287777730e-01
1.006256256256256165e+01 2.612264522357221064e-01
1.007282282282282182e+01 2.612871358626927543e-01
1.008308308308308199e+01 2.613469616862004741e-01
1.009334334334334216e+01 2.614059273120566407e-01
1.010360360360360232e+01 2.614640303756748940e-01
1.011386386386386249e+01 2.615212685423714545e-01
1.012412412412412444e+01 2.615776395076636618e-01
1.013438438438438460e+01 2.616331409975590772e-01
1.014464464464464477e+01 2.616877707688525234e-01
1.015490490490490494e+01 2.617415266094064719e-01
1.016516516516516511e+01 2.617944063384379239e-01
1.017542542542542527e+01 2.618464078067982981e-01
1.018568568568568544e+01 2.618975288972528737e-01
1.019594594594594561e+01 2.619477675247484094e-01
1.020620620620620578e+01 2.619971216366858702e-01
1.021646646646646595e+01 2.620455892131913767e-01
1.022672672672672611e+01 2.620931682673668939e-01
1.023698698698698628e+01 2.621398568455561295e-01
1.024724724724724645e+01 2.621856530276067132e-01
1.025750750750750662e+01 2.622305549271019554e-01
1.026776776776776678e+01 2.622745606916259131e-01
1.027802802802802695e+01 2.623176685029941502e-01
1.028828828828828712e+01 2.623598765774989849e-01
1.029854854854854729e+01 2.624011831661399174e-01
1.030880880880880746e+01 2.624415865548628268e-01
1.031906906906906940e+01 2.624810850647700811e-01
1.032932932932932957e+01 2.625196770523560708e-01
1.033958958958958974e+01 2.625573609097210936e-01
1.034984984984984990e+01 2.625941350647835737e-01
1.036011011011011007e+01 2.626299979814870067e-01
1.037037037037037024e+01 2.626649481600076275e-01
1.038063063063063041e+01 2.626989841369514189e-01
1.039089089089089057e+01 2.627321044855518428e-01
1.040115115115115074e+01 2.627643078158553580e-01
1.041141141141141091e+01 2.627955927749144882e-01
1.042167167167167108e+01 2.628259580469620160e-01
1.043193193193193125e+01 2.628554023535915607e-01
1.044219219219219141e+01 2.628839244539294961e-01
1.045245245245245158e+01 2.629115231447899936e-01
1.046271271271271175e+01 2.629381972608620943e-01
1.047297297297297192e+01 2.629639456748352200e-01
1.048323323323323208e+01 2.629887672975771973e-01
1.049349349349349225e+01 2.630126610782670959e-01
1.050375375375375242e+01 2.630356260045407235e-01
1.051401401401401436e+01 2.630576611026246292e-01
1.052427427427427453e+01 2.630787654374762141e-01
1.053453453453453470e+01 2.630989381128973070e-01
1.054479479479479487e+01 2.631181782716700002e-01
1.055505505505505504e+01 2.631364850956589008e-01
1.056531531531531520e+01 2.631538578059310907e-01
1.057557557557557537e+01 2.631702956628607648e-01
1.058583583583583554e+01 2.631857979662278191e-01
1.059609609609609571e+01 2.632003640553118862e-01
1.060635635635635587e+01 2.632139933089853168e-01
1.061661661661661604e+01 2.632266851457968349e-01
1.062687687687687621e+01 2.632384390240481431e-01
1.063713713713713638e+01 2.632492544418713054e-01
1.064739739739739655e+01 2.632591309372936950e-01
1.065765765765765671e+01 2.632680680883053848e-01
1.066791791791791688e+01 2.632760655129108840e-01
1.067817817817817705e+01 2.632831228691878134e-01
1.068843843843843722e+01 2.632892398553285385e-01
1.069869869869869738e+01 2.632944162096817475e-01
1.070895895895895755e+01 2.632986517107928082e-01
1.071921921921921950e+01 2.633019461774258052e-01
1.072947947947947966e+01 2.633042994685981797e-01
1.073973973973973983e+01 2.633057114835916646e-01
1.075000000000000000e+01 2.633061821619726572e-01
