1.000000000000000021e-02 1.202829739221017954e-74
5.003003003003003712e-02 1.971301526795697317e-43
9.006006006006006537e-02 3.451469825965663501e-34
1.300900900900901214e-01 5.427724220249691358e-29
1.701201201201201496e-01 1.742480300045882459e-25
2.101501501501501779e-01 6.827754185701791410e-23
2.501801801801802339e-01 7.273964961836529363e-21
2.902102102102102621e-01 3.219775626124393779e-19
3.302402402402402903e-01 7.604034482867809919e-18
3.702702702702703186e-01 1.123287757232812137e-16
4.103003003003003468e-01 1.155113526666192665e-15
4.503303303303303751e-01 8.914273407537429253e-15
4.903603603603604588e-01 5.452784796631601002e-14
5.303903903903904871e-01 2.754169112180323531e-13
5.704204204204205153e-01 1.185273068559598423e-12
6.104504504504505435e-01 4.453959074479579002e-12
6.504804804804805718e-01 1.490183343445497418e-11
6.905105105105106000e-01 4.509545832539608948e-11
7.305405405405406283e-01 1.250301279105303126e-10
7.705705705705706565e-01 3.210032166376277533e-10
8.106006006006006848e-01 7.699844895943834116e-10
8.506306306306307130e-01 1.738572722484159289e-09
8.906606606606607413e-01 3.718906309548365419e-09
9.306906906906907695e-01 7.577494548405361487e-09
9.707207207207209088e-01 1.477660177175373194e-08
1.010750750750750937e+00 2.769123573288262994e-08
1.050780780780780965e+00 5.004762369251070016e-08
1.090810810810810993e+00 8.751096986620092098e-08
1.130840840840841022e+00 1.484509819157472188e-07
1.170870870870871050e+00 2.449129070310873244e-07
1.210900900900901078e+00 3.938194954897863030e-07
1.250930930930931106e+00 6.184253793588554927e-07
1.290960960960961135e+00 9.500398884260882441e-07
1.330990990990991163e+00 1.430027493974531482e-06
1.371021021021021191e+00 2.112087126102763479e-06
1.411051051051051219e+00 3.064802868007628480e-06
1.451081081081081248e+00 4.374449348358110141e-06
1.491111111111111276e+00 6.148025906215787574e-06
1.531141141141141304e+00 8.516484663736328771e-06
1.571171171171171332e+00 1.163810935861526850e-05
1.611201201201201361e+00 1.570199446994628649e-05
1.651231231231231389e+00 2.093156807525960964e-05
1.691261261261261417e+00 2.758809720079096888e-05
1.731291291291291445e+00 3.597411130568850719e-05
1.771321321321321474e+00 4.643667804407839713e-05
1.811351351351351502e+00 5.937046558560793181e-05
1.851381381381381530e+00 7.522052749810999956e-05
1.891411411411411558e+00 9.448474940917494635e-05
1.931441441441441809e+00 1.177159012296340998e-04
1.971471471471471837e+00 1.455232444722314626e-04
2.011501501501501643e+00 1.785736509410681776e-04
2.051531531531531449e+00 2.175921965953852481e-04
2.091561561561561700e+00 2.633622024923928657e-04
2.131591591591591506e+00 3.167247031765468824e-04
2.171621621621621756e+00 3.785773315026999151e-04
2.211651651651651562e+00 4.498726174660034900e-04
2.251681681681681813e+00 5.316157069870843660e-04
2.291711711711711619e+00 6.248615146108955562e-04
2.331741741741741869e+00 7.307113315876879621e-04
2.371771771771771675e+00 8.503089177028743360e-04
2.411801801801801926e+00 9.848361114206355231e-04
2.451831831831831732e+00 1.135507998337589473e-03
2.491861861861861982e+00 1.303567682563098974e-03
2.531891891891891788e+00 1.490280709427351576e-03
2.571921921921922038e+00 1.696929190861271898e-03
2.611951951951952289e+00 1.924805686903693133e-03
2.651981981981982095e+00 2.175206898096387897e-03
2.692012012012012345e+00 2.449427224063049913e-03
2.732042042042042151e+00 2.748752243381316542e-03
2.772072072072072402e+00 3.074452169002930661e-03
2.812102102102102208e+00 3.427775332016318611e-03
2.852132132132132458e+00 3.809941744544487977e-03
2.892162162162162264e+00 4.222136790095530265e-03
2.932192192192192515e+00 4.665505086803457997e-03
2.972222222222222321e+00 5.141144565779876344e-03
3.012252252252252571e+00 5.650100803310518713e-03
3.052282282282282377e+00 6.193361641937989402e-03
3.092312312312312628e+00 6.771852131635017202e-03
3.132342342342342434e+00 7.386429818347436602e-03
3.172372372372372684e+00 8.037880403226801626e-03
3.212402402402402490e+00 8.726913791925774294e-03
3.252432432432432741e+00 9.454160549440452851e-03
3.292462462462462547e+00 1.022016877218855785e-02
3.332492492492492797e+00 1.102540138534702750e-02
3.372522522522522603e+00 1.187023386996298099e-02
3.412552552552552854e+00 1.275495242102473066e-02
3.452582582582582660e+00 1.367975253455122608e-02
3.492612612612612910e+00 1.464473801884722502e-02
3.532642642642642716e+00 1.564992042238545766e-02
3.572672672672672967e+00 1.669521886832727245e-02
3.612702702702702773e+00 1.778046028347995272e-02
3.652732732732733023e+00 1.890538000751790584e-02
3.692762762762762829e+00 2.006962276655980051e-02
3.732792792792793080e+00 2.127274399369507782e-02
3.772822822822822886e+00 2.251421147778206316e-02
3.812852852852853136e+00 2.379340732079062576e-02
3.852882882882883386e+00 2.510963018312405148e-02
3.892912912912913193e+00 2.646209779571932416e-02
3.932942942942943443e+00 2.784994971727845423e-02
3.972972972972973249e+00 2.927225031471696048e-02
4.013003003003003499e+00 3.072799194481401486e-02
4.053033033033033306e+00 3.221609831509998634e-02
4.093063063063063112e+00 3.373542800221090293e-02
4.133093093093093806e+00 3.528477810625600675e-02
4.173123123123123612e+00 3.686288802018086036e-02
4.213153153153153418e+00 3.846844329364255272e-02
4.253183183183183225e+00 4.010007957153935432e-02
4.293213213213213919e+00 4.175638658803974834e-02
4.333243243243243725e+00 4.343591219772529460e-02
4.373273273273273531e+00 4.513716642628794184e-02
4.413303303303303338e+00 4.685862552409075787e-02
4.453333333333334032e+00 4.859873600680961886e-02
4.493363363363363838e+00 5.035591866830588237e-02
4.533393393393393644e+00 5.212857255183103028e-02
4.573423423423423451e+00 5.391507886662873922e-02
4.613453453453454145e+00 5.571380483796490451e-02
4.653483483483483951e+00 5.752310747958082338e-02
4.693513513513513757e+00 5.934133727852074214e-02
4.733543543543543564e+00 6.116684178322565058e-02
4.773573573573574258e+00 6.299796908671127793e-02
4.813603603603604064e+00 6.483307119754821990e-02
4.853633633633633870e+00 6.667050729224029137e-02
4.893663663663663677e+00 6.850864684344144806e-02
4.933693693693694371e+00 7.034587261927238711e-02
4.973723723723724177e+00 7.218058354977570368e-02
5.013753753753753983e+00 7.401119745730178057e-02
5.053783783783783790e+00 7.583615364832350936e-02
5.093813813813814484e+00 7.765391536485659330e-02
5.133843843843844290e+00 7.946297209429664665e-02
5.173873873873874096e+00 8.126184173708188296e-02
5.213903903903904791e+00 8.304907263215034752e-02
5.253933933933934597e+00 8.482324544068330086e-02
5.293963963963964403e+00 8.658297488910701722e-02
5.333993993993994209e+00 8.832691137277549898e-02
5.374024024024024904e+00 9.005374242216251934e-02
5.414054054054054710e+00 9.176219403376902062e-02
5.454084084084084516e+00 9.345103186828906949e-02
5.494114114114114322e+00 9.511906231888520025e-02
5.534144144144145017e+00 9.676513345269545374e-02
5.574174174174174823e+00 9.838813582894057053e-02
5.614204204204204629e+00 9.998700319720776886e-02
5.654234234234234435e+00 1.015607130796764429e-01
5.694264264264265130e+00 1.031082872412053403e-01
5.734294294294294936e+00 1.046287920513330749e-01
5.774324324324324742e+00 1.061213387423530635e-01
5.814354354354354548e+00 1.075850835677050754e-01
5.854384384384385243e+00 1.090192278649930041e-01
5.894414414414415049e+00 1.104230180279773543e-01
5.934444444444444855e+00 1.117957453919202482e-01
5.974474474474474661e+00 1.131367460366628080e-01
6.014504504504505356e+00 1.144454005118114570e-01
6.054534534534535162e+00 1.157211334883811865e-01
6.094564564564564968e+00 1.169634133412115196e-01
6.134594594594594774e+00 1.181717516664176765e-01
6.174624624624625469e+00 1.193457027380823848e-01
6.214654654654655275e+00 1.204848629083203615e-01
6.254684684684685081e+00 1.215888699547709312e-01
6.294714714714714887e+00 1.226574023794843038e-01
6.334744744744745581e+00 1.236901786630731082e-01
6.374774774774775388e+00 1.246869564779015255e-01
6.414804804804805194e+00 1.256475318639757310e-01
6.454834834834835888e+00 1.265717383710902588e-01
6.494864864864865694e+00 1.274594461706703707e-01
6.534894894894895501e+00 1.283105611406323288e-01
6.574924924924925307e+00 1.291250239264642719e-01
6.614954954954956001e+00 1.299028089816073872e-01
6.654984984984985807e+00 1.306439235900956619e-01
6.695015015015015614e+00 1.313484068742876432e-01
6.735045045045045420e+00 1.320163287903994564e-01
6.775075075075076114e+00 1.326477891144254850e-01
6.815105105105105920e+00 1.332429164209092132e-01
6.855135135135135727e+00 1.338018670569044721e-01
6.895165165165165533e+00 1.343248241133473408e-01
6.935195195195196227e+00 1.348119963959380219e-01
6.975225225225226033e+00 1.352636173975170220e-01
7.015255255255255840e+00 1.356799442738019501e-01
7.055285285285285646e+00 1.360612568242411669e-01
7.095315315315316340e+00 1.364078564796278037e-01
7.135345345345346146e+00 1.367200652980117836e-01
7.175375375375375953e+00 1.369982249703419475e-01
7.215405405405405759e+00 1.372426958371680272e-01
7.255435435435436453e+00 1.374538559176351482e-01
7.295465465465466259e+00 1.376320999519058952e-01
7.335495495495496066e+00 1.377778384580545523e-01
7.375525525525525872e+00 1.378914968043867817e-01
7.415555555555556566e+00 1.379735142980548779e-01
7.455585585585586372e+00 1.380243432907533319e-01
7.495615615615616179e+00 1.380444483022023605e-01
7.535645645645645985e+00 1.380343051620501471e-01
7.575675675675676679e+00 1.379944001707515688e-01
7.615705705705706485e+00 1.379252292799127699e-01
7.655735735735736291e+00 1.378272972925239370e-01
7.695765765765766986e+00 1.377011170834397391e-01
7.735795795795796792e+00 1.375472088404070814e-01
7.775825825825826598e+00 1.373660993258833396e-01
7.815855855855856404e+00 1.371583211598335628e-01
7.855885885885887099e+00 1.369244121236454503e-01
7.895915915915916905e+00 1.366649144852515041e-01
7.935945945945946711e+00 1.363803743455039019e-01
7.975975975975976517e+00 1.360713410058041195e-01
8.016006006006007212e+00 1.357383663569500243e-01
8.056036036036037018e+00 1.353820042891261399e-01
8.096066066066066824e+00 1.350028101229267807e-01
8.136096096096096630e+00 1.346013400612710575e-01
8.176126126126126437e+00 1.341781506620373099e-01
8.216156156156156243e+00 1.337337983312172907e-01
8.256186186186187825e+00 1.332688388363642285e-01
8.296216216216217632e+00 1.327838268400868826e-01
8.336246246246247438e+00 1.322793154533164761e-01
8.376276276276277244e+00 1.317558558080584585e-01
8.416306306306307050e+00 1.312139966493184595e-01
8.456336336336336856e+00 1.306542839458788297e-01
8.496366366366366663e+00 1.300772605195860687e-01
8.536396396396396469e+00 1.294834656927962013e-01
8.576426426426428051e+00 1.288734349536153623e-01
8.616456456456457857e+00 1.282476996385604473e-01
8.656486486486487664e+00 1.276067866322578293e-01
8.696516516516517470e+00 1.269512180837895909e-01
8.736546546546547276e+00 1.262815111392912026e-01
8.776576576576577082e+00 1.255981776903991876e-01
8.816606606606606888e+00 1.249017241381423643e-01
8.856636636636636695e+00 1.241926511718697140e-01
8.896666666666668277e+00 1.234714535628027160e-01
8.936696696696698083e+00 1.227386199718013826e-01
8.976726726726727890e+00 1.219946327709316852e-01
9.016756756756757696e+00 1.212399678784224638e-01
9.056786786786787502e+00 1.204750946066019263e-01
9.096816816816817308e+00 1.197004755224048284e-01
9.136846846846847114e+00 1.189165663200440481e-01
9.176876876876878697e+00 1.181238157054444182e-01
9.216906906906908503e+00 1.173226652920383167e-01
9.256936936936938309e+00 1.165135495075287492e-01
9.296966966966968116e+00 1.156968955112283454e-01
9.336996996996997922e+00 1.148731231215895932e-01
9.377027027027027728e+00 1.140426447535447113e-01
9.417057057057057534e+00 1.132058653652815439e-01
9.457087087087087340e+00 1.123631824140860075e-01
9.497117117117118923e+00 1.115149858208895339e-01
9.537147147147148729e+00 1.106616579431646541e-01
9.577177177177178535e+00 1.098035735558204190e-01
9.617207207207208342e+00 1.089410998397551400e-01
9.657237237237238148e+00 1.080745963777311608e-01
9.697267267267267954e+00 1.072044151572444648e-01
9.737297297297297760e+00 1.063309005800675416e-01
9.777327327327327566e+00 1.054543894781536789e-01
9.817357357357359149e+00 1.045752111355960634e-01
9.857387387387388955e+00 1.036936873163449013e-01
9.897417417417418761e+00 1.028101322973903053e-01
9.937447447447448567e+00 1.019248529071311860e-01
9.977477477477478374e+00 1.010381485686515923e-01
1.001750750750750818e+01 1.001503113476405887e-01
1.005753753753753799e+01 9.926162600469279340e-02
1.009756756756756779e+01 9.837237005173959936e-02
1.013759759759759937e+01 9.748281381236527376e-02
1.017762762762762918e+01 9.659322048577094477e-02
1.021765765765765899e+01 9.570384621415686799e-02
1.025768768768768879e+01 9.481494015330056702e-02
1.029771771771771860e+01 9.392674454611500690e-02
1.033774774774774841e+01 9.303949479897997976e-02
1.037777777777777821e+01 9.215341956064468376e-02
1.041780780780780979e+01 9.126874080350773355e-02
1.045783783783783960e+01 9.038567390708843186e-02
1.049786786786786941e+01 8.950442774350687858e-02
1.053789789789789921e+01 8.862520476480165166e-02
1.057792792792792902e+01 8.774820109191593109e-02
1.061795795795795883e+01 8.687360660519187483e-02
1.065798798798798863e+01 8.600160503621863406e-02
1.069801801801801844e+01 8.513237406088590420e-02
1.073804804804805002e+01 8.426608539349893234e-02
1.077807807807807983e+01 8.340290488182093565e-02
1.081810810810810963e+01 8.254299260290894058e-02
1.085813813813813944e+01 8.168650295962059937e-02
1.089816816816816925e+01 8.083358477766959538e-02
1.093819819819819905e+01 7.998438140311679712e-02
1.097822822822822886e+01 7.913903080018647174e-02
1.101825825825825866e+01 7.829766564930462636e-02
1.105828828828829025e+01 7.746041344525761430e-02
1.109831831831832005e+01 7.662739659537909365e-02
1.113834834834834986e+01 7.579873251767270392e-02
1.117837837837837967e+01 7.497453373878655569e-02
1.121840840840840947e+01 7.415490799175707137e-02
1.125843843843843928e+01 7.333995831344602978e-02
1.129846846846846908e+01 7.252978314159699846e-02
1.133849849849849889e+01 7.172447641144301389e-02
1.137852852852853047e+01 7.092412765179924306e-02
1.141855855855856028e+01 7.012882208058074385e-02
1.145858858858859008e+01 6.933864069968555255e-02
1.149861861861861989e+01 6.855366038919012694e-02
1.153864864864864970e+01 6.777395400080593602e-02
1.157867867867867950e+01 6.699959045054849904e-02
1.161870870870870931e+01 6.623063481057546442e-02
1.165873873873874089e+01 6.546714840015052661e-02
1.169876876876877070e+01 6.470918887569641897e-02
1.173879879879880050e+01 6.395681031989845777e-02
1.177882882882883031e+01 6.321006332982760656e-02
1.181885885885886012e+01 6.246899510405135025e-02
1.185888888888888992e+01 6.173364952870370737e-02
1.189891891891891973e+01 6.100406726248935180e-02
1.193894894894894954e+01 6.028028582059789114e-02
1.197897897897898112e+01 5.956233965750666604e-02
1.201900900900901092e+01 5.885026024865368244e-02
1.205903903903904073e+01 5.814407617096171987e-02
1.209906906906907054e+01 5.744381318220068838e-02
1.213909909909910034e+01 5.674949429917197641e-02
1.217912912912913015e+01 5.606113987470584537e-02
1.221915915915915996e+01 5.537876767345945722e-02
1.225918918918918976e+01 5.470239294650831169e-02
1.229921921921922134e+01 5.403202850472472313e-02
1.233924924924925115e+01 5.336768479093595419e-02
1.237927927927928096e+01 5.270936995086020899e-02
1.241930930930931076e+01 5.205708990281603110e-02
1.245933933933934057e+01 5.141084840620480795e-02
1.249936936936937038e+01 5.077064712876519503e-02
1.253939939939940018e+01 5.013648571260110459e-02
1.257942942942942999e+01 4.950836183898466025e-02
1.261945945945946157e+01 4.888627129193731657e-02
1.265948948948949138e+01 4.827020802059290433e-02
1.269951951951952118e+01 4.766016420034754203e-02
1.273954954954955099e+01 4.705613029280215215e-02
1.277957957957958079e+01 4.645809510450368135e-02
1.281960960960961060e+01 4.586604584449294891e-02
1.285963963963964041e+01 4.527996818066641616e-02
1.289966966966967199e+01 4.469984629496056433e-02
1.293969969969970180e+01 4.412566293736880363e-02
1.297972972972973160e+01 4.355739947879979507e-02
1.301975975975976141e+01 4.299503596278813483e-02
1.305978978978979121e+01 4.243855115606818412e-02
1.309981981981982102e+01 4.188792259802236878e-02
1.313984984984985083e+01 4.134312664901563378e-02
1.317987987987988063e+01 4.080413853762823728e-02
1.321990990990991222e+01 4.027093240679958247e-02
1.325993993993994202e+01 3.974348135889595873e-02
1.329996996996997183e+01 3.922175749971482800e-02
1.334000000000000163e+01 3.870573198144031807e-02
1.338003003003003144e+01 3.819537504456228805e-02
1.342006006006006125e+01 3.769065605877375963e-02
1.346009009009009105e+01 3.719154356286072383e-02
1.350012012012012086e+01 3.669800530359831892e-02
1.354015015015015244e+01 3.621000827366852026e-02
1.358018018018018225e+01 3.572751874861285898e-02
1.362021021021021205e+01 3.525050232283607338e-02
1.366024024024024186e+01 3.477892394467507059e-02
1.370027027027027167e+01 3.431274795054736759e-02
1.374030030030030147e+01 3.385193809819538741e-02
1.378033033033033128e+01 3.339645759904022460e-02
1.382036036036036108e+01 3.294626914966089504e-02
1.386039039039039267e+01 3.250133496241323222e-02
1.390042042042042247e+01 3.206161679520446589e-02
1.394045045045045228e+01 3.162707598043732610e-02
1.398048048048048209e+01 3.119767345313965642e-02
1.402051051051051189e+01 3.077336977829367784e-02
1.406054054054054170e+01 3.035412517738058161e-02
1.410057057057057150e+01 2.993989955415426660e-02
1.414060060060060309e+01 2.953065251965971902e-02
1.418063063063063289e+01 2.912634341651074502e-02
1.422066066066066270e+01 2.872693134244048638e-02
1.426069069069069251e+01 2.833237517314083145e-02
1.430072072072072231e+01 2.794263358440387049e-02
1.434075075075075212e+01 2.755766507357954379e-02
1.438078078078078192e+01 2.717742798036482804e-02
1.442081081081081173e+01 2.680188050693673232e-02
1.446084084084084331e+01 2.643098073744432411e-02
1.450087087087087312e+01 2.606468665687284789e-02
1.454090090090090293e+01 2.570295616929329022e-02
1.458093093093093273e+01 2.534574711551132800e-02
1.462096096096096254e+01 2.499301729012862877e-02
1.466099099099099234e+01 2.464472445802951689e-02
1.470102102102102215e+01 2.430082637030575934e-02
1.474105105105105196e+01 2.396128077963307484e-02
1.478108108108108354e+01 2.362604545511047538e-02
1.482111111111111335e+01 2.329507819657651232e-02
1.486114114114114315e+01 2.296833684841341830e-02
1.490117117117117296e+01 2.264577931285154805e-02
1.494120120120120276e+01 2.232736356278661877e-02
1.498123123123123257e+01 2.201304765412050168e-02
1.502126126126126238e+01 2.170278973763772185e-02
1.506129129129129218e+01 2.139654807042890017e-02
1.510132132132132377e+01 2.109428102687224346e-02
1.514135135135135357e+01 2.079594710918409792e-02
1.518138138138138338e+01 2.050150495754923807e-02
1.522141141141141318e+01 2.021091335984205248e-02
1.526144144144144299e+01 1.992413126094842724e-02
1.530147147147147280e+01 1.964111777169869413e-02
1.534150150150150260e+01 1.936183217742248885e-02
1.538153153153153418e+01 1.908623394613415472e-02
1.542156156156156399e+01 1.881428273635974910e-02
1.546159159159159380e+01 1.854593840461404505e-02
1.550162162162162360e+01 1.828116101253792619e-02
1.554165165165165341e+01 1.801991083370444238e-02
1.558168168168168322e+01 1.776214836010322345e-02
1.562171171171171302e+01 1.750783430831200430e-02
1.566174174174174283e+01 1.725692962536339373e-02
1.570177177177177441e+01 1.700939549431623038e-02
1.574180180180180422e+01 1.676519333953908550e-02
1.578183183183183402e+01 1.652428483171474588e-02
1.582186186186186383e+01 1.628663189257305646e-02
1.586189189189189364e+01 1.605219669936036944e-02
1.590192192192192344e+01 1.582094168905338882e-02
1.594195195195195325e+01 1.559282956232427124e-02
1.598198198198198305e+01 1.536782328726505296e-02
1.602201201201201641e+01 1.514588610287820152e-02
1.606204204204204444e+01 1.492698152234054124e-02
1.610207207207207603e+01 1.471107333604701993e-02
1.614210210210210406e+01 1.449812561444178971e-02
1.618213213213213564e+01 1.428810271064222259e-02
1.622216216216216722e+01 1.408096926286336870e-02
1.626219219219219525e+01 1.387669019664821216e-02
1.630222222222222683e+01 1.367523072691026464e-02
1.634225225225225486e+01 1.347655635979482479e-02
1.638228228228228645e+01 1.328063289436389252e-02
1.642231231231231448e+01 1.308742642411155586e-02
1.646234234234234606e+01 1.289690333831445060e-02
1.650237237237237764e+01 1.270903032322344590e-02
1.654240240240240567e+01 1.252377436310165605e-02
1.658243243243243725e+01 1.234110274111362322e-02
1.662246246246246528e+01 1.216098304007156433e-02
1.666249249249249686e+01 1.198338314304264740e-02
1.670252252252252489e+01 1.180827123382305853e-02
1.674255255255255648e+01 1.163561579728277298e-02
1.678258258258258806e+01 1.146538561958627099e-02
1.682261261261261609e+01 1.129754978829315866e-02
1.686264264264264767e+01 1.113207769234331700e-02
1.690267267267267570e+01 1.096893902193096272e-02
1.694270270270270728e+01 1.080810376827127592e-02
1.698273273273273531e+01 1.064954222326432165e-02
1.702276276276276690e+01 1.049322497905940191e-02
1.706279279279279493e+01 1.033912292752438462e-02
1.710282282282282651e+01 1.018720725962325019e-02
1.714285285285285809e+01 1.003744946470574821e-02
1.718288288288288612e+01 9.889821329712481304e-03
1.722291291291291770e+01 9.744294938299048400e-03
1.726294294294294573e+01 9.600842669882493283e-03
1.730297297297297732e+01 9.459437198613160000e-03
1.734300300300300535e+01 9.320051492275606767e-03
1.738303303303303693e+01 9.182658811120788384e-03
1.742306306306306851e+01 9.047232706633601129e-03
1.746309309309309654e+01 8.913747020237550861e-03
1.750312312312312812e+01 8.782175881940208068e-03
1.754315315315315615e+01 8.652493708921975626e-03
1.758318318318318774e+01 8.524675204070396653e-03
1.762321321321321577e+01 8.398695354463222087e-03
1.766324324324324735e+01 8.274529429802413363e-03
1.770327327327327538e+01 8.152152980801385604e-03
1.774330330330330696e+01 8.031541837528261701e-03
1.778333333333333854e+01 7.912672107707021188e-03
1.782336336336336657e+01 7.795520174979007205e-03
1.786339339339339816e+01 7.680062697126796047e-03
1.790342342342342619e+01 7.566276604262867425e-03
1.794345345345345777e+01 7.454139096984392122e-03
1.798348348348348580e+01 7.343627644497049620e-03
1.802351351351351738e+01 7.234719982708874043e-03
1.806354354354354896e+01 7.127394112296609949e-03
1.810357357357357699e+01 7.021628296746102761e-03
1.814360360360360858e+01 6.917401060368384876e-03
1.818363363363363661e+01 6.814691186293415047e-03
1.822366366366366819e+01 6.713477714442622063e-03
1.826369369369369622e+01 6.613739939482529522e-03
1.830372372372372780e+01 6.515457408760136522e-03
1.834375375375375938e+01 6.418609920222164561e-03
1.838378378378378741e+01 6.323177520319457796e-03
1.842381381381381900e+01 6.229140501897492514e-03
1.846384384384384703e+01 6.136479402075056648e-03
1.850387387387387861e+01 6.045175000111584207e-03
1.854390390390390664e+01 5.955208315265097911e-03
1.858393393393393822e+01 5.866560604641342033e-03
1.862396396396396625e+01 5.779213361035753435e-03
1.866399399399399783e+01 5.693148310768982902e-03
1.870402402402402942e+01 5.608347411517379706e-03
1.874405405405405745e+01 5.524792850139180998e-03
1.878408408408408903e+01 5.442467040497526651e-03
1.882411411411411706e+01 5.361352621281421059e-03
1.886414414414414864e+01 5.281432453825190936e-03
1.890417417417417667e+01 5.202689619927670754e-03
1.894420420420420825e+01 5.125107419671785444e-03
1.898423423423423984e+01 5.048669369245465353e-03
1.902426426426426787e+01 4.973359198764490223e-03
1.906429429429429945e+01 4.899160850098308213e-03
1.910432432432432748e+01 4.826058474699324377e-03
1.914435435435435906e+01 4.754036431436402775e-03
1.918438438438438709e+01 4.683079284433390617e-03
1.922441441441441867e+01 4.613171800913111117e-03
1.926444444444445026e+01 4.544298949047597021e-03
1.930447447447447828e+01 4.476445895815036637e-03
1.934450450450450987e+01 4.409598004864134085e-03
1.938453453453453790e+01 4.343740834386294880e-03
1.942456456456456948e+01 4.278860134996147722e-03
1.946459459459459751e+01 4.214941847621138903e-03
1.950462462462462909e+01 4.151972101400274763e-03
1.954465465465465712e+01 4.089937211592828414e-03
1.958468468468468870e+01 4.028823677497164225e-03
1.962471471471472029e+01 3.968618180380335814e-03
1.966474474474474832e+01 3.909307581418598916e-03
1.970477477477477990e+01 3.850878919649413767e-03
1.974480480480480793e+01 3.793319409935132138e-03
1.978483483483483951e+01 3.736616440938821809e-03
1.982486486486486754e+01 3.680757573112508185e-03
1.986489489489489912e+01 3.625730536697965769e-03
1.990492492492493071e+01 3.571523229740740813e-03
1.994495495495495874e+01 3.518123716117137114e-03
1.998498498498499032e+01 3.465520223574920875e-03
2.002501501501501835e+01 3.413701141787617993e-03
2.006504504504504993e+01 3.362655020422795384e-03
2.010507507507507796e+01 3.312370567224503723e-03
2.014510510510510954e+01 3.262836646110055076e-03
2.018513513513513757e+01 3.214042275281345316e-03
2.022516516516516916e+01 3.165976625350794185e-03
2.026519519519520074e+01 3.118629017482247787e-03
2.030522522522522877e+01 3.071988921546736379e-03
2.034525525525526035e+01 3.026045954293469543e-03
2.038528528528528838e+01 2.980789877535978526e-03
2.042531531531531996e+01 2.936210596353652520e-03
2.046534534534534799e+01 2.892298157308726119e-03
2.050537537537537958e+01 2.849042746678729244e-03
2.054540540540541116e+01 2.806434688704692679e-03
2.058543543543543919e+01 2.764464443854863351e-03
2.062546546546547077e+01 2.723122607104312264e-03
2.066549549549549880e+01 2.682399906230260346e-03
2.070552552552553038e+01 2.642287200123253580e-03
2.074555555555555841e+01 2.602775477114268547e-03
2.078558558558559000e+01 2.563855853317648613e-03
2.082561561561562158e+01 2.525519570990019530e-03
2.086564564564564961e+01 2.487757996905149739e-03
2.090567567567568119e+01 2.450562620744715925e-03
2.094570570570570922e+01 2.413925053505100882e-03
2.098573573573574080e+01 2.377837025920013798e-03
2.102576576576576883e+01 2.342290386899174934e-03
2.106579579579580042e+01 2.307277101982818830e-03
2.110582582582582845e+01 2.272789251812150444e-03
2.114585585585586003e+01 2.238819030615615477e-03
2.118588588588589161e+01 2.205358744711050350e-03
2.122591591591591964e+01 2.172400811023573498e-03
2.126594594594595122e+01 2.139937755619281297e-03
2.130597597597597925e+01 2.107962212254575578e-03
2.134600600600601084e+01 2.076466920941198203e-03
2.138603603603603887e+01 2.045444726526851262e-03
2.142606606606607045e+01 2.014888577291282321e-03
2.146609609609610203e+01 1.984791523557931023e-03
2.150612612612613006e+01 1.955146716320908893e-03
2.154615615615616164e+01 1.925947405887331893e-03
2.158618618618618967e+01 1.897186940534907260e-03
2.162621621621622126e+01 1.868858765184672069e-03
2.166624624624624929e+01 1.840956420088886349e-03
2.170627627627628087e+01 1.813473539533845894e-03
2.174630630630630890e+01 1.786403850557723421e-03
2.178633633633634048e+01 1.759741171683180038e-03
2.182636636636637206e+01 1.733479411664720334e-03
2.186639639639640009e+01 1.707612568250778092e-03
2.190642642642643168e+01 1.682134726960239244e-03
2.194645645645645970e+01 1.657040059873551461e-03
2.198648648648649129e+01 1.632322824438093168e-03
2.202651651651651932e+01 1.607977362287886991e-03
2.206654654654655090e+01 1.583998098077397856e-03
2.210657657657658248e+01 1.560379538329455208e-03
2.214660660660661051e+01 1.537116270297053449e-03
2.218663663663664209e+01 1.514202960839068114e-03
2.222666666666667012e+01 1.491634355309642964e-03
2.226669669669670171e+01 1.469405276461226758e-03
2.230672672672672974e+01 1.447510623361153003e-03
2.234675675675676132e+01 1.425945370321549544e-03
2.238678678678679290e+01 1.404704565842635226e-03
2.242681681681682093e+01 1.383783331569094204e-03
2.246684684684685251e+01 1.363176861259583197e-03
2.250687687687688054e+01 1.342880419769165896e-03
2.254690690690691213e+01 1.322889342044559829e-03
2.258693693693694016e+01 1.303199032132159457e-03
2.262696696696697174e+01 1.283804962198572056e-03
2.266699699699699977e+01 1.264702671563729466e-03
2.270702702702703135e+01 1.245887765746301647e-03
2.274705705705706293e+01 1.227355915521399212e-03
2.278708708708709096e+01 1.209102855990405604e-03
2.282711711711712255e+01 1.191124385662777974e-03
2.286714714714715058e+01 1.173416365549842608e-03
2.290717717717718216e+01 1.155974718270265031e-03
2.294720720720721019e+01 1.138795427167254432e-03
2.298723723723724177e+01 1.121874535437298800e-03
2.302726726726727335e+01 1.105208145270301099e-03
2.306729729729730138e+01 1.088792417001063989e-03
2.310732732732733297e+01 1.072623568271937732e-03
2.314735735735736100e+01 1.056697873206569873e-03
2.318738738738739258e+01 1.041011661594584779e-03
2.322741741741742061e+01 1.025561318087148989e-03
2.326744744744745219e+01 1.010343281403208596e-03
2.330747747747748377e+01 9.953540435463973345e-04
2.334750750750751180e+01 9.805901490323916132e-04
2.338753753753754339e+01 9.660481941266713937e-04
2.342756756756757142e+01 9.517248260925546431e-04
2.346759759759760300e+01 9.376167424493525972e-04
2.350762762762763103e+01 9.237206902406097306e-04
2.354765765765766261e+01 9.100334653122247111e-04
2.358768768768769064e+01 8.965519116004167779e-04
2.362771771771772222e+01 8.832729204293758877e-04
2.366774774774775381e+01 8.701934298185258314e-04
2.370777777777778184e+01 8.573104237992404007e-04
2.374780780780781342e+01 8.446209317409410482e-04
2.378783783783784145e+01 8.321220276864718483e-04
2.382786786786787303e+01 8.198108296965941162e-04
2.386789789789790106e+01 8.076844992035711948e-04
2.390792792792793264e+01 7.957402403736313400e-04
2.394795795795796423e+01 7.839752994783242071e-04
2.398798798798799226e+01 7.723869642745524733e-04
2.402801801801802384e+01 7.609725633932581034e-04
2.406804804804805187e+01 7.497294657366085444e-04
2.410807807807808345e+01 7.386550798835903649e-04
2.414810810810811148e+01 7.277468535039319534e-04
2.418813813813814306e+01 7.170022727802224591e-04
2.422816816816817109e+01 7.064188618381359031e-04
2.426819819819820268e+01 6.959941821846732900e-04
2.430822822822823426e+01 6.857258321543000966e-04
2.434825825825826229e+01 6.756114463629032431e-04
2.438828828828829387e+01 6.656486951694559834e-04
2.442831831831832190e+01 6.558352841452942195e-04
2.446834834834835348e+01 6.461689535509166369e-04
2.450837837837838151e+01 6.366474778202139018e-04
2.454840840840841310e+01 6.272686650520078750e-04
2.458843843843844468e+01 6.180303565088497752e-04
2.462846846846847271e+01 6.089304261229471892e-04
2.466849849849850429e+01 5.999667800091418660e-04
2.470852852852853232e+01 5.911373559848641336e-04
2.474855855855856390e+01 5.824401230969426194e-04
2.478858858858859193e+01 5.738730811551956542e-04
2.482861861861862351e+01 5.654342602727311772e-04
2.486864864864865510e+01 5.571217204128336032e-04
2.490867867867868313e+01 5.489335509423901634e-04
2.494870870870871471e+01 5.408678701917308445e-04
2.498873873873874274e+01 5.329228250208375810e-04
2.502876876876877432e+01 5.250965903918041995e-04
2.506879879879880235e+01 5.173873689474891083e-04
2.510882882882883393e+01 5.097933905962597932e-04
2.514885885885886196e+01 5.023129121027677555e-04
2.518888888888889355e+01 4.949442166846486140e-04
2.522891891891892513e+01 4.876856136150940833e-04
2.526894894894895316e+01 4.805354378312005274e-04
2.530897897897898474e+01 4.734920495480145620e-04
2.534900900900901277e+01 4.665538338782152070e-04
2.538903903903904435e+01 4.597192004573396728e-04
2.542906906906907238e+01 4.529865830744830130e-04
2.546909909909910397e+01 4.463544393084031749e-04
2.550912912912913555e+01 4.398212501689491034e-04
2.554915915915916358e+01 4.333855197437454362e-04
2.558918918918919516e+01 4.270457748500519342e-04
2.562921921921922319e+01 4.208005646917514038e-04
2.566924924924925477e+01 4.146484605213566631e-04
2.570927927927928280e+01 4.085880553070030488e-04
2.574930930930931439e+01 4.026179634043435766e-04
2.578933933933934597e+01 3.967368202332748734e-04
2.582936936936937400e+01 3.909432819594330566e-04
2.586939939939940558e+01 3.852360251803838291e-04
2.590942942942943361e+01 3.796137466164703077e-04
2.594945945945946519e+01 3.740751628062058257e-04
2.598948948948949322e+01 3.686190098061978889e-04
2.602951951951952481e+01 3.632440428954967051e-04
2.606954954954955284e+01 3.579490362843479063e-04
2.610957957957958442e+01 3.527327828272473309e-04
2.614960960960961600e+01 3.475940937402702724e-04
2.618963963963964403e+01 3.425317983225879175e-04
2.622966966966967561e+01 3.375447436821394764e-04
2.626969969969970364e+01 3.326317944653740290e-04
2.630972972972973523e+01 3.277918325910276088e-04
2.634975975975976326e+01 3.230237569878564863e-04
2.638978978978979484e+01 3.183264833362932041e-04
2.642981981981982642e+01 3.136989438139540240e-04
2.646984984984985445e+01 3.091400868449427613e-04
2.650987987987988603e+01 3.046488768529046040e-04
2.654990990990991406e+01 3.002242940177772242e-04
2.658993993993994565e+01 2.958653340361712012e-04
2.662996996996997368e+01 2.915710078853538459e-04
2.667000000000000526e+01 2.873403415907493084e-04
2.671003003003003329e+01 2.831723759969457014e-04
2.675006006006006487e+01 2.790661665421202242e-04
2.679009009009009645e+01 2.750207830358583280e-04
2.683012012012012448e+01 2.710353094403135247e-04
2.687015015015015607e+01 2.671088436546441422e-04
2.691018018018018410e+01 2.632404973027030123e-04
2.695021021021021568e+01 2.594293955239157967e-04
2.699024024024024371e+01 2.556746767673068058e-04
2.703027027027027529e+01 2.519754925886291057e-04
2.707030030030030687e+01 2.483310074505522920e-04
2.711033033033033490e+01 2.447403985258594125e-04
2.715036036036036649e+01 2.412028555036143057e-04
2.719039039039039451e+01 2.377175803982568272e-04
2.723042042042042610e+01 2.342837873615770394e-04
2.727045045045045413e+01 2.309007024975296318e-04
2.731048048048048571e+01 2.275675636798520063e-04
2.735051051051051729e+01 2.242836203724349624e-04
2.739054054054054532e+01 2.210481334524133201e-04
2.743057057057057690e+01 2.178603750359313243e-04
2.747060060060060493e+01 2.147196283065538002e-04
2.751063063063063652e+01 2.116251873462638355e-04
2.755066066066066455e+01 2.085763569690359041e-04
2.759069069069069613e+01 2.055724525569177247e-04
2.763072072072072416e+01 2.026127998986122899e-04
2.767075075075075574e+01 1.996967350304971545e-04
2.771078078078078732e+01 1.968236040800647201e-04
2.775081081081081535e+01 1.939927631117365435e-04
2.779084084084084694e+01 1.912035779750182200e-04
2.783087087087087497e+01 1.884554241549672769e-04
2.787090090090090655e+01 1.857476866249250982e-04
2.791093093093093458e+01 1.830797597015008720e-04
2.795096096096096616e+01 1.804510469017478501e-04
2.799099099099099774e+01 1.778609608025244363e-04
2.803102102102102577e+01 1.753089229019861662e-04
2.807105105105105736e+01 1.727943634831980075e-04
2.811108108108108539e+01 1.703167214798116311e-04
2.815111111111111697e+01 1.678754443438002268e-04
2.819114114114114500e+01 1.654699879152038097e-04
2.823117117117117658e+01 1.630998162938578576e-04
2.827120120120120816e+01 1.607644017130857095e-04
2.831123123123123619e+01 1.584632244153124682e-04
2.835126126126126778e+01 1.561957725295764468e-04
2.839129129129129581e+01 1.539615419509135204e-04
2.843132132132132739e+01 1.517600362215799589e-04
2.847135135135135542e+01 1.495907664140921662e-04
2.851138138138138700e+01 1.474532510160489831e-04
2.855141141141141503e+01 1.453470158167178520e-04
2.859144144144144661e+01 1.432715937953511233e-04
2.863147147147147820e+01 1.412265250112140747e-04
2.867150150150150623e+01 1.392113564952868286e-04
2.871153153153153781e+01 1.372256421436304395e-04
2.875156156156156584e+01 1.352689426123786611e-04
2.879159159159159742e+01 1.333408252143391843e-04
2.883162162162162545e+01 1.314408638171785961e-04
2.887165165165165703e+01 1.295686387431589409e-04
2.891168168168168862e+01 1.277237366704172367e-04
2.895171171171171665e+01 1.259057505357539565e-04
2.899174174174174823e+01 1.241142794389062164e-04
2.903177177177177626e+01 1.223489285482947200e-04
2.907180180180180784e+01 1.206093090082069178e-04
2.911183183183183587e+01 1.188950378474104872e-04
2.915186186186186745e+01 1.172057378891588192e-04
2.919189189189189548e+01 1.155410376625842436e-04
2.923192192192192707e+01 1.139005713154440675e-04
2.927195195195195865e+01 1.122839785282051152e-04
2.931198198198198668e+01 1.106909044294493688e-04
2.935201201201201826e+01 1.091209995125728586e-04
2.939204204204204629e+01 1.075739195537651861e-04
2.943207207207207787e+01 1.060493255312453523e-04
2.947210210210210590e+01 1.045468835457389169e-04
2.951213213213213749e+01 1.030662647421732442e-04
2.955216216216216907e+01 1.016071452325774610e-04
2.959219219219219710e+01 1.001692060201611861e-04
2.963222222222222868e+01 9.875213292456544423e-05
2.967225225225225671e+01 9.735561650825359261e-05
2.971228228228228829e+01 9.597935200403792124e-05
2.975231231231231632e+01 9.462303924371841474e-05
2.979234234234234791e+01 9.328638258781415938e-05
2.983237237237237949e+01 9.196909085637735312e-05
2.987240240240240752e+01 9.067087726086971188e-05
2.991243243243243910e+01 8.939145933708159358e-05
2.995246246246246713e+01 8.813055887908836494e-05
2.999249249249249871e+01 8.688790187421427662e-05
3.003252252252252674e+01 8.566321843900013351e-05
3.007255255255255832e+01 8.445624275615345533e-05
3.011258258258258635e+01 8.326671301246832066e-05
3.015261261261261794e+01 8.209437133769608330e-05
3.019264264264264952e+01 8.093896374436034750e-05
3.023267267267267755e+01 7.980024006849347428e-05
3.027270270270270913e+01 7.867795391128385829e-05
3.031273273273273716e+01 7.757186258162314667e-05
3.035276276276276874e+01 7.648172703953274589e-05
3.039279279279279677e+01 7.540731184046229815e-05
3.043282282282282836e+01 7.434838508044387792e-05
3.047285285285285994e+01 7.330471834208903369e-05
3.051288288288288797e+01 7.227608664141598979e-05
3.055291291291291955e+01 7.126226837549462121e-05
3.059294294294294758e+01 7.026304527089536440e-05
3.063297297297297916e+01 6.927820233293185883e-05
3.067300300300300719e+01 6.830752779568388894e-05
3.071303303303303878e+01 6.735081307278638265e-05
3.075306306306307036e+01 6.640785270897838139e-05
3.079309309309309839e+01 6.547844433239433624e-05
3.083312312312312997e+01 6.456238860758888043e-05
3.087315315315315800e+01 6.365948918928653999e-05
3.091318318318318958e+01 6.276955267683845274e-05
3.095321321321321761e+01 6.189238856938226009e-05
3.099324324324324920e+01 6.102780922168985736e-05
3.103327327327327723e+01 6.017562980069447129e-05
3.107330330330330881e+01 5.933566824268627699e-05
3.111333333333334039e+01 5.850774521116390293e-05
3.115336336336336842e+01 5.769168405533767701e-05
3.119339339339340000e+01 5.688731076926660231e-05
3.123342342342342803e+01 5.609445395162635211e-05
3.127345345345345962e+01 5.531294476609338985e-05
3.131348348348348765e+01 5.454261690234124999e-05
3.135351351351351923e+01 5.378330653763102262e-05
3.139354354354355081e+01 5.303485229899804090e-05
3.143357357357357884e+01 5.229709522601514040e-05
3.147360360360361042e+01 5.156987873413003057e-05
3.151363363363363845e+01 5.085304857856582121e-05
3.155366366366367004e+01 5.014645281877563719e-05
3.159369369369369807e+01 4.944994178344525672e-05
3.163372372372372965e+01 4.876336803602943461e-05
3.167375375375375768e+01 4.808658634082249323e-05
3.171378378378378926e+01 4.741945362954616598e-05
3.175381381381382084e+01 4.676182896845312804e-05
3.179384384384384887e+01 4.611357352593409829e-05
3.183387387387388046e+01 4.547455054062329481e-05
3.187390390390390849e+01 4.484462528999415303e-05
3.191393393393394007e+01 4.422366505943563008e-05
3.195396396396396810e+01 4.361153911180466356e-05
3.199399399399399968e+01 4.300811865744573177e-05
3.203402402402402771e+01 4.241327682467094912e-05
3.207405405405405929e+01 4.182688863069177919e-05
3.211408408408408377e+01 4.124883095299905857e-05
3.215411411411411535e+01 4.067898250118050994e-05
3.219414414414414694e+01 4.011722378917190196e-05
3.223417417417417852e+01 3.956343710793338599e-05
3.227420420420420299e+01 3.901750649854431442e-05
3.231423423423423458e+01 3.847931772571282737e-05
3.235426426426426616e+01 3.794875825168977218e-05
3.239429429429429774e+01 3.742571721058364910e-05
3.243432432432432933e+01 3.691008538306920350e-05
3.247435435435435380e+01 3.640175517148387126e-05
3.251438438438438538e+01 3.590062057530639172e-05
3.255441441441441697e+01 3.540657716701065634e-05
3.259444444444444855e+01 3.491952206829006982e-05
3.263447447447448013e+01 3.443935392664663689e-05
3.267450450450450461e+01 3.396597289233792386e-05
3.271453453453453619e+01 3.349928059567793768e-05
3.275456456456456777e+01 3.303918012468586447e-05
3.279459459459459936e+01 3.258557600307693481e-05
3.283462462462462383e+01 3.213837416859010324e-05
3.287465465465465542e+01 3.169748195164779855e-05
3.291468468468468700e+01 3.126280805434342158e-05
3.295471471471471858e+01 3.083426252974842522e-05
3.299474474474475016e+01 3.041175676153896971e-05
3.303477477477477464e+01 2.999520344393176533e-05
3.307480480480480622e+01 2.958451656192825544e-05
3.311483483483483781e+01 2.917961137186138673e-05
3.315486486486486939e+01 2.878040438223950173e-05
3.319489489489489387e+01 2.838681333488282701e-05
3.323492492492492545e+01 2.799875718634934501e-05
3.327495495495495703e+01 2.761615608964473038e-05
3.331498498498498861e+01 2.723893137621077366e-05
3.335501501501502020e+01 2.686700553819038165e-05
3.339504504504504467e+01 2.650030221096345547e-05
3.343507507507507626e+01 2.613874615594872345e-05
3.347510510510510784e+01 2.578226324366987877e-05
3.351513513513513942e+01 2.543078043707915753e-05
3.355516516516517100e+01 2.508422577513619899e-05
3.359519519519519548e+01 2.474252835663802059e-05
3.363522522522522706e+01 2.440561832429485951e-05
3.367525525525525865e+01 2.407342684905043750e-05
3.371528528528529023e+01 2.374588611464054682e-05
3.375531531531531471e+01 2.342292930238812449e-05
3.379534534534534629e+01 2.310449057622934279e-05
3.383537537537537787e+01 2.279050506796933393e-05
3.387540540540540945e+01 2.248090886276187686e-05
3.391543543543544104e+01 2.217563898481142695e-05
3.395546546546546551e+01 2.187463338329182682e-05
3.399549549549549710e+01 2.157783091848119352e-05
3.403552552552552868e+01 2.128517134810722905e-05
3.407555555555556026e+01 2.099659531390096195e-05
3.411558558558558474e+01 2.071204432835524047e-05
3.415561561561561632e+01 2.043146076168527361e-05
3.419564564564564790e+01 2.015478782898704244e-05
3.423567567567567949e+01 1.988196957759216205e-05
3.427570570570571107e+01 1.961295087461487432e-05
3.431573573573573555e+01 1.934767739468835595e-05
3.435576576576576713e+01 1.908609560788807841e-05
3.439579579579579871e+01 1.882815276783872681e-05
3.443582582582583029e+01 1.857379690000222444e-05
3.447585585585585477e+01 1.832297679014380378e-05
3.451588588588588635e+01 1.807564197297319299e-05
3.455591591591591794e+01 1.783174272095925788e-05
3.459594594594594952e+01 1.759123003331365060e-05
3.463597597597598110e+01 1.735405562514302815e-05
3.467600600600600558e+01 1.712017191676503273e-05
3.471603603603603716e+01 1.688953202318730571e-05
3.475606606606606874e+01 1.666208974374596398e-05
3.479609609609610033e+01 1.643779955190179039e-05
3.483612612612613191e+01 1.621661658519063515e-05
3.487615615615615638e+01 1.599849663532714020e-05
3.491618618618618797e+01 1.578339613845803954e-05
3.495621621621621955e+01 1.557127216556385631e-05
3.499624624624625113e+01 1.536208241300591345e-05
3.503627627627627561e+01 1.515578519321642516e-05
3.507630630630630719e+01 1.495233942553049011e-05
3.511633633633633877e+01 1.475170462715628826e-05
3.515636636636637036e+01 1.455384090428269178e-05
3.519639639639640194e+01 1.435870894332128150e-05
3.523642642642642642e+01 1.416627000228131026e-05
3.527645645645645800e+01 1.397648590227492978e-05
3.531648648648648958e+01 1.378931901915130032e-05
3.535651651651652116e+01 1.360473227525746226e-05
3.539654654654654564e+01 1.342268913132367744e-05
3.543657657657657722e+01 1.324315357847136331e-05
3.547660660660660881e+01 1.306609013034259827e-05
3.551663663663664039e+01 1.289146381534808636e-05
3.555666666666667197e+01 1.271924016903243251e-05
3.559669669669669645e+01 1.254938522655502941e-05
3.563672672672672803e+01 1.238186551528433661e-05
3.567675675675675961e+01 1.221664804750446441e-05
3.571678678678679120e+01 1.205370031323129089e-05
3.575681681681682278e+01 1.189299027313779370e-05
3.579684684684684726e+01 1.173448635158567605e-05
3.583687687687687884e+01 1.157815742976242622e-05
3.587690690690691042e+01 1.142397283892180833e-05
3.591693693693694200e+01 1.127190235372655435e-05
3.595696696696696648e+01 1.112191618569139735e-05
3.599699699699699806e+01 1.097398497672468921e-05
3.603702702702702965e+01 1.082807979276791340e-05
3.607705705705706123e+01 1.068417211753068530e-05
3.611708708708709281e+01 1.054223384632031547e-05
3.615711711711711729e+01 1.040223727996426689e-05
3.619714714714714887e+01 1.026415511882422907e-05
3.623717717717718045e+01 1.012796045690021643e-05
3.627720720720721204e+01 9.993626776023723757e-06
3.631723723723723651e+01 9.861127940137643321e-06
3.635726726726726810e+01 9.730438189663106075e-06
3.639729729729729968e+01 9.601532135950255445e-06
3.643732732732733126e+01 9.474384755813028118e-06
3.647735735735736284e+01 9.348971386146024188e-06
3.651738738738738732e+01 9.225267718621760725e-06
3.655741741741741890e+01 9.103249794468503596e-06
3.659744744744745049e+01 8.982893999325723070e-06
3.663747747747748207e+01 8.864177058177395146e-06
3.667750750750751365e+01 8.747076030361086913e-06
3.671753753753753813e+01 8.631568304652051767e-06
3.675756756756756971e+01 8.517631594420992770e-06
3.679759759759760129e+01 8.405243932864664069e-06
3.683762762762763288e+01 8.294383668307990702e-06
3.687765765765765735e+01 8.185029459576327796e-06
3.691768768768768894e+01 8.077160271437618642e-06
3.695771771771772052e+01 7.970755370112213740e-06
3.699774774774775210e+01 7.865794318850742177e-06
3.703777777777778368e+01 7.762256973577565380e-06
3.707780780780780816e+01 7.660123478599721749e-06
3.711783783783783974e+01 7.559374262380123838e-06
3.715786786786787133e+01 7.459990033374093259e-06
3.719789789789790291e+01 7.361951775928017836e-06
3.723792792792792739e+01 7.265240746239513513e-06
3.727795795795795897e+01 7.169838468377883149e-06
3.731798798798799055e+01 7.075726730364045498e-06
3.735801801801802213e+01 6.982887580309412597e-06
3.739804804804805372e+01 6.891303322611830923e-06
3.743807807807807819e+01 6.800956514209075042e-06
3.747810810810810978e+01 6.711829960887471249e-06
3.751813813813814136e+01 6.623906713646560909e-06
3.755816816816817294e+01 6.537170065117248844e-06
3.759819819819820452e+01 6.451603546033693421e-06
3.763822822822822900e+01 6.367190921758070129e-06
3.767825825825826058e+01 6.283916188856552697e-06
3.771828828828829216e+01 6.201763571727141950e-06
3.775831831831832375e+01 6.120717519276930042e-06
3.779834834834834822e+01 6.040762701649514975e-06
3.783837837837837981e+01 5.961884007000784932e-06
3.787840840840841139e+01 5.884066538323031765e-06
3.791843843843844297e+01 5.807295610315901181e-06
3.795846846846847455e+01 5.731556746304456577e-06
3.799849849849849903e+01 5.656835675202609133e-06
3.803852852852853061e+01 5.583118328522023393e-06
3.807855855855856220e+01 5.510390837425437872e-06
3.811858858858859378e+01 5.438639529823707817e-06
3.815861861861861826e+01 5.367850927516008516e-06
3.819864864864864984e+01 5.298011743372696047e-06
3.823867867867868142e+01 5.229108878559676871e-06
3.827870870870871300e+01 5.161129419804473469e-06
3.831873873873874459e+01 5.094060636702315674e-06
3.835876876876876906e+01 5.027889979062666815e-06
3.839879879879880065e+01 4.962605074294896338e-06
3.843882882882883223e+01 4.898193724832755001e-06
3.847885885885886381e+01 4.834643905597040248e-06
3.851888888888889539e+01 4.771943761495936763e-06
3.855891891891891987e+01 4.710081604962284263e-06
3.859894894894895145e+01 4.649045913527437126e-06
3.863897897897898304e+01 4.588825327430974684e-06
3.867900900900901462e+01 4.529408647265805629e-06
3.871903903903903910e+01 4.470784831658257431e-06
3.875906906906907068e+01 4.412942994982274069e-06
3.879909909909910226e+01 4.355872405107505253e-06
3.883912912912913384e+01 4.299562481180914427e-06
3.887915915915916543e+01 4.244002791440780704e-06
3.891918918918918990e+01 4.189183051063298016e-06
3.895921921921922149e+01 4.135093120040959172e-06
3.899924924924925307e+01 4.081723001092130217e-06
3.903927927927928465e+01 4.029062837601630425e-06
3.907930930930930913e+01 3.977102911591664031e-06
3.911933933933934071e+01 3.925833641722663227e-06
3.915936936936937229e+01 3.875245581323679069e-06
3.919939939939940388e+01 3.825329416451736662e-06
3.923942942942943546e+01 3.776075963979911547e-06
3.927945945945945994e+01 3.727476169713483535e-06
3.931948948948949152e+01 3.679521106533883806e-06
3.935951951951952310e+01 3.632201972569982962e-06
3.939954954954955468e+01 3.585510089396292287e-06
3.943957957957957916e+01 3.539436900257753363e-06
3.947960960960961074e+01 3.493973968320475696e-06
3.951963963963964233e+01 3.449112974948440990e-06
3.955966966966967391e+01 3.404845718005370642e-06
3.959969969969970549e+01 3.361164110181632388e-06
3.963972972972972997e+01 3.318060177345735881e-06
3.967975975975976155e+01 3.275526056920028436e-06
3.971978978978979313e+01 3.233553996280197900e-06
3.975981981981982472e+01 3.192136351178463641e-06
3.979984984984985630e+01 3.151265584189644638e-06
3.983987987987988078e+01 3.110934263180292687e-06
3.987990990990991236e+01 3.071135059799998829e-06
3.991993993993994394e+01 3.031860747995179170e-06
3.995996996996997552e+01 2.993104202544247869e-06
4.000000000000000000e+01 2.954858397614662626e-06
