1.000000000000000021e-02 1.116529176676706517e-10
5.003003003003003712e-02 6.254863708400648375e-06
9.006006006006006537e-02 1.274054430631687586e-04
1.300900900900901214e-01 6.434747736589977590e-04
1.701201201201201496e-01 1.843041978926900819e-03
2.101501501501501779e-01 3.910145718760438607e-03
2.501801801801802339e-01 6.912159978696256167e-03
2.902102102102102621e-01 1.082637150440633050e-02
3.302402402402402903e-01 1.557178836671019306e-02
3.702702702702703186e-01 2.103526363558224851e-02
4.103003003003003468e-01 2.709013264367148011e-02
4.503303303303303751e-01 3.360844369393083120e-02
4.903603603603604588e-01 4.046842079803791847e-02
5.303903903903904871e-01 4.755861654264360860e-02
5.704204204204205153e-01 5.477986981262366467e-02
6.104504504504505435e-01 6.204586381115153454e-02
6.504804804804805718e-01 6.928283020267331227e-02
6.905105105105106000e-01 7.642876395871249506e-02
7.305405405405406283e-01 8.343238688692167226e-02
7.705705705705706565e-01 9.025201144764169459e-02
8.106006006006006848e-01 9.685439849601615303e-02
8.506306306306307130e-01 1.032136642255957748e-01
8.906606606606607413e-01 1.093102665598522649e-01
9.306906906906907695e-01 1.151300851836836170e-01
9.707207207207209088e-01 1.206635993436361159e-01
1.010750750750750937e+00 1.259051614477480208e-01
1.050780780780780965e+00 1.308523609973766266e-01
1.090810810810810993e+00 1.355054715670301335e-01
1.130840840840841022e+00 1.398669728014867997e-01
1.170870870870871050e+00 1.439411393153725294e-01
1.210900900900901078e+00 1.477336886904550839e-01
1.250930930930931106e+00 1.512514812948798637e-01
1.290960960960961135e+00 1.545022652834930899e-01
1.330990990990991163e+00 1.574944608079911212e-01
1.371021021021021191e+00 1.602369781262869552e-01
1.411051051051051219e+00 1.627390649267971556e-01
1.451081081081081248e+00 1.650101787617903326e-01
1.491111111111111276e+00 1.670598810085930919e-01
1.531141141141141304e+00 1.688977492471681330e-01
1.571171171171171332e+00 1.705333053590832038e-01
1.611201201201201361e+00 1.719759570195329712e-01
1.651231231231231389e+00 1.732349505750316321e-01
1.691261261261261417e+00 1.743193335791399234e-01
1.731291291291291445e+00 1.752379255015935333e-01
1.771321321321321474e+00 1.759992953367127688e-01
1.811351351351351502e+00 1.766117450189661486e-01
1.851381381381381530e+00 1.770832977106055750e-01
1.891411411411411558e+00 1.774216901616477993e-01
1.931441441441441809e+00 1.776343684589820338e-01
1.971471471471471837e+00 1.777284865815936532e-01
2.011501501501501643e+00 1.777109072650034649e-01
2.051531531531531449e+00 1.775882047519736773e-01
2.091561561561561700e+00 1.773666690700030080e-01
2.131591591591591506e+00 1.770523115305785711e-01
2.171621621621621756e+00 1.766508711918297336e-01
2.211651651651651562e+00 1.761678220662299121e-01
2.251681681681681813e+00 1.756083808892478781e-01
2.291711711711711619e+00 1.749775152941725753e-01
2.331741741741741869e+00 1.742799522634171372e-01
2.371771771771771675e+00 1.735201867480472560e-01
2.411801801801801926e+00 1.727024903655906829e-01
2.451831831831831732e+00 1.718309201018101418e-01
2.491861861861861982e+00 1.709093269554404493e-01
2.531891891891891788e+00 1.699413644762302888e-01
2.571921921921922038e+00 1.689304971562698710e-01
2.611951951951952289e+00 1.678800086427662264e-01
2.651981981981982095e+00 1.667930097473616091e-01
2.692012012012012345e+00 1.656724462329474679e-01
2.732042042042042151e+00 1.645211063638675197e-01
2.772072072072072402e+00 1.633416282095549732e-01
2.812102102102102208e+00 1.621365066951260259e-01
2.852132132132132458e+00 1.609081003953529154e-01
2.892162162162162264e+00 1.596586380708462927e-01
2.932192192192192515e+00 1.583902249472611823e-01
2.972222222222222321e+00 1.571048487399689109e-01
3.012252252252252571e+00 1.558043854279535789e-01
3.052282282282282377e+00 1.544906047817518613e-01
3.092312312312312628e+00 1.531651756510917783e-01
3.132342342342342434e+00 1.518296710185348675e-01
3.172372372372372684e+00 1.504855728259165415e-01
3.212402402402402490e+00 1.491342765807365245e-01
3.252432432432432741e+00 1.477770957498947269e-01
3.292462462462462547e+00 1.464152659483186070e-01
3.332492492492492797e+00 1.450499489300987876e-01
3.372522522522522603e+00 1.436822363897562738e-01
3.412552552552552854e+00 1.423131535812179604e-01
3.452582582582582660e+00 1.409436627619847782e-01
3.492612612612612910e+00 1.395746664698523654e-01
3.532642642642642716e+00 1.382070106393881170e-01
3.572672672672672967e+00 1.368414875651918217e-01
3.612702702702702773e+00 1.354788387187742527e-01
3.652732732732733023e+00 1.341197574256801361e-01
3.692762762762762829e+00 1.327648914092675325e-01
3.732792792792793080e+00 1.314148452073331530e-01
3.772822822822822886e+00 1.300701824675487284e-01
3.812852852852853136e+00 1.287314281274472005e-01
3.852882882882883386e+00 1.273990704844715494e-01
3.892912912912913193e+00 1.260735631613759955e-01
3.932942942942943443e+00 1.247553269720478863e-01
3.972972972972973249e+00 1.234447516926032856e-01
4.013003003003003499e+00 1.221421977423964300e-01
4.053033033033033306e+00 1.208479977793791016e-01
4.093063063063063112e+00 1.195624582140435849e-01
4.133093093093093806e+00 1.182858606459910034e-01
4.173123123123123612e+00 1.170184632269790498e-01
4.213153153153153418e+00 1.157605019541212976e-01
4.253183183183183225e+00 1.145121918967383218e-01
4.293213213213213919e+00 1.132737283601920192e-01
4.333243243243243725e+00 1.120452879898752030e-01
4.373273273273273531e+00 1.108270298183732516e-01
4.413303303303303338e+00 1.096190962586691686e-01
4.453333333333334032e+00 1.084216140461206346e-01
4.493363363363363838e+00 1.072346951318040448e-01
4.533393393393393644e+00 1.060584375296909770e-01
4.573423423423423451e+00 1.048929261200009788e-01
4.613453453453454145e+00 1.037382334109558379e-01
4.653483483483483951e+00 1.025944202610503814e-01
4.693513513513513757e+00 1.014615365638474320e-01
4.733543543543543564e+00 1.003396218972037873e-01
4.773573573573574258e+00 9.922870613873804868e-02
4.813603603603604064e+00 9.812881004925880224e-02
4.853633633633633870e+00 9.703994582578454042e-02
4.893663663663663677e+00 9.596211762570487636e-02
4.933693693693694371e+00 9.489532206355229260e-02
4.973723723723724177e+00 9.383954868178040476e-02
5.013753753753753983e+00 9.279478039687186208e-02
5.053783783783783790e+00 9.176099392203358740e-02
5.093813813813814484e+00 9.073816016767141668e-02
5.133843843843844290e+00 8.972624462077562202e-02
5.173873873873874096e+00 8.872520770429155601e-02
5.213903903903904791e+00 8.773500511749464381e-02
5.253933933933934597e+00 8.675558815833631088e-02
5.293963963963964403e+00 8.578690402867918119e-02
5.333993993993994209e+00 8.482889612329191920e-02
5.374024024024024904e+00 8.388150430343047081e-02
5.414054054054054710e+00 8.294466515579006216e-02
5.454084084084084516e+00 8.201831223757168055e-02
5.494114114114114322e+00 8.110237630837030531e-02
5.534144144144145017e+00 8.019678554955451955e-02
5.574174174174174823e+00 7.930146577177399347e-02
5.614204204204204629e+00 7.841634061119884258e-02
5.654234234234234435e+00 7.754133171506381872e-02
5.694264264264265130e+00 7.667635891706146845e-02
5.734294294294294936e+00 7.582134040310062328e-02
5.774324324324324742e+00 7.497619286792028825e-02
5.814354354354354548e+00 7.414083166302465333e-02
5.854384384384385243e+00 7.331517093638041660e-02
5.894414414414415049e+00 7.249912376429620831e-02
5.934444444444444855e+00 7.169260227588208911e-02
5.974474474474474661e+00 7.089551777046723680e-02
6.014504504504505356e+00 7.010778082833471481e-02
6.054534534534535162e+00 6.932930141511407796e-02
6.094564564564564968e+00 6.855998898015540355e-02
6.134594594594594774e+00 6.779975254919240468e-02
6.174624624624625469e+00 6.704850081158576780e-02
6.214654654654655275e+00 6.630614220242476986e-02
6.254684684684685081e+00 6.557258497974939593e-02
6.294714714714714887e+00 6.484773729714370105e-02
6.334744744744745581e+00 6.413150727193768497e-02
6.374774774774775388e+00 6.342380304924280510e-02
6.414804804804805194e+00 6.272453286203577560e-02
6.454834834834835888e+00 6.203360508749408697e-02
6.494864864864865694e+00 6.135092829977627921e-02
6.534894894894895501e+00 6.067641131943082855e-02
6.574924924924925307e+00 6.000996325960798738e-02
6.614954954954956001e+00 5.935149356924027120e-02
6.654984984984985807e+00 5.870091207334911937e-02
6.695015015015015614e+00 5.805812901062729070e-02
6.735045045045045420e+00 5.742305506843888713e-02
6.775075075075076114e+00 5.679560141537244589e-02
6.815105105105105920e+00 5.617567973147504640e-02
6.855135135135135727e+00 5.556320223628933436e-02
6.895165165165165533e+00 5.495808171480958543e-02
6.935195195195196227e+00 5.436023154146642222e-02
6.975225225225226033e+00 5.376956570224526721e-02
7.015255255255255840e+00 5.318599881503725119e-02
7.055285285285285646e+00 5.260944614831764704e-02
7.095315315315316340e+00 5.203982363824105617e-02
7.135345345345346146e+00 5.147704790423880683e-02
7.175375375375375953e+00 5.092103626319950671e-02
7.215405405405405759e+00 5.037170674230972978e-02
7.255435435435436453e+00 4.982897809062795252e-02
7.295465465465466259e+00 4.929276978946121879e-02
7.335495495495496066e+00 4.876300206161048034e-02
7.375525525525525872e+00 4.823959587954759071e-02
7.415555555555556566e+00 4.772247297258315479e-02
7.455585585585586372e+00 4.721155583308226517e-02
7.495615615615616179e+00 4.670676772178158215e-02
7.535645645645645985e+00 4.620803267225906397e-02
7.575675675675676679e+00 4.571527549460487061e-02
7.615705705705706485e+00 4.522842177833949484e-02
7.655735735735736291e+00 4.474739789462288397e-02
7.695765765765766986e+00 4.427213099779628985e-02
7.735795795795796792e+00 4.380254902629646813e-02
7.775825825825826598e+00 4.333858070297918336e-02
7.815855855855856404e+00 4.288015553488847692e-02
7.855885885885887099e+00 4.242720381250492112e-02
7.895915915915916905e+00 4.197965660850531272e-02
7.935945945945946711e+00 4.153744577606396926e-02
7.975975975975976517e+00 4.110050394672517399e-02
8.016006006006007212e+00 4.066876452787360902e-02
8.056036036036037018e+00 4.024216169982929026e-02
8.096066066066066824e+00 3.982063041259163022e-02
8.136096096096096630e+00 3.940410638225601975e-02
8.176126126126126437e+00 3.899252608712556328e-02
8.216156156156156243e+00 3.858582676353848606e-02
8.256186186186187825e+00 3.818394640143205759e-02
8.296216216216217632e+00 3.778682373966134322e-02
8.336246246246247438e+00 3.739439826109122733e-02
8.376276276276277244e+00 3.700661018747872233e-02
8.416306306306307050e+00 3.662340047416155764e-02
8.456336336336336856e+00 3.624471080456877908e-02
8.496366366366366663e+00 3.587048358456751407e-02
8.536396396396396469e+00 3.550066193665993297e-02
8.576426426426428051e+00 3.513518969404344494e-02
8.616456456456457857e+00 3.477401139454617401e-02
8.656486486486487664e+00 3.441707227444985168e-02
8.696516516516517470e+00 3.406431826221092973e-02
8.736546546546547276e+00 3.371569597209026631e-02
8.776576576576577082e+00 3.337115269770169618e-02
8.816606606606606888e+00 3.303063640548820762e-02
8.856636636636636695e+00 3.269409572813526677e-02
8.896666666666668277e+00 3.236147995792910265e-02
8.936696696696698083e+00 3.203273904006798123e-02
8.976726726726727890e+00 3.170782356593412205e-02
9.016756756756757696e+00 3.138668476633289794e-02
9.056786786786787502e+00 3.106927450470629154e-02
9.096816816816817308e+00 3.075554527032665214e-02
9.136846846846847114e+00 3.044545017147657490e-02
9.176876876876878697e+00 3.013894292862064755e-02
9.216906906906908503e+00 2.983597786757411288e-02
9.256936936936938309e+00 2.953650991267330050e-02
9.296966966966968116e+00 2.924049457995253620e-02
9.336996996996997922e+00 2.894788797033188282e-02
9.377027027027027728e+00 2.865864676281959511e-02
9.417057057057057534e+00 2.837272820773317425e-02
9.457087087087087340e+00 2.809009011994263727e-02
9.497117117117118923e+00 2.781069087213921057e-02
9.537147147147148729e+00 2.753448938813266023e-02
9.577177177177178535e+00 2.726144513618010065e-02
9.617207207207208342e+00 2.699151812234897724e-02
9.657237237237238148e+00 2.672466888391682865e-02
9.697267267267267954e+00 2.646085848281009428e-02
9.737297297297297760e+00 2.620004849908407624e-02
9.777327327327327566e+00 2.594220102444638049e-02
9.817357357357359149e+00 2.568727865582518671e-02
9.857387387387388955e+00 2.543524448898471305e-02
9.897417417417418761e+00 2.518606211218878121e-02
9.937447447447448567e+00 2.493969559991454990e-02
9.977477477477478374e+00 2.469610950661726978e-02
1.001750750750750818e+01 2.445526886054778110e-02
1.005753753753753799e+01 2.421713915762318745e-02
1.009756756756756779e+01 2.398168635535248214e-02
1.013759759759759937e+01 2.374887686681744978e-02
1.017762762762762918e+01 2.351867755470993596e-02
1.021765765765765899e+01 2.329105572542616506e-02
1.025768768768768879e+01 2.306597912321872029e-02
1.029771771771771860e+01 2.284341592440674792e-02
1.033774774774774841e+01 2.262333473164496178e-02
1.037777777777777821e+01 2.240570456825180523e-02
1.041780780780780979e+01 2.219049487259704481e-02
1.045783783783783960e+01 2.197767549254938876e-02
1.049786786786786941e+01 2.176721667998382514e-02
1.053789789789789921e+01 2.155908908534954344e-02
1.057792792792792902e+01 2.135326375229797125e-02
1.061795795795795883e+01 2.114971211237133900e-02
1.065798798798798863e+01 2.094840597975166155e-02
1.069801801801801844e+01 2.074931754607029291e-02
1.073804804804805002e+01 2.055241937527760646e-02
1.077807807807807983e+01 2.035768439857335924e-02
1.081810810810810963e+01 2.016508590939680712e-02
1.085813813813813944e+01 1.997459755847718829e-02
1.089816816816816925e+01 1.978619334894381188e-02
1.093819819819819905e+01 1.959984763149572040e-02
1.097822822822822886e+01 1.941553509963083249e-02
1.101825825825825866e+01 1.923323078493403837e-02
1.105828828828829025e+01 1.905291005242399152e-02
1.109831831831832005e+01 1.887454859595842638e-02
1.113834834834834986e+01 1.869812243369748522e-02
1.117837837837837967e+01 1.852360790362479054e-02
1.121840840840840947e+01 1.835098165912573548e-02
1.125843843843843928e+01 1.818022066462283287e-02
1.129846846846846908e+01 1.801130219126744619e-02
1.133849849849849889e+01 1.784420381268762845e-02
1.137852852852853047e+01 1.767890340079155895e-02
1.141855855855856028e+01 1.751537912162620322e-02
1.145858858858859008e+01 1.735360943129052314e-02
1.149861861861861989e+01 1.719357307190302539e-02
1.153864864864864970e+01 1.703524906762299979e-02
1.157867867867867950e+01 1.687861672072490937e-02
1.161870870870870931e+01 1.672365560772564805e-02
1.165873873873874089e+01 1.657034557556378782e-02
1.169876876876877070e+01 1.641866673783081224e-02
1.173879879879880050e+01 1.626859947105318768e-02
1.177882882882883031e+01 1.612012441102532445e-02
1.181885885885886012e+01 1.597322244919258810e-02
1.185888888888888992e+01 1.582787472908380594e-02
1.189891891891891973e+01 1.568406264279293902e-02
1.193894894894894954e+01 1.554176782750917724e-02
1.197897897897898112e+01 1.540097216209499256e-02
1.201900900900901092e+01 1.526165776371174107e-02
1.205903903903904073e+01 1.512380698449191860e-02
1.209906906906907054e+01 1.498740240825802150e-02
1.213909909909910034e+01 1.485242684728693696e-02
1.217912912912913015e+01 1.471886333911985416e-02
1.221915915915915996e+01 1.458669514341664510e-02
1.225918918918918976e+01 1.445590573885457107e-02
1.229921921921922134e+01 1.432647882007062265e-02
1.233924924924925115e+01 1.419839829464687384e-02
1.237927927927928096e+01 1.407164828013844279e-02
1.241930930930931076e+01 1.394621310114349880e-02
1.245933933933934057e+01 1.382207728641479498e-02
1.249936936936937038e+01 1.369922556601208333e-02
1.253939939939940018e+01 1.357764286849508055e-02
1.257942942942942999e+01 1.345731431815629792e-02
1.261945945945946157e+01 1.333822523229334991e-02
1.265948948948949138e+01 1.322036111852006174e-02
1.269951951951952118e+01 1.310370767211605468e-02
1.273954954954955099e+01 1.298825077341419013e-02
1.277957957957958079e+01 1.287397648522534827e-02
1.281960960960961060e+01 1.276087105030015295e-02
1.285963963963964041e+01 1.264892088882701472e-02
1.289966966966967199e+01 1.253811259596612077e-02
1.293969969969970180e+01 1.242843293941881498e-02
1.297972972972973160e+01 1.231986885703188241e-02
1.301975975975976141e+01 1.221240745443630780e-02
1.305978978978979121e+01 1.210603600272000015e-02
1.309981981981982102e+01 1.200074193613403714e-02
1.313984984984985083e+01 1.189651284983195278e-02
1.317987987987988063e+01 1.179333649764157700e-02
1.321990990990991222e+01 1.169120078986905613e-02
1.325993993993994202e+01 1.159009379113456507e-02
1.329996996996997183e+01 1.149000371823913173e-02
1.334000000000000163e+01 1.139091893806248694e-02
1.338003003003003144e+01 1.129282796549105870e-02
1.342006006006006125e+01 1.119571946137603961e-02
1.346009009009009105e+01 1.109958223052089944e-02
1.350012012012012086e+01 1.100440521969803069e-02
1.354015015015015244e+01 1.091017751569406391e-02
1.358018018018018225e+01 1.081688834338339830e-02
1.362021021021021205e+01 1.072452706382966484e-02
1.366024024024024186e+01 1.063308317241462748e-02
1.370027027027027167e+01 1.054254629699412187e-02
1.374030030030030147e+01 1.045290619608070168e-02
1.378033033033033128e+01 1.036415275705258356e-02
1.382036036036036108e+01 1.027627599438848613e-02
1.386039039039039267e+01 1.018926604792796606e-02
1.390042042042042247e+01 1.010311318115702725e-02
1.394045045045045228e+01 1.001780777951839958e-02
1.398048048048048209e+01 9.933340348746343140e-03
1.402051051051051189e+01 9.849701513225469704e-03
1.406054054054054170e+01 9.766882014373395871e-03
1.410057057057057150e+01 9.684872709046622383e-03
1.414060060060060309e+01 9.603664567969580693e-03
1.418063063063063289e+01 9.523248674186354096e-03
1.422066066066066270e+01 9.443616221534683122e-03
1.426069069069069251e+01 9.364758513142116408e-03
1.430072072072072231e+01 9.286666959943840408e-03
1.434075075075075212e+01 9.209333079221840995e-03
1.438078078078078192e+01 9.132748493165239109e-03
1.442081081081081173e+01 9.056904927451335519e-03
1.446084084084084331e+01 8.981794209847097574e-03
1.450087087087087312e+01 8.907408268830888445e-03
1.454090090090090293e+01 8.833739132233937516e-03
1.458093093093093273e+01 8.760778925901458250e-03
1.462096096096096254e+01 8.688519872373031902e-03
1.466099099099099234e+01 8.616954289581955223e-03
1.470102102102102215e+01 8.546074589573274607e-03
1.474105105105105196e+01 8.475873277240348821e-03
1.478108108108108354e+01 8.406342949079406018e-03
1.482111111111111335e+01 8.337476291962154021e-03
1.486114114114114315e+01 8.269266081925897433e-03
1.490117117117117296e+01 8.201705182981019332e-03
1.494120120120120276e+01 8.134786545935652341e-03
1.498123123123123257e+01 8.068503207237068958e-03
1.502126126126126238e+01 8.002848287829759932e-03
1.506129129129129218e+01 7.937814992029813832e-03
1.510132132132132377e+01 7.873396606415398319e-03
1.514135135135135357e+01 7.809586498733151437e-03
1.518138138138138338e+01 7.746378116820086535e-03
1.522141141141141318e+01 7.683764987541052451e-03
1.526144144144144299e+01 7.621740715741225081e-03
1.530147147147147280e+01 7.560298983213558331e-03
1.534150150150150260e+01 7.499433547681033999e-03
1.538153153153153418e+01 7.439138241793280364e-03
1.542156156156156399e+01 7.379406972137576848e-03
1.546159159159159380e+01 7.320233718263853551e-03
1.550162162162162360e+01 7.261612531723601535e-03
1.554165165165165341e+01 7.203537535122378141e-03
1.558168168168168322e+01 7.146002921185786762e-03
1.562171171171171302e+01 7.089002951838732462e-03
1.566174174174174283e+01 7.032531957297648122e-03
1.570177177177177441e+01 6.976584335175649472e-03
1.574180180180180422e+01 6.921154549600305045e-03
1.578183183183183402e+01 6.866237130343906536e-03
1.582186186186186383e+01 6.811826671966001931e-03
1.586189189189189364e+01 6.757917832968044804e-03
1.590192192192192344e+01 6.704505334959979385e-03
1.594195195195195325e+01 6.651583961838556693e-03
1.598198198198198305e+01 6.599148558977209998e-03
1.602201201201201641e+01 6.547194032427360380e-03
1.606204204204204444e+01 6.495715348130945074e-03
1.610207207207207603e+01 6.444707531143958716e-03
1.614210210210210406e+01 6.394165664870990126e-03
1.618213213213213564e+01 6.344084890310374737e-03
1.622216216216216722e+01 6.294460405310038989e-03
1.626219219219219525e+01 6.245287463833698420e-03
1.630222222222222683e+01 6.196561375237307108e-03
1.634225225225225486e+01 6.148277503555690804e-03
1.638228228228228645e+01 6.100431266799055847e-03
1.642231231231231448e+01 6.053018136259391210e-03
1.646234234234234606e+01 6.006033635826474835e-03
1.650237237237237764e+01 5.959473341313448712e-03
1.654240240240240567e+01 5.913332879791779670e-03
1.658243243243243725e+01 5.867607928935415947e-03
1.662246246246246528e+01 5.822294216374135183e-03
1.666249249249249686e+01 5.777387519055770734e-03
1.670252252252252489e+01 5.732883662617373546e-03
1.674255255255255648e+01 5.688778520765019019e-03
1.678258258258258806e+01 5.645068014662235449e-03
1.682261261261261609e+01 5.601748112326865835e-03
1.686264264264264767e+01 5.558814828036256345e-03
1.690267267267267570e+01 5.516264221740696874e-03
1.694270270270270728e+01 5.474092398484883826e-03
1.698273273273273531e+01 5.432295507837432008e-03
1.702276276276276690e+01 5.390869743328152025e-03
1.706279279279279493e+01 5.349811341893123511e-03
1.710282282282282651e+01 5.309116583327376862e-03
1.714285285285285809e+01 5.268781789745085459e-03
1.718288288288288612e+01 5.228803325047140863e-03
1.722291291291291770e+01 5.189177594396049420e-03
1.726294294294294573e+01 5.149901043697996741e-03
1.730297297297297732e+01 5.110970159091975107e-03
1.734300300300300535e+01 5.072381466445960788e-03
1.738303303303303693e+01 5.034131530859843780e-03
1.742306306306306851e+01 4.996216956175265206e-03
1.746309309309309654e+01 4.958634384492019778e-03
1.750312312312312812e+01 4.921380495691092712e-03
1.754315315315315615e+01 4.884452006964200982e-03
1.758318318318318774e+01 4.847845672349635968e-03
1.762321321321321577e+01 4.811558282274488139e-03
1.766324324324324735e+01 4.775586663103042161e-03
1.770327327327327538e+01 4.739927676691254796e-03
1.774330330330330696e+01 4.704578219947316495e-03
1.778333333333333854e+01 4.669535224398101494e-03
1.782336336336336657e+01 4.634795655761491696e-03
1.786339339339339816e+01 4.600356513524431201e-03
1.790342342342342619e+01 4.566214830526756606e-03
1.794345345345345777e+01 4.532367672550481272e-03
1.798348348348348580e+01 4.498812137914741729e-03
1.802351351351351738e+01 4.465545357076092237e-03
1.806354354354354896e+01 4.432564492234184785e-03
1.810357357357357699e+01 4.399866736942760828e-03
1.814360360360360858e+01 4.367449315725796880e-03
1.818363363363363661e+01 4.335309483698842128e-03
1.822366366366366819e+01 4.303444526195339924e-03
1.826369369369369622e+01 4.271851758398039801e-03
1.830372372372372780e+01 4.240528524975207755e-03
1.834375375375375938e+01 4.209472199721758789e-03
1.838378378378378741e+01 4.178680185205156487e-03
1.842381381381381900e+01 4.148149912415959040e-03
1.846384384384384703e+01 4.117878840423094128e-03
1.850387387387387861e+01 4.087864456033621537e-03
1.854390390390390664e+01 4.058104273457067632e-03
1.858393393393393822e+01 4.028595833974146952e-03
1.862396396396396625e+01 3.999336705609922958e-03
1.866399399399399783e+01 3.970324482811216256e-03
1.870402402402402942e+01 3.941556786128334877e-03
1.874405405405405745e+01 3.913031261900956626e-03
1.878408408408408903e+01 3.884745581948138328e-03
1.882411411411411706e+01 3.856697443262464570e-03
1.886414414414414864e+01 3.828884567708135123e-03
1.890417417417417667e+01 3.801304701723063478e-03
1.894420420420420825e+01 3.773955616024866812e-03
1.898423423423423984e+01 3.746835105320712664e-03
1.902426426426426787e+01 3.719940988020942110e-03
1.906429429429429945e+01 3.693271105956456423e-03
1.910432432432432748e+01 3.666823324099787850e-03
1.914435435435435906e+01 3.640595530289793356e-03
1.918438438438438709e+01 3.614585634959956162e-03
1.922441441441441867e+01 3.588791570870201401e-03
1.926444444444445026e+01 3.563211292842227620e-03
1.930447447447447828e+01 3.537842777498227936e-03
1.934450450450450987e+01 3.512684023003046808e-03
1.938453453453453790e+01 3.487733048809659245e-03
1.942456456456456948e+01 3.462987895407918654e-03
1.946459459459459751e+01 3.438446624076614555e-03
1.950462462462462909e+01 3.414107316638666234e-03
1.954465465465465712e+01 3.389968075219519129e-03
1.958468468468468870e+01 3.366027022008629896e-03
1.962471471471472029e+01 3.342282299024044914e-03
1.966474474474474832e+01 3.318732067879979434e-03
1.970477477477477990e+01 3.295374509557408207e-03
1.974480480480480793e+01 3.272207824177579549e-03
1.978483483483483951e+01 3.249230230778441583e-03
1.982486486486486754e+01 3.226439967093952879e-03
1.986489489489489912e+01 3.203835289336147418e-03
1.990492492492493071e+01 3.181414471980086988e-03
1.994495495495495874e+01 3.159175807551460342e-03
1.998498498498499032e+01 3.137117606416948371e-03
2.002501501501501835e+01 3.115238196577252514e-03
2.006504504504504993e+01 3.093535923462725681e-03
2.010507507507507796e+01 3.072009149731644295e-03
2.014510510510510954e+01 3.050656255071003495e-03
2.018513513513513757e+01 3.029475635999868445e-03
2.022516516516516916e+01 3.008465705675187653e-03
2.026519519519520074e+01 2.987624893700090850e-03
2.030522522522522877e+01 2.966951645934591628e-03
2.034525525525526035e+01 2.946444424308692668e-03
2.038528528528528838e+01 2.926101706637833279e-03
2.042531531531531996e+01 2.905921986440685324e-03
2.046534534534534799e+01 2.885903772759219020e-03
2.050537537537537958e+01 2.866045589981033436e-03
2.054540540540541116e+01 2.846345977663952958e-03
2.058543543543543919e+01 2.826803490362765278e-03
2.062546546546547077e+01 2.807416697458184601e-03
2.066549549549549880e+01 2.788184182987927303e-03
2.070552552552553038e+01 2.769104545479901362e-03
2.074555555555555841e+01 2.750176397787497395e-03
2.078558558558559000e+01 2.731398366926912364e-03
2.082561561561562158e+01 2.712769093916515915e-03
2.086564564564564961e+01 2.694287233618214688e-03
2.090567567567568119e+01 2.675951454580776864e-03
2.094570570570570922e+01 2.657760438885138198e-03
2.098573573573574080e+01 2.639712881991570278e-03
2.102576576576576883e+01 2.621807492588808155e-03
2.106579579579580042e+01 2.604042992444996398e-03
2.110582582582582845e+01 2.586418116260507782e-03
2.114585585585586003e+01 2.568931611522564783e-03
2.118588588588589161e+01 2.551582238361674738e-03
2.122591591591591964e+01 2.534368769409804482e-03
2.126594594594595122e+01 2.517289989660341336e-03
2.130597597597597925e+01 2.500344696329738926e-03
2.134600600600601084e+01 2.483531698720890801e-03
2.138603603603603887e+01 2.466849818088178922e-03
2.142606606606607045e+01 2.450297887504150618e-03
2.146609609609610203e+01 2.433874751727871290e-03
2.150612612612613006e+01 2.417579267074848343e-03
2.154615615615616164e+01 2.401410301288577510e-03
2.158618618618618967e+01 2.385366733413636989e-03
2.162621621621622126e+01 2.369447453670329821e-03
2.166624624624624929e+01 2.353651363330884049e-03
2.170627627627628087e+01 2.337977374597103968e-03
2.174630630630630890e+01 2.322424410479568754e-03
2.178633633633634048e+01 2.306991404678263545e-03
2.182636636636637206e+01 2.291677301464658568e-03
2.186639639639640009e+01 2.276481055565246318e-03
2.190642642642643168e+01 2.261401632046443084e-03
2.194645645645645970e+01 2.246438006200931169e-03
2.198648648648649129e+01 2.231589163435335546e-03
2.202651651651651932e+01 2.216854099159286124e-03
2.206654654654655090e+01 2.202231818675791462e-03
2.210657657657658248e+01 2.187721337072961233e-03
2.214660660660661051e+01 2.173321679116993737e-03
2.218663663663664209e+01 2.159031879146492208e-03
2.222666666666667012e+01 2.144850980968015380e-03
2.226669669669670171e+01 2.130778037752896568e-03
2.230672672672672974e+01 2.116812111935306110e-03
2.234675675675676132e+01 2.102952275111504704e-03
2.238678678678679290e+01 2.089197607940349206e-03
2.242681681681682093e+01 2.075547200044928174e-03
2.246684684684685251e+01 2.062000149915418218e-03
2.250687687687688054e+01 2.048555564813076598e-03
2.254690690690691213e+01 2.035212560675370499e-03
2.258693693693694016e+01 2.021970262022272039e-03
2.262696696696697174e+01 2.008827801863598880e-03
2.266699699699699977e+01 1.995784321607527081e-03
2.270702702702703135e+01 1.982838970970138281e-03
2.274705705705706293e+01 1.969990907886059323e-03
2.278708708708709096e+01 1.957239298420159184e-03
2.282711711711712255e+01 1.944583316680267675e-03
2.286714714714715058e+01 1.932022144730967481e-03
2.290717717717718216e+01 1.919554972508351375e-03
2.294720720720721019e+01 1.907180997735817216e-03
2.298723723723724177e+01 1.894899425840854785e-03
2.302726726726727335e+01 1.882709469872784116e-03
2.306729729729730138e+01 1.870610350421485430e-03
2.310732732732733297e+01 1.858601295537071251e-03
2.314735735735736100e+01 1.846681540650501772e-03
2.318738738738739258e+01 1.834850328495120277e-03
2.322741741741742061e+01 1.823106909029135287e-03
2.326744744744745219e+01 1.811450539358960094e-03
2.330747747747748377e+01 1.799880483663497286e-03
2.334750750750751180e+01 1.788396013119269165e-03
2.338753753753754339e+01 1.776996405826429407e-03
2.342756756756757142e+01 1.765680946735655307e-03
2.346759759759760300e+01 1.754448927575851013e-03
2.350762762762763103e+01 1.743299646782734379e-03
2.354765765765766261e+01 1.732232409428207916e-03
2.358768768768769064e+01 1.721246527150579759e-03
2.362771771771772222e+01 1.710341318085579132e-03
2.366774774774775381e+01 1.699516106798169141e-03
2.370777777777778184e+01 1.688770224215153850e-03
2.374780780780781342e+01 1.678103007558541917e-03
2.378783783783784145e+01 1.667513800279713399e-03
2.382786786786787303e+01 1.657001951994304311e-03
2.386789789789790106e+01 1.646566818417880256e-03
2.390792792792793264e+01 1.636207761302303516e-03
2.394795795795796423e+01 1.625924148372877515e-03
2.398798798798799226e+01 1.615715353266172815e-03
2.402801801801802384e+01 1.605580755468586892e-03
2.406804804804805187e+01 1.595519740255606483e-03
2.410807807807808345e+01 1.585531698631741267e-03
2.414810810810811148e+01 1.575616027271177890e-03
2.418813813813814306e+01 1.565772128459081477e-03
2.422816816816817109e+01 1.555999410033579973e-03
2.426819819819820268e+01 1.546297285328409850e-03
2.430822822822823426e+01 1.536665173116196284e-03
2.434825825825826229e+01 1.527102497552407061e-03
2.438828828828829387e+01 1.517608688119910813e-03
2.442831831831832190e+01 1.508183179574187080e-03
2.446834834834835348e+01 1.498825411889140920e-03
2.450837837837838151e+01 1.489534830203547442e-03
2.454840840840841310e+01 1.480310884768075517e-03
2.458843843843844468e+01 1.471153030892937081e-03
2.462846846846847271e+01 1.462060728896110405e-03
2.466849849849850429e+01 1.453033444052141470e-03
2.470852852852853232e+01 1.444070646541544900e-03
2.474855855855856390e+01 1.435171811400745697e-03
2.478858858858859193e+01 1.426336418472602110e-03
2.482861861861862351e+01 1.417563952357474505e-03
2.486864864864865510e+01 1.408853902364843712e-03
2.490867867867868313e+01 1.400205762465476893e-03
2.494870870870871471e+01 1.391619031244116208e-03
2.498873873873874274e+01 1.383093211852708939e-03
2.502876876876877432e+01 1.374627811964149572e-03
2.506879879879880235e+01 1.366222343726543591e-03
2.510882882882883393e+01 1.357876323717976952e-03
2.514885885885886196e+01 1.349589272901791440e-03
2.518888888888889355e+01 1.341360716582354643e-03
2.522891891891892513e+01 1.333190184361320420e-03
2.526894894894895316e+01 1.325077210094380720e-03
2.530897897897898474e+01 1.317021331848483188e-03
2.534900900900901277e+01 1.309022091859542505e-03
2.538903903903904435e+01 1.301079036490595609e-03
2.542906906906907238e+01 1.293191716190437209e-03
2.546909909909910397e+01 1.285359685452707639e-03
2.550912912912913555e+01 1.277582502775421970e-03
2.554915915915916358e+01 1.269859730620961219e-03
2.558918918918919516e+01 1.262190935376484658e-03
2.562921921921922319e+01 1.254575687314797268e-03
2.566924924924925477e+01 1.247013560555629633e-03
2.570927927927928280e+01 1.239504133027352585e-03
2.574930930930931439e+01 1.232046986429103643e-03
2.578933933933934597e+01 1.224641706193343440e-03
2.582936936936937400e+01 1.217287881448800291e-03
2.586939939939940558e+01 1.209985104983828498e-03
2.590942942942943361e+01 1.202732973210180172e-03
2.594945945945946519e+01 1.195531086127145891e-03
2.598948948948949322e+01 1.188379047286111266e-03
2.602951951951952481e+01 1.181276463755473244e-03
2.606954954954955284e+01 1.174222946085969272e-03
2.610957957957958442e+01 1.167218108276351024e-03
2.614960960960961600e+01 1.160261567739454946e-03
2.618963963963964403e+01 1.153352945268622557e-03
2.622966966966967561e+01 1.146491865004495899e-03
2.626969969969970364e+01 1.139677954402169239e-03
2.630972972972973523e+01 1.132910844198694016e-03
2.634975975975976326e+01 1.126190168380932465e-03
2.638978978978979484e+01 1.119515564153761213e-03
2.642981981981982642e+01 1.112886671908624872e-03
2.646984984984985445e+01 1.106303135192407937e-03
2.650987987987988603e+01 1.099764600676655804e-03
2.654990990990991406e+01 1.093270718127131464e-03
2.658993993993994565e+01 1.086821140373679662e-03
2.662996996996997368e+01 1.080415523280438446e-03
2.667000000000000526e+01 1.074053525716342798e-03
2.671003003003003329e+01 1.067734809525969350e-03
2.675006006006006487e+01 1.061459039500671454e-03
2.679009009009009645e+01 1.055225883350037561e-03
2.683012012012012448e+01 1.049035011673649922e-03
2.687015015015015607e+01 1.042886097933134072e-03
2.691018018018018410e+01 1.036778818424524467e-03
2.695021021021021568e+01 1.030712852250906166e-03
2.699024024024024371e+01 1.024687881295357475e-03
2.703027027027027529e+01 1.018703590194178395e-03
2.707030030030030687e+01 1.012759666310399879e-03
2.711033033033033490e+01 1.006855799707576929e-03
2.715036036036036649e+01 1.000991683123853828e-03
2.719039039039039451e+01 9.951670119463108376e-04
2.723042042042042610e+01 9.893814841855775970e-04
2.727045045045045413e+01 9.836348004507121639e-04
2.731048048048048571e+01 9.779266639243508821e-04
2.735051051051051729e+01 9.722567803381155322e-04
2.739054054054054532e+01 9.666248579482792811e-04
2.743057057057057690e+01 9.610306075116882866e-04
2.747060060060060493e+01 9.554737422619431850e-04
2.751063063063063652e+01 9.499539778858141163e-04
2.755066066066066455e+01 9.444710324999254980e-04
2.759069069069069613e+01 9.390246266276611100e-04
2.763072072072072416e+01 9.336144831763305797e-04
2.767075075075075574e+01 9.282403274145605140e-04
2.771078078078078732e+01 9.229018869499301192e-04
2.775081081081081535e+01 9.175988917068390567e-04
2.779084084084084694e+01 9.123310739045960424e-04
2.783087087087087497e+01 9.070981680357537765e-04
2.787090090090090655e+01 9.018999108446483547e-04
2.791093093093093458e+01 8.967360413061821901e-04
2.795096096096096616e+01 8.916063006048083805e-04
2.799099099099099774e+01 8.865104321137481794e-04
2.803102102102102577e+01 8.814481813744103446e-04
2.807105105105105736e+01 8.764192960760395796e-04
2.811108108108108539e+01 8.714235260355540592e-04
2.815111111111111697e+01 8.664606231776136739e-04
2.819114114114114500e+01 8.615303415148809364e-04
2.823117117117117658e+01 8.566324371284800808e-04
2.827120120120120816e+01 8.517666681486777726e-04
2.831123123123123619e+01 8.469327947357416274e-04
2.835126126126126778e+01 8.421305790610055962e-04
2.839129129129129581e+01 8.373597852881302893e-04
2.843132132132132739e+01 8.326201795545492418e-04
2.847135135135135542e+01 8.279115299531155390e-04
2.851138138138138700e+01 8.232336065139244079e-04
2.855141141141141503e+01 8.185861811863317248e-04
2.859144144144144661e+01 8.139690278211482704e-04
2.863147147147147820e+01 8.093819221530278423e-04
2.867150150150150623e+01 8.048246417830183215e-04
2.871153153153153781e+01 8.002969661613025835e-04
2.875156156156156584e+01 7.957986765701133150e-04
2.879159159159159742e+01 7.913295561068176172e-04
2.883162162162162545e+01 7.868893896671812606e-04
2.887165165165165703e+01 7.824779639287902586e-04
2.891168168168168862e+01 7.780950673346526342e-04
2.895171171171171665e+01 7.737404900769643363e-04
2.899174174174174823e+01 7.694140240810292200e-04
2.903177177177177626e+01 7.651154629893577039e-04
2.907180180180180784e+01 7.608446021459124454e-04
2.911183183183183587e+01 7.566012385805209826e-04
2.915186186186186745e+01 7.523851709934415745e-04
2.919189189189189548e+01 7.481961997400900450e-04
2.923192192192192707e+01 7.440341268159123434e-04
2.927195195195195865e+01 7.398987558414118213e-04
2.931198198198198668e+01 7.357898920473377293e-04
2.935201201201201826e+01 7.317073422600028432e-04
2.939204204204204629e+01 7.276509148867648042e-04
2.943207207207207787e+01 7.236204199016459115e-04
2.947210210210210590e+01 7.196156688310960305e-04
2.951213213213213749e+01 7.156364747399025176e-04
2.955216216216216907e+01 7.116826522172394658e-04
2.959219219219219710e+01 7.077540173628469461e-04
2.963222222222222868e+01 7.038503877733690841e-04
2.967225225225225671e+01 6.999715825288031594e-04
2.971228228228228829e+01 6.961174221791039621e-04
2.975231231231231632e+01 6.922877287309104483e-04
2.979234234234234791e+01 6.884823256344067268e-04
2.983237237237237949e+01 6.847010377703148867e-04
2.987240240240240752e+01 6.809436914370178189e-04
2.991243243243243910e+01 6.772101143377997831e-04
2.995246246246246713e+01 6.735001355682356189e-04
2.999249249249249871e+01 6.698135856036766672e-04
3.003252252252252674e+01 6.661502962868801319e-04
3.007255255255255832e+01 6.625101008157552101e-04
3.011258258258258635e+01 6.588928337312304363e-04
3.015261261261261794e+01 6.552983309052324819e-04
3.019264264264264952e+01 6.517264295288011317e-04
3.023267267267267755e+01 6.481769681003020540e-04
3.027270270270270913e+01 6.446497864137666406e-04
3.031273273273273716e+01 6.411447255473474213e-04
3.035276276276276874e+01 6.376616278518763706e-04
3.039279279279279677e+01 6.342003369395471379e-04
3.043282282282282836e+01 6.307606976727004938e-04
3.047285285285285994e+01 6.273425561527240513e-04
3.051288288288288797e+01 6.239457597090554202e-04
3.055291291291291955e+01 6.205701568882999617e-04
3.059294294294294758e+01 6.172155974434450363e-04
3.063297297297297916e+01 6.138819323231903703e-04
3.067300300300300719e+01 6.105690136613746996e-04
3.071303303303303878e+01 6.072766947665068221e-04
3.075306306306307036e+01 6.040048301114001907e-04
3.079309309309309839e+01 6.007532753229075789e-04
3.083312312312312997e+01 5.975218871717519155e-04
3.087315315315315800e+01 5.943105235624638032e-04
3.091318318318318958e+01 5.911190435234079440e-04
3.095321321321321761e+01 5.879473071969096342e-04
3.099324324324324920e+01 5.847951758294790562e-04
3.103327327327327723e+01 5.816625117621247992e-04
3.107330330330330881e+01 5.785491784207677773e-04
3.111333333333334039e+01 5.754550403067378722e-04
3.115336336336336842e+01 5.723799629873747678e-04
3.119339339339340000e+01 5.693238130867059798e-04
3.123342342342342803e+01 5.662864582762272342e-04
3.127345345345345962e+01 5.632677672657565712e-04
3.131348348348348765e+01 5.602676097943968701e-04
3.135351351351351923e+01 5.572858566215603895e-04
3.139354354354355081e+01 5.543223795181024876e-04
3.143357357357357884e+01 5.513770512575236465e-04
3.147360360360361042e+01 5.484497456072641962e-04
3.151363363363363845e+01 5.455403373200777518e-04
3.155366366366367004e+01 5.426487021254921455e-04
3.159369369369369807e+01 5.397747167213483126e-04
3.163372372372372965e+01 5.369182587654169154e-04
3.167375375375375768e+01 5.340792068671032207e-04
3.171378378378378926e+01 5.312574405792224504e-04
3.175381381381382084e+01 5.284528403898586160e-04
3.179384384384384887e+01 5.256652877142989214e-04
3.183387387387388046e+01 5.228946648870418925e-04
3.187390390390390849e+01 5.201408551538902903e-04
3.191393393393394007e+01 5.174037426641058240e-04
3.195396396396396810e+01 5.146832124626496245e-04
3.199399399399399968e+01 5.119791504824903723e-04
3.203402402402402771e+01 5.092914435369871266e-04
3.207405405405405929e+01 5.066199793123406757e-04
3.211408408408408377e+01 5.039646463601221921e-04
3.215411411411411535e+01 5.013253340898650955e-04
3.219414414414414694e+01 4.987019327617349786e-04
3.223417417417417852e+01 4.960943334792604657e-04
3.227420420420420299e+01 4.935024281821350856e-04
3.231423423423423458e+01 4.909261096390914614e-04
3.235426426426426616e+01 4.883652714408351315e-04
3.239429429429429774e+01 4.858198079930499272e-04
3.243432432432432933e+01 4.832896145094656929e-04
3.247435435435435380e+01 4.807745870049905698e-04
3.251438438438438538e+01 4.782746222889139700e-04
3.255441441441441697e+01 4.757896179581624051e-04
3.259444444444444855e+01 4.733194723906271437e-04
3.263447447447448013e+01 4.708640847385511742e-04
3.267450450450450461e+01 4.684233549219762329e-04
3.271453453453453619e+01 4.659971836222509805e-04
3.275456456456456777e+01 4.635854722756040146e-04
3.279459459459459936e+01 4.611881230667716882e-04
3.283462462462462383e+01 4.588050389226866433e-04
3.287465465465465542e+01 4.564361235062241876e-04
3.291468468468468700e+01 4.540812812100096020e-04
3.295471471471471858e+01 4.517404171502780873e-04
3.299474474474475016e+01 4.494134371607977027e-04
3.303477477477477464e+01 4.471002477868420144e-04
3.307480480480480622e+01 4.448007562792213464e-04
3.311483483483483781e+01 4.425148705883710592e-04
3.315486486486486939e+01 4.402424993584921962e-04
3.319489489489489387e+01 4.379835519217435756e-04
3.323492492492492545e+01 4.357379382924935125e-04
3.327495495495495703e+01 4.335055691616204396e-04
3.331498498498498861e+01 4.312863558908654063e-04
3.335501501501502020e+01 4.290802105072368910e-04
3.339504504504504467e+01 4.268870456974717203e-04
3.343507507507507626e+01 4.247067748025370256e-04
3.347510510510510784e+01 4.225393118121926984e-04
3.351513513513513942e+01 4.203845713595973760e-04
3.355516516516517100e+01 4.182424687159654931e-04
3.359519519519519548e+01 4.161129197852744236e-04
3.363522522522522706e+01 4.139958410990165626e-04
3.367525525525525865e+01 4.118911498110032336e-04
3.371528528528529023e+01 4.097987636922139688e-04
3.375531531531531471e+01 4.077186011256930072e-04
3.379534534534534629e+01 4.056505811014900274e-04
3.383537537537537787e+01 4.035946232116521099e-04
3.387540540540540945e+01 4.015506476452552717e-04
3.391543543543544104e+01 3.995185751834884227e-04
3.395546546546546551e+01 3.974983271947697401e-04
3.399549549549549710e+01 3.954898256299222391e-04
3.403552552552552868e+01 3.934929930173811118e-04
3.407555555555556026e+01 3.915077524584518608e-04
3.411558558558558474e+01 3.895340276226061621e-04
3.415561561561561632e+01 3.875717427428244043e-04
3.419564564564564790e+01 3.856208226109759029e-04
3.423567567567567949e+01 3.836811925732459523e-04
3.427570570570571107e+01 3.817527785256000662e-04
3.431573573573573555e+01 3.798355069092894170e-04
3.435576576576576713e+01 3.779293047063983979e-04
3.439579579579579871e+01 3.760340994354313226e-04
3.443582582582583029e+01 3.741498191469381585e-04
3.447585585585585477e+01 3.722763924191820539e-04
3.451588588588588635e+01 3.704137483538403144e-04
3.455591591591591794e+01 3.685618165717512401e-04
3.459594594594594952e+01 3.667205272086907788e-04
3.463597597597598110e+01 3.648898109111957454e-04
3.467600600600600558e+01 3.630695988324168029e-04
3.471603603603603716e+01 3.612598226280118300e-04
3.475606606606606874e+01 3.594604144520765847e-04
3.479609609609610033e+01 3.576713069531104968e-04
3.483612612612613191e+01 3.558924332700182385e-04
3.487615615615615638e+01 3.541237270281461522e-04
3.491618618618618797e+01 3.523651223353563549e-04
3.495621621621621955e+01 3.506165537781335303e-04
3.499624624624625113e+01 3.488779564177284763e-04
3.503627627627627561e+01 3.471492657863316299e-04
3.507630630630630719e+01 3.454304178832850818e-04
3.511633633633633877e+01 3.437213491713259246e-04
3.515636636636637036e+01 3.420219965728631020e-04
3.519639639639640194e+01 3.403322974662879776e-04
3.523642642642642642e+01 3.386521896823155319e-04
3.527645645645645800e+01 3.369816115003595493e-04
3.531648648648648958e+01 3.353205016449394091e-04
3.535651651651652116e+01 3.336687992821181026e-04
3.539654654654654564e+01 3.320264440159734795e-04
3.543657657657657722e+01 3.303933758850953538e-04
3.547660660660660881e+01 3.287695353591207187e-04
3.551663663663664039e+01 3.271548633352942240e-04
3.555666666666667197e+01 3.255493011350594438e-04
3.559669669669669645e+01 3.239527905006822921e-04
3.563672672672672803e+01 3.223652735919013256e-04
3.567675675675675961e+01 3.207866929826096516e-04
3.571678678678679120e+01 3.192169916575639406e-04
3.575681681681682278e+01 3.176561130091234172e-04
3.579684684684684726e+01 3.161040008340174198e-04
3.583687687687687884e+01 3.145605993301399568e-04
3.587690690690691042e+01 3.130258530933728860e-04
3.591693693693694200e+01 3.114997071144376623e-04
3.595696696696696648e+01 3.099821067757734319e-04
3.599699699699699806e+01 3.084729978484415810e-04
3.603702702702702965e+01 3.069723264890593406e-04
3.607705705705706123e+01 3.054800392367575156e-04
3.611708708708709281e+01 3.039960830101675953e-04
3.615711711711711729e+01 3.025204051044311985e-04
3.619714714714714887e+01 3.010529531882391173e-04
3.623717717717718045e+01 2.995936753008930208e-04
3.627720720720721204e+01 2.981425198493953483e-04
3.631723723723723651e+01 2.966994356055613737e-04
3.635726726726726810e+01 2.952643717031589181e-04
3.639729729729729968e+01 2.938372776350701250e-04
3.643732732732733126e+01 2.924181032504807745e-04
3.647735735735736284e+01 2.910067987520917701e-04
3.651738738738738732e+01 2.896033146933527417e-04
3.655741741741741890e+01 2.882076019757261708e-04
3.659744744744745049e+01 2.868196118459645245e-04
3.663747747747748207e+01 2.854392958934229524e-04
3.667750750750751365e+01 2.840666060473847222e-04
3.671753753753753813e+01 2.827014945744151702e-04
3.675756756756756971e+01 2.813439140757364684e-04
3.679759759759760129e+01 2.799938174846261897e-04
3.683762762762763288e+01 2.786511580638356060e-04
3.687765765765765735e+01 2.773158894030330847e-04
3.691768768768768894e+01 2.759879654162671102e-04
3.695771771771772052e+01 2.746673403394512603e-04
3.699774774774775210e+01 2.733539687278724924e-04
3.703777777777778368e+01 2.720478054537182953e-04
3.707780780780780816e+01 2.707488057036254166e-04
3.711783783783783974e+01 2.694569249762504906e-04
3.715786786786787133e+01 2.681721190798598033e-04
3.719789789789790291e+01 2.668943441299421494e-04
3.723792792792792739e+01 2.656235565468387672e-04
3.727795795795795897e+01 2.643597130533949019e-04
3.731798798798799055e+01 2.631027706726301804e-04
3.735801801801802213e+01 2.618526867254326223e-04
3.739804804804805372e+01 2.606094188282656056e-04
3.743807807807807819e+01 2.593729248909014515e-04
3.747810810810810978e+01 2.581431631141654155e-04
3.751813813813814136e+01 2.569200919877099839e-04
3.755816816816817294e+01 2.557036702877973000e-04
3.759819819819820452e+01 2.544938570751055528e-04
3.763822822822822900e+01 2.532906116925546093e-04
3.767825825825826058e+01 2.520938937631458498e-04
3.771828828828829216e+01 2.509036631878255310e-04
3.775831831831832375e+01 2.497198801433608882e-04
3.779834834834834822e+01 2.485425050802369997e-04
3.783837837837837981e+01 2.473714987205705108e-04
3.787840840840841139e+01 2.462068220560424399e-04
3.791843843843844297e+01 2.450484363458443199e-04
3.795846846846847455e+01 2.438963031146467559e-04
3.799849849849849903e+01 2.427503841505801257e-04
3.803852852852853061e+01 2.416106415032346060e-04
3.807855855855856220e+01 2.404770374816782514e-04
3.811858858858859378e+01 2.393495346524881367e-04
3.815861861861861826e+01 2.382280958378001762e-04
3.819864864864864984e+01 2.371126841133749062e-04
3.823867867867868142e+01 2.360032628066784479e-04
3.827870870870871300e+01 2.348997954949824153e-04
3.831873873873874459e+01 2.338022460034739616e-04
3.835876876876876906e+01 2.327105784033870481e-04
3.839879879879880065e+01 2.316247570101474828e-04
3.843882882882883223e+01 2.305447463815309421e-04
3.847885885885886381e+01 2.294705113158401288e-04
3.851888888888889539e+01 2.284020168500938838e-04
3.855891891891891987e+01 2.273392282582330204e-04
3.859894894894895145e+01 2.262821110493404449e-04
3.863897897897898304e+01 2.252306309658761016e-04
3.867900900900901462e+01 2.241847539819257970e-04
3.871903903903903910e+01 2.231444463014660700e-04
3.875906906906907068e+01 2.221096743566418547e-04
3.879909909909910226e+01 2.210804048060576431e-04
3.883912912912913384e+01 2.200566045330863186e-04
3.887915915915916543e+01 2.190382406441877220e-04
3.891918918918918990e+01 2.180252804672423131e-04
3.895921921921922149e+01 2.170176915499007447e-04
3.899924924924925307e+01 2.160154416579440336e-04
3.903927927927928465e+01 2.150184987736579619e-04
3.907930930930930913e+01 2.140268310942227119e-04
3.911933933933934071e+01 2.130404070301118247e-04
3.915936936936937229e+01 2.120591952035091020e-04
3.919939939939940388e+01 2.110831644467339111e-04
3.923942942942943546e+01 2.101122838006819942e-04
3.927945945945945994e+01 2.091465225132790970e-04
3.931948948948949152e+01 2.081858500379448178e-04
3.935951951951952310e+01 2.072302360320721489e-04
3.939954954954955468e+01 2.062796503555168850e-04
3.943957957957957916e+01 2.053340630691012614e-04
3.947960960960961074e+01 2.043934444331269441e-04
3.951963963963964233e+01 2.034577649059038753e-04
3.955966966966967391e+01 2.025269951422882812e-04
3.959969969969970549e+01 2.016011059922331210e-04
3.963972972972972997e+01 2.006800684993516272e-04
3.967975975975976155e+01 1.997638538994899533e-04
3.971978978978979313e+01 1.988524336193128598e-04
3.975981981981982472e+01 1.979457792749024362e-04
3.979984984984985630e+01 1.970438626703649562e-04
3.983987987987988078e+01 1.961466557964516367e-04
3.987990990990991236e+01 1.952541308291870677e-04
3.991993993993994394e+01 1.943662601285145832e-04
3.995996996996997552e+01 1.934830162369458333e-04
4.000000000000000000e+01 1.926043718782267542e-04
