5.000000000000000000e-01 1.169526737011327006e-01
8.203125000000000000e-01 1.228320575706351586e-01
1.140625000000000000e+00 1.206926391611524152e-01
1.460937500000000000e+00 1.124519531023102092e-01
1.781250000000000000e+00 1.205862464202920037e-01
2.101562500000000000e+00 1.280389270276438562e-01
2.421875000000000000e+00 1.399975889394036166e-01
2.742187500000000000e+00 1.353148112049389895e-01
3.062500000000000000e+00 1.345745275679687825e-01
3.382812500000000000e+00 1.315414374017081500e-01
3.703125000000000000e+00 1.308117610369300965e-01
4.023437500000000000e+00 1.461802949847753330e-01
4.343750000000000000e+00 1.553695103669210931e-01
4.664062500000000000e+00 1.601362571150855840e-01
4.984375000000000000e+00 1.606514497566874089e-01
5.304687500000000000e+00 1.566128677003327530e-01
5.625000000000000000e+00 1.647654957546063614e-01
5.945312500000000000e+00 1.675349172341867310e-01
6.265625000000000000e+00 1.780879619477548637e-01
6.585937500000000000e+00 1.793122308670744847e-01
6.906250000000000000e+00 1.790691626545176385e-01
7.226562500000000000e+00 1.637476380061707038e-01
7.546875000000000000e+00 1.905782178066314780e-01
7.867187500000000000e+00 1.895309098969641115e-01
8.187500000000000000e+00 1.852201872689808182e-01
8.507812500000000000e+00 1.912763401602664559e-01
8.828125000000000000e+00 1.850719010118181407e-01
9.148437500000000000e+00 1.886856188690278768e-01
9.468750000000000000e+00 1.992322160032544698e-01
9.789062500000000000e+00 1.958465625557377632e-01
1.010937500000000000e+01 1.922571522024588697e-01
1.042968750000000000e+01 2.058647628991668310e-01
1.075000000000000000e+01 1.988511223666606098e-01
