2.500000000000000000e+01 -7.412269388279355553e-01
5.000000000000000000e+01 4.364699722435794627e+00
7.500000000000000000e+01 1.353639255609826364e+01
1.000000000000000000e+02 3.004578436032691258e+01
1.250000000000000000e+02 4.349786722615152712e+01
1.500000000000000000e+02 5.424523593319851500e+01
1.750000000000000000e+02 6.495662904480276723e+01
2.000000000000000000e+02 7.529385737154187552e+01
2.250000000000000000e+02 7.621505406412055095e+01
2.500000000000000000e+02 8.453021104344301762e+01
2.750000000000000000e+02 8.497490476540490079e+01
3.000000000000000000e+02 8.398369309007276229e+01
3.250000000000000000e+02 8.193498363510741456e+01
3.500000000000000000e+02 7.960885894420832187e+01
3.750000000000000000e+02 7.874985261751754706e+01
4.000000000000000000e+02 7.034364929376641840e+01
4.250000000000000000e+02 6.734266256331221712e+01
4.500000000000000000e+02 6.377508453460077931e+01
4.750000000000000000e+02 5.827132895434063897e+01
5.000000000000000000e+02 5.488622379478477598e+01
5.250000000000000000e+02 4.927513210954555944e+01
5.500000000000000000e+02 4.661053464979686822e+01
5.750000000000000000e+02 4.020972007448382612e+01
6.000000000000000000e+02 3.788697241406626404e+01
6.500000000000000000e+02 2.727821976529633474e+01
7.250000000000000000e+02 2.697845705894410884e+01
8.000000000000000000e+02 2.080187673628349287e+01
8.750000000000000000e+02 1.640734273367612417e+01
9.500000000000000000e+02 1.319902744682236317e+01
1.025000000000000000e+03 1.312290533664182135e+01
1.100000000000000000e+03 1.021153218603556212e+01
1.175000000000000000e+03 6.291110684315235346e+00
1.250000000000000000e+03 3.366595592487698241e+00
