5.000000000000000000e-01 3.574442589961032013e+01
8.203125000000000000e-01 3.607961300965472873e+01
1.140625000000000000e+00 3.644766960381799237e+01
1.460937500000000000e+00 3.523174649168672090e+01
1.781250000000000000e+00 3.523750443738518356e+01
2.101562500000000000e+00 3.789313920994946727e+01
2.421875000000000000e+00 3.799677476761600303e+01
2.742187500000000000e+00 4.019993385484148973e+01
3.062500000000000000e+00 3.922805335662179260e+01
3.382812500000000000e+00 4.165155399054950180e+01
3.703125000000000000e+00 4.057237771347323019e+01
4.023437500000000000e+00 4.250404484754241707e+01
4.343750000000000000e+00 4.435418961881019584e+01
4.664062500000000000e+00 4.489076284945947748e+01
4.984375000000000000e+00 4.656487172068857916e+01
5.304687500000000000e+00 4.775041154989060033e+01
5.625000000000000000e+00 4.840305602678889585e+01
5.945312500000000000e+00 4.801620012392069725e+01
6.265625000000000000e+00 4.916496035222568395e+01
6.585937500000000000e+00 4.907951663718648661e+01
6.906250000000000000e+00 5.169098213564173250e+01
7.226562500000000000e+00 5.194841920201790231e+01
7.546875000000000000e+00 5.224475908724667761e+01
7.867187500000000000e+00 5.457285834834916471e+01
8.187500000000000000e+00 5.608842391885374923e+01
8.507812500000000000e+00 5.730847367672770787e+01
8.828125000000000000e+00 5.463500396833931916e+01
9.148437500000000000e+00 5.545731307231998386e+01
9.468750000000000000e+00 5.643907251734806607e+01
9.789062500000000000e+00 5.670258264227599199e+01
1.010937500000000000e+01 5.772879467188860048e+01
1.042968750000000000e+01 5.469621859331681435e+01
1.075000000000000000e+01 5.614884685175814383e+01
