1.000000000000000021e-02 2.835086553641602319e-52
5.003003003003003712e-02 4.323387417054393206e-27
9.006006006006006537e-02 5.273023923079447800e-20
1.300900900900901214e-01 3.815527071194912297e-16
1.701201201201201496e-01 1.314078540685564430e-13
2.101501501501501779e-01 8.945924933067925016e-12
2.501801801801802339e-01 2.260994096274510436e-10
2.902102102102102621e-01 2.952201334539623171e-09
3.302402402402402903e-01 2.415625273270384700e-08
3.702702702702703186e-01 1.399097770939061209e-07
4.103003003003003468e-01 6.221786826980127601e-07
4.503303303303303751e-01 2.248354681576121078e-06
4.903603603603604588e-01 6.878522545134564122e-06
5.303903903903904871e-01 1.836705321055176083e-05
5.704204204204205153e-01 4.381020453088681763e-05
6.104504504504505435e-01 9.504598324382041038e-05
6.504804804804805718e-01 1.902423404324021837e-04
6.905105105105106000e-01 3.553580111824323215e-04
7.305405405405406283e-01 6.252497347928350066e-04
7.705705705705706565e-01 1.044230525435316291e-03
8.106006006006006848e-01 1.665946545320014585e-03
8.506306306306307130e-01 2.552520221701296606e-03
8.906606606606607413e-01 3.772989252854560670e-03
9.306906906906907695e-01 5.401142531024858903e-03
9.707207207207209088e-01 7.512906634978610242e-03
1.010750750750750937e+00 1.018346688915741649e-02
1.050780780780780965e+00 1.348431542603978003e-02
1.090810810810810993e+00 1.748040833826794774e-02
1.130840840840841022e+00 2.222758950403673495e-02
1.170870870870871050e+00 2.777040512648614595e-02
1.210900900900901078e+00 3.414039526859238838e-02
1.250930930930931106e+00 4.135491074733373823e-02
1.290960960960961135e+00 4.941646874491144315e-02
1.330990990990991163e+00 5.831263045039553061e-02
1.371021021021021191e+00 6.801636008465568317e-02
1.411051051051051219e+00 7.848680714121210322e-02
1.451081081081081248e+00 8.967044237331686651e-02
1.491111111111111276e+00 1.015024723552110375e-01
1.531141141141141304e+00 1.139084564909178671e-01
1.571171171171171332e+00 1.268060531818528403e-01
1.611201201201201361e+00 1.401068275352681247e-01
1.651231231231231389e+00 1.537180606035029873e-01
1.691261261261261417e+00 1.675445089000455468e-01
1.731291291291291445e+00 1.814900721815378704e-01
1.771321321321321474e+00 1.954593366881390015e-01
1.811351351351351502e+00 2.093589698003190946e-01
1.851381381381381530e+00 2.230989501175577594e-01
1.891411411411411558e+00 2.365936241142882202e-01
1.931441441441441809e+00 2.497625866854752685e-01
1.971471471471471837e+00 2.625313880298866809e-01
2.011501501501501643e+00 2.748320734555606548e-01
2.051531531531531449e+00 2.866035658877583714e-01
2.091561561561561700e+00 2.977919031977377951e-01
2.131591591591591506e+00 3.083503440482200930e-01
2.171621621621621756e+00 3.182393568721954558e-01
2.211651651651651562e+00 3.274265069698565900e-01
2.251681681681681813e+00 3.358862566242316605e-01
2.291711711711711619e+00 3.435996926927748496e-01
2.331741741741741869e+00 3.505541954142702421e-01
2.371771771771771675e+00 3.567430612525228084e-01
2.411801801801801926e+00 3.621650915449924346e-01
2.451831831831831732e+00 3.668241575902305152e-01
2.491861861861861982e+00 3.707287516378144354e-01
2.531891891891891788e+00 3.738915320747287496e-01
2.571921921921922038e+00 3.763288699613461241e-01
2.611951951951952289e+00 3.780604029798861343e-01
2.651981981981982095e+00 3.791086018341296437e-01
2.692012012012012345e+00 3.794983531918196817e-01
2.732042042042042151e+00 3.792565623969806898e-01
2.772072072072072402e+00 3.784117784013078523e-01
2.812102102102102208e+00 3.769938426720650382e-01
2.852132132132132458e+00 3.750335632267124963e-01
2.892162162162162264e+00 3.725624144182979047e-01
2.932192192192192515e+00 3.696122626458943072e-01
2.972222222222222321e+00 3.662151177856635687e-01
3.012252252252252571e+00 3.624029098246177027e-01
3.052282282282282377e+00 3.582072899247893960e-01
3.092312312312312628e+00 3.536594549441824387e-01
3.132342342342342434e+00 3.487899942866039549e-01
3.172372372372372684e+00 3.436287578395134101e-01
3.212402402402402490e+00 3.382047436819498598e-01
3.252432432432432741e+00 3.325460041983318571e-01
3.292462462462462547e+00 3.266795692138134144e-01
3.332492492492492797e+00 3.206313847686568796e-01
3.372522522522522603e+00 3.144262661689273264e-01
3.412552552552552854e+00 3.080878639852742684e-01
3.452582582582582660e+00 3.016386417176345480e-01
3.492612612612612910e+00 2.950998638986712108e-01
3.532642642642642716e+00 2.884915934703732865e-01
3.572672672672672967e+00 2.818326973344542075e-01
3.612702702702702773e+00 2.751408590463298443e-01
3.652732732732733023e+00 2.684325976930688196e-01
3.692762762762762829e+00 2.617232920666202611e-01
3.732792792792793080e+00 2.550272093138253870e-01
3.772822822822822886e+00 2.483575373134408459e-01
3.812852852852853136e+00 2.417264200969909127e-01
3.852882882882883386e+00 2.351449956942567865e-01
3.892912912912913193e+00 2.286234358452177429e-01
3.932942942942943443e+00 2.221709870780522456e-01
3.972972972972973249e+00 2.157960127071897882e-01
4.013003003003003499e+00 2.095060353563077959e-01
4.053033033033033306e+00 2.033077796585532615e-01
4.093063063063063112e+00 1.972072148301520778e-01
4.133093093093093806e+00 1.912095968540319657e-01
4.173123123123123612e+00 1.853195100471974055e-01
4.213153153153153418e+00 1.795409078195041586e-01
4.253183183183183225e+00 1.738771524623098919e-01
4.293213213213213919e+00 1.683310538333887829e-01
4.333243243243243725e+00 1.629049068296481717e-01
4.373273273273273531e+00 1.576005275617512469e-01
4.413303303303303338e+00 1.524192881648937792e-01
4.453333333333334032e+00 1.473621501978794046e-01
4.493363363363363838e+00 1.424296965984490626e-01
4.533393393393393644e+00 1.376221621767181325e-01
4.573423423423423451e+00 1.329394626407034707e-01
4.613453453453454145e+00 1.283812221584454405e-01
4.653483483483483951e+00 1.239467994702810327e-01
4.693513513513513757e+00 1.196353125725434507e-01
4.733543543543543564e+00 1.154456620004823547e-01
4.773573573573574258e+00 1.113765527436237079e-01
4.813603603603604064e+00 1.074265148312502499e-01
4.853633633633633870e+00 1.035939226292644927e-01
4.893663663663663677e+00 9.987701289251715853e-02
4.933693693693694371e+00 9.627390161880154673e-02
4.973723723723724177e+00 9.278259975224530109e-02
5.013753753753753983e+00 8.940102778481505419e-02
5.053783783783783790e+00 8.612702930518689737e-02
5.093813813813814484e+00 8.295838354435579320e-02
5.133843843843844290e+00 7.989281696714344017e-02
5.173873873873874096e+00 7.692801395824978850e-02
5.213903903903904791e+00 7.406162665073089124e-02
5.253933933933934597e+00 7.129128394381098466e-02
5.293963963963964403e+00 6.861459975579420334e-02
5.333993993993994209e+00 6.602918055655161711e-02
5.374024024024024904e+00 6.353263222266376797e-02
5.414054054054054710e+00 6.112256625681164457e-02
5.454084084084084516e+00 5.879660541145980551e-02
5.494114114114114322e+00 5.655238875528264403e-02
5.534144144144145017e+00 5.438757621916171653e-02
5.574174174174174823e+00 5.229985265694690050e-02
5.614204204204204629e+00 5.028693145454062735e-02
5.654234234234234435e+00 4.834655771923938167e-02
5.694264264264265130e+00 4.647651107966235123e-02
5.734294294294294936e+00 4.467460812502233036e-02
5.774324324324324742e+00 4.293870451094920770e-02
5.814354354354354548e+00 4.126669675757695804e-02
5.854384384384385243e+00 3.965652376414379593e-02
5.894414414414415049e+00 3.810616806294547104e-02
5.934444444444444855e+00 3.661365683411748478e-02
5.974474474474474661e+00 3.517706270141481018e-02
6.014504504504505356e+00 3.379450432789615766e-02
6.054534534534535162e+00 3.246414682921907463e-02
6.094564564564564968e+00 3.118420202109855460e-02
6.134594594594594774e+00 2.995292851638678422e-02
6.174624624624625469e+00 2.876863168618580546e-02
6.214654654654655275e+00 2.762966349841426000e-02
6.254684684684685081e+00 2.653442224630680329e-02
6.294714714714714887e+00 2.548135217843559147e-02
6.334744744744745581e+00 2.446894304099999501e-02
6.374774774774775388e+00 2.349572954233562425e-02
6.414804804804805194e+00 2.256029074884453520e-02
6.454834834834835888e+00 2.166124942084268756e-02
6.494864864864865694e+00 2.079727129615744838e-02
6.534894894894895501e+00 1.996706432868454797e-02
6.574924924924925307e+00 1.916937788853041030e-02
6.614954954954956001e+00 1.840300192981832519e-02
6.654984984984985807e+00 1.766676613172488142e-02
6.695015015015015614e+00 1.695953901783492715e-02
6.735045045045045420e+00 1.628022705845720911e-02
6.775075075075076114e+00 1.562777376012619221e-02
6.815105105105105920e+00 1.500115874612837491e-02
6.855135135135135727e+00 1.439939683153085466e-02
6.895165165165165533e+00 1.382153709585506006e-02
6.935195195195196227e+00 1.326666195622805237e-02
6.975225225225226033e+00 1.273388624355541524e-02
7.015255255255255840e+00 1.222235628399345915e-02
7.055285285285285646e+00 1.173124898775193548e-02
7.095315315315316340e+00 1.125977094703070266e-02
7.135345345345346146e+00 1.080715754468381494e-02
7.175375375375375953e+00 1.037267207501122585e-02
7.215405405405405759e+00 9.955604877900493463e-03
7.255435435435436453e+00 9.555272487377116167e-03
7.295465465465466259e+00 9.171016795472776775e-03
7.335495495495496066e+00 8.802204232183009902e-03
7.375525525525525872e+00 8.448224962160910678e-03
7.415555555555556566e+00 8.108492098678372895e-03
7.455585585585586372e+00 7.782440935282690549e-03
7.495615615615616179e+00 7.469528195480662491e-03
7.535645645645645985e+00 7.169231300697153676e-03
7.575675675675676679e+00 6.881047656676585016e-03
7.615705705705706485e+00 6.604493958425548469e-03
7.655735735735736291e+00 6.339105513731269591e-03
7.695765765765766986e+00 6.084435585234151955e-03
7.735795795795796792e+00 5.840054750981174721e-03
7.775825825825826598e+00 5.605550283341430122e-03
7.815855855855856404e+00 5.380525546125396359e-03
7.855885885885887099e+00 5.164599409712740050e-03
7.895915915915916905e+00 4.957405683963124650e-03
7.935945945945946711e+00 4.758592568655970259e-03
7.975975975975976517e+00 4.567822121182255231e-03
8.016006006006007212e+00 4.384769741189882206e-03
8.056036036036037018e+00 4.209123671867307827e-03
8.096066066066066824e+00 4.040584517535091014e-03
8.136096096096096630e+00 3.878864777202630475e-03
8.176126126126126437e+00 3.723688393737607360e-03
8.216156156156156243e+00 3.574790318287543022e-03
8.256186186186187825e+00 3.431916089587091351e-03
8.296216216216217632e+00 3.294821427780096797e-03
8.336246246246247438e+00 3.163271842382946869e-03
8.376276276276277244e+00 3.037042254014238243e-03
8.416306306306307050e+00 2.915916629515548364e-03
8.456336336336336856e+00 2.799687630089316148e-03
8.496366366366366663e+00 2.688156272081576592e-03
8.536396396396396469e+00 2.581131600040235344e-03
8.576426426426428051e+00 2.478430371683226947e-03
8.616456456456457857e+00 2.379876754415120171e-03
8.656486486486487664e+00 2.285302033035771507e-03
8.696516516516517470e+00 2.194544328289993376e-03
8.736546546546547276e+00 2.107448325913047031e-03
8.776576576576577082e+00 2.023865015833241094e-03
8.816606606606606888e+00 1.943651441199207392e-03
8.856636636636636695e+00 1.866670456906682372e-03
8.896666666666668277e+00 1.792790497306343727e-03
8.936696696696698083e+00 1.721885352781848911e-03
8.976726726726727890e+00 1.653833954894369908e-03
9.016756756756757696e+00 1.588520169797651149e-03
9.056786786786787502e+00 1.525832599635061843e-03
9.096816816816817308e+00 1.465664391637770160e-03
9.136846846846847114e+00 1.407913054650780866e-03
9.176876876876878697e+00 1.352480282821288179e-03
9.216906906906908503e+00 1.299271786191214624e-03
9.256936936936938309e+00 1.248197127943461967e-03
9.296966966966968116e+00 1.199169568058847503e-03
9.336996996996997922e+00 1.152105913148015375e-03
9.377027027027027728e+00 1.106926372229952204e-03
9.417057057057057534e+00 1.063554418235828757e-03
9.457087087087087340e+00 1.021916655024065904e-03
9.497117117117118923e+00 9.819426896993054509e-04
9.537147147147148729e+00 9.435650100348614471e-04
9.577177177177178535e+00 9.067188668048269595e-04
9.617207207207208342e+00 8.713421608385321562e-04
9.657237237237238148e+00 8.373753346164066434e-04
9.697267267267267954e+00 8.047612682325304542e-04
9.737297297297297760e+00 7.734451795551412550e-04
9.777327327327327566e+00 7.433745284223952383e-04
9.817357357357359149e+00 7.144989247162342920e-04
9.857387387387388955e+00 6.867700401630348573e-04
9.897417417417418761e+00 6.601415237148860679e-04
9.937447447447448567e+00 6.345689203708837402e-04
9.977477477477478374e+00 6.100095933027046072e-04
1.001750750750750818e+01 5.864226491539148304e-04
1.005753753753753799e+01 5.637688663870880218e-04
1.009756756756756779e+01 5.420106265576507022e-04
1.013759759759759937e+01 5.211118483977612154e-04
1.017762762762762918e+01 5.010379245979902597e-04
1.021765765765765899e+01 4.817556611787754644e-04
1.025768768768768879e+01 4.632332193477097155e-04
1.029771771771771860e+01 4.454400597427096036e-04
1.033774774774774841e+01 4.283468889649286551e-04
1.037777777777777821e+01 4.119256083089632031e-04
1.041780780780780979e+01 3.961492646014756498e-04
1.045783783783783960e+01 3.809920030628360368e-04
1.049786786786786941e+01 3.664290221096326854e-04
1.053789789789789921e+01 3.524365300192140900e-04
1.057792792792792902e+01 3.389917033804129630e-04
1.061795795795795883e+01 3.260726472576576320e-04
1.065798798798798863e+01 3.136583569985151930e-04
1.069801801801801844e+01 3.017286816174966253e-04
1.073804804804805002e+01 2.902642886915815837e-04
1.077807807807807983e+01 2.792466307055703196e-04
1.081810810810810963e+01 2.686579127877262627e-04
1.085813813813813944e+01 2.584810617786726934e-04
1.089816816816816925e+01 2.486996965787016331e-04
1.093819819819819905e+01 2.392980997209089510e-04
1.097822822822822886e+01 2.302611901196738526e-04
1.101825825825825866e+01 2.215744969460415714e-04
1.105828828828829025e+01 2.132241345835101385e-04
1.109831831831832005e+01 2.051967786196453669e-04
1.113834834834834986e+01 1.974796428307148445e-04
1.117837837837837967e+01 1.900604571183070262e-04
1.121840840840840947e+01 1.829274463585494248e-04
1.125843843843843928e+01 1.760693101261676097e-04
1.129846846846846908e+01 1.694752032571540678e-04
1.133849849849849889e+01 1.631347172153073540e-04
1.137852852852853047e+01 1.570378622293239711e-04
1.141855855855856028e+01 1.511750501684969627e-04
1.145858858858859008e+01 1.455370781263752144e-04
1.149861861861861989e+01 1.401151126830163561e-04
1.153864864864864970e+01 1.349006748176667517e-04
1.157867867867867950e+01 1.298856254448557852e-04
1.161870870870870931e+01 1.250621515480257592e-04
1.165873873873874089e+01 1.204227528858659355e-04
1.169876876876877070e+01 1.159602292475723085e-04
1.173879879879880050e+01 1.116676682342031604e-04
1.177882882882883031e+01 1.075384335442888068e-04
1.181885885885886012e+01 1.035661537427253826e-04
1.185888888888888992e+01 9.974471149286433908e-05
1.189891891891891973e+01 9.606823323255176382e-05
1.193894894894894954e+01 9.253107927565496849e-05
1.197897897897898112e+01 8.912783432139497332e-05
1.201900900900901092e+01 8.585329835453273616e-05
1.205903903903904073e+01 8.270247792015812845e-05
1.209906906906907054e+01 7.967057775752101219e-05
1.213909909909910034e+01 7.675299277797254177e-05
1.217912912912913015e+01 7.394530037272799012e-05
1.221915915915915996e+01 7.124325303673855738e-05
1.225918918918918976e+01 6.864277129554386975e-05
1.229921921921922134e+01 6.613993692252415416e-05
1.233924924924925115e+01 6.373098643448380732e-05
1.237927927927928096e+01 6.141230485401966035e-05
1.241930930930931076e+01 5.918041972759316888e-05
1.245933933933934057e+01 5.703199538869945380e-05
1.249936936936937038e+01 5.496382745596076728e-05
1.253939939939940018e+01 5.297283755640385755e-05
1.257942942942942999e+01 5.105606826458208429e-05
1.261945945945946157e+01 4.921067824859610572e-05
1.265948948948949138e+01 4.743393761443869726e-05
1.269951951951952118e+01 4.572322344044956263e-05
1.273954954954955099e+01 4.407601549400797566e-05
1.277957957957958079e+01 4.248989212291777500e-05
1.281960960960961060e+01 4.096252631425973073e-05
1.285963963963964041e+01 3.949168191378193672e-05
1.289966966966967199e+01 3.807520999919144095e-05
1.293969969969970180e+01 3.671104540098871536e-05
1.297972972972973160e+01 3.539720336474806267e-05
1.301975975975976141e+01 3.413177634900512494e-05
1.305978978978979121e+01 3.291293095315474737e-05
1.309981981981982102e+01 3.173890496999589987e-05
1.313984984984985083e+01 3.060800455778516161e-05
1.317987987987988063e+01 2.951860152687242825e-05
1.321990990990991222e+01 2.846913073620091917e-05
1.325993993993994202e+01 2.745808759514854560e-05
1.329996996996997183e+01 2.648402566637404103e-05
1.334000000000000163e+01 2.554555436551875114e-05
1.338003003003003144e+01 2.464133675377790881e-05
1.342006006006006125e+01 2.377008741953111153e-05
1.346009009009009105e+01 2.293057044537318465e-05
1.350012012012012086e+01 2.212159745704248852e-05
1.354015015015015244e+01 2.134202575088805856e-05
1.358018018018018225e+01 2.059075649665710362e-05
1.362021021021021205e+01 1.986673301251784353e-05
1.366024024024024186e+01 1.916893910936211999e-05
1.370027027027027167e+01 1.849639750155128779e-05
1.374030030030030147e+01 1.784816828139277012e-05
1.378033033033033128e+01 1.722334745474037488e-05
1.382036036036036108e+01 1.662106553522519812e-05
1.386039039039039267e+01 1.604048619472351489e-05
1.390042042042042247e+01 1.548080496776987078e-05
1.394045045045045228e+01 1.494124800771656146e-05
1.398048048048048209e+01 1.442107089253245143e-05
1.402051051051051189e+01 1.391955747822197834e-05
1.406054054054054170e+01 1.343601879792782558e-05
1.410057057057057150e+01 1.296979200486022814e-05
1.414060060060060309e+01 1.252023935727416629e-05
1.418063063063063289e+01 1.208674724378843965e-05
1.422066066066066270e+01 1.166872524740967127e-05
1.426069069069069251e+01 1.126560524669480837e-05
1.430072072072072231e+01 1.087684055254703370e-05
1.434075075075075212e+01 1.050190507920360860e-05
1.438078078078078192e+01 1.014029254803442998e-05
1.442081081081081173e+01 9.791515722824259876e-06
1.446084084084084331e+01 9.455105675268967531e-06
1.450087087087087312e+01 9.130611079466376701e-06
1.454090090090090293e+01 8.817597534233032977e-06
1.458093093093093273e+01 8.515646912126718847e-06
1.462096096096096254e+01 8.224356734099492859e-06
1.466099099099099234e+01 7.943339568750708570e-06
1.470102102102102215e+01 7.672222455191415714e-06
1.474105105105105196e+01 7.410646348572675405e-06
1.478108108108108354e+01 7.158265587367625356e-06
1.482111111111111335e+01 6.914747381536352992e-06
1.486114114114114315e+01 6.679771320736343656e-06
1.490117117117117296e+01 6.453028901776251067e-06
1.494120120120120276e+01 6.234223074544328799e-06
1.498123123123123257e+01 6.023067805672042696e-06
1.502126126126126238e+01 5.819287659225897483e-06
1.506129129129129218e+01 5.622617393747499857e-06
1.510132132132132377e+01 5.432801574990657431e-06
1.514135135135135357e+01 5.249594203730060171e-06
1.518138138138138338e+01 5.072758358041941560e-06
1.522141141141141318e+01 4.902065849481437577e-06
1.526144144144144299e+01 4.737296892604384793e-06
1.530147147147147280e+01 4.578239787303761335e-06
1.534150150150150260e+01 4.424690613453156596e-06
1.538153153153153418e+01 4.276452937368676498e-06
1.542156156156156399e+01 4.133337529622271870e-06
1.546159159159159380e+01 3.995162093756790816e-06
1.550162162162162360e+01 3.861751005472278532e-06
1.554165165165165341e+01 3.732935061869722311e-06
1.558168168168168322e+01 3.608551240355576174e-06
1.562171171171171302e+01 3.488442466826373834e-06
1.566174174174174283e+01 3.372457392767343585e-06
1.570177177177177441e+01 3.260450180915009532e-06
1.574180180180180422e+01 3.152280299146308934e-06
1.578183183183183402e+01 3.047812322271609881e-06
1.582186186186186383e+01 2.946915741421045185e-06
1.586189189189189364e+01 2.849464780726541797e-06
1.590192192192192344e+01 2.755338221013714053e-06
1.594195195195195325e+01 2.664419230229070682e-06
1.598198198198198305e+01 2.576595200339249807e-06
1.602201201201201641e+01 2.491757590449290534e-06
1.606204204204204444e+01 2.409801775897252233e-06
1.610207207207207603e+01 2.330626903091811642e-06
1.614210210210210406e+01 2.254135749869361290e-06
1.618213213213213564e+01 2.180234591155365443e-06
1.622216216216216722e+01 2.108833069723941306e-06
1.626219219219219525e+01 2.039844071857259418e-06
1.630222222222222683e+01 1.973183607714539576e-06
1.634225225225225486e+01 1.908770696228158325e-06
1.638228228228228645e+01 1.846527254350989909e-06
1.642231231231231448e+01 1.786377990486867074e-06
1.646234234234234606e+01 1.728250301942036441e-06
1.650237237237237764e+01 1.672074176242314286e-06
1.654240240240240567e+01 1.617782096166649978e-06
1.658243243243243725e+01 1.565308948353546603e-06
1.662246246246246528e+01 1.514591935342876121e-06
1.666249249249249686e+01 1.465570490920460848e-06
1.670252252252252489e+01 1.418186198638643514e-06
1.674255255255255648e+01 1.372382713390485635e-06
1.678258258258258806e+01 1.328105685920526413e-06
1.682261261261261609e+01 1.285302690159246024e-06
1.686264264264264767e+01 1.243923153273084785e-06
1.690267267267267570e+01 1.203918288326017138e-06
1.694270270270270728e+01 1.165241029452640587e-06
1.698273273273273531e+01 1.127845969446921708e-06
1.702276276276276690e+01 1.091689299674154689e-06
1.706279279279279493e+01 1.056728752217658549e-06
1.710282282282282651e+01 1.022923544174858989e-06
1.714285285285285809e+01 9.902343240210357015e-07
1.718288288288288612e+01 9.586231199619089605e-07
1.722291291291291770e+01 9.280532901995776104e-07
1.726294294294294573e+01 8.984894750390765899e-07
1.730297297297297732e+01 8.698975507656936776e-07
1.734300300300300535e+01 8.422445852260180487e-07
1.738303303303303693e+01 8.154987950480078552e-07
1.742306306306306851e+01 7.896295044382883160e-07
1.746309309309309654e+01 7.646071054968422060e-07
1.750312312312312812e+01 7.404030199919179118e-07
1.754315315315315615e+01 7.169896625400424337e-07
1.758318318318318774e+01 6.943404051380910360e-07
1.762321321321321577e+01 6.724295429965874399e-07
1.766324324324324735e+01 6.512322616252497958e-07
1.770327327327327538e+01 6.307246051236406065e-07
1.774330330330330696e+01 6.108834456317974593e-07
1.778333333333333854e+01 5.916864538971843624e-07
1.782336336336336657e+01 5.731120709162202059e-07
1.786339339339339816e+01 5.551394806100720388e-07
1.790342342342342619e+01 5.377485834961083646e-07
1.794345345345345777e+01 5.209199713176707958e-07
1.798348348348348580e+01 5.046349025965148870e-07
1.802351351351351738e+01 4.888752790733902116e-07
1.806354354354354896e+01 4.736236230037175635e-07
1.810357357357357699e+01 4.588630552765200848e-07
1.814360360360360858e+01 4.445772743259446168e-07
1.818363363363363661e+01 4.307505358059728110e-07
1.822366366366366819e+01 4.173676329999139477e-07
1.826369369369369622e+01 4.044138779375267061e-07
1.830372372372372780e+01 3.918750831934244106e-07
1.834375375375375938e+01 3.797375443416252445e-07
1.838378378378378741e+01 3.679880230419772887e-07
1.842381381381381900e+01 3.566137307350223620e-07
1.846384384384384703e+01 3.456023129229734679e-07
1.850387387387387861e+01 3.349418340150479531e-07
1.854390390390390664e+01 3.246207627164736867e-07
1.858393393393393822e+01 3.146279579410753158e-07
1.862396396396396625e+01 3.049526552282402641e-07
1.866399399399399783e+01 2.955844536456893615e-07
1.870402402402402942e+01 2.865133031602583226e-07
1.874405405405405745e+01 2.777294924594918650e-07
1.878408408408408903e+01 2.692236372075518010e-07
1.882411411411411706e+01 2.609866687195574464e-07
1.886414414414414864e+01 2.530098230390175737e-07
1.890417417417417667e+01 2.452846304036657770e-07
1.894420420420420825e+01 2.378029050855008836e-07
1.898423423423423984e+01 2.305567355914038658e-07
1.902426426426426787e+01 2.235384752111750038e-07
1.906429429429429945e+01 2.167407329003733671e-07
1.910432432432432748e+01 2.101563644857632205e-07
1.914435435435435906e+01 2.037784641816641379e-07
1.918438438438438709e+01 1.976003564059142458e-07
1.922441441441441867e+01 1.916155878845863622e-07
1.926444444444445026e+01 1.858179200350020791e-07
1.930447447447447828e+01 1.802013216169631153e-07
1.934450450450450987e+01 1.747599616425196764e-07
1.938453453453453790e+01 1.694882025349244741e-07
1.942456456456456948e+01 1.643805935277815185e-07
1.946459459459459751e+01 1.594318642957482016e-07
1.950462462462462909e+01 1.546369188084286040e-07
1.954465465465465712e+01 1.499908293994442188e-07
1.958468468468468870e+01 1.454888310429372473e-07
1.962471471471472029e+01 1.411263158300711857e-07
1.966474474474474832e+01 1.368988276383343473e-07
1.970477477477477990e+01 1.328020569867539882e-07
1.974480480480480793e+01 1.288318360703522132e-07
1.978483483483483951e+01 1.249841339674371806e-07
1.982486486486486754e+01 1.212550520135553722e-07
1.986489489489489912e+01 1.176408193361359919e-07
1.990492492492493071e+01 1.141377885441300193e-07
1.994495495495495874e+01 1.107424315670781705e-07
1.998498498498499032e+01 1.074513356383259991e-07
2.002501501501501835e+01 1.042611994172312413e-07
2.006504504504504993e+01 1.011688292454372587e-07
2.010507507507507796e+01 9.817113553245279807e-08
2.014510510510510954e+01 9.526512926594595646e-08
2.018513513513513757e+01 9.244791864233940400e-08
2.022516516516516916e+01 8.971670581343997514e-08
2.026519519519520074e+01 8.706878374501106201e-08
2.030522522522522877e+01 8.450153318331796535e-08
2.034525525525526035e+01 8.201241972584739225e-08
2.038528528528528838e+01 7.959899099251830758e-08
2.042531531531531996e+01 7.725887389384813370e-08
2.046534534534534799e+01 7.498977199266124560e-08
2.050537537537537958e+01 7.278946295604433977e-08
2.054540540540541116e+01 7.065579609439153384e-08
2.058543543543543919e+01 6.858668998446244231e-08
2.062546546546547077e+01 6.658013017352811913e-08
2.066549549549549880e+01 6.463416696174807671e-08
2.070552552552553038e+01 6.274691326004676594e-08
2.074555555555555841e+01 6.091654252085323338e-08
2.078558558558559000e+01 5.914128673914803348e-08
2.082561561561562158e+01 5.741943452137446024e-08
2.086564564564564961e+01 5.574932921984037450e-08
2.090567567567568119e+01 5.412936713033310090e-08
2.094570570570570922e+01 5.255799575074659767e-08
2.098573573573574080e+01 5.103371209859609728e-08
2.102576576576576883e+01 4.955506108538115166e-08
2.106579579579580042e+01 4.812063394581825411e-08
2.110582582582582845e+01 4.672906672004324220e-08
2.114585585585586003e+01 4.537903878694852396e-08
2.118588588588589161e+01 4.406927144688581431e-08
2.122591591591591964e+01 4.279852655202467882e-08
2.126594594594595122e+01 4.156560518272654609e-08
2.130597597597597925e+01 4.036934636833913956e-08
2.134600600600601084e+01 3.920862585088612013e-08
2.138603603603603887e+01 3.808235489017119391e-08
2.142606606606607045e+01 3.698947910886995704e-08
2.146609609609610203e+01 3.592897737623989176e-08
2.150612612612613006e+01 3.489986072911687843e-08
2.154615615615616164e+01 3.390117132892145390e-08
2.158618618618618967e+01 3.293198145343937883e-08
2.162621621621622126e+01 3.199139252218532096e-08
2.166624624624624929e+01 3.107853415420189169e-08
2.170627627627628087e+01 3.019256325718192785e-08
2.174630630630630890e+01 2.933266314684878896e-08
2.178633633633634048e+01 2.849804269555747782e-08
2.182636636636637206e+01 2.768793550912238979e-08
2.186639639639640009e+01 2.690159913091314689e-08
2.190642642642643168e+01 2.613831427228323384e-08
2.194645645645645970e+01 2.539738406844529705e-08
2.198648648648649129e+01 2.467813335892084149e-08
2.202651651651651932e+01 2.397990799173633411e-08
2.206654654654655090e+01 2.330207415055581123e-08
2.210657657657658248e+01 2.264401770397816120e-08
2.214660660660661051e+01 2.200514357624318119e-08
2.218663663663664209e+01 2.138487513862883579e-08
2.222666666666667012e+01 2.078265362083555828e-08
2.226669669669670171e+01 2.019793754168594717e-08
2.230672672672672974e+01 1.963020215848907190e-08
2.234675675675676132e+01 1.907893893443754096e-08
2.238678678678679290e+01 1.854365502343514149e-08
2.242681681681682093e+01 1.802387277176391412e-08
2.246684684684685251e+01 1.751912923602956656e-08
2.250687687687688054e+01 1.702897571683615660e-08
2.254690690690691213e+01 1.655297730766314390e-08
2.258693693693694016e+01 1.609071245843727214e-08
2.262696696696697174e+01 1.564177255330400239e-08
2.266699699699699977e+01 1.520576150212815610e-08
2.270702702702703135e+01 1.478229534526108918e-08
2.274705705705706293e+01 1.437100187113442482e-08
2.278708708708709096e+01 1.397152024625163543e-08
2.282711711711712255e+01 1.358350065716317554e-08
2.286714714714715058e+01 1.320660396403012872e-08
2.290717717717718216e+01 1.284050136538571788e-08
2.294720720720721019e+01 1.248487407372732781e-08
2.298723723723724177e+01 1.213941300157771765e-08
2.302726726726727335e+01 1.180381845766692224e-08
2.306729729729730138e+01 1.147779985290211206e-08
2.310732732732733297e+01 1.116107541579999743e-08
2.314735735735736100e+01 1.085337191706858812e-08
2.318738738738739258e+01 1.055442440303670844e-08
2.322741741741742061e+01 1.026397593763964184e-08
2.326744744744745219e+01 9.981777352676681003e-09
2.330747747747748377e+01 9.707587006070775142e-09
2.334750750750751180e+01 9.441170547864771129e-09
2.338753753753754339e+01 9.182300693700543840e-09
2.342756756756757142e+01 8.930757005535617725e-09
2.346759759759760300e+01 8.686325679358320344e-09
2.350762762762763103e+01 8.448799339673663992e-09
2.354765765765766261e+01 8.217976840536340366e-09
2.358768768768769064e+01 7.993663072917988083e-09
2.362771771771772222e+01 7.775668778200257063e-09
2.366774774774775381e+01 7.563810367594557492e-09
2.370777777777778184e+01 7.357909747294177034e-09
2.374780780780781342e+01 7.157794149171969905e-09
2.378783783783784145e+01 6.963295966843324691e-09
2.382786786786787303e+01 6.774252596918793011e-09
2.386789789789790106e+01 6.590506285278932041e-09
2.390792792792793264e+01 6.411903978205958681e-09
2.394795795795796423e+01 6.238297178217246392e-09
2.398798798798799226e+01 6.069541804445335889e-09
2.402801801801802384e+01 5.905498057419317639e-09
2.406804804804805187e+01 5.746030288103700552e-09
2.410807807807808345e+01 5.591006871057172831e-09
2.414810810810811148e+01 5.440300081578764636e-09
2.418813813813814306e+01 5.293785976711764392e-09
2.422816816816817109e+01 5.151344279981343931e-09
2.426819819819820268e+01 5.012858269745508726e-09
2.430822822822823426e+01 4.878214671042634042e-09
2.434825825825826229e+01 4.747303550823509822e-09
2.438828828828829387e+01 4.620018216458641137e-09
2.442831831831832190e+01 4.496255117415959025e-09
2.446834834834835348e+01 4.375913750006727041e-09
2.450837837837838151e+01 4.258896565101794653e-09
2.454840840840841310e+01 4.145108878722285069e-09
2.458843843843844468e+01 4.034458785413591970e-09
2.462846846846847271e+01 3.926857074312784677e-09
2.466849849849850429e+01 3.822217147823974821e-09
2.470852852852853232e+01 3.720454942818057101e-09
2.474855855855856390e+01 3.621488854276432071e-09
2.478858858858859193e+01 3.525239661300674774e-09
2.482861861861862351e+01 3.431630455412989906e-09
2.486864864864865510e+01 3.340586571074327872e-09
2.490867867867868313e+01 3.252035518350064367e-09
2.494870870870871471e+01 3.165906917654443150e-09
2.498873873873874274e+01 3.082132436508472390e-09
2.502876876876877432e+01 3.000645728246851259e-09
2.506879879879880235e+01 2.921382372612693503e-09
2.510882882882883393e+01 2.844279818179851152e-09
2.514885885885886196e+01 2.769277326545453541e-09
2.518888888888889355e+01 2.696315918236362088e-09
2.522891891891892513e+01 2.625338320275800955e-09
2.526894894894895316e+01 2.556288915357449863e-09
2.530897897897898474e+01 2.489113692576660988e-09
2.534900900900901277e+01 2.423760199669565721e-09
2.538903903903904435e+01 2.360177496712716046e-09
2.542906906906907238e+01 2.298316111237418171e-09
2.546909909909910397e+01 2.238127994714181249e-09
2.550912912912913555e+01 2.179566480364438186e-09
2.554915915915916358e+01 2.122586242257978088e-09
2.558918918918919516e+01 2.067143255655506392e-09
2.562921921921922319e+01 2.013194758557848095e-09
2.566924924924925477e+01 1.960699214423666850e-09
2.570927927927928280e+01 1.909616276019388766e-09
2.574930930930931439e+01 1.859906750365957358e-09
2.578933933933934597e+01 1.811532564748310446e-09
2.582936936936937400e+01 1.764456733754191508e-09
2.586939939939940558e+01 1.718643327310597930e-09
2.590942942942943361e+01 1.674057439686655586e-09
2.594945945945946519e+01 1.630665159432840162e-09
2.598948948948949322e+01 1.588433540227669382e-09
2.602951951951952481e+01 1.547330572603435097e-09
2.606954954954955284e+01 1.507325156524096441e-09
2.610957957957958442e+01 1.468387074788518281e-09
2.614960960960961600e+01 1.430486967233915720e-09
2.618963963963964403e+01 1.393596305714481397e-09
2.622966966966967561e+01 1.357687369831405869e-09
2.626969969969970364e+01 1.322733223391055990e-09
2.630972972972973523e+01 1.288707691568840714e-09
2.634975975975976326e+01 1.255585338757042354e-09
2.638978978978979484e+01 1.223341447075584094e-09
2.642981981981982642e+01 1.191951995525322037e-09
2.646984984984985445e+01 1.161393639764067969e-09
2.650987987987988603e+01 1.131643692486292471e-09
2.654990990990991406e+01 1.102680104388022742e-09
2.658993993993994565e+01 1.074481445698860416e-09
2.662996996996997368e+01 1.047026888263903046e-09
2.667000000000000526e+01 1.020296188158598006e-09
2.671003003003003329e+01 9.942696688204331039e-10
2.675006006006006487e+01 9.689282046814195034e-10
2.679009009009009645e+01 9.442532052863050249e-10
2.683012012012012448e+01 9.202265998816296142e-10
2.687015015015015607e+01 8.968308224611978750e-10
2.691018018018018410e+01 8.740487972542078978e-10
2.695021021021021568e+01 8.518639246424954375e-10
2.699024024024024371e+01 8.302600674938256405e-10
2.703027027027027529e+01 8.092215378987050851e-10
2.707030030030030687e+01 7.887330842983430279e-10
2.711033033033033490e+01 7.687798789920212693e-10
2.715036036036036649e+01 7.493475060122559189e-10
2.719039039039039451e+01 7.304219493567733415e-10
2.723042042042042610e+01 7.119895815663722962e-10
2.727045045045045413e+01 6.940371526382849489e-10
2.731048048048048571e+01 6.765517792649212691e-10
2.735051051051051729e+01 6.595209343881598763e-10
2.739054054054054532e+01 6.429324370596566288e-10
2.743057057057057690e+01 6.267744425980070342e-10
2.747060060060060493e+01 6.110354330338029790e-10
2.751063063063063652e+01 5.957042078339086158e-10
2.755066066066066455e+01 5.807698748966155682e-10
2.759069069069069613e+01 5.662218418095066647e-10
2.763072072072072416e+01 5.520498073621846706e-10
2.767075075075075574e+01 5.382437533061941215e-10
2.771078078078078732e+01 5.247939363547710457e-10
2.775081081081081535e+01 5.116908804152372326e-10
2.779084084084084694e+01 4.989253690470489589e-10
2.783087087087087497e+01 4.864884381388433336e-10
2.787090090090090655e+01 4.743713687978456866e-10
2.791093093093093458e+01 4.625656804454167775e-10
2.795096096096096616e+01 4.510631241124965227e-10
2.799099099099099774e+01 4.398556759290711028e-10
2.803102102102102577e+01 4.289355308018417557e-10
2.807105105105105736e+01 4.182950962745606376e-10
2.811108108108108539e+01 4.079269865655359520e-10
2.815111111111111697e+01 3.978240167771206960e-10
2.819114114114114500e+01 3.879791972720658129e-10
2.823117117117117658e+01 3.783857282117297903e-10
2.827120120120120816e+01 3.690369942515031369e-10
2.831123123123123619e+01 3.599265593886410419e-10
2.835126126126126778e+01 3.510481619580987048e-10
2.839129129129129581e+01 3.423957097719725101e-10
2.843132132132132739e+01 3.339632753983129652e-10
2.847135135135135542e+01 3.257450915751978519e-10
2.851138138138138700e+01 3.177355467560860226e-10
2.855141141141141503e+01 3.099291807826025063e-10
2.859144144144144661e+01 3.023206806809782239e-10
2.863147147147147820e+01 2.949048765785578127e-10
2.867150150150150623e+01 2.876767377367897845e-10
2.871153153153153781e+01 2.806313686973522947e-10
2.875156156156156584e+01 2.737640055380395244e-10
2.879159159159159742e+01 2.670700122352438287e-10
2.883162162162162545e+01 2.605448771298812150e-10
2.887165165165165703e+01 2.541842094937361344e-10
2.891168168168168862e+01 2.479837361933347962e-10
2.895171171171171665e+01 2.419392984484509952e-10
2.899174174174174823e+01 2.360468486825007955e-10
2.903177177177177626e+01 2.303024474621742356e-10
2.907180180180180784e+01 2.247022605236612362e-10
2.911183183183183587e+01 2.192425558830021646e-10
2.915186186186186745e+01 2.139197010280694418e-10
2.919189189189189548e+01 2.087301601898529962e-10
2.923192192192192707e+01 2.036704916907165801e-10
2.927195195195195865e+01 1.987373453674064498e-10
2.931198198198198668e+01 1.939274600666532865e-10
2.935201201201201826e+01 1.892376612112529048e-10
2.939204204204204629e+01 1.846648584345917872e-10
2.943207207207207787e+01 1.802060432816423977e-10
2.947210210210210590e+01 1.758582869745112572e-10
2.951213213213213749e+01 1.716187382406629061e-10
2.955216216216216907e+01 1.674846212020326331e-10
2.959219219219219710e+01 1.634532333232553207e-10
2.963222222222222868e+01 1.595219434173282313e-10
2.967225225225225671e+01 1.556881897070326179e-10
2.971228228228228829e+01 1.519494779405285818e-10
2.975231231231231632e+01 1.483033795595741780e-10
2.979234234234234791e+01 1.447475299188258973e-10
2.983237237237237949e+01 1.412796265547961692e-10
2.987240240240240752e+01 1.378974275030210976e-10
2.991243243243243910e+01 1.345987496620562087e-10
2.995246246246246713e+01 1.313814672029893370e-10
2.999249249249249871e+01 1.282435100231243364e-10
3.003252252252252674e+01 1.251828622426162729e-10
3.007255255255255832e+01 1.221975607428127030e-10
3.011258258258258635e+01 1.192856937451113946e-10
3.015261261261261794e+01 1.164453994291815065e-10
3.019264264264264952e+01 1.136748645894393241e-10
3.023267267267267755e+01 1.109723233286725997e-10
3.027270270270270913e+01 1.083360557877658973e-10
3.031273273273273716e+01 1.057643869105108686e-10
3.035276276276276874e+01 1.032556852424843754e-10
3.039279279279279677e+01 1.008083617630520423e-10
3.043282282282282836e+01 9.842086874953933808e-11
3.047285285285285994e+01 9.609169867267372925e-11
3.051288288288288797e+01 9.381938312240471823e-11
3.055291291291291955e+01 9.160249176324756042e-11
3.059294294294294758e+01 8.943963131830993426e-11
3.063297297297297916e+01 8.732944458120691506e-11
3.067300300300300719e+01 8.527060945506067280e-11
3.071303303303303878e+01 8.326183801782969052e-11
3.075306306306307036e+01 8.130187561323073127e-11
3.079309309309309839e+01 7.938949996652391552e-11
3.083312312312312997e+01 7.752352032446671067e-11
3.087315315315315800e+01 7.570277661876446408e-11
3.091318318318318958e+01 7.392613865234255197e-11
3.095321321321321761e+01 7.219250530781392958e-11
3.099324324324324920e+01 7.050080377751567436e-11
3.103327327327327723e+01 6.884998881450832795e-11
3.107330330330330881e+01 6.723904200395429306e-11
3.111333333333334039e+01 6.566697105430226879e-11
3.115336336336336842e+01 6.413280910773203072e-11
3.119339339339340000e+01 6.263561406930914466e-11
3.123342342342342803e+01 6.117446795434115652e-11
3.127345345345345962e+01 5.974847625341796011e-11
3.131348348348348765e+01 5.835676731465223551e-11
3.135351351351351923e+01 5.699849174262999563e-11
3.139354354354355081e+01 5.567282181362081529e-11
3.143357357357357884e+01 5.437895090658329377e-11
3.147360360360361042e+01 5.311609294953484156e-11
3.151363363363363845e+01 5.188348188085536644e-11
3.155366366366367004e+01 5.068037112511526881e-11
3.159369369369369807e+01 4.950603308302081234e-11
3.163372372372372965e+01 4.835975863508718356e-11
3.167375375375375768e+01 4.724085665866417246e-11
3.171378378378378926e+01 4.614865355793600643e-11
3.175381381381382084e+01 4.508249280654902689e-11
3.179384384384384887e+01 4.404173450250727507e-11
3.183387387387388046e+01 4.302575493500565113e-11
3.187390390390390849e+01 4.203394616286830100e-11
3.191393393393394007e+01 4.106571560427338500e-11
3.195396396396396810e+01 4.012048563745305339e-11
3.199399399399399968e+01 3.919769321206900841e-11
3.203402402402402771e+01 3.829678947096792278e-11
3.207405405405405929e+01 3.741723938203265590e-11
3.211408408408408377e+01 3.655852137985344791e-11
3.215411411411411535e+01 3.572012701694805457e-11
3.219414414414414694e+01 3.490156062427216076e-11
3.223417417417417852e+01 3.410233898076148188e-11
3.227420420420420299e+01 3.332199099166248475e-11
3.231423423423423458e+01 3.256005737541148378e-11
3.235426426426426616e+01 3.181609035882488601e-11
3.239429429429429774e+01 3.108965338037818985e-11
3.243432432432432933e+01 3.038032080135052785e-11
3.247435435435435380e+01 2.968767762462218124e-11
3.251438438438438538e+01 2.901131922091585386e-11
3.255441441441441697e+01 2.835085106227804490e-11
3.259444444444444855e+01 2.770588846260718281e-11
3.263447447447448013e+01 2.707605632503334162e-11
3.267450450450450461e+01 2.646098889596538828e-11
3.271453453453453619e+01 2.586032952562522299e-11
3.275456456456456777e+01 2.527373043489248340e-11
3.279459459459459936e+01 2.470085248828899049e-11
3.283462462462462383e+01 2.414136497293644658e-11
3.287465465465465542e+01 2.359494538332658937e-11
3.291468468468468700e+01 2.306127921174677976e-11
3.295471471471471858e+01 2.254005974420730046e-11
3.299474474474475016e+01 2.203098786172371199e-11
3.303477477477477464e+01 2.153377184680759023e-11
3.307480480480480622e+01 2.104812719502727036e-11
3.311483483483483781e+01 2.057377643150145015e-11
3.315486486486486939e+01 2.011044893219355235e-11
3.319489489489489387e+01 1.965788074987530522e-11
3.323492492492492545e+01 1.921581444463842048e-11
3.327495495495495703e+01 1.878399891882895406e-11
3.331498498498498861e+01 1.836218925628599479e-11
3.335501501501502020e+01 1.795014656577104397e-11
3.339504504504504467e+01 1.754763782847548587e-11
3.343507507507507626e+01 1.715443574949411133e-11
3.347510510510510784e+01 1.677031861316382050e-11
3.351513513513513942e+01 1.639507014215956414e-11
3.355516516516517100e+01 1.602847936024936354e-11
3.359519519519519548e+01 1.567034045861130915e-11
3.363522522522522706e+01 1.532045266561505973e-11
3.367525525525525865e+01 1.497862011997908509e-11
3.371528528528529023e+01 1.464465174721065893e-11
3.375531531531531471e+01 1.431836113924303579e-11
3.379534534534534629e+01 1.399956643718392881e-11
3.383537537537537787e+01 1.368809021709371261e-11
3.387540540540540945e+01 1.338375937871135055e-11
3.391543543543544104e+01 1.308640503705200227e-11
3.395546546546546551e+01 1.279586241679726724e-11
3.399549549549549710e+01 1.251197074940745038e-11
3.403552552552552868e+01 1.223457317288099940e-11
3.407555555555556026e+01 1.196351663409302842e-11
3.411558558558558474e+01 1.169865179364349127e-11
3.415561561561561632e+01 1.143983293314970430e-11
3.419564564564564790e+01 1.118691786491736883e-11
3.423567567567567949e+01 1.093976784392941349e-11
3.427570570570571107e+01 1.069824748208979708e-11
3.431573573573573555e+01 1.046222466466351804e-11
3.435576576576576713e+01 1.023157046885471777e-11
3.439579579579579871e+01 1.000615908446813034e-11
3.443582582582583029e+01 9.785867736596649796e-12
3.447585585585585477e+01 9.570576610284270978e-12
3.451588588588588635e+01 9.360168777110360885e-12
3.455591591591591794e+01 9.154530123647140293e-12
3.459594594594594952e+01 8.953549281739347349e-12
3.463597597597598110e+01 8.757117560559694752e-12
3.467600600600600558e+01 8.565128880392683676e-12
3.471603603603603716e+01 8.377479708102445936e-12
3.475606606606606874e+01 8.194068994240121139e-12
3.479609609609610033e+01 8.014798111748157708e-12
3.483612612612613191e+01 7.839570796219545437e-12
3.487615615615615638e+01 7.668293087672197353e-12
3.491618618618618797e+01 7.500873273797902196e-12
3.495621621621621955e+01 7.337221834648714853e-12
3.499624624624625113e+01 7.177251388722602764e-12
3.503627627627627561e+01 7.020876640411600981e-12
3.507630630630630719e+01 6.868014328778544486e-12
3.511633633633633877e+01 6.718583177626206406e-12
3.515636636636637036e+01 6.572503846826713750e-12
3.519639639639640194e+01 6.429698884877339172e-12
3.523642642642642642e+01 6.290092682652182656e-12
3.527645645645645800e+01 6.153611428317490326e-12
3.531648648648648958e+01 6.020183063381616258e-12
3.535651651651652116e+01 5.889737239849774475e-12
3.539654654654654564e+01 5.762205278454950493e-12
3.543657657657657722e+01 5.637520127937382237e-12
3.547660660660660881e+01 5.515616325345737442e-12
3.551663663663664039e+01 5.396429957333436192e-12
3.555666666666667197e+01 5.279898622424234458e-12
3.559669669669669645e+01 5.165961394222855019e-12
3.563672672672672803e+01 5.054558785545386681e-12
3.567675675675675961e+01 4.945632713447078334e-12
3.571678678678679120e+01 4.839126465122908719e-12
3.575681681681682278e+01 4.734984664660045602e-12
3.579684684684684726e+01 4.633153240619342674e-12
3.583687687687687884e+01 4.533579394425038761e-12
3.587690690690691042e+01 4.436211569541869162e-12
3.591693693693694200e+01 4.340999421419507372e-12
3.595696696696696648e+01 4.247893788184693252e-12
3.599699699699699806e+01 4.156846662061675959e-12
3.603702702702702965e+01 4.067811161502907761e-12
3.607705705705706123e+01 3.980741504011431280e-12
3.611708708708709281e+01 3.895592979637371277e-12
3.615711711711711729e+01 3.812321925131551966e-12
3.619714714714714887e+01 3.730885698739319808e-12
3.623717717717718045e+01 3.651242655618357754e-12
3.627720720720721204e+01 3.573352123864683230e-12
3.631723723723723651e+01 3.497174381131053645e-12
3.635726726726726810e+01 3.422670631823412018e-12
3.639729729729729968e+01 3.349802984859731404e-12
3.643732732732733126e+01 3.278534431978031726e-12
3.647735735735736284e+01 3.208828826578927340e-12
3.651738738738738732e+01 3.140650863089206289e-12
3.655741741741741890e+01 3.073966056833956012e-12
3.659744744744745049e+01 3.008740724403273982e-12
3.663747747747748207e+01 2.944941964502162493e-12
3.667750750750751365e+01 2.882537639270554861e-12
3.671753753753753813e+01 2.821496356062121919e-12
3.675756756756756971e+01 2.761787449669970113e-12
3.679759759759760129e+01 2.703380964988337692e-12
3.683762762762763288e+01 2.646247640098859926e-12
3.687765765765765735e+01 2.590358889771070865e-12
3.691768768768768894e+01 2.535686789366527232e-12
3.695771771771772052e+01 2.482204059136549523e-12
3.699774774774775210e+01 2.429884048903541056e-12
3.703777777777778368e+01 2.378700723116431759e-12
3.707780780780780816e+01 2.328628646270657796e-12
3.711783783783783974e+01 2.279642968683709295e-12
3.715786786786787133e+01 2.231719412617311993e-12
3.719789789789790291e+01 2.184834258737504086e-12
3.723792792792792739e+01 2.138964332904189450e-12
3.727795795795795897e+01 2.094086993281932194e-12
3.731798798798799055e+01 2.050180117763893599e-12
3.735801801801802213e+01 2.007222091701388057e-12
3.739804804804805372e+01 1.965191795930944944e-12
3.743807807807807819e+01 1.924068595091945948e-12
3.747810810810810978e+01 1.883832326227145249e-12
3.751813813813814136e+01 1.844463287659589189e-12
3.755816816816817294e+01 1.805942228138456882e-12
3.759819819819820452e+01 1.768250336247514717e-12
3.763822822822822900e+01 1.731369230069644248e-12
3.767825825825826058e+01 1.695280947100807245e-12
3.771828828828829216e+01 1.659967934407755386e-12
3.775831831831832375e+01 1.625413039022771021e-12
3.779834834834834822e+01 1.591599498570287900e-12
3.783837837837837981e+01 1.558510932119031713e-12
3.787840840840841139e+01 1.526131331254593762e-12
3.791843843843844297e+01 1.494445051366561673e-12
3.795846846846847455e+01 1.463436803145226691e-12
3.799849849849849903e+01 1.433091644282565016e-12
3.803852852852853061e+01 1.403394971372386686e-12
3.807855855855856220e+01 1.374332512004931694e-12
3.811858858858859378e+01 1.345890317050867842e-12
3.815861861861861826e+01 1.318054753130245852e-12
3.819864864864864984e+01 1.290812495261792987e-12
3.823867867867868142e+01 1.264150519687990823e-12
3.827870870870871300e+01 1.238056096871869544e-12
3.831873873873874459e+01 1.212516784660957134e-12
3.835876876876876906e+01 1.187520421614668847e-12
3.839879879879880065e+01 1.163055120490794433e-12
3.843882882882883223e+01 1.139109261887390925e-12
3.847885885885886381e+01 1.115671488036167408e-12
3.851888888888889539e+01 1.092730696743708128e-12
3.855891891891891987e+01 1.070276035476914024e-12
3.859894894894895145e+01 1.048296895589084742e-12
3.863897897897898304e+01 1.026782906683272857e-12
3.867900900900901462e+01 1.005723931109517759e-12
3.871903903903903910e+01 9.851100585927256051e-13
3.875906906906907068e+01 9.649316009879589204e-13
3.879909909909910226e+01 9.451790871600343175e-13
3.883912912912913384e+01 9.258432579845386571e-13
3.887915915915916543e+01 9.069150614670799338e-13
3.891918918918918990e+01 8.883856479780625381e-13
3.895921921921922149e+01 8.702463656001486094e-13
3.899924924924925307e+01 8.524887555856370719e-13
3.903927927927928465e+01 8.351045479210963501e-13
3.907930930930930913e+01 8.180856569967000561e-13
3.911933933933934071e+01 8.014241773776403180e-13
3.915936936936937229e+01 7.851123796752531269e-13
3.919939939939940388e+01 7.691427065153215535e-13
3.923942942942943546e+01 7.535077686013362081e-13
3.927945945945945994e+01 7.382003408702944124e-13
3.931948948948949152e+01 7.232133587388978319e-13
3.935951951951952310e+01 7.085399144378919991e-13
3.939954954954955468e+01 6.941732534325003734e-13
3.943957957957957916e+01 6.801067709268151135e-13
3.947960960960961074e+01 6.663340084500916546e-13
3.951963963963964233e+01 6.528486505231163281e-13
3.955966966966967391e+01 6.396445214025573622e-13
3.959969969969970549e+01 6.267155819015057602e-13
3.963972972972972997e+01 6.140559262843941757e-13
3.967975975975976155e+01 6.016597792344282854e-13
3.971978978978979313e+01 5.895214928918770066e-13
3.975981981981982472e+01 5.776355439614701602e-13
3.979984984984985630e+01 5.659965308872561876e-13
3.983987987987988078e+01 5.545991710933285648e-13
3.987990990990991236e+01 5.434382982887602960e-13
3.991993993993994394e+01 5.325088598353946408e-13
3.995996996996997552e+01 5.218059141767162438e-13
4.000000000000000000e+01 5.113246283266459055e-13
