5.000000000000000000e-01 1.266555563127242010e+02
6.523437500000000000e-01 1.273233003462086117e+02
8.046875000000000000e-01 1.318384302423403938e+02
9.570312500000000000e-01 1.335431733717458940e+02
1.109375000000000000e+00 1.350876154189940621e+02
1.261718750000000000e+00 1.375751020258863662e+02
1.414062500000000000e+00 1.395213063832104012e+02
1.566406250000000000e+00 1.412048294418899843e+02
1.718750000000000000e+00 1.426390211906809782e+02
1.871093750000000000e+00 1.440973474340200937e+02
2.023437500000000000e+00 1.460947322700850464e+02
2.175781250000000000e+00 1.463244868343920189e+02
2.328125000000000000e+00 1.485763027381178460e+02
2.480468750000000000e+00 1.493844562132460112e+02
2.632812500000000000e+00 1.506836474893408990e+02
2.785156250000000000e+00 1.521695531281146998e+02
2.937500000000000000e+00 1.535410623250558046e+02
3.089843750000000000e+00 1.543440188651057099e+02
3.242187500000000000e+00 1.545161855848962205e+02
3.394531250000000000e+00 1.540441875678885992e+02
3.546875000000000000e+00 1.565805119015541607e+02
3.699218750000000000e+00 1.577426121248258539e+02
3.851562500000000000e+00 1.561813085242082195e+02
4.003906250000000000e+00 1.580726418798509485e+02
4.156250000000000000e+00 1.582621333775548180e+02
4.308593750000000000e+00 1.579794124064667642e+02
4.460937500000000000e+00 1.600686184091917426e+02
4.613281250000000000e+00 1.606102386655809653e+02
4.765625000000000000e+00 1.603403350751863172e+02
4.917968750000000000e+00 1.579870461638498682e+02
5.070312500000000000e+00 1.602484069845570502e+02
5.222656250000000000e+00 1.621215241242140621e+02
5.375000000000000000e+00 1.609374137694958620e+02
