5.000000000000000000e-01 2.757877623284525015e+01
5.102602602602602788e-01 2.762392812973425649e+01
5.205205205205205576e-01 2.766907859645558077e+01
5.307807807807807254e-01 2.771422764620565005e+01
5.410410410410410043e-01 2.775937529238161616e+01
5.513013013013012831e-01 2.780452154857992042e+01
5.615615615615615619e-01 2.784966642859514963e+01
5.718218218218218407e-01 2.789480994641846223e+01
5.820820820820821195e-01 2.793995211623657937e+01
5.923423423423423984e-01 2.798509295243028561e+01
6.026026026026025662e-01 2.803023246957323877e+01
6.128628628628628450e-01 2.807537068243067679e+01
6.231231231231231238e-01 2.812050760595802146e+01
6.333833833833834026e-01 2.816564325529978063e+01
6.436436436436436814e-01 2.821077764578813074e+01
6.539039039039038492e-01 2.825591079294171948e+01
6.641641641641641280e-01 2.830104271246436909e+01
6.744244244244244069e-01 2.834617342024389686e+01
6.846846846846846857e-01 2.839130293235072955e+01
6.949449449449449645e-01 2.843643126503677365e+01
7.052052052052051323e-01 2.848155843473411153e+01
7.154654654654655221e-01 2.852668445805379704e+01
7.257257257257256899e-01 2.857180935178455528e+01
7.359859859859859688e-01 2.861693313289162077e+01
7.462462462462462476e-01 2.866205581851557938e+01
7.565065065065064154e-01 2.870717742597092226e+01
7.667667667667668052e-01 2.875229797274500854e+01
7.770270270270269730e-01 2.879741747649691419e+01
7.872872872872872518e-01 2.884253595505596834e+01
7.975475475475475307e-01 2.888765342642084022e+01
8.078078078078078095e-01 2.893276990875809673e+01
8.180680680680680883e-01 2.897788542040118287e+01
8.283283283283282561e-01 2.902299997984914981e+01
8.385885885885886459e-01 2.906811360576546122e+01
8.488488488488488137e-01 2.911322631697687058e+01
8.591091091091090926e-01 2.915833813247214579e+01
8.693693693693693714e-01 2.920344907140103530e+01
8.796296296296295392e-01 2.924855915307293586e+01
8.898898898898899290e-01 2.929366839695585867e+01
9.001501501501500968e-01 2.933877682267518239e+01
9.104104104104103756e-01 2.938388445001257310e+01
9.206706706706706544e-01 2.942899129890469467e+01
9.309309309309309333e-01 2.947409738944222468e+01
9.411911911911912121e-01 2.951920274186864290e+01
9.514514514514513799e-01 2.956430737657894880e+01
9.617117117117117697e-01 2.960941131411879823e+01
9.719719719719719375e-01 2.965451457518307521e+01
9.822322322322322163e-01 2.969961718061503220e+01
9.924924924924924952e-01 2.974471915140492584e+01
1.002752752752752663e+00 2.978982050868902931e+01
1.013013013013012831e+00 2.983492127374842440e+01
1.023273273273273221e+00 2.988002146800800674e+01
1.033533533533533610e+00 2.992512111303523170e+01
1.043793793793793778e+00 2.997022023053910900e+01
1.054054054054053946e+00 3.001531884236897341e+01
1.064314314314314336e+00 3.006041697051354689e+01
1.074574574574574504e+00 3.010551463709967024e+01
1.084834834834834894e+00 3.015061186439132257e+01
1.095095095095095061e+00 3.019570867478840981e+01
1.105355355355355229e+00 3.024080509082581614e+01
1.115615615615615619e+00 3.028590113517216764e+01
1.125875875875876009e+00 3.033099683062888019e+01
1.136136136136136177e+00 3.037609220012896927e+01
1.146396396396396344e+00 3.042118726673600193e+01
1.156656656656656512e+00 3.046628205364306297e+01
1.166916916916916902e+00 3.051137658417162157e+01
1.177177177177177292e+00 3.055647088177046200e+01
1.187437437437437460e+00 3.060156497001465326e+01
1.197697697697697627e+00 3.064665887260447263e+01
1.207957957957957795e+00 3.069175261336428662e+01
1.218218218218218185e+00 3.073684621624157742e+01
1.228478478478478575e+00 3.078193970530580970e+01
1.238738738738738743e+00 3.082703310474744640e+01
1.248998998998998911e+00 3.087212643887677288e+01
1.259259259259259078e+00 3.091721973212297314e+01
1.269519519519519468e+00 3.096231300903314221e+01
1.279779779779779858e+00 3.100740629427093253e+01
1.290040040040040026e+00 3.105249961261582570e+01
1.300300300300300194e+00 3.109759298896197777e+01
1.310560560560560361e+00 3.114268644831718191e+01
1.320820820820820751e+00 3.118778001580177062e+01
1.331081081081081141e+00 3.123287371664773815e+01
1.341341341341341309e+00 3.127796757619753265e+01
1.351601601601601477e+00 3.132306161990316085e+01
1.361861861861861867e+00 3.136815587332507604e+01
1.372122122122122034e+00 3.141325036213116562e+01
1.382382382382382424e+00 3.145834511209585926e+01
1.392642642642642592e+00 3.150344014909886781e+01
1.402902902902902760e+00 3.154853549912435540e+01
1.413163163163163150e+00 3.159363118825990213e+01
1.423423423423423539e+00 3.163872724269537784e+01
1.433683683683683707e+00 3.168382368872201482e+01
1.443943943943943875e+00 3.172892055273147704e+01
1.454204204204204043e+00 3.177401786121465577e+01
1.464464464464464433e+00 3.181911564076081333e+01
1.474724724724724823e+00 3.186421391805654224e+01
1.484984984984984990e+00 3.190931271988477747e+01
1.495245245245245158e+00 3.195441207312372711e+01
1.505505505505505548e+00 3.199951200474597357e+01
1.515765765765765716e+00 3.204461254181738639e+01
1.526026026026025884e+00 3.208971371149609553e+01
1.536286286286286273e+00 3.213481554103176308e+01
1.546546546546546441e+00 3.217991805776428293e+01
1.556806806806806831e+00 3.222502128912284292e+01
1.567067067067066999e+00 3.227012526262511471e+01
1.577327327327327167e+00 3.231523000587608863e+01
1.587587587587587556e+00 3.236033554656712852e+01
1.597847847847847724e+00 3.240544191247514050e+01
1.608108108108108114e+00 3.245054913146124420e+01
1.618368368368368282e+00 3.249565723147027541e+01
1.628628628628628672e+00 3.254076624052918731e+01
1.638888888888888840e+00 3.258587618674675923e+01
1.649149149149149007e+00 3.263098709831219679e+01
1.659409409409409397e+00 3.267609900349413010e+01
1.669669669669669565e+00 3.272121193063979661e+01
1.679929929929929955e+00 3.276632590817411739e+01
1.690190190190190123e+00 3.281144096459853188e+01
1.700450450450450290e+00 3.285655712849028731e+01
1.710710710710710680e+00 3.290167442850102475e+01
1.720970970970970848e+00 3.294679289335638828e+01
1.731231231231231238e+00 3.299191255185459681e+01
1.741491491491491406e+00 3.303703343286573357e+01
1.751751751751751796e+00 3.308215556533070867e+01
1.762012012012011963e+00 3.312727897826022172e+01
1.772272272272272131e+00 3.317240370073390920e+01
1.782532532532532521e+00 3.321752976189924311e+01
1.792792792792792689e+00 3.326265719097087725e+01
1.803053053053053079e+00 3.330778601722923327e+01
1.813313313313313246e+00 3.335291627001996773e+01
1.823573573573573414e+00 3.339804797875267894e+01
1.833833833833833804e+00 3.344318117290025327e+01
1.844094094094093972e+00 3.348831588199775666e+01
1.854354354354354362e+00 3.353345213564122673e+01
1.864614614614614529e+00 3.357858996348728198e+01
1.874874874874874697e+00 3.362372939525172910e+01
1.885135135135135087e+00 3.366887046070873168e+01
1.895395395395395255e+00 3.371401318968982963e+01
1.905655655655655645e+00 3.375915761208315047e+01
1.915915915915915813e+00 3.380430375783215169e+01
1.926176176176176202e+00 3.384945165693508073e+01
1.936436436436436370e+00 3.389460133944357523e+01
1.946696696696696538e+00 3.393975283546203769e+01
1.956956956956956928e+00 3.398490617514655554e+01
1.967217217217217096e+00 3.403006138870401998e+01
1.977477477477477485e+00 3.407521850639110284e+01
1.987737737737737653e+00 3.412037755851339682e+01
1.997997997997997821e+00 3.416553857542427863e+01
2.008258258258257989e+00 3.421070158752418422e+01
2.018518518518518157e+00 3.425586662525965664e+01
2.028778778778778769e+00 3.430103371912219501e+01
2.039039039039038936e+00 3.434620289964750128e+01
2.049299299299299548e+00 3.439137419741442159e+01
2.059559559559559716e+00 3.443654764304417171e+01
2.069819819819819884e+00 3.448172326719907943e+01
2.080080080080080052e+00 3.452690110058189532e+01
2.090340340340340219e+00 3.457208117393493296e+01
2.100600600600600387e+00 3.461726351803876867e+01
2.110860860860860555e+00 3.466244816371161619e+01
2.121121121121120723e+00 3.470763514180820408e+01
2.131381381381381335e+00 3.475282448321894435e+01
2.141641641641641503e+00 3.479801621886893059e+01
2.151901901901902114e+00 3.484321037971700719e+01
2.162162162162162282e+00 3.488840699675482426e+01
2.172422422422422450e+00 3.493360610100583585e+01
2.182682682682682618e+00 3.497880772352447565e+01
2.192942942942942786e+00 3.502401189539510540e+01
2.203203203203202953e+00 3.506921864773114095e+01
2.213463463463463121e+00 3.511442801167410011e+01
2.223723723723723733e+00 3.515964001839259367e+01
2.233983983983983901e+00 3.520485469908143727e+01
2.244244244244244069e+00 3.525007208496072053e+01
2.254504504504504681e+00 3.529529220727473415e+01
2.264764764764764848e+00 3.534051509729128782e+01
2.275025025025025016e+00 3.538574078630050934e+01
2.285285285285285184e+00 3.543096930561395652e+01
2.295545545545545352e+00 3.547620068656373604e+01
2.305805805805805520e+00 3.552143496050162241e+01
2.316066066066065687e+00 3.556667215879782162e+01
2.326326326326326299e+00 3.561191231284043113e+01
2.336586586586586467e+00 3.565715545403403297e+01
2.346846846846847079e+00 3.570240161379918220e+01
2.357107107107107247e+00 3.574765082357122736e+01
2.367367367367367414e+00 3.579290311479930153e+01
2.377627627627627582e+00 3.583815851894561177e+01
2.387887887887887750e+00 3.588341706748420989e+01
2.398148148148147918e+00 3.592867879190033165e+01
2.408408408408408086e+00 3.597394372368897564e+01
2.418668668668668253e+00 3.601921189435469728e+01
2.428928928928928865e+00 3.606448333540989637e+01
2.439189189189189033e+00 3.610975807837429130e+01
2.449449449449449645e+00 3.615503615477388166e+01
2.459709709709709813e+00 3.620031759614001032e+01
2.469969969969969981e+00 3.624560243400815551e+01
2.480230230230230148e+00 3.629089069991738370e+01
2.490490490490490316e+00 3.633618242540928378e+01
2.500750750750750484e+00 3.638147764202667389e+01
2.511011011011011096e+00 3.642677638131301876e+01
2.521271271271271264e+00 3.647207867481129284e+01
2.531531531531531432e+00 3.651738455406311346e+01
2.541791791791791599e+00 3.656269405060769628e+01
2.552052052052051767e+00 3.660800719598095299e+01
2.562312312312312379e+00 3.665332402171447512e+01
2.572572572572572547e+00 3.669864455933448966e+01
2.582832832832832715e+00 3.674396884036119104e+01
2.593093093093092882e+00 3.678929689630752620e+01
2.603353353353353050e+00 3.683462875867812869e+01
2.613613613613613662e+00 3.687996445896862241e+01
2.623873873873873830e+00 3.692530402866451311e+01
2.634134134134133998e+00 3.697064749924023630e+01
2.644394394394394165e+00 3.701599490215809851e+01
2.654654654654654333e+00 3.706134626886748862e+01
2.664914914914914945e+00 3.710670163080376227e+01
2.675175175175175113e+00 3.715206101938717609e+01
2.685435435435435281e+00 3.719742446602221975e+01
2.695695695695695449e+00 3.724279200209629437e+01
2.705955955955956060e+00 3.728816365897898066e+01
2.716216216216216228e+00 3.733353946802086654e+01
2.726476476476476396e+00 3.737891946055272285e+01
2.736736736736736564e+00 3.742430366788450868e+01
2.746996996996996732e+00 3.746969212130421312e+01
2.757257257257257343e+00 3.751508485207700971e+01
2.767517517517517511e+00 3.756048189144424754e+01
2.777777777777777679e+00 3.760588327062250613e+01
2.788038038038037847e+00 3.765128902080244444e+01
2.798298298298298015e+00 3.769669917314801211e+01
2.808558558558558627e+00 3.774211375879523445e+01
2.818818818818818794e+00 3.778753280885150900e+01
2.829079079079078962e+00 3.783295635439426974e+01
2.839339339339339130e+00 3.787838442647018411e+01
2.849599599599599298e+00 3.792381705609412279e+01
2.859859859859859910e+00 3.796925427424815069e+01
2.870120120120120077e+00 3.801469611188061748e+01
2.880380380380380245e+00 3.806014259990485726e+01
2.890640640640640413e+00 3.810559376919846386e+01
2.900900900900900581e+00 3.815104965060226050e+01
2.911161161161161193e+00 3.819651027491903506e+01
2.921421421421421361e+00 3.824197567291290056e+01
2.931681681681681528e+00 3.828744587530795940e+01
2.941941941941941696e+00 3.833292091278741509e+01
2.952202202202201864e+00 3.837840081599263442e+01
2.962462462462462476e+00 3.842388561552187554e+01
2.972722722722722644e+00 3.846937534192962715e+01
2.982982982982982811e+00 3.851487002572516616e+01
2.993243243243242979e+00 3.856036969737186837e+01
3.003503503503503591e+00 3.860587438728591536e+01
3.013763763763763759e+00 3.865138412583574024e+01
3.024024024024023927e+00 3.869689894334018021e+01
3.034284284284284094e+00 3.874241887006818530e+01
3.044544544544544262e+00 3.878794393623739012e+01
3.054804804804804874e+00 3.883347417201343887e+01
3.065065065065065042e+00 3.887900960750822321e+01
3.075325325325325210e+00 3.892455027277973301e+01
3.085585585585585378e+00 3.897009619783030843e+01
3.095845845845845545e+00 3.901564741260605018e+01
3.106106106106106157e+00 3.906120394699537002e+01
3.116366366366366325e+00 3.910676583082823043e+01
3.126626626626626493e+00 3.915233309387509308e+01
3.136886886886886661e+00 3.919790576584556874e+01
3.147147147147146828e+00 3.924348387638764990e+01
3.157407407407407440e+00 3.928906745508656684e+01
3.167667667667667608e+00 3.933465653146370755e+01
3.177927927927927776e+00 3.938025113497540985e+01
3.188188188188187944e+00 3.942585129501211583e+01
3.198448448448448111e+00 3.947145704089710705e+01
3.208708708708708723e+00 3.951706840188574432e+01
3.218968968968968891e+00 3.956268540716388316e+01
3.229229229229229059e+00 3.960830808584716323e+01
3.239489489489489227e+00 3.965393646697978625e+01
3.249749749749749395e+00 3.969957057953366331e+01
3.260010010010010006e+00 3.974521045240689432e+01
3.270270270270270174e+00 3.979085611442298642e+01
3.280530530530530342e+00 3.983650759432972421e+01
3.290790790790790510e+00 3.988216492079788367e+01
3.301051051051051122e+00 3.992782812242052159e+01
3.311311311311311290e+00 3.997349722771129876e+01
3.321571571571571457e+00 4.001917226510390435e+01
3.331831831831831625e+00 4.006485326295065619e+01
3.342092092092091793e+00 4.011054024952151309e+01
3.352352352352352405e+00 4.015623325300290958e+01
3.362612612612612573e+00 4.020193230149646979e+01
3.372872872872872740e+00 4.024763742301829694e+01
3.383133133133132908e+00 4.029334864549727513e+01
3.393393393393393076e+00 4.033906599677462168e+01
3.403653653653653688e+00 4.038478950460208239e+01
3.413913913913913856e+00 4.043051919664129912e+01
3.424174174174174023e+00 4.047625510046232478e+01
3.434434434434434191e+00 4.052199724354277777e+01
3.444694694694694359e+00 4.056774565326644222e+01
3.454954954954954971e+00 4.061350035692223770e+01
3.465215215215215139e+00 4.065926138170302551e+01
3.475475475475475307e+00 4.070502875470455706e+01
3.485735735735735474e+00 4.075080250292415229e+01
3.495995995995995642e+00 4.079658265325961253e+01
3.506256256256256254e+00 4.084236923250823281e+01
3.516516516516516422e+00 4.088816226736516768e+01
3.526776776776776590e+00 4.093396178442277744e+01
3.537037037037036757e+00 4.097976781016905079e+01
3.547297297297296925e+00 4.102558037098668109e+01
3.557557557557557537e+00 4.107139949315180871e+01
3.567817817817817705e+00 4.111722520283264970e+01
3.578078078078077873e+00 4.116305752608874258e+01
3.588338338338338041e+00 4.120889648886920043e+01
3.598598598598598652e+00 4.125474211701189375e+01
3.608858858858858820e+00 4.130059443624210758e+01
3.619119119119118988e+00 4.134645347217139033e+01
3.629379379379379156e+00 4.139231925029613990e+01
3.639639639639639324e+00 4.143819179599686464e+01
3.649899899899899935e+00 4.148407113453635731e+01
3.660160160160160103e+00 4.152995729105885658e+01
3.670420420420420271e+00 4.157585029058875392e+01
3.680680680680680439e+00 4.162175015802924349e+01
3.690940940940940607e+00 4.166765691816122796e+01
3.701201201201201219e+00 4.171357059564196845e+01
3.711461461461461386e+00 4.175949121500385530e+01
3.721721721721721554e+00 4.180541880065316462e+01
3.731981981981981722e+00 4.185135337686897827e+01
3.742242242242241890e+00 4.189729496780152118e+01
3.752502502502502502e+00 4.194324359747123765e+01
3.762762762762762669e+00 4.198919928976737026e+01
3.773023023023022837e+00 4.203516206844678038e+01
3.783283283283283005e+00 4.208113195713251287e+01
3.793543543543543173e+00 4.212710897931274445e+01
3.803803803803803785e+00 4.217309315833921346e+01
3.814064064064063952e+00 4.221908451742612556e+01
3.824324324324324120e+00 4.226508307964881794e+01
3.834584584584584288e+00 4.231108886794233115e+01
3.844844844844844456e+00 4.235710190510022244e+01
3.855105105105105068e+00 4.240312221377330104e+01
3.865365365365365236e+00 4.244914981646812180e+01
3.875625625625625403e+00 4.249518473554571329e+01
3.885885885885885571e+00 4.254122699322046941e+01
3.896146146146146183e+00 4.258727661155845112e+01
3.906406406406406351e+00 4.263333361247617859e+01
3.916666666666666519e+00 4.267939801773948716e+01
3.926926926926926686e+00 4.272546984896192868e+01
3.937187187187186854e+00 4.277154912760331484e+01
3.947447447447447466e+00 4.281763587496888590e+01
3.957707707707707634e+00 4.286373011220710794e+01
3.967967967967967802e+00 4.290983186030918972e+01
3.978228228228227970e+00 4.295594114010683029e+01
3.988488488488488137e+00 4.300205797227150128e+01
3.998748748748748749e+00 4.304818237731281982e+01
4.009009009009009361e+00 4.309431437557695688e+01
4.019269269269269529e+00 4.314045398724545777e+01
4.029529529529529697e+00 4.318660123233365056e+01
4.039789789789789864e+00 4.323275613068950918e+01
4.050050050050050032e+00 4.327891870199186997e+01
4.060310310310310200e+00 4.332508896574919532e+01
4.070570570570570368e+00 4.337126694129806737e+01
4.080830830830830536e+00 4.341745264780166735e+01
4.091091091091090703e+00 4.346364610424848252e+01
4.101351351351350871e+00 4.350984732945067890e+01
4.111611611611611039e+00 4.355605634204277976e+01
4.121871871871871207e+00 4.360227316047995316e+01
4.132132132132131375e+00 4.364849780303671878e+01
4.142392392392391542e+00 4.369473028780539892e+01
4.152652652652652598e+00 4.374097063269451979e+01
4.162912912912912766e+00 4.378721885542744729e+01
4.173173173173172934e+00 4.383347497354073852e+01
4.183433433433433102e+00 4.387973900438262120e+01
4.193693693693694158e+00 4.392601096511152292e+01
4.203953953953954326e+00 4.397229087269451497e+01
4.214214214214214493e+00 4.401857874390553604e+01
4.224474474474474661e+00 4.406487459532423401e+01
4.234734734734734829e+00 4.411117844333406879e+01
4.244994994994994997e+00 4.415749030412076337e+01
4.255255255255255165e+00 4.420381019367087561e+01
4.265515515515515332e+00 4.425013812776990818e+01
4.275775775775775500e+00 4.429647412200105094e+01
4.286036036036035668e+00 4.434281819174327666e+01
4.296296296296295836e+00 4.438917035216980622e+01
4.306556556556556004e+00 4.443553061824652417e+01
4.316816816816816171e+00 4.448189900473008862e+01
4.327077077077076339e+00 4.452827552616663809e+01
4.337337337337336507e+00 4.457466019688988013e+01
4.347597597597597563e+00 4.462105303101926523e+01
4.357857857857857731e+00 4.466745404245872919e+01
4.368118118118117899e+00 4.471386324489448327e+01
4.378378378378378066e+00 4.476028065179374948e+01
4.388638638638638234e+00 4.480670627640258630e+01
4.398898898898899290e+00 4.485314013174460968e+01
4.409159159159159458e+00 4.489958223061886144e+01
4.419419419419419626e+00 4.494603258559817505e+01
4.429679679679679793e+00 4.499249120902749155e+01
4.439939939939939961e+00 4.503895811302187724e+01
4.450200200200200129e+00 4.508543330946495331e+01
4.460460460460460297e+00 4.513191681000696320e+01
4.470720720720720465e+00 4.517840862606270491e+01
4.480980980980980632e+00 4.522490876881015254e+01
4.491241241241240800e+00 4.527141724918836729e+01
4.501501501501500968e+00 4.531793407789552219e+01
4.511761761761761136e+00 4.536445926538701912e+01
4.522022022022022192e+00 4.541099282187401087e+01
4.532282282282282360e+00 4.545753475732098536e+01
4.542542542542542527e+00 4.550408508144394659e+01
4.552802802802802695e+00 4.555064380370871646e+01
4.563063063063062863e+00 4.559721093332873210e+01
4.573323323323323031e+00 4.564378647926312738e+01
4.583583583583583199e+00 4.569037045021490684e+01
4.593843843843843366e+00 4.573696285462857958e+01
4.604104104104103534e+00 4.578356370068858894e+01
4.614364364364364590e+00 4.583017299631694641e+01
4.624624624624624758e+00 4.587679074917134869e+01
4.634884884884884926e+00 4.592341696664294659e+01
4.645145145145145094e+00 4.597005165585436970e+01
4.655405405405405261e+00 4.601669482365786479e+01
4.665665665665665429e+00 4.606334647663240389e+01
4.675925925925925597e+00 4.611000662108253323e+01
4.686186186186185765e+00 4.615667526303540313e+01
4.696446446446445933e+00 4.620335240823912670e+01
4.706706706706706100e+00 4.625003806216028579e+01
4.716966966966967156e+00 4.629673222998174964e+01
4.727227227227227324e+00 4.634343491660048642e+01
4.737487487487487492e+00 4.639014612662543868e+01
4.747747747747747660e+00 4.643686586437485175e+01
4.758008008008007828e+00 4.648359413387450445e+01
4.768268268268267995e+00 4.653033093885488114e+01
4.778528528528528163e+00 4.657707628274918932e+01
4.788788788788788331e+00 4.662383016869081587e+01
4.799049049049048499e+00 4.667059259951088279e+01
4.809309309309308667e+00 4.671736357773613690e+01
4.819569569569569722e+00 4.676414310558606502e+01
4.829829829829829890e+00 4.681093118497089733e+01
4.840090090090090058e+00 4.685772781748875815e+01
4.850350350350350226e+00 4.690453300442337792e+01
4.860610610610610394e+00 4.695134674674158504e+01
4.870870870870870561e+00 4.699816904509030735e+01
4.881131131131130729e+00 4.704499989979471053e+01
4.891391391391390897e+00 4.709183931085507169e+01
4.901651651651651065e+00 4.713868727794415747e+01
4.911911911911912121e+00 4.718554380040487928e+01
4.922172172172172289e+00 4.723240887724728054e+01
4.932432432432432456e+00 4.727928250714600011e+01
4.942692692692692624e+00 4.732616468843742297e+01
4.952952952952952792e+00 4.737305541911693751e+01
4.963213213213212960e+00 4.741995469683613607e+01
4.973473473473473128e+00 4.746686251889999397e+01
4.983733733733733295e+00 4.751377888226399904e+01
4.993993993993993463e+00 4.756070378353114592e+01
5.004254254254253631e+00 4.760763721894911527e+01
5.014514514514514687e+00 4.765457918440737473e+01
5.024774774774774855e+00 4.770152967543395306e+01
5.035035035035035023e+00 4.774848868719259798e+01
5.045295295295295190e+00 4.779545621447969950e+01
5.055555555555555358e+00 4.784243225172103564e+01
5.065815815815815526e+00 4.788941679296894449e+01
5.076076076076075694e+00 4.793640983189871463e+01
5.086336336336335862e+00 4.798341136180578559e+01
5.096596596596596029e+00 4.803042137560237279e+01
5.106856856856856197e+00 4.807743986581392903e+01
5.117117117117117253e+00 4.812446682457625258e+01
5.127377377377377421e+00 4.817150224363191313e+01
5.137637637637637589e+00 4.821854611432687676e+01
5.147897897897897757e+00 4.826559842760673291e+01
5.158158158158157924e+00 4.831265917401400145e+01
5.168418418418418092e+00 4.835972834368381967e+01
5.178678678678678260e+00 4.840680592634083723e+01
5.188938938938938428e+00 4.845389191129541473e+01
5.199199199199198596e+00 4.850098628744011364e+01
5.209459459459459651e+00 4.854808904324576702e+01
5.219719719719719819e+00 4.859520016675804754e+01
5.229979979979979987e+00 4.864231964559344590e+01
5.240240240240240155e+00 4.868944746693554748e+01
5.250500500500500323e+00 4.873658361753102497e+01
5.260760760760760490e+00 4.878372808368586533e+01
5.271021021021020658e+00 4.883088085126142630e+01
5.281281281281280826e+00 4.887804190567013762e+01
5.291541541541540994e+00 4.892521123187168541e+01
5.301801801801801162e+00 4.897238881436882707e+01
5.312062062062062218e+00 4.901957463720309249e+01
5.322322322322322385e+00 4.906676868395059188e+01
5.332582582582582553e+00 4.911397093771804379e+01
5.342842842842842721e+00 4.916118138113776581e+01
5.353103103103102889e+00 4.920839999636397266e+01
5.363363363363363057e+00 4.925562676506775972e+01
5.373623623623623224e+00 4.930286166843305296e+01
5.383883883883883392e+00 4.935010468715172038e+01
5.394144144144143560e+00 4.939735580141910987e+01
5.404404404404403728e+00 4.944461499092909662e+01
5.414664664664664784e+00 4.949188223486977023e+01
5.424924924924924952e+00 4.953915751191832584e+01
5.435185185185185119e+00 4.958644080023608325e+01
5.445445445445445287e+00 4.963373207746385418e+01
5.455705705705705455e+00 4.968103132071675532e+01
5.465965965965965623e+00 4.972833850657907817e+01
5.476226226226225791e+00 4.977565361109941477e+01
5.486486486486485958e+00 4.982297660978505149e+01
5.496746746746746126e+00 4.987030747759702365e+01
5.507007007007007182e+00 4.991764618894475802e+01
5.517267267267267350e+00 4.996499271768032457e+01
5.527527527527527518e+00 5.001234703709342710e+01
5.537787787787787686e+00 5.005970911990537076e+01
5.548048048048047853e+00 5.010707893826390347e+01
5.558308308308308021e+00 5.015445646373697031e+01
5.568568568568568189e+00 5.020184166730752651e+01
5.578828828828828357e+00 5.024923451936701468e+01
5.589089089089088525e+00 5.029663498971012103e+01
5.599349349349348692e+00 5.034404304752811043e+01
5.609609609609609748e+00 5.039145866140313501e+01
5.619869869869869916e+00 5.043888179930197424e+01
5.630130130130130084e+00 5.048631242856958323e+01
5.640390390390390252e+00 5.053375051592302469e+01
5.650650650650650419e+00 5.058119602744475429e+01
5.660910910910910587e+00 5.062864892857635368e+01
5.671171171171170755e+00 5.067610918411163112e+01
5.681431431431430923e+00 5.072357675819020528e+01
5.691691691691691091e+00 5.077105161429056324e+01
5.701951951951951258e+00 5.081853371522319662e+01
5.712212212212212314e+00 5.086602302312369517e+01
5.722472472472472482e+00 5.091351949944549204e+01
5.732732732732732650e+00 5.096102310495302845e+01
5.742992992992992818e+00 5.100853379971412238e+01
5.753253253253252986e+00 5.105605154309275662e+01
5.763513513513513153e+00 5.110357629374192356e+01
5.773773773773773321e+00 5.115110800959552506e+01
5.784034034034033489e+00 5.119864664786121011e+01
5.794294294294293657e+00 5.124619216501212549e+01
5.804554554554554713e+00 5.129374451677971081e+01
5.814814814814814881e+00 5.134130365814498020e+01
5.825075075075075048e+00 5.138886954333104740e+01
5.835335335335335216e+00 5.143644212579462760e+01
5.845595595595595384e+00 5.148402135821787340e+01
5.855855855855855552e+00 5.153160719249984112e+01
5.866116116116115720e+00 5.157919957974835512e+01
5.876376376376375887e+00 5.162679847027068547e+01
5.886636636636636055e+00 5.167440381356551882e+01
5.896896896896896223e+00 5.172201555831380659e+01
5.907157157157157279e+00 5.176963365236962744e+01
5.917417417417417447e+00 5.181725804275136937e+01
5.927677677677677615e+00 5.186488867563242877e+01
5.937937937937937782e+00 5.191252549633178148e+01
5.948198198198197950e+00 5.196016844930464629e+01
5.958458458458458118e+00 5.200781747813312705e+01
5.968718718718718286e+00 5.205547252551568960e+01
5.978978978978978454e+00 5.210313353325854990e+01
5.989239239239238621e+00 5.215080044226449019e+01
5.999499499499498789e+00 5.219847319252376394e+01
6.009759759759759845e+00 5.224615172310329569e+01
6.020020020020020013e+00 5.229383597213643498e+01
6.030280280280280181e+00 5.234152587681285951e+01
6.040540540540540349e+00 5.238922137336713547e+01
6.050800800800800516e+00 5.243692239706894043e+01
6.061061061061060684e+00 5.248462888221148148e+01
6.071321321321320852e+00 5.253234076210058845e+01
6.081581581581581020e+00 5.258005796904400597e+01
6.091841841841841187e+00 5.262778043433918640e+01
6.102102102102102243e+00 5.267550808826291586e+01
6.112362362362362411e+00 5.272324086005880872e+01
6.122622622622622579e+00 5.277097867792613073e+01
6.132882882882882747e+00 5.281872146900759901e+01
6.143143143143142915e+00 5.286646915937743785e+01
6.153403403403403082e+00 5.291422167402928523e+01
6.163663663663663250e+00 5.296197893686370151e+01
6.173923923923923418e+00 5.300974087067584861e+01
6.184184184184183586e+00 5.305750739714257946e+01
6.194444444444443754e+00 5.310527843680999638e+01
6.204704704704704810e+00 5.315305390908023497e+01
6.214964964964964977e+00 5.320083373219828360e+01
6.225225225225225145e+00 5.324861782323909409e+01
6.235485485485485313e+00 5.329640609809377594e+01
6.245745745745745481e+00 5.334419847145611726e+01
6.256006006006005649e+00 5.339199485680887847e+01
6.266266266266265816e+00 5.343979516640992244e+01
6.276526526526525984e+00 5.348759931127791845e+01
6.286786786786786152e+00 5.353540720117840124e+01
6.297047047047046320e+00 5.358321874460894918e+01
6.307307307307307376e+00 5.363103384878509416e+01
6.317567567567567544e+00 5.367885241962512310e+01
6.327827827827827711e+00 5.372667436173541233e+01
6.338088088088087879e+00 5.377449957839521488e+01
6.348348348348348047e+00 5.382232797154159698e+01
6.358608608608608215e+00 5.387015944175353610e+01
6.368868868868868383e+00 5.391799388823694983e+01
6.379129129129128550e+00 5.396583120880835338e+01
6.389389389389388718e+00 5.401367129987901450e+01
6.399649649649649774e+00 5.406151405643912966e+01
6.409909909909909942e+00 5.410935937204101265e+01
6.420170170170170110e+00 5.415720713878300785e+01
6.430430430430430278e+00 5.420505724729255803e+01
6.440690690690690445e+00 5.425290958670930053e+01
6.450950950950950613e+00 5.430076404466825579e+01
6.461211211211210781e+00 5.434862050728246174e+01
6.471471471471470949e+00 5.439647885912539493e+01
6.481731731731731116e+00 5.444433898321368304e+01
6.491991991991991284e+00 5.449220076098900734e+01
6.502252252252252340e+00 5.454006407230048126e+01
6.512512512512512508e+00 5.458792879538604126e+01
6.522772772772772676e+00 5.463579480685442746e+01
6.533033033033032844e+00 5.468366198166662429e+01
6.543293293293293011e+00 5.473153019311711631e+01
6.553553553553553179e+00 5.477939931281469654e+01
6.563813813813813347e+00 5.482726921066376491e+01
6.574074074074073515e+00 5.487513975484486650e+01
6.584334334334333683e+00 5.492301081179518718e+01
6.594594594594593850e+00 5.497088224618872943e+01
6.604854854854854906e+00 5.501875392091685768e+01
6.615115115115115074e+00 5.506662569706785604e+01
6.625375375375375242e+00 5.511449743390677725e+01
6.635635635635635410e+00 5.516236898885512119e+01
6.645895895895895578e+00 5.521024021747008703e+01
6.656156156156155745e+00 5.525811097342374012e+01
6.666416416416415913e+00 5.530598110848215043e+01
6.676676676676676081e+00 5.535385047248389867e+01
6.686936936936936249e+00 5.540171891331892340e+01
6.697197197197197305e+00 5.544958627690683528e+01
6.707457457457457473e+00 5.549745240717515316e+01
6.717717717717717640e+00 5.554531714603724879e+01
6.727977977977977808e+00 5.559318033337037690e+01
6.738238238238237976e+00 5.564104180699299462e+01
6.748498498498498144e+00 5.568890140264256416e+01
6.758758758758758312e+00 5.573675895395243884e+01
6.769019019019018479e+00 5.578461429242948100e+01
6.779279279279278647e+00 5.583246724743024458e+01
6.789539539539538815e+00 5.588031764613822361e+01
6.799799799799799871e+00 5.592816531354002763e+01
6.810060060060060039e+00 5.597601007240204041e+01
6.820320320320320207e+00 5.602385174324616202e+01
6.830580580580580374e+00 5.607169014432594167e+01
6.840840840840840542e+00 5.611952509160243352e+01
6.851101101101100710e+00 5.616735639871959762e+01
6.861361361361360878e+00 5.621518387697984309e+01
6.871621621621621046e+00 5.626300733531902409e+01
6.881881881881881213e+00 5.631082658028181953e+01
6.892142142142141381e+00 5.635864141599636667e+01
6.902402402402402437e+00 5.640645164414875268e+01
6.912662662662662605e+00 5.645425706395808874e+01
6.922922922922922773e+00 5.650205747215022001e+01
6.933183183183182940e+00 5.654985266293224555e+01
6.943443443443443108e+00 5.659764242796647693e+01
6.953703703703703276e+00 5.664542655634413393e+01
6.963963963963963444e+00 5.669320483455895499e+01
6.974224224224223612e+00 5.674097704648110607e+01
6.984484484484483779e+00 5.678874297332985321e+01
6.994744744744744835e+00 5.683650239364722268e+01
7.005005005005005003e+00 5.688425508327073032e+01
7.015265265265265171e+00 5.693200081530645917e+01
7.025525525525525339e+00 5.697973936010151874e+01
7.035785785785785507e+00 5.702747048521681705e+01
7.046046046046045674e+00 5.707519395539917895e+01
7.056306306306305842e+00 5.712290953255391912e+01
7.066566566566566010e+00 5.717061697571667622e+01
7.076826826826826178e+00 5.721831604102531799e+01
7.087087087087086346e+00 5.726600648169217322e+01
7.097347347347347402e+00 5.731368804797523353e+01
7.107607607607607569e+00 5.736136048714994473e+01
7.117867867867867737e+00 5.740902354348074965e+01
7.128128128128127905e+00 5.745667695819225429e+01
7.138388388388388073e+00 5.750432046944015241e+01
7.148648648648648241e+00 5.755195381228276119e+01
7.158908908908908408e+00 5.759957671865159767e+01
7.169169169169168576e+00 5.764718891732250938e+01
7.179429429429428744e+00 5.769479013388605892e+01
7.189689689689688912e+00 5.774238009071851252e+01
7.199949949949949968e+00 5.778995850695184799e+01
7.210210210210210136e+00 5.783752509844490675e+01
7.220470470470470303e+00 5.788507957775308199e+01
7.230730730730730471e+00 5.793262165409871756e+01
7.240990990990990639e+00 5.798015103334170561e+01
7.251251251251250807e+00 5.802766741794877703e+01
7.261511511511510975e+00 5.807517050696430516e+01
7.271771771771771142e+00 5.812265999597985200e+01
7.282032032032031310e+00 5.817013557710389904e+01
7.292292292292292366e+00 5.821759693893191212e+01
7.302552552552552534e+00 5.826504376651637074e+01
7.312812812812812702e+00 5.831247574133581679e+01
7.323073073073072869e+00 5.835989254126491943e+01
7.333333333333333037e+00 5.840729384054430540e+01
7.343593593593593205e+00 5.845467930974972148e+01
7.353853853853853373e+00 5.850204861576170146e+01
7.364114114114113541e+00 5.854940142173560957e+01
7.374374374374373708e+00 5.859673738707037671e+01
7.384634634634633876e+00 5.864405616737877125e+01
7.394894894894894932e+00 5.869135741445629861e+01
7.405155155155155100e+00 5.873864077625130165e+01
7.415415415415415268e+00 5.878590589683399514e+01
7.425675675675675436e+00 5.883315241636634596e+01
7.435935935935935603e+00 5.888037997107158361e+01
7.446196196196195771e+00 5.892758819320353325e+01
7.456456456456455939e+00 5.897477671101658814e+01
7.466716716716716107e+00 5.902194514873534104e+01
7.476976976976976275e+00 5.906909312652400246e+01
7.487237237237236442e+00 5.911622026045665024e+01
7.497497497497497498e+00 5.916332616248651277e+01
7.507757757757757666e+00 5.921041044041649570e+01
7.518018018018017834e+00 5.925747269786844384e+01
7.528278278278278002e+00 5.930451253425415103e+01
7.538538538538538170e+00 5.935152954474452258e+01
7.548798798798798337e+00 5.939852332024052828e+01
7.559059059059058505e+00 5.944549344734335961e+01
7.569319319319318673e+00 5.949243950832486405e+01
7.579579579579578841e+00 5.953936108109812153e+01
7.589839839839839897e+00 5.958625773918856794e+01
7.600100100100100065e+00 5.963312905170420919e+01
7.610360360360360232e+00 5.967997458330732030e+01
7.620620620620620400e+00 5.972679389418506446e+01
7.630880880880880568e+00 5.977358654002129157e+01
7.641141141141140736e+00 5.982035207196805260e+01
7.651401401401400904e+00 5.986709003661675865e+01
7.661661661661661071e+00 5.991379997597056928e+01
7.671921921921921239e+00 5.996048142741669551e+01
7.682182182182181407e+00 6.000713392369826238e+01
7.692442442442442463e+00 6.005375699288658353e+01
7.702702702702702631e+00 6.010035015835501326e+01
7.712962962962962798e+00 6.014691293875074507e+01
7.723223223223222966e+00 6.019344484796862105e+01
7.733483483483483134e+00 6.023994539512473523e+01
7.743743743743743302e+00 6.028641408452983086e+01
7.754004004004003470e+00 6.033285041566369955e+01
7.764264264264263637e+00 6.037925388314913278e+01
7.774524524524523805e+00 6.042562397672678287e+01
7.784784784784783973e+00 6.047196018123017325e+01
7.795045045045045029e+00 6.051826197656058071e+01
7.805305305305305197e+00 6.056452883766286277e+01
7.815565565565565365e+00 6.061076023450150529e+01
7.825825825825825532e+00 6.065695563203627927e+01
7.836086086086085700e+00 6.070311449019947503e+01
7.846346346346345868e+00 6.074923626387230513e+01
7.856606606606606036e+00 6.079532040286301253e+01
7.866866866866866204e+00 6.084136635188368558e+01
7.877127127127126371e+00 6.088737355052887068e+01
7.887387387387387427e+00 6.093334143325407126e+01
7.897647647647647595e+00 6.097926942935482231e+01
7.907907907907907763e+00 6.102515696294536696e+01
7.918168168168167931e+00 6.107100345293952870e+01
7.928428428428428099e+00 6.111680831303032591e+01
7.938688688688688266e+00 6.116257095167063085e+01
7.948948948948948434e+00 6.120829077205476665e+01
7.959209209209208602e+00 6.125396717209981290e+01
7.969469469469468770e+00 6.129959954442811210e+01
7.979729729729728938e+00 6.134518727634957713e+01
7.989989989989989994e+00 6.139072974984519959e+01
8.000250250250250161e+00 6.143622634155089202e+01
8.010510510510510329e+00 6.148167642274137279e+01
8.020770770770770497e+00 6.152707935931493211e+01
8.031031031031030665e+00 6.157243451177978244e+01
8.041291291291290833e+00 6.161774123523806423e+01
8.051551551551551000e+00 6.166299887937478985e+01
8.061811811811811168e+00 6.170820678844318508e+01
8.072072072072071336e+00 6.175336430125302911e+01
8.082332332332331504e+00 6.179847075115912247e+01
8.092592592592591672e+00 6.184352546605015988e+01
8.102852852852851839e+00 6.188852776833818581e+01
8.113113113113112007e+00 6.193347697494938586e+01
8.123373373373372175e+00 6.197837239731431680e+01
8.133633633633632343e+00 6.202321334135982056e+01
8.143893893893892511e+00 6.206799910750180516e+01
8.154154154154152678e+00 6.211272899063743580e+01
8.164414414414412846e+00 6.215740228013930846e+01
8.174674674674673014e+00 6.220201825985014921e+01
8.184934934934934958e+00 6.224657620807659697e+01
8.195195195195195126e+00 6.229107539758756928e+01
8.205455455455455294e+00 6.233551509560835058e+01
8.215715715715715461e+00 6.237989456381941977e+01
8.225975975975975629e+00 6.242421305835414813e+01
8.236236236236235797e+00 6.246846982979835872e+01
8.246496496496495965e+00 6.251266412318945243e+01
8.256756756756756133e+00 6.255679517801677036e+01
8.267017017017016300e+00 6.260086222822418733e+01
8.277277277277276468e+00 6.264486450221091474e+01
8.287537537537538412e+00 6.268880122283542278e+01
8.297797797797798580e+00 6.273267160741944082e+01
8.308058058058058748e+00 6.277647486775175167e+01
8.318318318318318916e+00 6.282021021009497730e+01
8.328578578578579084e+00 6.286387683519158998e+01
8.338838838838839251e+00 6.290747393827078326e+01
8.349099099099099419e+00 6.295100070905847645e+01
8.359359359359359587e+00 6.299445633178385862e+01
8.369619619619619755e+00 6.303783998519266163e+01
8.379879879879879923e+00 6.308115084255528870e+01
8.390140140140140090e+00 6.312438807168091870e+01
8.400400400400400258e+00 6.316755083493008271e+01
8.410660660660660426e+00 6.321063828922687833e+01
8.420920920920920594e+00 6.325364958607666921e+01
8.431181181181180762e+00 6.329658387157957833e+01
8.441441441441440929e+00 6.333944028644854995e+01
8.451701701701701097e+00 6.338221796602734770e+01
8.461961961961961265e+00 6.342491604030873020e+01
8.472222222222221433e+00 6.346753363395358605e+01
8.482482482482481601e+00 6.351006986631407614e+01
8.492742742742741768e+00 6.355252385145395522e+01
8.503003003003001936e+00 6.359489469817201268e+01
8.513263263263262104e+00 6.363718151002522205e+01
8.523523523523522272e+00 6.367938338535527265e+01
8.533783783783784216e+00 6.372149941731315437e+01
8.544044044044044384e+00 6.376352869388842493e+01
8.554304304304304551e+00 6.380547029793473257e+01
8.564564564564564719e+00 6.384732330720089521e+01
8.574824824824824887e+00 6.388908679436148219e+01
8.585085085085085055e+00 6.393075982704784366e+01
8.595345345345345223e+00 6.397234146788077425e+01
8.605605605605605390e+00 6.401383077450375936e+01
8.615865865865865558e+00 6.405522679961875099e+01
8.626126126126125726e+00 6.409652859102155276e+01
8.636386386386385894e+00 6.413773519163936498e+01
8.646646646646646062e+00 6.417884563956899058e+01
8.656906906906906229e+00 6.421985896811494854e+01
8.667167167167166397e+00 6.426077420583203548e+01
8.677427427427426565e+00 6.430159037656595444e+01
8.687687687687686733e+00 6.434230649949503800e+01
8.697947947947946901e+00 6.438292158917647612e+01
8.708208208208207068e+00 6.442343465558963089e+01
8.718468468468467236e+00 6.446384470418341550e+01
8.728728728728729180e+00 6.450415073592314741e+01
8.738988988988989348e+00 6.454435174733886527e+01
8.749249249249249516e+00 6.458444673057572061e+01
8.759509509509509684e+00 6.462443467344556325e+01
8.769769769769769852e+00 6.466431455947711981e+01
8.780030030030030019e+00 6.470408536797158661e+01
8.790290290290290187e+00 6.474374607405459869e+01
8.800550550550550355e+00 6.478329564873531865e+01
8.810810810810810523e+00 6.482273305895952831e+01
8.821071071071070691e+00 6.486205726766986857e+01
8.831331331331330858e+00 6.490126723386556762e+01
8.841591591591591026e+00 6.494036191266097546e+01
8.851851851851851194e+00 6.497934025534819114e+01
8.862112112112111362e+00 6.501820120946011627e+01
8.872372372372371530e+00 6.505694371883399185e+01
8.882632632632631697e+00 6.509556672367665442e+01
8.892892892892891865e+00 6.513406916063047447e+01
8.903153153153152033e+00 6.517244996284122749e+01
8.913413413413412201e+00 6.521070806002751397e+01
8.923673673673672369e+00 6.524884237854872993e+01
8.933933933933934313e+00 6.528685184147799703e+01
8.944194194194194480e+00 6.532473536867290420e+01
8.954454454454454648e+00 6.536249187685038464e+01
8.964714714714714816e+00 6.540012027966002961e+01
8.974974974974974984e+00 6.543761948775930648e+01
8.985235235235235152e+00 6.547498840889240057e+01
8.995495495495495319e+00 6.551222594796624321e+01
9.005755755755755487e+00 6.554933100713081728e+01
9.016016016016015655e+00 6.558630248585863853e+01
9.026276276276275823e+00 6.562313928102663851e+01
9.036536536536535991e+00 6.565984028699838859e+01
9.046796796796796158e+00 6.569640439570883927e+01
9.057057057057056326e+00 6.573283049674736844e+01
9.067317317317316494e+00 6.576911747744412651e+01
9.077577577577576662e+00 6.580526422295773159e+01
9.087837837837836830e+00 6.584126961636421527e+01
9.098098098098096997e+00 6.587713253874197505e+01
9.108358358358357165e+00 6.591285186926825190e+01
9.118618618618617333e+00 6.594842648530520535e+01
9.128878878878879277e+00 6.598385526249397515e+01
9.139139139139139445e+00 6.601913707484881400e+01
9.149399399399399613e+00 6.605427079485190234e+01
9.159659659659659781e+00 6.608925529354524997e+01
9.169919919919919948e+00 6.612408944063295735e+01
9.180180180180180116e+00 6.615877210457351509e+01
9.190440440440440284e+00 6.619330215268108475e+01
9.200700700700700452e+00 6.622767845122398001e+01
9.210960960960960620e+00 6.626189986552564903e+01
9.221221221221220787e+00 6.629596526006589841e+01
9.231481481481480955e+00 6.632987349858149173e+01
9.241741741741741123e+00 6.636362344417352688e+01
9.252002002002001291e+00 6.639721395940850357e+01
9.262262262262261459e+00 6.643064390642321371e+01
9.272522522522521626e+00 6.646391214703156436e+01
9.282782782782781794e+00 6.649701754283302080e+01
9.293043043043041962e+00 6.652995895531780945e+01
9.303303303303302130e+00 6.656273524597717994e+01
9.313563563563562298e+00 6.659534527641091017e+01
9.323823823823824242e+00 6.662778790844078003e+01
9.334084084084084409e+00 6.666006200421858807e+01
9.344344344344344577e+00 6.669216642633959680e+01
9.354604604604604745e+00 6.672410003795445732e+01
9.364864864864864913e+00 6.675586170288251253e+01
9.375125125125125081e+00 6.678745028572737397e+01
9.385385385385385248e+00 6.681886465198871861e+01
9.395645645645645416e+00 6.685010366818120531e+01
9.405905905905905584e+00 6.688116620194851691e+01
9.416166166166165752e+00 6.691205112218111140e+01
9.426426426426425920e+00 6.694275729913128714e+01
9.436686686686686087e+00 6.697328360453600737e+01
9.446946946946946255e+00 6.700362891173286073e+01
9.457207207207206423e+00 6.703379209577668973e+01
9.467467467467466591e+00 6.706377203356493055e+01
9.477727727727726759e+00 6.709356760395483832e+01
9.487987987987986926e+00 6.712317768788396677e+01
9.498248248248247094e+00 6.715260116849317740e+01
9.508508508508507262e+00 6.718183693124770173e+01
9.518768768768767430e+00 6.721088386406066206e+01
9.529029029029029374e+00 6.723974085741244267e+01
9.539289289289289542e+00 6.726840680447837428e+01
9.549549549549549710e+00 6.729688060125160121e+01
9.559809809809809877e+00 6.732516114666154294e+01
9.570070070070070045e+00 6.735324734270760416e+01
9.580330330330330213e+00 6.738113809457361469e+01
9.590590590590590381e+00 6.740883231076242055e+01
9.600850850850850549e+00 6.743632890321320872e+01
9.611111111111110716e+00 6.746362678743309971e+01
9.621371371371370884e+00 6.749072488261735714e+01
9.631631631631631052e+00 6.751762211178046869e+01
9.641891891891891220e+00 6.754431740187779099e+01
9.652152152152151388e+00 6.757080968393476894e+01
9.662412412412411555e+00 6.759709789317372497e+01
9.672672672672671723e+00 6.762318096913639920e+01
9.682932932932931891e+00 6.764905785581456144e+01
9.693193193193192059e+00 6.767472750177522300e+01
9.703453453453452227e+00 6.770018886028677230e+01
9.713713713713712394e+00 6.772544088944795249e+01
9.723973973973974338e+00 6.775048255230946381e+01
9.734234234234234506e+00 6.777531281700639454e+01
9.744494494494494674e+00 6.779993065688050535e+01
9.754754754754754842e+00 6.782433505061061396e+01
9.765015015015015010e+00 6.784852498233448159e+01
9.775275275275275177e+00 6.787249944177665384e+01
9.785535535535535345e+00 6.789625742437723943e+01
9.795795795795795513e+00 6.791979793141362620e+01
9.806056056056055681e+00 6.794311997012746929e+01
9.816316316316315849e+00 6.796622255385098299e+01
9.826576576576576016e+00 6.798910470213164103e+01
9.836836836836836184e+00 6.801176544085450359e+01
9.847097097097096352e+00 6.803420380237035658e+01
9.857357357357356520e+00 6.805641882561631917e+01
9.867617617617616688e+00 6.807840955624213564e+01
9.877877877877876855e+00 6.810017504673155031e+01
9.888138138138137023e+00 6.812171435652530249e+01
9.898398398398397191e+00 6.814302655214270033e+01
9.908658658658657359e+00 6.816411070730777055e+01
9.918918918918919303e+00 6.818496590306384064e+01
9.929179179179179471e+00 6.820559122789816797e+01
9.939439439439439639e+00 6.822598577786209262e+01
9.949699699699699806e+00 6.824614865668871744e+01
9.959959959959959974e+00 6.826607897591358665e+01
9.970220220220220142e+00 6.828577585499185432e+01
9.980480480480480310e+00 6.830523842141526814e+01
9.990740740740740478e+00 6.832446581083097215e+01
1.000100100100100065e+01 6.834345716715468200e+01
1.001126126126126081e+01 6.836221164268897610e+01
1.002152152152152098e+01 6.838072839823587401e+01
1.003178178178178115e+01 6.839900660320967063e+01
1.004204204204204132e+01 6.841704543575276887e+01
1.005230230230230148e+01 6.843484408284558640e+01
1.006256256256256165e+01 6.845240174041620662e+01
1.007282282282282182e+01 6.846971761345416496e+01
1.008308308308308199e+01 6.848679091611663239e+01
1.009334334334334216e+01 6.850362087183737003e+01
1.010360360360360232e+01 6.852020671343457536e+01
1.011386386386386249e+01 6.853654768321544566e+01
1.012412412412412444e+01 6.855264303308373997e+01
1.013438438438438460e+01 6.856849202464091775e+01
1.014464464464464477e+01 6.858409392929154080e+01
1.015490490490490494e+01 6.859944802834378663e+01
1.016516516516516511e+01 6.861455361310964918e+01
1.017542542542542527e+01 6.862940998500481271e+01
1.018568568568568544e+01 6.864401645564900889e+01
1.019594594594594561e+01 6.865837234695891311e+01
1.020620620620620578e+01 6.867247699124649785e+01
1.021646646646646595e+01 6.868632973131546748e+01
1.022672672672672611e+01 6.869992992054834247e+01
1.023698698698698628e+01 6.871327692300343415e+01
1.024724724724724645e+01 6.872637011350710168e+01
1.025750750750750662e+01 6.873920887773533650e+01
1.026776776776776678e+01 6.875179261230934458e+01
1.027802802802802695e+01 6.876412072487664773e+01
1.028828828828828712e+01 6.877619263419973095e+01
1.029854854854854729e+01 6.878800777023593582e+01
1.030880880880880746e+01 6.879956557422545416e+01
1.031906906906906940e+01 6.881086549876387437e+01
1.032932932932932957e+01 6.882190700788586923e+01
1.033958958958958974e+01 6.883268957714433611e+01
1.034984984984984990e+01 6.884321269368305707e+01
1.036011011011011007e+01 6.885347585631181744e+01
1.037037037037037024e+01 6.886347857558023122e+01
1.038063063063063041e+01 6.887322037384805640e+01
1.039089089089089057e+01 6.888270078535565233e+01
1.040115115115115074e+01 6.889191935628993235e+01
1.041141141141141091e+01 6.890087564485466487e+01
1.042167167167167108e+01 6.890956922133027263e+01
1.043193193193193125e+01 6.891799966814105005e+01
1.044219219219219141e+01 6.892616657991368356e+01
1.045245245245245158e+01 6.893406956353423709e+01
1.046271271271271175e+01 6.894170823821674787e+01
1.047297297297297192e+01 6.894908223554355686e+01
1.048323323323323208e+01 6.895619119953369136e+01
1.049349349349349225e+01 6.896303478668684761e+01
1.050375375375375242e+01 6.896961266603746310e+01
1.051401401401401436e+01 6.897592451920120027e+01
1.052427427427427453e+01 6.898197004042741298e+01
1.053453453453453470e+01 6.898774893663575369e+01
1.054479479479479487e+01 6.899326092746910888e+01
1.055505505505505504e+01 6.899850574532752034e+01
1.056531531531531520e+01 6.900348313541070411e+01
1.057557557557557537e+01 6.900819285575876449e+01
1.058583583583583554e+01 6.901263467728367118e+01
1.059609609609609571e+01 6.901680838380487160e+01
1.060635635635635587e+01 6.902071377208227432e+01
1.061661661661661604e+01 6.902435065184631924e+01
1.062687687687687621e+01 6.902771884582500661e+01
1.063713713713713638e+01 6.903081818977187822e+01
1.064739739739739655e+01 6.903364853248871214e+01
1.065765765765765671e+01 6.903620973585097431e+01
1.066791791791791688e+01 6.903850167482517008e+01
1.067817817817817705e+01 6.904052423749003253e+01
1.068843843843843722e+01 6.904227732505142967e+01
1.069869869869869738e+01 6.904376085185813849e+01
1.070895895895895755e+01 6.904497474541518898e+01
1.071921921921921950e+01 6.904591894639119687e+01
1.072947947947947966e+01 6.904659340863341299e+01
1.073973973973973983e+01 6.904699809916851905e+01
1.075000000000000000e+01 6.904713299821298733e+01
