1.000000000000000021e-02 6.032250933336697398e-55
5.003003003003003712e-02 7.415005517467492091e-35
9.006006006006006537e-02 1.028572335553931193e-28
1.300900900900901214e-01 3.389706951195334333e-25
1.701201201201201496e-01 8.689165796821609623e-23
2.101501501501501779e-01 5.530762652906775112e-21
2.501801801801802339e-01 1.475793707891468125e-19
2.902102102102102621e-01 2.182157008168293012e-18
3.302402402402402903e-01 2.109683547059690814e-17
3.702702702702703186e-01 1.482308571938384857e-16
4.103003003003003468e-01 8.129785374304921009e-16
4.503303303303303751e-01 3.660424617173885675e-15
4.903603603603604588e-01 1.403731303850324565e-14
5.303903903903904871e-01 4.713531037849136688e-14
5.704204204204205153e-01 1.415644266231286789e-13
6.104504504504505435e-01 3.866801573393999601e-13
6.504804804804805718e-01 9.734645936632357011e-13
6.905105105105106000e-01 2.283178847517570916e-12
7.305405405405406283e-01 5.033280513604085814e-12
7.705705705705706565e-01 1.050606202685768945e-11
8.106006006006006848e-01 2.089186272759974805e-11
8.506306306306307130e-01 3.978523364520843249e-11
8.906606606606607413e-01 7.287875579920200047e-11
9.306906906906907695e-01 1.289049950317910422e-10
9.707207207207209088e-01 2.208820061626438697e-10
1.010750750750750937e+00 3.677216052501962991e-10
1.050780780780780965e+00 5.962620949004781704e-10
1.090810810810810993e+00 9.437881013164235333e-10
1.130840840840841022e+00 1.461099577092039154e-09
1.170870870870871050e+00 2.216189819778540589e-09
1.210900900900901078e+00 3.298588592525389861e-09
1.250930930930931106e+00 4.824421202268407321e-09
1.290960960960961135e+00 6.942227829873949642e-09
1.330990990990991163e+00 9.839579686812041904e-09
1.371021021021021191e+00 1.375051989061395942e-08
1.411051051051051219e+00 1.896384751831914184e-08
1.451081081081081248e+00 2.583225333195642789e-08
1.491111111111111276e+00 3.478230539073927111e-08
1.531141141141141304e+00 4.632527238184112938e-08
1.571171171171171332e+00 6.106876221374742686e-08
1.611201201201201361e+00 7.972914340519553614e-08
1.651231231231231389e+00 1.031447072312347113e-07
1.691261261261261417e+00 1.322895195972700933e-07
1.731291291291291445e+00 1.682879033211817613e-07
1.771321321321321474e+00 2.124294840091790690e-07
1.811351351351351502e+00 2.661847260874414971e-07
1.851381381381381530e+00 3.312208798518484185e-07
1.891411411411411558e+00 4.094182556554990438e-07
1.931441441441441809e+00 5.028867375831687846e-07
1.971471471471471837e+00 6.139824461615259289e-07
2.011501501501501643e+00 7.453244578078132845e-07
2.051531531531531449e+00 8.998114877982863098e-07
2.091561561561561700e+00 1.080638443501763138e-06
2.131591591591591506e+00 1.291312755423844515e-06
2.171621621621621756e+00 1.535670395188558682e-06
2.211651651651651562e+00 1.817891491884331345e-06
2.251681681681681813e+00 2.142515461156149567e-06
2.291711711711711619e+00 2.514455564966886819e-06
2.331741741741741869e+00 2.939012824009887076e-06
2.371771771771771675e+00 3.421889209262963430e-06
2.411801801801801926e+00 3.969200044062243151e-06
2.451831831831831732e+00 4.587485553277017170e-06
2.491861861861861982e+00 5.283721501619367306e-06
2.531891891891891788e+00 6.065328868762684857e-06
2.571921921921922038e+00 6.940182514715512394e-06
2.611951951951952289e+00 7.916618794743904918e-06
2.651981981981982095e+00 9.003442089008191398e-06
2.692012012012012345e+00 1.020993021793339568e-05
2.732042042042042151e+00 1.154583872011925580e-05
2.772072072072072402e+00 1.302140397528474376e-05
2.812102102102102208e+00 1.464734516029205850e-05
2.852132132132132458e+00 1.643486503168236113e-05
2.892162162162162264e+00 1.839564953334650393e-05
2.932192192192192515e+00 2.054186623293777824e-05
2.972222222222222321e+00 2.288616159537518738e-05
3.012252252252252571e+00 2.544165710628754388e-05
3.052282282282282377e+00 2.822194426248194628e-05
3.092312312312312628e+00 3.124107845049046951e-05
3.132342342342342434e+00 3.451357173793248974e-05
3.172372372372372684e+00 3.805438460584872044e-05
3.212402402402402490e+00 4.187891665327684421e-05
3.252432432432432741e+00 4.600299630819523050e-05
3.292462462462462547e+00 5.044286958151359670e-05
3.332492492492492797e+00 5.521518790308982888e-05
3.372522522522522603e+00 6.033699508075411014e-05
3.412552552552552854e+00 6.582571342509249484e-05
3.452582582582582660e+00 7.169912908422007125e-05
3.492612612612612910e+00 7.797537663404012932e-05
3.532642642642642716e+00 8.467292297048148789e-05
3.572672672672672967e+00 9.181055055100279406e-05
3.612702702702702773e+00 9.940734003320346338e-05
3.652732732732733023e+00 1.074826523587550132e-04
3.692762762762762829e+00 1.160561103310187367e-04
3.732792792792793080e+00 1.251475797347006340e-04
3.772822822822822886e+00 1.347771500457052584e-04
3.812852852852853136e+00 1.449651147789942707e-04
3.852882882882883386e+00 1.557319515217543910e-04
3.892912912912913193e+00 1.670983016985470773e-04
3.932942942942943443e+00 1.790849501143415134e-04
3.972972972972973249e+00 1.917128043204529837e-04
4.013003003003003499e+00 2.050028738474280658e-04
4.053033033033033306e+00 2.189762493478369053e-04
4.093063063063063112e+00 2.336540816907693252e-04
4.133093093093093806e+00 2.490575610485915481e-04
4.173123123123123612e+00 2.652078960152236026e-04
4.213153153153153418e+00 2.821262927938298195e-04
4.253183183183183225e+00 2.998339344904146840e-04
4.293213213213213919e+00 3.183519605483583299e-04
4.333243243243243725e+00 3.377014463574530448e-04
4.373273273273273531e+00 3.579033830694992088e-04
4.413303303303303338e+00 3.789786576509805239e-04
4.453333333333334032e+00 4.009480332018123226e-04
4.493363363363363838e+00 4.238321295676156599e-04
4.533393393393393644e+00 4.476514042714112426e-04
4.573423423423423451e+00 4.724261337891021042e-04
4.613453453453454145e+00 4.981763951915719807e-04
4.653483483483483951e+00 5.249220481747062352e-04
4.693513513513513757e+00 5.526827174971621391e-04
4.733543543543543564e+00 5.814777758441922254e-04
4.773573573573574258e+00 6.113263271344087897e-04
4.813603603603604064e+00 6.422471902849250566e-04
4.853633633633633870e+00 6.742588834489257306e-04
4.893663663663663677e+00 7.073796087383049398e-04
4.933693693693694371e+00 7.416272374427524371e-04
4.973723723723724177e+00 7.770192957552797455e-04
5.013753753753753983e+00 8.135729510130108909e-04
5.053783783783783790e+00 8.513049984607368257e-04
5.093813813813814484e+00 8.902318485436394417e-04
5.133843843843844290e+00 9.303695147343958496e-04
5.173873873873874096e+00 9.717336018987899390e-04
5.213903903903904791e+00 1.014339295202884659e-03
5.253933933933934597e+00 1.058201349563824218e-03
5.293963963963964403e+00 1.103334079645299773e-03
5.333993993993994209e+00 1.149751350397859454e-03
5.374024024024024904e+00 1.197466568143277328e-03
5.414054054054054710e+00 1.246492672201388388e-03
5.454084084084084516e+00 1.296842127056994139e-03
5.494114114114114322e+00 1.348526915063653388e-03
5.534144144144145017e+00 1.401558529680464000e-03
5.574174174174174823e+00 1.455947969237262468e-03
5.614204204204204629e+00 1.511705731223005446e-03
5.654234234234234435e+00 1.568841807091511751e-03
5.694264264264265130e+00 1.627365677578180604e-03
5.734294294294294936e+00 1.687286308520723806e-03
5.774324324324324742e+00 1.748612147176537750e-03
5.814354354354354548e+00 1.811351119028802546e-03
5.854384384384385243e+00 1.875510625073038623e-03
5.894414414414415049e+00 1.941097539575393832e-03
5.934444444444444855e+00 2.008118208293665444e-03
5.974474474474474661e+00 2.076578447151629890e-03
6.014504504504505356e+00 2.146483541357067492e-03
6.054534534534535162e+00 2.217838244953490405e-03
6.094564564564564968e+00 2.290646780795469861e-03
6.134594594594594774e+00 2.364912840937127055e-03
6.174624624624625469e+00 2.440639587423265068e-03
6.214654654654655275e+00 2.517829653472379581e-03
6.254684684684685081e+00 2.596485145040736305e-03
6.294714714714714887e+00 2.676607642756526507e-03
6.334744744744745581e+00 2.758198204213033970e-03
6.374774774774775388e+00 2.841257366609699440e-03
6.414804804804805194e+00 2.925785149729933504e-03
6.454834834834835888e+00 3.011781059244446855e-03
6.494864864864865694e+00 3.099244090328869515e-03
6.534894894894895501e+00 3.188172731584528602e-03
6.574924924924925307e+00 3.278564969251136687e-03
6.614954954954956001e+00 3.370418291700248616e-03
6.654984984984985807e+00 3.463729694198440512e-03
6.695015015015015614e+00 3.558495683929165966e-03
6.735045045045045420e+00 3.654712285262327279e-03
6.775075075075076114e+00 3.752375045260741403e-03
6.815105105105105920e+00 3.851479039412712344e-03
6.855135135135135727e+00 3.952018877580125607e-03
6.895165165165165533e+00 4.053988710151524080e-03
6.935195195195196227e+00 4.157382234389743990e-03
6.975225225225226033e+00 4.262192700963954133e-03
7.015255255255255840e+00 4.368412920655938107e-03
7.055285285285285646e+00 4.476035271230733789e-03
7.095315315315316340e+00 4.585051704461784623e-03
7.135345345345346146e+00 4.695453753301079974e-03
7.175375375375375953e+00 4.807232539184808605e-03
7.215405405405405759e+00 4.920378779465234970e-03
7.255435435435436453e+00 5.034882794959791644e-03
7.295465465465466259e+00 5.150734517608467067e-03
7.335495495495496066e+00 5.267923498230775090e-03
7.375525525525525872e+00 5.386438914373807910e-03
7.415555555555556566e+00 5.506269578243125525e-03
7.455585585585586372e+00 5.627403944708178445e-03
7.495615615615616179e+00 5.749830119374629150e-03
7.535645645645645985e+00 5.873535866715590831e-03
7.575675675675676679e+00 5.998508618254408224e-03
7.615705705705706485e+00 6.124735480791576765e-03
7.655735735735736291e+00 6.252203244668835119e-03
7.695765765765766986e+00 6.380898392063352569e-03
7.735795795795796792e+00 6.510807105305267510e-03
7.775825825825826598e+00 6.641915275212374563e-03
7.815855855855856404e+00 6.774208509435145423e-03
7.855885885885887099e+00 6.907672140806508931e-03
7.895915915915916905e+00 7.042291235689971014e-03
7.935945945945946711e+00 7.178050602320777511e-03
7.975975975975976517e+00 7.314934799134247857e-03
8.016006006006007212e+00 7.452928143076148308e-03
8.056036036036037018e+00 7.592014717889944767e-03
8.096066066066066824e+00 7.732178382375776149e-03
8.136096096096096630e+00 7.873402778616690051e-03
8.176126126126126437e+00 8.015671340167259198e-03
8.216156156156156243e+00 8.158967300200352032e-03
8.256186186186187825e+00 8.303273699607698066e-03
8.296216216216217632e+00 8.448573395050290244e-03
8.336246246246247438e+00 8.594849066954729847e-03
8.376276276276277244e+00 8.742083227451605612e-03
8.416306306306307050e+00 8.890258228252763753e-03
8.456336336336336856e+00 9.039356268463591762e-03
8.496366366366366663e+00 9.189359402327460652e-03
8.536396396396396469e+00 9.340249546899085167e-03
8.576426426426428051e+00 9.492008489643889366e-03
8.616456456456457857e+00 9.644617895960742524e-03
8.656486486486487664e+00 9.798059316625270729e-03
8.696516516516517470e+00 9.952314195151308607e-03
8.736546546546547276e+00 1.010736387506835920e-02
8.776576576576577082e+00 1.026318960711249638e-02
8.816606606606606888e+00 1.041977255632909119e-02
8.856636636636636695e+00 1.057709380908495450e-02
8.896666666666668277e+00 1.073513437998856179e-02
8.936696696696698083e+00 1.089387521871631320e-02
8.976726726726727890e+00 1.105329721674346705e-02
9.016756756756757696e+00 1.121338121397832607e-02
9.056786786786787502e+00 1.137410800529814470e-02
9.096816816816817308e+00 1.153545834698576841e-02
9.136846846846847114e+00 1.169741296306589518e-02
9.176876876876878697e+00 1.185995255153970626e-02
9.216906906906908503e+00 1.202305779051725428e-02
9.256936936936938309e+00 1.218670934424678429e-02
9.296966966966968116e+00 1.235088786904000105e-02
9.336996996996997922e+00 1.251557401909302904e-02
9.377027027027027728e+00 1.268074845220228813e-02
9.417057057057057534e+00 1.284639183537507855e-02
9.457087087087087340e+00 1.301248485033426432e-02
9.497117117117118923e+00 1.317900819891699646e-02
9.537147147147148729e+00 1.334594260836725020e-02
9.577177177177178535e+00 1.351326883652185368e-02
9.617207207207208342e+00 1.368096767689034807e-02
9.657237237237238148e+00 1.384901996362838082e-02
9.697267267267267954e+00 1.401740657640478289e-02
9.737297297297297760e+00 1.418610844516274977e-02
9.777327327327327566e+00 1.435510655477484875e-02
9.817357357357359149e+00 1.452438194959279616e-02
9.857387387387388955e+00 1.469391573789155699e-02
9.897417417417418761e+00 1.486368909620905572e-02
9.937447447447448567e+00 1.503368327358100068e-02
9.977477477477478374e+00 1.520387959567225979e-02
1.001750750750750818e+01 1.537425946880439237e-02
1.005753753753753799e+01 1.554480438388090510e-02
1.009756756756756779e+01 1.571549592020991468e-02
1.013759759759759937e+01 1.588631574922566569e-02
1.017762762762762918e+01 1.605724563810917438e-02
1.021765765765765899e+01 1.622826745330887069e-02
1.025768768768768879e+01 1.639936316396209057e-02
1.029771771771771860e+01 1.657051484521825796e-02
1.033774774774774841e+01 1.674170468146442617e-02
1.037777777777777821e+01 1.691291496945423675e-02
1.041780780780780979e+01 1.708412812134130904e-02
1.045783783783783960e+01 1.725532666761755290e-02
1.049786786786786941e+01 1.742649325995817428e-02
1.053789789789789921e+01 1.759761067397333859e-02
1.057792792792792902e+01 1.776866181186846291e-02
1.061795795795795883e+01 1.793962970501362594e-02
1.065798798798798863e+01 1.811049751642324415e-02
1.069801801801801844e+01 1.828124854314705158e-02
1.073804804804805002e+01 1.845186621857397569e-02
1.077807807807807983e+01 1.862233411464894739e-02
1.081810810810810963e+01 1.879263594400504278e-02
1.085813813813813944e+01 1.896275556201098764e-02
1.089816816816816925e+01 1.913267696873588788e-02
1.093819819819819905e+01 1.930238431083207765e-02
1.097822822822822886e+01 1.947186188333719509e-02
1.101825825825825866e+01 1.964109413139661364e-02
1.105828828828829025e+01 1.981006565190791130e-02
1.109831831831832005e+01 1.997876119508767978e-02
1.113834834834834986e+01 2.014716566596275529e-02
1.117837837837837967e+01 2.031526412578635310e-02
1.121840840840840947e+01 2.048304179338096900e-02
1.125843843843843928e+01 2.065048404640846408e-02
1.129846846846846908e+01 2.081757642256941085e-02
1.133849849849849889e+01 2.098430462073208949e-02
1.137852852852853047e+01 2.115065450199297981e-02
1.141855855855856028e+01 2.131661209066944632e-02
1.145858858858859008e+01 2.148216357522627143e-02
1.149861861861861989e+01 2.164729530913692135e-02
1.153864864864864970e+01 2.181199381168072784e-02
1.157867867867867950e+01 2.197624576867745691e-02
1.161870870870870931e+01 2.214003803316014901e-02
1.165873873873874089e+01 2.230335762598772281e-02
1.169876876876877070e+01 2.246619173639795991e-02
1.173879879879880050e+01 2.262852772250299044e-02
1.177882882882883031e+01 2.279035311172748074e-02
1.181885885885886012e+01 2.295165560119105316e-02
1.185888888888888992e+01 2.311242305803648533e-02
1.189891891891891973e+01 2.327264351970412259e-02
1.193894894894894954e+01 2.343230519415417934e-02
1.197897897897898112e+01 2.359139646003789378e-02
1.201900900900901092e+01 2.374990586681840349e-02
1.205903903903904073e+01 2.390782213484312149e-02
1.209906906906907054e+01 2.406513415536776571e-02
1.213909909909910034e+01 2.422183099053424465e-02
1.217912912912913015e+01 2.437790187330222264e-02
1.221915915915915996e+01 2.453333620733676168e-02
1.225918918918918976e+01 2.468812356685209236e-02
1.229921921921922134e+01 2.484225369641282835e-02
1.233924924924925115e+01 2.499571651069420336e-02
1.237927927927928096e+01 2.514850209420145880e-02
1.241930930930931076e+01 2.530060070095019320e-02
1.245933933933934057e+01 2.545200275410812105e-02
1.249936936936937038e+01 2.560269884559973966e-02
1.253939939939940018e+01 2.575267973567434143e-02
1.257942942942942999e+01 2.590193635243882159e-02
1.261945945945946157e+01 2.605045979135592327e-02
1.265948948948949138e+01 2.619824131470916556e-02
1.269951951951952118e+01 2.634527235103503034e-02
1.273954954954955099e+01 2.649154449452361879e-02
1.277957957957958079e+01 2.663704950438861019e-02
1.281960960960961060e+01 2.678177930420736971e-02
1.285963963963964041e+01 2.692572598123208621e-02
1.289966966966967199e+01 2.706888178567301226e-02
1.293969969969970180e+01 2.721123912995431632e-02
1.297972972972973160e+01 2.735279058794375801e-02
1.301975975975976141e+01 2.749352889415681081e-02
1.305978978978979121e+01 2.763344694293608933e-02
1.309981981981982102e+01 2.777253778760691363e-02
1.313984984984985083e+01 2.791079463960980875e-02
1.317987987987988063e+01 2.804821086761077886e-02
1.321990990990991222e+01 2.818477999659002239e-02
1.325993993993994202e+01 2.832049570690985812e-02
1.329996996996997183e+01 2.845535183336295876e-02
1.334000000000000163e+01 2.858934236420077393e-02
1.338003003003003144e+01 2.872246144014397803e-02
1.342006006006006125e+01 2.885470335337482484e-02
1.346009009009009105e+01 2.898606254651236655e-02
1.350012012012012086e+01 2.911653361157142891e-02
1.354015015015015244e+01 2.924611128890549847e-02
1.358018018018018225e+01 2.937479046613496528e-02
1.362021021021021205e+01 2.950256617706061360e-02
1.366024024024024186e+01 2.962943360056319655e-02
1.370027027027027167e+01 2.975538805949036122e-02
1.374030030030030147e+01 2.988042501953040025e-02
1.378033033033033128e+01 3.000454008807444672e-02
1.382036036036036108e+01 3.012772901306713658e-02
1.386039039039039267e+01 3.024998768184660250e-02
1.390042042042042247e+01 3.037131211997409763e-02
1.394045045045045228e+01 3.049169849005413033e-02
1.398048048048048209e+01 3.061114309054531468e-02
1.402051051051051189e+01 3.072964235456290827e-02
1.406054054054054170e+01 3.084719284867288788e-02
1.410057057057057150e+01 3.096379127167892681e-02
1.414060060060060309e+01 3.107943445340210359e-02
1.418063063063063289e+01 3.119411935345398415e-02
1.422066066066066270e+01 3.130784306000394812e-02
1.426069069069069251e+01 3.142060278854064831e-02
1.430072072072072231e+01 3.153239588062829724e-02
1.434075075075075212e+01 3.164321980265871748e-02
1.438078078078078192e+01 3.175307214459851396e-02
1.442081081081081173e+01 3.186195061873296069e-02
1.446084084084084331e+01 3.196985305840625846e-02
1.450087087087087312e+01 3.207677741675875327e-02
1.454090090090090293e+01 3.218272176546182334e-02
1.458093093093093273e+01 3.228768429345035829e-02
1.462096096096096254e+01 3.239166330565347585e-02
1.466099099099099234e+01 3.249465722172384385e-02
1.470102102102102215e+01 3.259666457476604468e-02
1.474105105105105196e+01 3.269768401006383635e-02
1.478108108108108354e+01 3.279771428380762188e-02
1.482111111111111335e+01 3.289675426182137041e-02
1.486114114114114315e+01 3.299480291829005180e-02
1.490117117117117296e+01 3.309185933448784839e-02
1.494120120120120276e+01 3.318792269750690804e-02
1.498123123123123257e+01 3.328299229898767919e-02
1.502126126126126238e+01 3.337706753385056430e-02
1.506129129129129218e+01 3.347014789902956478e-02
1.510132132132132377e+01 3.356223299220777168e-02
1.514135135135135357e+01 3.365332251055545149e-02
1.518138138138138338e+01 3.374341624947073404e-02
1.522141141141141318e+01 3.383251410132299269e-02
1.526144144144144299e+01 3.392061605419952053e-02
1.530147147147147280e+01 3.400772219065570368e-02
1.534150150150150260e+01 3.409383268646840742e-02
1.538153153153153418e+01 3.417894780939365745e-02
1.542156156156156399e+01 3.426306791792807505e-02
1.546159159159159380e+01 3.434619346007473928e-02
1.550162162162162360e+01 3.442832497211333748e-02
1.554165165165165341e+01 3.450946307737534635e-02
1.558168168168168322e+01 3.458960848502373037e-02
1.562171171171171302e+01 3.466876198883782345e-02
1.566174174174174283e+01 3.474692446600358836e-02
1.570177177177177441e+01 3.482409687590910796e-02
1.574180180180180422e+01 3.490028025894584968e-02
1.578183183183183402e+01 3.497547573531542553e-02
1.582186186186186383e+01 3.504968450384254169e-02
1.586189189189189364e+01 3.512290784079396405e-02
1.590192192192192344e+01 3.519514709870340957e-02
1.594195195195195325e+01 3.526640370520321699e-02
1.598198198198198305e+01 3.533667916186219310e-02
1.602201201201201641e+01 3.540597504303027304e-02
1.606204204204204444e+01 3.547429299468973091e-02
1.610207207207207603e+01 3.554163473331345413e-02
1.614210210210210406e+01 3.560800204473009434e-02
1.618213213213213564e+01 3.567339678299639300e-02
1.622216216216216722e+01 3.573782086927656393e-02
1.626219219219219525e+01 3.580127629072905882e-02
1.630222222222222683e+01 3.586376509940090301e-02
1.634225225225225486e+01 3.592528941112910906e-02
1.638228228228228645e+01 3.598585140445016012e-02
1.642231231231231448e+01 3.604545331951677922e-02
1.646234234234234606e+01 3.610409745702265055e-02
1.650237237237237764e+01 3.616178617713489835e-02
1.654240240240240567e+01 3.621852189843439290e-02
1.658243243243243725e+01 3.627430709686418203e-02
1.662246246246246528e+01 3.632914430468573569e-02
1.666249249249249686e+01 3.638303610944350341e-02
1.670252252252252489e+01 3.643598515293743761e-02
1.674255255255255648e+01 3.648799413020380189e-02
1.678258258258258806e+01 3.653906578850411174e-02
1.682261261261261609e+01 3.658920292632261012e-02
1.686264264264264767e+01 3.663840839237180597e-02
1.690267267267267570e+01 3.668668508460650596e-02
1.694270270270270728e+01 3.673403594924636723e-02
1.698273273273273531e+01 3.678046397980660326e-02
1.702276276276276690e+01 3.682597221613750221e-02
1.706279279279279493e+01 3.687056374347224413e-02
1.710282282282282651e+01 3.691424169148326689e-02
1.714285285285285809e+01 3.695700923334722943e-02
1.718288288288288612e+01 3.699886958481853061e-02
1.722291291291291770e+01 3.703982600331143238e-02
1.726294294294294573e+01 3.707988178699069687e-02
1.730297297297297732e+01 3.711904027387099431e-02
1.734300300300300535e+01 3.715730484092471392e-02
1.738303303303303693e+01 3.719467890319868436e-02
1.742306306306306851e+01 3.723116591293914451e-02
1.746309309309309654e+01 3.726676935872583196e-02
1.750312312312312812e+01 3.730149276461426633e-02
1.754315315315315615e+01 3.733533968928683111e-02
1.758318318318318774e+01 3.736831372521261241e-02
1.762321321321321577e+01 3.740041849781568922e-02
1.766324324324324735e+01 3.743165766465196553e-02
1.770327327327327538e+01 3.746203491459495355e-02
1.774330330330330696e+01 3.749155396702971016e-02
1.778333333333333854e+01 3.752021857105565517e-02
1.782336336336336657e+01 3.754803250469780640e-02
1.786339339339339816e+01 3.757499957412667457e-02
1.790342342342342619e+01 3.760112361288647786e-02
1.794345345345345777e+01 3.762640848113214115e-02
1.798348348348348580e+01 3.765085806487446229e-02
1.802351351351351738e+01 3.767447627523403536e-02
1.806354354354354896e+01 3.769726704770338249e-02
1.810357357357357699e+01 3.771923434141759290e-02
1.814360360360360858e+01 3.774038213843333017e-02
1.818363363363363661e+01 3.776071444301610375e-02
1.822366366366366819e+01 3.778023528093608224e-02
1.826369369369369622e+01 3.779894869877186564e-02
1.830372372372372780e+01 3.781685876322272988e-02
1.834375375375375938e+01 3.783396956042915649e-02
1.838378378378378741e+01 3.785028519530120317e-02
1.842381381381381900e+01 3.786580979085548554e-02
1.846384384384384703e+01 3.788054748755980555e-02
1.850387387387387861e+01 3.789450244268623147e-02
1.854390390390390664e+01 3.790767882967196328e-02
1.858393393393393822e+01 3.792008083748826808e-02
1.862396396396396625e+01 3.793171267001736735e-02
1.866399399399399783e+01 3.794257854543731101e-02
1.870402402402402942e+01 3.795268269561448415e-02
1.874405405405405745e+01 3.796202936550414908e-02
1.878408408408408903e+01 3.797062281255880745e-02
1.882411411411411706e+01 3.797846730614397315e-02
1.886414414414414864e+01 3.798556712696196658e-02
1.890417417417417667e+01 3.799192656648323063e-02
1.894420420420420825e+01 3.799754992638511297e-02
1.898423423423423984e+01 3.800244151799839210e-02
1.902426426426426787e+01 3.800660566176122107e-02
1.906429429429429945e+01 3.801004668668039183e-02
1.910432432432432748e+01 3.801276892980023914e-02
1.914435435435435906e+01 3.801477673567865007e-02
1.918438438438438709e+01 3.801607445587055351e-02
1.922441441441441867e+01 3.801666644841852905e-02
1.926444444444445026e+01 3.801655707735064615e-02
1.930447447447447828e+01 3.801575071218554758e-02
1.934450450450450987e+01 3.801425172744440223e-02
1.938453453453453790e+01 3.801206450217008842e-02
1.942456456456456948e+01 3.800919341945339230e-02
1.946459459459459751e+01 3.800564286596585378e-02
1.950462462462462909e+01 3.800141723149980111e-02
1.954465465465465712e+01 3.799652090851512315e-02
1.958468468468468870e+01 3.799095829169267524e-02
1.962471471471472029e+01 3.798473377749457536e-02
1.966474474474474832e+01 3.797785176373111998e-02
1.970477477477477990e+01 3.797031664913418786e-02
1.974480480480480793e+01 3.796213283293742302e-02
1.978483483483483951e+01 3.795330471446268367e-02
1.982486486486486754e+01 3.794383669271307602e-02
1.986489489489489912e+01 3.793373316597239975e-02
1.990492492492493071e+01 3.792299853141073429e-02
1.994495495495495874e+01 3.791163718469663102e-02
1.998498498498499032e+01 3.789965351961517570e-02
2.002501501501501835e+01 3.788705192769245556e-02
2.006504504504504993e+01 3.787383679782608398e-02
2.010507507507507796e+01 3.786001251592176209e-02
2.014510510510510954e+01 3.784558346453580080e-02
2.018513513513513757e+01 3.783055402252371441e-02
2.022516516516516916e+01 3.781492856469461511e-02
2.026519519519520074e+01 3.779871146147140842e-02
2.030522522522522877e+01 3.778190707855694913e-02
2.034525525525526035e+01 3.776451977660563730e-02
2.038528528528528838e+01 3.774655391090103729e-02
2.042531531531531996e+01 3.772801383103878414e-02
2.046534534534534799e+01 3.770890388061524240e-02
2.050537537537537958e+01 3.768922839692170901e-02
2.054540540540541116e+01 3.766899171064382740e-02
2.058543543543543919e+01 3.764819814556673999e-02
2.062546546546547077e+01 3.762685201828526449e-02
2.066549549549549880e+01 3.760495763791961432e-02
2.070552552552553038e+01 3.758251930583612205e-02
2.074555555555555841e+01 3.755954131537341673e-02
2.078558558558559000e+01 3.753602795157344463e-02
2.082561561561562158e+01 3.751198349091777740e-02
2.086564564564564961e+01 3.748741220106886068e-02
2.090567567567568119e+01 3.746231834061621024e-02
2.094570570570570922e+01 3.743670615882752767e-02
2.098573573573574080e+01 3.741057989540474971e-02
2.102576576576576883e+01 3.738394378024487152e-02
2.106579579579580042e+01 3.735680203320542597e-02
2.110582582582582845e+01 3.732915886387482701e-02
2.114585585585586003e+01 3.730101847134729282e-02
2.118588588588589161e+01 3.727238504400234159e-02
2.122591591591591964e+01 3.724326275928889485e-02
2.126594594594595122e+01 3.721365578351384235e-02
2.130597597597597925e+01 3.718356827163508266e-02
2.134600600600601084e+01 3.715300436705894216e-02
2.138603603603603887e+01 3.712196820144193776e-02
2.142606606606607045e+01 3.709046389449686260e-02
2.146609609609610203e+01 3.705849555380309052e-02
2.150612612612613006e+01 3.702606727462112723e-02
2.154615615615616164e+01 3.699318313971123456e-02
2.158618618618618967e+01 3.695984721915621107e-02
2.162621621621622126e+01 3.692606357018823199e-02
2.166624624624624929e+01 3.689183623701962345e-02
2.170627627627628087e+01 3.685716925067773764e-02
2.174630630630630890e+01 3.682206662884349863e-02
2.178633633633634048e+01 3.678653237569403517e-02
2.182636636636637206e+01 3.675057048174908830e-02
2.186639639639640009e+01 3.671418492372099940e-02
2.190642642642643168e+01 3.667737966436864644e-02
2.194645645645645970e+01 3.664015865235497466e-02
2.198648648648649129e+01 3.660252582210810068e-02
2.202651651651651932e+01 3.656448509368603883e-02
2.206654654654655090e+01 3.652604037264500780e-02
2.210657657657658248e+01 3.648719554991110975e-02
2.214660660660661051e+01 3.644795450165569384e-02
2.218663663663664209e+01 3.640832108917374521e-02
2.222666666666667012e+01 3.636829915876605562e-02
2.226669669669670171e+01 3.632789254162439169e-02
2.230672672672672974e+01 3.628710505372009787e-02
2.234675675675676132e+01 3.624594049569585669e-02
2.238678678678679290e+01 3.620440265276069630e-02
2.242681681681682093e+01 3.616249529458809980e-02
2.246684684684685251e+01 3.612022217521721618e-02
2.250687687687688054e+01 3.607758703295716601e-02
2.254690690690691213e+01 3.603459359029433096e-02
2.258693693693694016e+01 3.599124555380266849e-02
2.262696696696697174e+01 3.594754661405689250e-02
2.266699699699699977e+01 3.590350044554866532e-02
2.270702702702703135e+01 3.585911070660550981e-02
2.274705705705706293e+01 3.581438103931266353e-02
2.278708708708709096e+01 3.576931506943764605e-02
2.282711711711712255e+01 3.572391640635760174e-02
2.286714714714715058e+01 3.567818864298929332e-02
2.290717717717718216e+01 3.563213535572185009e-02
2.294720720720721019e+01 3.558576010435206272e-02
2.298723723723724177e+01 3.553906643202227322e-02
2.302726726726727335e+01 3.549205786516090172e-02
2.306729729729730138e+01 3.544473791342538788e-02
2.310732732732733297e+01 3.539711006964763734e-02
2.314735735735736100e+01 3.534917780978198698e-02
2.318738738738739258e+01 3.530094459285545994e-02
2.322741741741742061e+01 3.525241386092050483e-02
2.326744744744745219e+01 3.520358903900997621e-02
2.330747747747748377e+01 3.515447353509445344e-02
2.334750750750751180e+01 3.510507074004192568e-02
2.338753753753754339e+01 3.505538402757948924e-02
2.342756756756757142e+01 3.500541675425748039e-02
2.346759759759760300e+01 3.495517225941562750e-02
2.350762762762763103e+01 3.490465386515138879e-02
2.354765765765766261e+01 3.485386487629039270e-02
2.358768768768769064e+01 3.480280858035893210e-02
2.362771771771772222e+01 3.475148824755846383e-02
2.366774774774775381e+01 3.469990713074224548e-02
2.370777777777778184e+01 3.464806846539375540e-02
2.374780780780781342e+01 3.459597546960716669e-02
2.378783783783784145e+01 3.454363134406979174e-02
2.382786786786787303e+01 3.449103927204621306e-02
2.386789789789790106e+01 3.443820241936447479e-02
2.390792792792793264e+01 3.438512393440396053e-02
2.394795795795796423e+01 3.433180694808513067e-02
2.398798798798799226e+01 3.427825457386097369e-02
2.402801801801802384e+01 3.422446990771020603e-02
2.406804804804805187e+01 3.417045602813222061e-02
2.410807807807808345e+01 3.411621599614362427e-02
2.414810810810811148e+01 3.406175285527653085e-02
2.418813813813814306e+01 3.400706963157833912e-02
2.422816816816817109e+01 3.395216933361327322e-02
2.426819819819820268e+01 3.389705495246532474e-02
2.430822822822823426e+01 3.384172946174283242e-02
2.434825825825826229e+01 3.378619581758454671e-02
2.438828828828829387e+01 3.373045695866717236e-02
2.442831831831832190e+01 3.367451580621441676e-02
2.446834834834835348e+01 3.361837526400736353e-02
2.450837837837838151e+01 3.356203821839640056e-02
2.454840840840841310e+01 3.350550753831443851e-02
2.458843843843844468e+01 3.344878607529148951e-02
2.462846846846847271e+01 3.339187666347061961e-02
2.466849849849850429e+01 3.333478211962521282e-02
2.470852852852853232e+01 3.327750524317745623e-02
2.474855855855856390e+01 3.322004881621816452e-02
2.478858858858859193e+01 3.316241560352786721e-02
2.482861861861862351e+01 3.310460835259893680e-02
2.486864864864865510e+01 3.304662979365915326e-02
2.490867867867868313e+01 3.298848263969627465e-02
2.494870870870871471e+01 3.293016958648380121e-02
2.498873873873874274e+01 3.287169331260788446e-02
2.502876876876877432e+01 3.281305647949531862e-02
2.506879879879880235e+01 3.275426173144262154e-02
2.510882882882883393e+01 3.269531169564619810e-02
2.514885885885886196e+01 3.263620898223350969e-02
2.518888888888889355e+01 3.257695618429531231e-02
2.522891891891892513e+01 3.251755587791881758e-02
2.526894894894895316e+01 3.245801062222193611e-02
2.530897897897898474e+01 3.239832295938840923e-02
2.534900900900901277e+01 3.233849541470389111e-02
2.538903903903904435e+01 3.227853049659295398e-02
2.542906906906907238e+01 3.221843069665706466e-02
2.546909909909910397e+01 3.215819848971327582e-02
2.550912912912913555e+01 3.209783633383401363e-02
2.554915915915916358e+01 3.203734667038748291e-02
2.558918918918919516e+01 3.197673192407902987e-02
2.562921921921922319e+01 3.191599450299337920e-02
2.566924924924925477e+01 3.185513679863740538e-02
2.570927927927928280e+01 3.179416118598396568e-02
2.574930930930931439e+01 3.173307002351635764e-02
2.578933933933934597e+01 3.167186565327347741e-02
2.582936936936937400e+01 3.161055040089579687e-02
2.586939939939940558e+01 3.154912657567196521e-02
2.590942942942943361e+01 3.148759647058616690e-02
2.594945945945946519e+01 3.142596236236610413e-02
2.598948948948949322e+01 3.136422651153167318e-02
2.602951951951952481e+01 3.130239116244421665e-02
2.606954954954955284e+01 3.124045854335651129e-02
2.610957957957958442e+01 3.117843086646325187e-02
2.614960960960961600e+01 3.111631032795223947e-02
2.618963963963964403e+01 3.105409910805603801e-02
2.622966966966967561e+01 3.099179937110426233e-02
2.626969969969970364e+01 3.092941326557645601e-02
2.630972972972973523e+01 3.086694292415538207e-02
2.634975975975976326e+01 3.080439046378097637e-02
2.638978978978979484e+01 3.074175798570469992e-02
2.642981981981982642e+01 3.067904757554448802e-02
2.646984984984985445e+01 3.061626130334004631e-02
2.650987987987988603e+01 3.055340122360875044e-02
2.654990990990991406e+01 3.049046937540192403e-02
2.658993993993994565e+01 3.042746778236157454e-02
2.662996996996997368e+01 3.036439845277758703e-02
2.667000000000000526e+01 3.030126337964524075e-02
2.671003003003003329e+01 3.023806454072329453e-02
2.675006006006006487e+01 3.017480389859225967e-02
2.679009009009009645e+01 3.011148340071323828e-02
2.683012012012012448e+01 3.004810497948703571e-02
2.687015015015015607e+01 2.998467055231358175e-02
2.691018018018018410e+01 2.992118202165184454e-02
2.695021021021021568e+01 2.985764127507990751e-02
2.699024024024024371e+01 2.979405018535551813e-02
2.703027027027027529e+01 2.973041061047682759e-02
2.707030030030030687e+01 2.966672439374349809e-02
2.711033033033033490e+01 2.960299336381809476e-02
2.715036036036036649e+01 2.953921933478770995e-02
2.719039039039039451e+01 2.947540410622591020e-02
2.723042042042042610e+01 2.941154946325489142e-02
2.727045045045045413e+01 2.934765717660797746e-02
2.731048048048048571e+01 2.928372900269217774e-02
2.735051051051051729e+01 2.921976668365115423e-02
2.739054054054054532e+01 2.915577194742834111e-02
2.743057057057057690e+01 2.909174650783016500e-02
2.747060060060060493e+01 2.902769206458971282e-02
2.751063063063063652e+01 2.896361030343028511e-02
2.755066066066066455e+01 2.889950289612941772e-02
2.759069069069069613e+01 2.883537150058281678e-02
2.763072072072072416e+01 2.877121776086869961e-02
2.767075075075075574e+01 2.870704330731205928e-02
2.771078078078078732e+01 2.864284975654927609e-02
2.775081081081081535e+01 2.857863871159273608e-02
2.779084084084084694e+01 2.851441176189558127e-02
2.783087087087087497e+01 2.845017048341672017e-02
2.787090090090090655e+01 2.838591643868570991e-02
2.791093093093093458e+01 2.832165117686802694e-02
2.795096096096096616e+01 2.825737623383018857e-02
2.799099099099099774e+01 2.819309313220508609e-02
2.803102102102102577e+01 2.812880338145742204e-02
2.807105105105105736e+01 2.806450847794913703e-02
2.811108108108108539e+01 2.800020990500493370e-02
2.815111111111111697e+01 2.793590913297793604e-02
2.819114114114114500e+01 2.787160761931531394e-02
2.823117117117117658e+01 2.780730680862391474e-02
2.827120120120120816e+01 2.774300813273611679e-02
2.831123123123123619e+01 2.767871301077552346e-02
2.835126126126126778e+01 2.761442284922276807e-02
2.839129129129129581e+01 2.755013904198135716e-02
2.843132132132132739e+01 2.748586297044348231e-02
2.847135135135135542e+01 2.742159600355588422e-02
2.851138138138138700e+01 2.735733949788564032e-02
2.855141141141141503e+01 2.729309479768607730e-02
2.859144144144144661e+01 2.722886323496252758e-02
2.863147147147147820e+01 2.716464612953820024e-02
2.867150150150150623e+01 2.710044478911994431e-02
2.871153153153153781e+01 2.703626050936399142e-02
2.875156156156156584e+01 2.697209457394169826e-02
2.879159159159159742e+01 2.690794825460526840e-02
2.883162162162162545e+01 2.684382281125339068e-02
2.887165165165165703e+01 2.677971949199678750e-02
2.891168168168168862e+01 2.671563953322383597e-02
2.895171171171171665e+01 2.665158415966602939e-02
2.899174174174174823e+01 2.658755458446336248e-02
2.903177177177177626e+01 2.652355200922977552e-02
2.907180180180180784e+01 2.645957762411833489e-02
2.911183183183183587e+01 2.639563260788655233e-02
2.915186186186186745e+01 2.633171812796139891e-02
2.919189189189189548e+01 2.626783534050444041e-02
2.923192192192192707e+01 2.620398539047676112e-02
2.927195195195195865e+01 2.614016941170373837e-02
2.931198198198198668e+01 2.607638852693992468e-02
2.935201201201201826e+01 2.601264384793363152e-02
2.939204204204204629e+01 2.594893647549145754e-02
2.943207207207207787e+01 2.588526749954277173e-02
2.947210210210210590e+01 2.582163799920400571e-02
2.951213213213213749e+01 2.575804904284283853e-02
2.955216216216216907e+01 2.569450168814233978e-02
2.959219219219219710e+01 2.563099698216482827e-02
2.963222222222222868e+01 2.556753596141578613e-02
2.967225225225225671e+01 2.550411965190749197e-02
2.971228228228228829e+01 2.544074906922257420e-02
2.975231231231231632e+01 2.537742521857748457e-02
2.979234234234234791e+01 2.531414909488569065e-02
2.983237237237237949e+01 2.525092168282085797e-02
2.987240240240240752e+01 2.518774395687982046e-02
2.991243243243243910e+01 2.512461688144534619e-02
2.995246246246246713e+01 2.506154141084891013e-02
2.999249249249249871e+01 2.499851848943312332e-02
3.003252252252252674e+01 2.493554905161409624e-02
3.007255255255255832e+01 2.487263402194364245e-02
3.011258258258258635e+01 2.480977431517134360e-02
3.015261261261261794e+01 2.474697083630627431e-02
3.019264264264264952e+01 2.468422448067882080e-02
3.023267267267267755e+01 2.462153613400211785e-02
3.027270270270270913e+01 2.455890667243335740e-02
3.031273273273273716e+01 2.449633696263501040e-02
3.035276276276276874e+01 2.443382786183572949e-02
3.039279279279279677e+01 2.437138021789117190e-02
3.043282282282282836e+01 2.430899486934459328e-02
3.047285285285285994e+01 2.424667264548726123e-02
3.051288288288288797e+01 2.418441436641867101e-02
3.055291291291291955e+01 2.412222084310658432e-02
3.059294294294294758e+01 2.406009287744684602e-02
3.063297297297297916e+01 2.399803126232306558e-02
3.067300300300300719e+01 2.393603678166603133e-02
3.071303303303303878e+01 2.387411021051293047e-02
3.075306306306307036e+01 2.381225231506647194e-02
3.079309309309309839e+01 2.375046385275363797e-02
3.083312312312312997e+01 2.368874557228433167e-02
3.087315315315315800e+01 2.362709821370988922e-02
3.091318318318318958e+01 2.356552250848117577e-02
3.095321321321321761e+01 2.350401917950670216e-02
3.099324324324324920e+01 2.344258894121032180e-02
3.103327327327327723e+01 2.338123249958893451e-02
3.107330330330330881e+01 2.331995055226975325e-02
3.111333333333334039e+01 2.325874378856750482e-02
3.115336336336336842e+01 2.319761288954140174e-02
3.119339339339340000e+01 2.313655852805178784e-02
3.123342342342342803e+01 2.307558136881672495e-02
3.127345345345345962e+01 2.301468206846817716e-02
3.131348348348348765e+01 2.295386127560819847e-02
3.135351351351351923e+01 2.289311963086463481e-02
3.139354354354355081e+01 2.283245776694686410e-02
3.143357357357357884e+01 2.277187630870109586e-02
3.147360360360361042e+01 2.271137587316556655e-02
3.151363363363363845e+01 2.265095706962548180e-02
3.155366366366367004e+01 2.259062049966771568e-02
3.159369369369369807e+01 2.253036675723531918e-02
3.163372372372372965e+01 2.247019642868172337e-02
3.167375375375375768e+01 2.241011009282482119e-02
3.171378378378378926e+01 2.235010832100069178e-02
3.175381381381382084e+01 2.229019167711722427e-02
3.179384384384384887e+01 2.223036071770740849e-02
3.183387387387388046e+01 2.217061599198242097e-02
3.187390390390390849e+01 2.211095804188453751e-02
3.191393393393394007e+01 2.205138740213967441e-02
3.195396396396396810e+01 2.199190460030988128e-02
3.199399399399399968e+01 2.193251015684539659e-02
3.203402402402402771e+01 2.187320458513667201e-02
3.207405405405405929e+01 2.181398839156596658e-02
3.211408408408408377e+01 2.175486207555884025e-02
3.215411411411411535e+01 2.169582612963533857e-02
3.219414414414414694e+01 2.163688103946100755e-02
3.223417417417417852e+01 2.157802728389759950e-02
3.227420420420420299e+01 2.151926533505356051e-02
3.231423423423423458e+01 2.146059565833428884e-02
3.235426426426426616e+01 2.140201871249220247e-02
3.239429429429429774e+01 2.134353494967645287e-02
3.243432432432432933e+01 2.128514481548253109e-02
3.247435435435435380e+01 2.122684874900148538e-02
3.251438438438438538e+01 2.116864718286907629e-02
3.255441441441441697e+01 2.111054054331453628e-02
3.259444444444444855e+01 2.105252925020915933e-02
3.263447447447448013e+01 2.099461371711469279e-02
3.267450450450450461e+01 2.093679435133136840e-02
3.271453453453453619e+01 2.087907155394579453e-02
3.275456456456456777e+01 2.082144571987858475e-02
3.279459459459459936e+01 2.076391723793174701e-02
3.283462462462462383e+01 2.070648649083581608e-02
3.287465465465465542e+01 2.064915385529670494e-02
3.291468468468468700e+01 2.059191970204247296e-02
3.295471471471471858e+01 2.053478439586962218e-02
3.299474474474475016e+01 2.047774829568937624e-02
3.303477477477477464e+01 2.042081175457360551e-02
3.307480480480480622e+01 2.036397511980045372e-02
3.311483483483483781e+01 2.030723873289987449e-02
3.315486486486486939e+01 2.025060292969884865e-02
3.319489489489489387e+01 2.019406804036634473e-02
3.323492492492492545e+01 2.013763438945802980e-02
3.327495495495495703e+01 2.008130229596086919e-02
3.331498498498498861e+01 2.002507207333732372e-02
3.335501501501502020e+01 1.996894402956935280e-02
3.339504504504504467e+01 1.991291846720230629e-02
3.343507507507507626e+01 1.985699568338835166e-02
3.347510510510510784e+01 1.980117596992989754e-02
3.351513513513513942e+01 1.974545961332259750e-02
3.355516516516517100e+01 1.968984689479823941e-02
3.359519519519519548e+01 1.963433809036733979e-02
3.363522522522522706e+01 1.957893347086147109e-02
3.367525525525525865e+01 1.952363330197545016e-02
3.371528528528529023e+01 1.946843784430921445e-02
3.375531531531531471e+01 1.941334735340949358e-02
3.379534534534534629e+01 1.935836207981120327e-02
3.383537537537537787e+01 1.930348226907869363e-02
3.387540540540540945e+01 1.924870816184666433e-02
3.391543543543544104e+01 1.919403999386095835e-02
3.395546546546546551e+01 1.913947799601896371e-02
3.399549549549549710e+01 1.908502239440993883e-02
3.403552552552552868e+01 1.903067341035503957e-02
3.407555555555556026e+01 1.897643126044712067e-02
3.411558558558558474e+01 1.892229615659028405e-02
3.415561561561561632e+01 1.886826830603925698e-02
3.419564564564564790e+01 1.881434791143845806e-02
3.423567567567567949e+01 1.876053517086090361e-02
3.427570570570571107e+01 1.870683027784688854e-02
3.431573573573573555e+01 1.865323342144238269e-02
3.435576576576576713e+01 1.859974478623718439e-02
3.439579579579579871e+01 1.854636455240300102e-02
3.443582582582583029e+01 1.849309289573109957e-02
3.447585585585585477e+01 1.843992998766989452e-02
3.451588588588588635e+01 1.838687599536217854e-02
3.455591591591591794e+01 1.833393108168226981e-02
3.459594594594594952e+01 1.828109540527277782e-02
3.463597597597598110e+01 1.822836912058132391e-02
3.467600600600600558e+01 1.817575237789687687e-02
3.471603603603603716e+01 1.812324532338593572e-02
3.475606606606606874e+01 1.807084809912851489e-02
3.479609609609610033e+01 1.801856084315391418e-02
3.483612612612613191e+01 1.796638368947618691e-02
3.487615615615615638e+01 1.791431676812946933e-02
3.491618618618618797e+01 1.786236020520304280e-02
3.495621621621621955e+01 1.781051412287624341e-02
3.499624624624625113e+01 1.775877863945310442e-02
3.503627627627627561e+01 1.770715386939674882e-02
3.507630630630630719e+01 1.765563992336366406e-02
3.511633633633633877e+01 1.760423690823766443e-02
3.515636636636637036e+01 1.755294492716373209e-02
3.519639639639640194e+01 1.750176407958153879e-02
3.523642642642642642e+01 1.745069446125888796e-02
3.527645645645645800e+01 1.739973616432477499e-02
3.531648648648648958e+01 1.734888927730241989e-02
3.535651651651652116e+01 1.729815388514195640e-02
3.539654654654654564e+01 1.724753006925298926e-02
3.543657657657657722e+01 1.719701790753684276e-02
3.547660660660660881e+01 1.714661747441877104e-02
3.551663663663664039e+01 1.709632884087979726e-02
3.555666666666667197e+01 1.704615207448841388e-02
3.559669669669669645e+01 1.699608723943212343e-02
3.563672672672672803e+01 1.694613439654863232e-02
3.567675675675675961e+01 1.689629360335705849e-02
3.571678678678679120e+01 1.684656491408871234e-02
3.575681681681682278e+01 1.679694837971781526e-02
3.579684684684684726e+01 1.674744404799200295e-02
3.583687687687687884e+01 1.669805196346255127e-02
3.587690690690691042e+01 1.664877216751447023e-02
3.591693693693694200e+01 1.659960469839643835e-02
3.595696696696696648e+01 1.655054959125042482e-02
3.599699699699699806e+01 1.650160687814116595e-02
3.603702702702702965e+01 1.645277658808550966e-02
3.607705705705706123e+01 1.640405874708147915e-02
3.611708708708709281e+01 1.635545337813716638e-02
3.615711711711711729e+01 1.630696050129943828e-02
3.619714714714714887e+01 1.625858013368246258e-02
3.623717717717718045e+01 1.621031228949601499e-02
3.627720720720721204e+01 1.616215698007363727e-02
3.631723723723723651e+01 1.611411421390050031e-02
3.635726726726726810e+01 1.606618399664127075e-02
3.639729729729729968e+01 1.601836633116754741e-02
3.643732732732733126e+01 1.597066121758533228e-02
3.647735735735736284e+01 1.592306865326218943e-02
3.651738738738738732e+01 1.587558863285417482e-02
3.655741741741741890e+01 1.582822114833278004e-02
3.659744744744745049e+01 1.578096618901142500e-02
3.663747747747748207e+01 1.573382374157201655e-02
3.667750750750751365e+01 1.568679379009115318e-02
3.671753753753753813e+01 1.563987631606623616e-02
3.675756756756756971e+01 1.559307129844131508e-02
3.679759759759760129e+01 1.554637871363288154e-02
3.683762762762763288e+01 1.549979853555537648e-02
3.687765765765765735e+01 1.545333073564655532e-02
3.691768768768768894e+01 1.540697528289265358e-02
3.695771771771772052e+01 1.536073214385342590e-02
3.699774774774775210e+01 1.531460128268697339e-02
3.703777777777778368e+01 1.526858266117441139e-02
3.707780780780780816e+01 1.522267623874432214e-02
3.711783783783783974e+01 1.517688197249706869e-02
3.715786786786787133e+01 1.513119981722896475e-02
3.719789789789790291e+01 1.508562972545622258e-02
3.723792792792792739e+01 1.504017164743876901e-02
3.727795795795795897e+01 1.499482553120382901e-02
3.731798798798799055e+01 1.494959132256939126e-02
3.735801801801802213e+01 1.490446896516756277e-02
3.739804804804805372e+01 1.485945840046759212e-02
3.743807807807807819e+01 1.481455956779893779e-02
3.747810810810810978e+01 1.476977240437390981e-02
3.751813813813814136e+01 1.472509684531045013e-02
3.755816816816817294e+01 1.468053282365450185e-02
3.759819819819820452e+01 1.463608027040231956e-02
3.763822822822822900e+01 1.459173911452263904e-02
3.767825825825826058e+01 1.454750928297858861e-02
3.771828828828829216e+01 1.450339070074961080e-02
3.775831831831832375e+01 1.445938329085300240e-02
3.779834834834834822e+01 1.441548697436547538e-02
3.783837837837837981e+01 1.437170167044445751e-02
3.787840840840841139e+01 1.432802729634935143e-02
3.791843843843844297e+01 1.428446376746244327e-02
3.795846846846847455e+01 1.424101099730987717e-02
3.799849849849849903e+01 1.419766889758232106e-02
3.803852852852853061e+01 1.415443737815550579e-02
3.807855855855856220e+01 1.411131634711070351e-02
3.811858858858859378e+01 1.406830571075494071e-02
3.815861861861861826e+01 1.402540537364106894e-02
3.819864864864864984e+01 1.398261523858780608e-02
3.823867867867868142e+01 1.393993520669944801e-02
3.827870870870871300e+01 1.389736517738563056e-02
3.831873873873874459e+01 1.385490504838073587e-02
3.835876876876876906e+01 1.381255471576331093e-02
3.839879879879880065e+01 1.377031407397528648e-02
3.843882882882883223e+01 1.372818301584102438e-02
3.847885885885886381e+01 1.368616143258625378e-02
3.851888888888889539e+01 1.364424921385685302e-02
3.855891891891891987e+01 1.360244624773750133e-02
3.859894894894895145e+01 1.356075242077014673e-02
3.863897897897898304e+01 1.351916761797239061e-02
3.867900900900901462e+01 1.347769172285568154e-02
3.871903903903903910e+01 1.343632461744343268e-02
3.875906906906907068e+01 1.339506618228890507e-02
3.879909909909910226e+01 1.335391629649301110e-02
3.883912912912913384e+01 1.331287483772203989e-02
3.887915915915916543e+01 1.327194168222512599e-02
3.891918918918918990e+01 1.323111670485161914e-02
3.895921921921922149e+01 1.319039977906840723e-02
3.899924924924925307e+01 1.314979077697699811e-02
3.903927927927928465e+01 1.310928956933047652e-02
3.907930930930930913e+01 1.306889602555044542e-02
3.911933933933934071e+01 1.302861001374364287e-02
3.915936936936937229e+01 1.298843140071862662e-02
3.919939939939940388e+01 1.294836005200217244e-02
3.923942942942943546e+01 1.290839583185564993e-02
3.927945945945945994e+01 1.286853860329119012e-02
3.931948948948949152e+01 1.282878822808779240e-02
3.935951951951952310e+01 1.278914456680725099e-02
3.939954954954955468e+01 1.274960747880999647e-02
3.943957957957957916e+01 1.271017682227078456e-02
3.947960960960961074e+01 1.267085245419424452e-02
3.951963963963964233e+01 1.263163423043037539e-02
3.955966966966967391e+01 1.259252200568983932e-02
3.959969969969970549e+01 1.255351563355916467e-02
3.963972972972972997e+01 1.251461496651585723e-02
3.967975975975976155e+01 1.247581985594330665e-02
3.971978978978979313e+01 1.243713015214566175e-02
3.975981981981982472e+01 1.239854570436255479e-02
3.979984984984985630e+01 1.236006636078368186e-02
3.983987987987988078e+01 1.232169196856333464e-02
3.987990990990991236e+01 1.228342237383464423e-02
3.991993993993994394e+01 1.224525742172400712e-02
3.995996996996997552e+01 1.220719695636505488e-02
4.000000000000000000e+01 1.216924082091280432e-02
