5.000000000000000000e-01 1.987678312488557708e+02
8.203125000000000000e-01 1.964610877713365653e+02
1.140625000000000000e+00 1.977028986695796107e+02
1.460937500000000000e+00 1.983725729186024296e+02
1.781250000000000000e+00 1.993585242190209215e+02
2.101562500000000000e+00 1.986589336700306490e+02
2.421875000000000000e+00 2.000339753135030492e+02
2.742187500000000000e+00 1.996002382836565232e+02
3.062500000000000000e+00 1.996147924276754395e+02
3.382812500000000000e+00 2.008297322868062906e+02
3.703125000000000000e+00 1.997000236642876132e+02
4.023437500000000000e+00 2.014191981588862745e+02
4.343750000000000000e+00 1.996168205427145779e+02
4.664062500000000000e+00 2.011712619828286677e+02
4.984375000000000000e+00 2.030493341828232019e+02
5.304687500000000000e+00 2.021187771706747185e+02
5.625000000000000000e+00 2.024829521177388472e+02
5.945312500000000000e+00 2.016751561214650224e+02
6.265625000000000000e+00 2.037013882824096527e+02
6.585937500000000000e+00 2.021161029847192765e+02
6.906250000000000000e+00 2.040499131625805376e+02
7.226562500000000000e+00 2.034324446438056100e+02
7.546875000000000000e+00 2.022781638138130234e+02
7.867187500000000000e+00 2.065374913547175311e+02
8.187500000000000000e+00 2.029494723883720440e+02
8.507812500000000000e+00 2.037893090756573429e+02
8.828125000000000000e+00 2.044228728759167666e+02
9.148437500000000000e+00 2.054419786510103165e+02
9.468750000000000000e+00 2.028218509157548510e+02
9.789062500000000000e+00 2.053392862372764398e+02
1.010937500000000000e+01 2.050800688803830667e+02
1.042968750000000000e+01 2.051942165614865132e+02
1.075000000000000000e+01 2.053156932302355528e+02
