5.000000000000000000e-01 1.453097115855108257e+02
5.021896896896896889e-01 1.454017785663562563e+02
5.043793793793793778e-01 1.454937775275962508e+02
5.065690690690690667e-01 1.455857083027575243e+02
5.087587587587587556e-01 1.456775707255685575e+02
5.109484484484484446e-01 1.457693646299790089e+02
5.131381381381381335e-01 1.458610898501612780e+02
5.153278278278278224e-01 1.459527462205040251e+02
5.175175175175175113e-01 1.460443335755923897e+02
5.197072072072072002e-01 1.461358517502541758e+02
5.218968968968968891e-01 1.462273005795271672e+02
5.240865865865865780e-01 1.463186798986674546e+02
5.262762762762762669e-01 1.464099895431545235e+02
5.284659659659659559e-01 1.465012293486903445e+02
5.306556556556556448e-01 1.465923991511917848e+02
5.328453453453453337e-01 1.466834987868150790e+02
5.350350350350350226e-01 1.467745280919228037e+02
5.372247247247247115e-01 1.468654869031126680e+02
5.394144144144144004e-01 1.469563750572062872e+02
5.416041041041040893e-01 1.470471923912548107e+02
5.437937937937937782e-01 1.471379387425388927e+02
5.459834834834834671e-01 1.472286139485522085e+02
5.481731731731731561e-01 1.473192178470391696e+02
5.503628628628628450e-01 1.474097502759632903e+02
5.525525525525525339e-01 1.475002110735196368e+02
5.547422422422422228e-01 1.475906000781442060e+02
5.569319319319319117e-01 1.476809171284834008e+02
5.591216216216216006e-01 1.477711620634453595e+02
5.613113113113112895e-01 1.478613347221540835e+02
5.635010010010009784e-01 1.479514349439800185e+02
5.656906906906906674e-01 1.480414625685187104e+02
5.678803803803803563e-01 1.481314174356163278e+02
5.700700700700700452e-01 1.482212993853439400e+02
5.722597597597597341e-01 1.483111082580201696e+02
5.744494494494494230e-01 1.484008438941986299e+02
5.766391391391391119e-01 1.484905061346798902e+02
5.788288288288288008e-01 1.485800948204993688e+02
5.810185185185184897e-01 1.486696097929386156e+02
5.832082082082081786e-01 1.487590508935169282e+02
5.853978978978978676e-01 1.488484179640030618e+02
5.875875875875875565e-01 1.489377108464099990e+02
5.897772772772772454e-01 1.490269293829982473e+02
5.919669669669669343e-01 1.491160734162701260e+02
5.941566566566566232e-01 1.492051427889761044e+02
5.963463463463463121e-01 1.492941373441155122e+02
5.985360360360360010e-01 1.493830569249375628e+02
6.007257257257256899e-01 1.494719013749426892e+02
6.029154154154153789e-01 1.495606705378749837e+02
6.051051051051050678e-01 1.496493642577430876e+02
6.072947947947947567e-01 1.497379823787925091e+02
6.094844844844844456e-01 1.498265247455310032e+02
6.116741741741741345e-01 1.499149912027284586e+02
6.138638638638638234e-01 1.500033815953851217e+02
6.160535535535535123e-01 1.500916957687815909e+02
6.182432432432432012e-01 1.501799335684480070e+02
6.204329329329328901e-01 1.502680948401576018e+02
6.226226226226225791e-01 1.503561794299636460e+02
6.248123123123123790e-01 1.504441871841624163e+02
6.270020020020019569e-01 1.505321179493139709e+02
6.291916916916917568e-01 1.506199715722470955e+02
6.313813813813813347e-01 1.507077479000449216e+02
6.335710710710711346e-01 1.507954467800445286e+02
6.357607607607607125e-01 1.508830680598637457e+02
6.379504504504505125e-01 1.509706115873730994e+02
6.401401401401400904e-01 1.510580772107062160e+02
6.423298298298298903e-01 1.511454647782690870e+02
6.445195195195194682e-01 1.512327741387321680e+02
6.467092092092092681e-01 1.513200051410356934e+02
6.488988988988988460e-01 1.514071576343739025e+02
6.510885885885886459e-01 1.514942314682356539e+02
6.532782782782782238e-01 1.515812264923405337e+02
6.554679679679680238e-01 1.516681425567279291e+02
6.576576576576576016e-01 1.517549795116614177e+02
6.598473473473474016e-01 1.518417372077099685e+02
6.620370370370369795e-01 1.519284154956953330e+02
6.642267267267267794e-01 1.520150142267253841e+02
6.664164164164163573e-01 1.521015332521703556e+02
6.686061061061061572e-01 1.521879724236928269e+02
6.707957957957957351e-01 1.522743315932141286e+02
6.729854854854855351e-01 1.523606106129431055e+02
6.751751751751751129e-01 1.524468093353558231e+02
6.773648648648649129e-01 1.525329276132227960e+02
6.795545545545546018e-01 1.526189652995744837e+02
6.817442442442442907e-01 1.527049222477436956e+02
6.839339339339339796e-01 1.527907983113145747e+02
6.861236236236236685e-01 1.528765933441835898e+02
6.883133133133133574e-01 1.529623072005126971e+02
6.905030030030030463e-01 1.530479397347478709e+02
6.926926926926927353e-01 1.531334908016181942e+02
6.948823823823824242e-01 1.532189602561432196e+02
6.970720720720721131e-01 1.533043479536261486e+02
6.992617617617618020e-01 1.533896537496518420e+02
7.014514514514514909e-01 1.534748775001032186e+02
7.036411411411411798e-01 1.535600190611365576e+02
7.058308308308308687e-01 1.536450782892014502e+02
7.080205205205205576e-01 1.537300550410475068e+02
7.102102102102102466e-01 1.538149491736968173e+02
7.123998998998999355e-01 1.538997605444808698e+02
7.145895895895896244e-01 1.539844890110052518e+02
7.167792792792793133e-01 1.540691344311786395e+02
7.189689689689690022e-01 1.541536966632023677e+02
7.211586586586586911e-01 1.542381755655725613e+02
7.233483483483483800e-01 1.543225709970685671e+02
7.255380380380380689e-01 1.544068828167820300e+02
7.277277277277277578e-01 1.544911108840901761e+02
7.299174174174174468e-01 1.545752550586663858e+02
7.321071071071071357e-01 1.546593152004984972e+02
7.342967967967968246e-01 1.547432911698452358e+02
7.364864864864865135e-01 1.548271828272853270e+02
7.386761761761762024e-01 1.549109900336915189e+02
7.408658658658658913e-01 1.549947126502384265e+02
7.430555555555555802e-01 1.550783505384002865e+02
7.452452452452452691e-01 1.551619035599591996e+02
7.474349349349349581e-01 1.552453715769847520e+02
7.496246246246246470e-01 1.553287544518757954e+02
7.518143143143143359e-01 1.554120520473055365e+02
7.540040040040040248e-01 1.554952642262833251e+02
7.561936936936937137e-01 1.555783908521028138e+02
7.583833833833834026e-01 1.556614317883749834e+02
7.605730730730730915e-01 1.557443868990099816e+02
7.627627627627627804e-01 1.558272560482301969e+02
7.649524524524524693e-01 1.559100391005753750e+02
7.671421421421421583e-01 1.559927359208830353e+02
7.693318318318318472e-01 1.560753463743070881e+02
7.715215215215215361e-01 1.561578703263089665e+02
7.737112112112112250e-01 1.562403076426691371e+02
7.759009009009009139e-01 1.563226581894679725e+02
7.780905905905906028e-01 1.564049218331195448e+02
7.802802802802802917e-01 1.564870984403318346e+02
7.824699699699699806e-01 1.565691878781383082e+02
7.846596596596596696e-01 1.566511900138778799e+02
7.868493493493493585e-01 1.567331047152335088e+02
7.890390390390390474e-01 1.568149318501604341e+02
7.912287287287287363e-01 1.568966712869797959e+02
7.934184184184184252e-01 1.569783228942949052e+02
7.956081081081081141e-01 1.570598865410431131e+02
7.977977977977978030e-01 1.571413620964793267e+02
7.999874874874874919e-01 1.572227494301833133e+02
8.021771771771771808e-01 1.573040484120585063e+02
8.043668668668668698e-01 1.573852589123122243e+02
8.065565565565565587e-01 1.574663808014927895e+02
8.087462462462462476e-01 1.575474139504630386e+02
8.109359359359359365e-01 1.576283582304251070e+02
8.131256256256256254e-01 1.577092135128792165e+02
8.153153153153153143e-01 1.577899796696771375e+02
8.175050050050050032e-01 1.578706565729747808e+02
8.196946946946946921e-01 1.579512440952838972e+02
8.218843843843843811e-01 1.580317421094120220e+02
8.240740740740740700e-01 1.581121504885101103e+02
8.262637637637637589e-01 1.581924691060714849e+02
8.284534534534534478e-01 1.582726978358848271e+02
8.306431431431431367e-01 1.583528365521060834e+02
8.328328328328328256e-01 1.584328851292011677e+02
8.350225225225225145e-01 1.585128434419682435e+02
8.372122122122122034e-01 1.585927113655473875e+02
8.394019019019018923e-01 1.586724887754120346e+02
8.415915915915915813e-01 1.587521755473556766e+02
8.437812812812812702e-01 1.588317715575216482e+02
8.459709709709709591e-01 1.589112766823851359e+02
8.481606606606606480e-01 1.589906907987420368e+02
8.503503503503503369e-01 1.590700137837504826e+02
8.525400400400400258e-01 1.591492455148838303e+02
8.547297297297298257e-01 1.592283858699765347e+02
8.569194194194194036e-01 1.593074347271620184e+02
8.591091091091092036e-01 1.593863919649690217e+02
8.612987987987987815e-01 1.594652574622176076e+02
8.634884884884885814e-01 1.595440310980914376e+02
8.656781781781781593e-01 1.596227127521130171e+02
8.678678678678679592e-01 1.597013023041390909e+02
8.700575575575575371e-01 1.597797996343841191e+02
8.722472472472473370e-01 1.598582046233934761e+02
8.744369369369369149e-01 1.599365171520471165e+02
8.766266266266267149e-01 1.600147371015996498e+02
8.788163163163162928e-01 1.600928643536260267e+02
8.810060060060060927e-01 1.601708987900593115e+02
8.831956956956956706e-01 1.602488402931619191e+02
8.853853853853854705e-01 1.603266887455777976e+02
8.875750750750750484e-01 1.604044440302516819e+02
8.897647647647648483e-01 1.604821060305188780e+02
8.919544544544544262e-01 1.605596746300484199e+02
8.941441441441442262e-01 1.606371497128444048e+02
8.963338338338338041e-01 1.607145311632912410e+02
8.985235235235236040e-01 1.607918188661009253e+02
9.007132132132131819e-01 1.608690127063425734e+02
9.029029029029029818e-01 1.609461125694401460e+02
9.050925925925925597e-01 1.610231183411763709e+02
9.072822822822823596e-01 1.611000299076752356e+02
9.094719719719719375e-01 1.611768471554194377e+02
9.116616616616617375e-01 1.612535699712559278e+02
9.138513513513513153e-01 1.613301982423688230e+02
9.160410410410411153e-01 1.614067318563197944e+02
9.182307307307306932e-01 1.614831707010131083e+02
9.204204204204204931e-01 1.615595146647111449e+02
9.226101101101100710e-01 1.616357636360427250e+02
9.247997997997998709e-01 1.617119175039836421e+02
9.269894894894894488e-01 1.617879761578796263e+02
9.291791791791792487e-01 1.618639394874273592e+02
9.313688688688688266e-01 1.619398073826959887e+02
9.335585585585586266e-01 1.620155797340970594e+02
9.357482482482482045e-01 1.620912564324195273e+02
9.379379379379380044e-01 1.621668373688193299e+02
9.401276276276275823e-01 1.622423224347950566e+02
9.423173173173173822e-01 1.623177115222210887e+02
9.445070070070069601e-01 1.623930045233393571e+02
9.466966966966967600e-01 1.624682013307472346e+02
9.488863863863863379e-01 1.625433018374109508e+02
9.510760760760761379e-01 1.626183059366642283e+02
9.532657657657657158e-01 1.626932135222167233e+02
9.554554554554555157e-01 1.627680244881138378e+02
9.576451451451450936e-01 1.628427387288119803e+02
9.598348348348348935e-01 1.629173561391051521e+02
9.620245245245244714e-01 1.629918766141532558e+02
9.642142142142142713e-01 1.630663000495191852e+02
9.664039039039038492e-01 1.631406263411006137e+02
9.685935935935936492e-01 1.632148553851768611e+02
9.707832832832832270e-01 1.632889870784076720e+02
9.729729729729730270e-01 1.633630213178151394e+02
9.751626626626626049e-01 1.634369580007912361e+02
9.773523523523524048e-01 1.635107970251150959e+02
9.795420420420419827e-01 1.635845382889285418e+02
9.817317317317317826e-01 1.636581816907371376e+02
9.839214214214213605e-01 1.637317271294411967e+02
9.861111111111111605e-01 1.638051745043023573e+02
9.883008008008007383e-01 1.638785237149742215e+02
9.904904904904905383e-01 1.639517746614705231e+02
9.926801801801802272e-01 1.640249272441762116e+02
9.948698698698699161e-01 1.640979813638872997e+02
9.970595595595596050e-01 1.641709369217337553e+02
9.992492492492492939e-01 1.642437938192531419e+02
1.001438938938938872e+00 1.643165519583557170e+02
1.003628628628628672e+00 1.643892112413286384e+02
1.005818318318318472e+00 1.644617715708364187e+02
1.008008008008008050e+00 1.645342328499369842e+02
1.010197697697697627e+00 1.646065949820552419e+02
1.012387387387387427e+00 1.646788578709990816e+02
1.014577077077077227e+00 1.647510214209783896e+02
1.016766766766766805e+00 1.648230855365532364e+02
1.018956456456456383e+00 1.648950501226950962e+02
1.021146146146146183e+00 1.649669150847444996e+02
1.023335835835835983e+00 1.650386803284249595e+02
1.025525525525525561e+00 1.651103457598646287e+02
1.027715215215215139e+00 1.651819112855539800e+02
1.029904904904904939e+00 1.652533768123850564e+02
1.032094594594594739e+00 1.653247422476193265e+02
1.034284284284284317e+00 1.653960074989310556e+02
1.036473973973973894e+00 1.654671724743545553e+02
1.038663663663663694e+00 1.655382370823305109e+02
1.040853353353353494e+00 1.656092012316852333e+02
1.043043043043043072e+00 1.656800648316306308e+02
1.045232732732732650e+00 1.657508277917674206e+02
1.047422422422422450e+00 1.658214900220954746e+02
1.049612112112112250e+00 1.658920514329840046e+02
1.051801801801801828e+00 1.659625119352163836e+02
1.053991491491491406e+00 1.660328714399645378e+02
1.056181181181181206e+00 1.661031298587786580e+02
1.058370870870871006e+00 1.661732871036198276e+02
1.060560560560560583e+00 1.662433430868167932e+02
1.062750250250250161e+00 1.663132977211232912e+02
1.064939939939939961e+00 1.663831509196634784e+02
1.067129629629629761e+00 1.664529025959767239e+02
1.069319319319319339e+00 1.665225526639702878e+02
1.071509009009008917e+00 1.665921010379633174e+02
1.073698698698698717e+00 1.666615476326792304e+02
1.075888388388388517e+00 1.667308923632233189e+02
1.078078078078078095e+00 1.668001351451116250e+02
1.080267767767767673e+00 1.668692758942341641e+02
1.082457457457457473e+00 1.669383145269119666e+02
1.084647147147147273e+00 1.670072509598298041e+02
1.086836836836836850e+00 1.670760851101042590e+02
1.089026526526526428e+00 1.671448168952238120e+02
1.091216216216216228e+00 1.672134462330970450e+02
1.093405905905906028e+00 1.672819730420177677e+02
1.095595595595595606e+00 1.673503972406978164e+02
1.097785285285285184e+00 1.674187187482322088e+02
1.099974974974974984e+00 1.674869374841287311e+02
1.102164664664664784e+00 1.675550533682946366e+02
1.104354354354354362e+00 1.676230663210403122e+02
1.106544044044043940e+00 1.676909762630743899e+02
1.108733733733733740e+00 1.677587831155278479e+02
1.110923423423423539e+00 1.678264867999018577e+02
1.113113113113113117e+00 1.678940872381314193e+02
1.115302802802802695e+00 1.679615843525498633e+02
1.117492492492492495e+00 1.680289780658916641e+02
1.119682182182182295e+00 1.680962683012893137e+02
1.121871871871871873e+00 1.681634549823025395e+02
1.124061561561561451e+00 1.682305380328801903e+02
1.126251251251251251e+00 1.682975173773813538e+02
1.128440940940941051e+00 1.683643929405804727e+02
1.130630630630630629e+00 1.684311646476588180e+02
1.132820320320320207e+00 1.684978324241917278e+02
1.135010010010010006e+00 1.685643961961701507e+02
1.137199699699699806e+00 1.686308558900141463e+02
1.139389389389389384e+00 1.686972114325336065e+02
1.141579079079078962e+00 1.687634627509435177e+02
1.143768768768768762e+00 1.688296097728857035e+02
1.145958458458458562e+00 1.688956524264002041e+02
1.148148148148148140e+00 1.689615906399462801e+02
1.150337837837837718e+00 1.690274243423923224e+02
1.152527527527527518e+00 1.690931534630265958e+02
1.154717217217217318e+00 1.691587779315250089e+02
1.156906906906906896e+00 1.692242976780152333e+02
1.159096596596596473e+00 1.692897126329959576e+02
1.161286286286286273e+00 1.693550227274135977e+02
1.163475975975976073e+00 1.694202278926173619e+02
1.165665665665665651e+00 1.694853280603634573e+02
1.167855355355355229e+00 1.695503231628324556e+02
1.170045045045045029e+00 1.696152131326130359e+02
1.172234734734734829e+00 1.696799979027255461e+02
1.174424424424424407e+00 1.697446774065846000e+02
1.176614114114113985e+00 1.698092515780307963e+02
1.178803803803803785e+00 1.698737203513322527e+02
1.180993493493493585e+00 1.699380836611555878e+02
1.183183183183183163e+00 1.700023414425986346e+02
1.185372872872872740e+00 1.700664936311714541e+02
1.187562562562562540e+00 1.701305401628011964e+02
1.189752252252252340e+00 1.701944809738479023e+02
1.191941941941941918e+00 1.702583160010662198e+02
1.194131631631631496e+00 1.703220451816527827e+02
1.196321321321321296e+00 1.703856684532124461e+02
1.198511011011011096e+00 1.704491857537766748e+02
1.200700700700700674e+00 1.705125970217896736e+02
1.202890390390390474e+00 1.705759021961225130e+02
1.205080080080080052e+00 1.706391012160654270e+02
1.207269769769769852e+00 1.707021940213286655e+02
1.209459459459459651e+00 1.707651805520571600e+02
1.211649149149149229e+00 1.708280607487997997e+02
1.213838838838838807e+00 1.708908345525389905e+02
1.216028528528528607e+00 1.709535019046792570e+02
1.218218218218218407e+00 1.710160627470464192e+02
1.220407907907907985e+00 1.710785170218949247e+02
1.222597597597597563e+00 1.711408646718963382e+02
1.224787287287287363e+00 1.712031056401502269e+02
1.226976976976977163e+00 1.712652398701845584e+02
1.229166666666666741e+00 1.713272673059393014e+02
1.231356356356356319e+00 1.713891878918039993e+02
1.233546046046046119e+00 1.714510015725701066e+02
1.235735735735735918e+00 1.715127082934616851e+02
1.237925425425425496e+00 1.715743080001452086e+02
1.240115115115115074e+00 1.716358006386873569e+02
1.242304804804804874e+00 1.716971861556067154e+02
1.244494494494494674e+00 1.717584644978294932e+02
1.246684184184184252e+00 1.718196356127247668e+02
1.248873873873873830e+00 1.718806994480823676e+02
1.251063563563563630e+00 1.719416559521183956e+02
1.253253253253253430e+00 1.720025050734851959e+02
1.255442942942943008e+00 1.720632467612553569e+02
1.257632632632632586e+00 1.721238809649449593e+02
1.259822322322322385e+00 1.721844076344775374e+02
1.262012012012012185e+00 1.722448267202217380e+02
1.264201701701701763e+00 1.723051381729800369e+02
1.266391391391391341e+00 1.723653419439797574e+02
1.268581081081081141e+00 1.724254379848740655e+02
1.270770770770770941e+00 1.724854262477565214e+02
1.272960460460460519e+00 1.725453066851381720e+02
1.275150150150150097e+00 1.726050792499800082e+02
1.277339839839839897e+00 1.726647438956616725e+02
1.279529529529529697e+00 1.727243005759956986e+02
1.281719219219219275e+00 1.727837492452435129e+02
1.283908908908908852e+00 1.728430898580782298e+02
1.286098598598598652e+00 1.729023223696095499e+02
1.288288288288288452e+00 1.729614467353941905e+02
1.290477977977978030e+00 1.730204629114097941e+02
1.292667667667667608e+00 1.730793708540685998e+02
1.294857357357357408e+00 1.731381705202301475e+02
1.297047047047047208e+00 1.731968618671720606e+02
1.299236736736736786e+00 1.732554448526126691e+02
1.301426426426426364e+00 1.733139194347072873e+02
1.303616116116116164e+00 1.733722855720444613e+02
1.305805805805805964e+00 1.734305432236515401e+02
1.307995495495495542e+00 1.734886923489914352e+02
1.310185185185185119e+00 1.735467329079526451e+02
1.312374874874874919e+00 1.736046648608740952e+02
1.314564564564564719e+00 1.736624881685211790e+02
1.316754254254254297e+00 1.737202027921017304e+02
1.318943943943943875e+00 1.737778086932544852e+02
1.321133633633633675e+00 1.738353058340681798e+02
1.323323323323323475e+00 1.738926941770490657e+02
1.325513013013013053e+00 1.739499736851696809e+02
1.327702702702702631e+00 1.740071443218025991e+02
1.329892392392392431e+00 1.740642060507944109e+02
1.332082082082082231e+00 1.741211588364153613e+02
1.334271771771771808e+00 1.741780026433614523e+02
1.336461461461461386e+00 1.742347374367946600e+02
1.338651151151151186e+00 1.742913631822873413e+02
1.340840840840840986e+00 1.743478798458727965e+02
1.343030530530530564e+00 1.744042873940198035e+02
1.345220220220220142e+00 1.744605857936244035e+02
1.347409909909909942e+00 1.745167750120372432e+02
1.349599599599599742e+00 1.745728550170499318e+02
1.351789289289289320e+00 1.746288257768756580e+02
1.353978978978978898e+00 1.746846872601848304e+02
1.356168668668668698e+00 1.747404394360871152e+02
1.358358358358358497e+00 1.747960822741301570e+02
1.360548048048048075e+00 1.748516157442987833e+02
1.362737737737737653e+00 1.749070398170287604e+02
1.364927427427427453e+00 1.749623544631906213e+02
1.367117117117117253e+00 1.750175596540983634e+02
1.369306806806806831e+00 1.750726553615077989e+02
1.371496496496496409e+00 1.751276415576136003e+02
1.373686186186186209e+00 1.751825182150621174e+02
1.375875875875876009e+00 1.752372853069300618e+02
1.378065565565565587e+00 1.752919428067544914e+02
1.380255255255255165e+00 1.753464906884892400e+02
1.382444944944944965e+00 1.754009289265525808e+02
1.384634634634634764e+00 1.754552574958040339e+02
1.386824324324324342e+00 1.755094763715342197e+02
1.389014014014013920e+00 1.755635855294940484e+02
1.391203703703703720e+00 1.756175849458567200e+02
1.393393393393393520e+00 1.756714745972651031e+02
1.395583083083083098e+00 1.757252544607879372e+02
1.397772772772772676e+00 1.757789245139380512e+02
1.399962462462462476e+00 1.758324847346875117e+02
1.402152152152152276e+00 1.758859351014432946e+02
1.404341841841841854e+00 1.759392755930522583e+02
1.406531531531531432e+00 1.759925061888097844e+02
1.408721221221221231e+00 1.760456268684677354e+02
1.410910910910911031e+00 1.760986376122000934e+02
1.413100600600600609e+00 1.761515384006505371e+02
1.415290290290290187e+00 1.762043292148952958e+02
1.417479979979979987e+00 1.762570100364507937e+02
1.419669669669669787e+00 1.763095808472928354e+02
1.421859359359359365e+00 1.763620416298382167e+02
1.424049049049048943e+00 1.764143923669423089e+02
1.426238738738738743e+00 1.764666330419311464e+02
1.428428428428428543e+00 1.765187636385345797e+02
1.430618118118118121e+00 1.765707841409653156e+02
1.432807807807807698e+00 1.766226945338715950e+02
1.434997497497497498e+00 1.766744948023445829e+02
1.437187187187187298e+00 1.767261849319302769e+02
1.439376876876876876e+00 1.767777649086105214e+02
1.441566566566566454e+00 1.768292347188244662e+02
1.443756256256256254e+00 1.768805943494491260e+02
1.445945945945946054e+00 1.769318437878230554e+02
1.448135635635635632e+00 1.769829830217132951e+02
1.450325325325325210e+00 1.770340120393527741e+02
1.452515015015015010e+00 1.770849308294060904e+02
1.454704704704704810e+00 1.771357393810067151e+02
1.456894394394394388e+00 1.771864376837100963e+02
1.459084084084083965e+00 1.772370257275376559e+02
1.461273773773773765e+00 1.772875035029511821e+02
1.463463463463463565e+00 1.773378710008617247e+02
1.465653153153153143e+00 1.773881282126362748e+02
1.467842842842842721e+00 1.774382751300791767e+02
1.470032532532532521e+00 1.774883117454532169e+02
1.472222222222222321e+00 1.775382380514535896e+02
1.474411911911911899e+00 1.775880540412391042e+02
1.476601601601601477e+00 1.776377597084198214e+02
1.478791291291291277e+00 1.776873550470414500e+02
1.480980980980981077e+00 1.777368400516130293e+02
1.483170670670670876e+00 1.777862147170706066e+02
1.485360360360360454e+00 1.778354790388244737e+02
1.487550050050050032e+00 1.778846330127242936e+02
1.489739739739739832e+00 1.779336766350644439e+02
1.491929429429429632e+00 1.779826099025877397e+02
1.494119119119119210e+00 1.780314328124911754e+02
1.496308808808808788e+00 1.780801453624264354e+02
1.498498498498498588e+00 1.781287475504810232e+02
1.500688188188188166e+00 1.781772393752036123e+02
1.502877877877877966e+00 1.782256208355908029e+02
1.505067567567567544e+00 1.782738919310804988e+02
1.507257257257257343e+00 1.783220526615680797e+02
1.509446946946946921e+00 1.783701030273976755e+02
1.511636636636636721e+00 1.784180430293703523e+02
1.513826326326326299e+00 1.784658726687092098e+02
1.516016016016016099e+00 1.785135919471275656e+02
1.518205705705705677e+00 1.785612008667531825e+02
1.520395395395395477e+00 1.786086994301952586e+02
1.522585085085085055e+00 1.786560876404745670e+02
1.524774774774774855e+00 1.787033655011012172e+02
1.526964464464464433e+00 1.787505330160124686e+02
1.529154154154154233e+00 1.787975901896045627e+02
1.531343843843843811e+00 1.788445370267134251e+02
1.533533533533533610e+00 1.788913735326407561e+02
1.535723223223223188e+00 1.789380997131203515e+02
1.537912912912912988e+00 1.789847155743559028e+02
1.540102602602602566e+00 1.790312211229911270e+02
1.542292292292292366e+00 1.790776163661148814e+02
1.544481981981981944e+00 1.791239013112741532e+02
1.546671671671671744e+00 1.791700759664638838e+02
1.548861361361361322e+00 1.792161403401253494e+02
1.551051051051051122e+00 1.792620944411683581e+02
1.553240740740740700e+00 1.793079382789276224e+02
1.555430430430430500e+00 1.793536718631929148e+02
1.557620120120120077e+00 1.793992952042279114e+02
1.559809809809809877e+00 1.794448083127229268e+02
1.561999499499499455e+00 1.794902111998197540e+02
1.564189189189189255e+00 1.795355038771340332e+02
1.566378878878878833e+00 1.795806863566892559e+02
1.568568568568568633e+00 1.796257586509986766e+02
1.570758258258258211e+00 1.796707207730175355e+02
1.572947947947948011e+00 1.797155727361310085e+02
1.575137637637637589e+00 1.797603145542014147e+02
1.577327327327327389e+00 1.798049462415195876e+02
1.579517017017016967e+00 1.798494678128410555e+02
1.581706706706706766e+00 1.798938792833669709e+02
1.583896396396396344e+00 1.799381806687453889e+02
1.586086086086086144e+00 1.799823719850861323e+02
1.588275775775775722e+00 1.800264532489361500e+02
1.590465465465465522e+00 1.800704244772909135e+02
1.592655155155155100e+00 1.801142856876115559e+02
1.594844844844844900e+00 1.801580368978001445e+02
1.597034534534534478e+00 1.802016781262106804e+02
1.599224224224224278e+00 1.802452093916288050e+02
1.601413913913913856e+00 1.802886307133326795e+02
1.603603603603603656e+00 1.803319421110060432e+02
1.605793293293293234e+00 1.803751436048129619e+02
1.607982982982983033e+00 1.804182352153520412e+02
1.610172672672672611e+00 1.804612169636799024e+02
1.612362362362362411e+00 1.805040888712865694e+02
1.614552052052051989e+00 1.805468509601341225e+02
1.616741741741741789e+00 1.805895032526318005e+02
1.618931431431431367e+00 1.806320457716224439e+02
1.621121121121121167e+00 1.806744785404021911e+02
1.623310810810810967e+00 1.807168015827379577e+02
1.625500500500500545e+00 1.807590149228101666e+02
1.627690190190190345e+00 1.808011185852859057e+02
1.629879879879879923e+00 1.808431125952673426e+02
1.632069569569569722e+00 1.808849969782825724e+02
1.634259259259259300e+00 1.809267717603526080e+02
1.636448948948949100e+00 1.809684369679102645e+02
1.638638638638638678e+00 1.810099926278595035e+02
1.640828328328328478e+00 1.810514387675470687e+02
1.643018018018018056e+00 1.810927754147598989e+02
1.645207707707707856e+00 1.811340025977511914e+02
1.647397397397397434e+00 1.811751203452078869e+02
1.649587087087087234e+00 1.812161286862805127e+02
1.651776776776776812e+00 1.812570276505435061e+02
1.653966466466466612e+00 1.812978172680494424e+02
1.656156156156156189e+00 1.813384975692737271e+02
1.658345845845845989e+00 1.813790685851652995e+02
1.660535535535535567e+00 1.814195303471012153e+02
1.662725225225225367e+00 1.814598828869153522e+02
1.664914914914914945e+00 1.815001262368891446e+02
1.667104604604604745e+00 1.815402604297528626e+02
1.669294294294294323e+00 1.815802854986811496e+02
1.671483983983984123e+00 1.816202014772910900e+02
1.673673673673673701e+00 1.816600083996750925e+02
1.675863363363363501e+00 1.816997063003316271e+02
1.678053053053053079e+00 1.817392952142429579e+02
1.680242742742742879e+00 1.817787751768182147e+02
1.682432432432432456e+00 1.818181462239256803e+02
1.684622122122122256e+00 1.818574083918616395e+02
1.686811811811811834e+00 1.818965617174004592e+02
1.689001501501501634e+00 1.819356062377403873e+02
1.691191191191191212e+00 1.819745419905242159e+02
1.693380880880881012e+00 1.820133690138585223e+02
1.695570570570570590e+00 1.820520873462855320e+02
1.697760260260260390e+00 1.820906970267952545e+02
1.699949949949949968e+00 1.821291980948318496e+02
1.702139639639639768e+00 1.821675905902676220e+02
1.704329329329329346e+00 1.822058745534411912e+02
1.706519019019019145e+00 1.822440500251265689e+02
1.708708708708708723e+00 1.822821170465424814e+02
1.710898398398398523e+00 1.823200756593641927e+02
1.713088088088088101e+00 1.823579259056942874e+02
1.715277777777777901e+00 1.823956678280982828e+02
1.717467467467467479e+00 1.824333014695855013e+02
1.719657157157157279e+00 1.824708268735977299e+02
1.721846846846846857e+00 1.825082440840287177e+02
1.724036536536536657e+00 1.825455531452305422e+02
1.726226226226226235e+00 1.825827541019696980e+02
1.728415915915916035e+00 1.826198469994869527e+02
1.730605605605605612e+00 1.826568318834545721e+02
1.732795295295295412e+00 1.826937087999852167e+02
1.734984984984984990e+00 1.827304777956446742e+02
1.737174674674674790e+00 1.827671389174418266e+02
1.739364364364364368e+00 1.828036922128236199e+02
1.741554054054054168e+00 1.828401377296880241e+02
1.743743743743743746e+00 1.828764755163630014e+02
1.745933433433433546e+00 1.829127056216370306e+02
1.748123123123123124e+00 1.829488280947380474e+02
1.750312812812812924e+00 1.829848429853219329e+02
1.752502502502502502e+00 1.830207503435029253e+02
1.754692192192192302e+00 1.830565502198344632e+02
1.756881881881881879e+00 1.830922426653178832e+02
1.759071571571571679e+00 1.831278277313843716e+02
1.761261261261261257e+00 1.831633054699143202e+02
1.763450950950951057e+00 1.831986759332315273e+02
1.765640640640640635e+00 1.832339391740948997e+02
1.767830330330330435e+00 1.832690952457201945e+02
1.770020020020020013e+00 1.833041442017407974e+02
1.772209709709709813e+00 1.833390860962599049e+02
1.774399399399399391e+00 1.833739209837942212e+02
1.776589089089089191e+00 1.834086489193255431e+02
1.778778778778778769e+00 1.834432699582495729e+02
1.780968468468468568e+00 1.834777841564375933e+02
1.783158158158158146e+00 1.835121915701627131e+02
1.785347847847847946e+00 1.835464922561772880e+02
1.787537537537537524e+00 1.835806862716323735e+02
1.789727227227227324e+00 1.836147736741519054e+02
1.791916916916916902e+00 1.836487545217864010e+02
1.794106606606606702e+00 1.836826288730290742e+02
1.796296296296296280e+00 1.837163967868017380e+02
1.798485985985986080e+00 1.837500583224765762e+02
1.800675675675675658e+00 1.837836135398700890e+02
1.802865365365365458e+00 1.838170624992258411e+02
1.805055055055055035e+00 1.838504052612193505e+02
1.807244744744744835e+00 1.838836418869802003e+02
1.809434434434434413e+00 1.839167724380698132e+02
1.811624124124124213e+00 1.839497969764808261e+02
1.813813813813813791e+00 1.839827155646591166e+02
1.816003503503503591e+00 1.840155282654742166e+02
1.818193193193193169e+00 1.840482351422225804e+02
1.820382882882882969e+00 1.840808362586777776e+02
1.822572572572572547e+00 1.841133316790010497e+02
1.824762262262262347e+00 1.841457214678208913e+02
1.826951951951951925e+00 1.841780056902031788e+02
1.829141641641641725e+00 1.842101844116201619e+02
1.831331331331331302e+00 1.842422576980159477e+02
1.833521021021021102e+00 1.842742256157459053e+02
1.835710710710710680e+00 1.843060882316128755e+02
1.837900400400400480e+00 1.843378456128509129e+02
1.840090090090090058e+00 1.843694978271232401e+02
1.842279779779779858e+00 1.844010449425409490e+02
1.844469469469469436e+00 1.844324870276300317e+02
1.846659159159159236e+00 1.844638241513673051e+02
1.848848848848848814e+00 1.844950563831653767e+02
1.851038538538538614e+00 1.845261837928466093e+02
1.853228228228228192e+00 1.845572064506976062e+02
1.855417917917917991e+00 1.845881244274239634e+02
1.857607607607607569e+00 1.846189377941501846e+02
1.859797297297297369e+00 1.846496466224506889e+02
1.861986986986986947e+00 1.846802509843316500e+02
1.864176676676676747e+00 1.847107509522349176e+02
1.866366366366366325e+00 1.847411465990217607e+02
1.868556056056056125e+00 1.847714379979800015e+02
1.870745745745745703e+00 1.848016252228410394e+02
1.872935435435435503e+00 1.848317083477815572e+02
1.875125125125125081e+00 1.848616874473775056e+02
1.877314814814814881e+00 1.848915625966516245e+02
1.879504504504504458e+00 1.849213338710687253e+02
1.881694194194194258e+00 1.849510013464920348e+02
1.883883883883883836e+00 1.849805650992474284e+02
1.886073573573573636e+00 1.850100252060682067e+02
1.888263263263263214e+00 1.850393817441295710e+02
1.890452952952953014e+00 1.850686347910209690e+02
1.892642642642642592e+00 1.850977844247886708e+02
1.894832332332332392e+00 1.851268307238612181e+02
1.897022022022021970e+00 1.851557737671457176e+02
1.899211711711711770e+00 1.851846136339516988e+02
1.901401401401401348e+00 1.852133504040005505e+02
1.903591091091091148e+00 1.852419841574759971e+02
1.905780780780780947e+00 1.852705149749721443e+02
1.907970470470470525e+00 1.852989429374987083e+02
1.910160160160160325e+00 1.853272681265073061e+02
1.912349849849849903e+00 1.853554906238699687e+02
1.914539539539539703e+00 1.853836105118854789e+02
1.916729229229229281e+00 1.854116278732763305e+02
1.918918918918919081e+00 1.854395427911937588e+02
1.921108608608608659e+00 1.854673553492103508e+02
1.923298298298298459e+00 1.854950656313234276e+02
1.925487987987988037e+00 1.855226737219654751e+02
1.927677677677677837e+00 1.855501797059672526e+02
1.929867367367367414e+00 1.855775836686149773e+02
1.932057057057057214e+00 1.856048856955889903e+02
1.934246746746746792e+00 1.856320858730197472e+02
1.936436436436436592e+00 1.856591842874351244e+02
1.938626126126126170e+00 1.856861810258070875e+02
1.940815815815815970e+00 1.857130761755157096e+02
1.943005505505505548e+00 1.857398698243701460e+02
1.945195195195195348e+00 1.857665620605993126e+02
1.947384884884884926e+00 1.857931529728516296e+02
1.949574574574574726e+00 1.858196426501968972e+02
1.951764264264264304e+00 1.858460311821261257e+02
1.953953953953954104e+00 1.858723186585587825e+02
1.956143643643643681e+00 1.858985051698145980e+02
1.958333333333333481e+00 1.859245908066558854e+02
1.960523023023023059e+00 1.859505756602449082e+02
1.962712712712712859e+00 1.859764598221786400e+02
1.964902402402402437e+00 1.860022433844664533e+02
1.967092092092092237e+00 1.860279264395295513e+02
1.969281781781781815e+00 1.860535090802139280e+02
1.971471471471471615e+00 1.860789913997863039e+02
1.973661161161161193e+00 1.861043734919315398e+02
1.975850850850850993e+00 1.861296554507412964e+02
1.978040540540540571e+00 1.861548373707333610e+02
1.980230230230230370e+00 1.861799193468372948e+02
1.982419919919919948e+00 1.862049014744000317e+02
1.984609609609609748e+00 1.862297838491946607e+02
1.986799299299299326e+00 1.862545665673818291e+02
1.988988988988989126e+00 1.862792497255697413e+02
1.991178678678678704e+00 1.863038334207646471e+02
1.993368368368368504e+00 1.863283177503874413e+02
1.995558058058058082e+00 1.863527028122782383e+02
1.997747747747747882e+00 1.863769887046859139e+02
1.999937437437437460e+00 1.864011755262872612e+02
2.002127127127127260e+00 1.864252633761404638e+02
2.004316816816817060e+00 1.864492523537482782e+02
2.006506506506506859e+00 1.864731425590146330e+02
2.008696196196196215e+00 1.864969340922552021e+02
2.010885885885886015e+00 1.865206270541948754e+02
2.013075575575575371e+00 1.865442215459725617e+02
2.015265265265265171e+00 1.865677176691405066e+02
2.017454954954954971e+00 1.865911155256530662e+02
2.019644644644644771e+00 1.866144152178860622e+02
2.021834334334334571e+00 1.866376168486240488e+02
2.024024024024024371e+00 1.866607205210617622e+02
2.026213713713713727e+00 1.866837263387814119e+02
2.028403403403403527e+00 1.867066344058082450e+02
2.030593093093092882e+00 1.867294448265554649e+02
2.032782782782782682e+00 1.867521577058435014e+02
2.034972472472472482e+00 1.867747731489180012e+02
2.037162162162162282e+00 1.867972912614128518e+02
2.039351851851852082e+00 1.868197121493759028e+02
2.041541541541541882e+00 1.868420359192705575e+02
2.043731231231231238e+00 1.868642626779423495e+02
2.045920920920921038e+00 1.868863925326846811e+02
2.048110610610610394e+00 1.869084255911478181e+02
2.050300300300300194e+00 1.869303619614217098e+02
2.052489989989989994e+00 1.869522017519929307e+02
2.054679679679679793e+00 1.869739450717464706e+02
2.056869369369369593e+00 1.869955920299790648e+02
2.059059059059059393e+00 1.870171427363756038e+02
2.061248748748748749e+00 1.870385973010569387e+02
2.063438438438438549e+00 1.870599558345085995e+02
2.065628128128127905e+00 1.870812184476434368e+02
2.067817817817817705e+00 1.871023852517850514e+02
2.070007507507507505e+00 1.871234563586167781e+02
2.072197197197197305e+00 1.871444318802767839e+02
2.074386886886887105e+00 1.871653119292663519e+02
2.076576576576576905e+00 1.871860966185065820e+02
2.078766266266266260e+00 1.872067860613076391e+02
2.080955955955956060e+00 1.872273803713824520e+02
2.083145645645645416e+00 1.872478796628503233e+02
2.085335335335335216e+00 1.872682840502286581e+02
2.087525025025025016e+00 1.872885936484350964e+02
2.089714714714714816e+00 1.873088085727738132e+02
2.091904404404404616e+00 1.873289289389602743e+02
2.094094094094094416e+00 1.873489548630976458e+02
2.096283783783783772e+00 1.873688864617024876e+02
2.098473473473473572e+00 1.873887238516714433e+02
2.100663163163162928e+00 1.874084671503008508e+02
2.102852852852852727e+00 1.874281164752930806e+02
2.105042542542542527e+00 1.874476719447366406e+02
2.107232232232232327e+00 1.874671336771253891e+02
2.109421921921922127e+00 1.874865017913340353e+02
2.111611611611611927e+00 1.875057764066534958e+02
2.113801301301301283e+00 1.875249576427391673e+02
2.115990990990991083e+00 1.875440456196703281e+02
2.118180680680680439e+00 1.875630404578932371e+02
2.120370370370370239e+00 1.875819422782730612e+02
2.122560060060060039e+00 1.876007512020485137e+02
2.124749749749749839e+00 1.876194673508619530e+02
2.126939439439439639e+00 1.876380908467429265e+02
2.129129129129129439e+00 1.876566218121115810e+02
2.131318818818818794e+00 1.876750603697800273e+02
2.133508508508508594e+00 1.876934066429534482e+02
2.135698198198197950e+00 1.877116607552269443e+02
2.137887887887887750e+00 1.877298228305809857e+02
2.140077577577577550e+00 1.877478929933872678e+02
2.142267267267267350e+00 1.877658713684142526e+02
2.144456956956957150e+00 1.877837580808154030e+02
2.146646646646646950e+00 1.878015532561217640e+02
2.148836336336336306e+00 1.878192570202672584e+02
2.151026026026026106e+00 1.878368694995660917e+02
2.153215715715715461e+00 1.878543908207254276e+02
2.155405405405405261e+00 1.878718211108290461e+02
2.157595095095095061e+00 1.878891604973454150e+02
2.159784784784784861e+00 1.879064091081466188e+02
2.161974474474474661e+00 1.879235670714870992e+02
2.164164164164164461e+00 1.879406345159851526e+02
2.166353853853853817e+00 1.879576115706636870e+02
2.168543543543543617e+00 1.879744983649240453e+02
2.170733233233232973e+00 1.879912950285488478e+02
2.172922922922922773e+00 1.880080016917078751e+02
2.175112612612612573e+00 1.880246184849579549e+02
2.177302302302302373e+00 1.880411455392257096e+02
2.179491991991992172e+00 1.880575829858339603e+02
2.181681681681681972e+00 1.880739309564810355e+02
2.183871371371371772e+00 1.880901895832400328e+02
2.186061061061061128e+00 1.881063589985776048e+02
2.188250750750750928e+00 1.881224393353281528e+02
2.190440440440440284e+00 1.881384307267250620e+02
2.192630130130130084e+00 1.881543333063643786e+02
2.194819819819819884e+00 1.881701472082203566e+02
2.197009509509509684e+00 1.881858725666668590e+02
2.199199199199199484e+00 1.882015095164296099e+02
2.201388888888889284e+00 1.882170581926268085e+02
2.203578578578578639e+00 1.882325187307527301e+02
2.205768268268268439e+00 1.882478912666812789e+02
2.207957957957957795e+00 1.882631759366549886e+02
2.210147647647647595e+00 1.882783728773015639e+02
2.212337337337337395e+00 1.882934822256265761e+02
2.214527027027027195e+00 1.883085041189938806e+02
2.216716716716716995e+00 1.883234386951608599e+02
2.218906406406406795e+00 1.883382860922503710e+02
2.221096096096096151e+00 1.883530464487631662e+02
2.223285785785785951e+00 1.883677199035754768e+02
2.225475475475475307e+00 1.883823065959306291e+02
2.227665165165165106e+00 1.883968066654441316e+02
2.229854854854854906e+00 1.884112202521207280e+02
2.232044544544544706e+00 1.884255474963090364e+02
2.234234234234234506e+00 1.884397885387602116e+02
2.236423923923924306e+00 1.884539435205732048e+02
2.238613613613613662e+00 1.884680125832259421e+02
2.240803303303303462e+00 1.884819958685754671e+02
2.242992992992992818e+00 1.884958935188200542e+02
2.245182682682682618e+00 1.885097056765759476e+02
2.247372372372372418e+00 1.885234324847765208e+02
2.249562062062062218e+00 1.885370740867594179e+02
2.251751751751752018e+00 1.885506306262176679e+02
2.253941441441441818e+00 1.885641022472088650e+02
2.256131131131131173e+00 1.885774890941671913e+02
2.258320820820820973e+00 1.885907913118855959e+02
2.260510510510510329e+00 1.886040090455332461e+02
2.262700200200200129e+00 1.886171424406251163e+02
2.264889889889889929e+00 1.886301916430710435e+02
2.267079579579579729e+00 1.886431567991245970e+02
2.269269269269269529e+00 1.886560380554113294e+02
2.271458958958959329e+00 1.886688355589205912e+02
2.273648648648648685e+00 1.886815494569975442e+02
2.275838338338338485e+00 1.886941798973666380e+02
2.278028028028027840e+00 1.887067270281123967e+02
2.280217717717717640e+00 1.887191909976676243e+02
2.282407407407407440e+00 1.887315719548319066e+02
2.284597097097097240e+00 1.887438700487847711e+02
2.286786786786787040e+00 1.887560854290463794e+02
2.288976476476476840e+00 1.887682182454977067e+02
2.291166166166166196e+00 1.887802686484048138e+02
2.293355855855855996e+00 1.887922367883658410e+02
2.295545545545545352e+00 1.888041228163449432e+02
2.297735235235235152e+00 1.888159268836758145e+02
2.299924924924924952e+00 1.888276491420447485e+02
2.302114614614614752e+00 1.888392897434954705e+02
2.304304304304304551e+00 1.888508488404254422e+02
2.306493993993994351e+00 1.888623265855962927e+02
2.308683683683683707e+00 1.888737231321275090e+02
2.310873373373373507e+00 1.888850386334926270e+02
2.313063063063062863e+00 1.888962732435149405e+02
2.315252752752752663e+00 1.889074271163804042e+02
2.317442442442442463e+00 1.889185004066335125e+02
2.319632132132132263e+00 1.889294932691640838e+02
2.321821821821822063e+00 1.889404058592233184e+02
2.324011511511511863e+00 1.889512383324084226e+02
2.326201201201201219e+00 1.889619908446885006e+02
2.328390890890891018e+00 1.889726635523558969e+02
2.330580580580580374e+00 1.889832566120843182e+02
2.332770270270270174e+00 1.889937701808936765e+02
2.334959959959959974e+00 1.890042044161251908e+02
2.337149649649649774e+00 1.890145594755175011e+02
2.339339339339339574e+00 1.890248355171299579e+02
2.341529029029029374e+00 1.890350326993820715e+02
2.343718718718718730e+00 1.890451511810440763e+02
2.345908408408408530e+00 1.890551911212291145e+02
2.348098098098097886e+00 1.890651526793996879e+02
2.350287787787787686e+00 1.890750360153801353e+02
2.352477477477477485e+00 1.890848412893328998e+02
2.354667167167167285e+00 1.890945686617575916e+02
2.356856856856857085e+00 1.891042182935293283e+02
2.359046546546546885e+00 1.891137903458325411e+02
2.361236236236236241e+00 1.891232849802401574e+02
2.363425925925926041e+00 1.891327023586374310e+02
2.365615615615615397e+00 1.891420426432703152e+02
2.367805305305305197e+00 1.891513059967195716e+02
2.369994994994994997e+00 1.891604925819274570e+02
2.372184684684684797e+00 1.891696025621746742e+02
2.374374374374374597e+00 1.891786361010636597e+02
2.376564064064064397e+00 1.891875933625770756e+02
2.378753753753753752e+00 1.891964745110142587e+02
2.380943443443443552e+00 1.892052797110250992e+02
2.383133133133132908e+00 1.892140091275933003e+02
2.385322822822822708e+00 1.892226629260704271e+02
2.387512512512512508e+00 1.892312412721144881e+02
2.389702202202202308e+00 1.892397443317492787e+02
2.391891891891892108e+00 1.892481722713189072e+02
2.394081581581581908e+00 1.892565252575249701e+02
2.396271271271271264e+00 1.892648034574075098e+02
2.398460960960961064e+00 1.892730070383326222e+02
2.400650650650650419e+00 1.892811361680143136e+02
2.402840340340340219e+00 1.892891910145074235e+02
2.405030030030030019e+00 1.892971717461865921e+02
2.407219719719719819e+00 1.893050785317958571e+02
2.409409409409409619e+00 1.893129115403696971e+02
2.411599099099099419e+00 1.893206709413333613e+02
2.413788788788788775e+00 1.893283569044098158e+02
2.415978478478478575e+00 1.893359695996628886e+02
2.418168168168167931e+00 1.893435091975032947e+02
2.420357857857857731e+00 1.893509758686619762e+02
2.422547547547547531e+00 1.893583697842298932e+02
2.424737237237237331e+00 1.893656911155963485e+02
2.426926926926927131e+00 1.893729400345128795e+02
2.429116616616616930e+00 1.893801167130429519e+02
2.431306306306306286e+00 1.893872213235992774e+02
2.433495995995996086e+00 1.893942540389145108e+02
2.435685685685685442e+00 1.894012150320597527e+02
2.437875375375375242e+00 1.894081044764378134e+02
2.440065065065065042e+00 1.894149225457698833e+02
2.442254754754754842e+00 1.894216694141337314e+02
2.444444444444444642e+00 1.894283452558991883e+02
2.446634134134134442e+00 1.894349502458053678e+02
2.448823823823823798e+00 1.894414845588985372e+02
2.451013513513513598e+00 1.894479483705462428e+02
2.453203203203202953e+00 1.894543418564643673e+02
2.455392892892892753e+00 1.894606651926801533e+02
2.457582582582582553e+00 1.894669185555546278e+02
2.459772272272272353e+00 1.894731021217904754e+02
2.461961961961962153e+00 1.894792160683794577e+02
2.464151651651651953e+00 1.894852605726753438e+02
2.466341341341341753e+00 1.894912358123370666e+02
2.468531031031031109e+00 1.894971419653645341e+02
2.470720720720720909e+00 1.895029792100679060e+02
2.472910410410410265e+00 1.895087477250853851e+02
2.475100100100100065e+00 1.895144476893838998e+02
2.477289789789789864e+00 1.895200792822566029e+02
2.479479479479479664e+00 1.895256426832987415e+02
2.481669169169169464e+00 1.895311380724469359e+02
2.483858858858859264e+00 1.895365656299678960e+02
2.486048548548548620e+00 1.895419255364275273e+02
2.488238238238238420e+00 1.895472179727270827e+02
2.490427927927927776e+00 1.895524431200829270e+02
2.492617617617617576e+00 1.895576011600381037e+02
2.494807307307307376e+00 1.895626922744518481e+02
2.496996996996997176e+00 1.895677166454991891e+02
2.499186686686686976e+00 1.895726744556851884e+02
2.501376376376376331e+00 1.895775658878141599e+02
2.503566066066066131e+00 1.895823911250354001e+02
2.505755755755755931e+00 1.895871503507890452e+02
2.507945445445445731e+00 1.895918437488587642e+02
2.510135135135135087e+00 1.895964715033305481e+02
2.512324824824824887e+00 1.896010337986071761e+02
2.514514514514514687e+00 1.896055308194036968e+02
2.516704204204204487e+00 1.896099627507628895e+02
2.518893893893893843e+00 1.896143297780328112e+02
2.521083583583583643e+00 1.896186320868844746e+02
2.523273273273273443e+00 1.896228698632939142e+02
2.525462962962963243e+00 1.896270432935720862e+02
2.527652652652652598e+00 1.896311525643079676e+02
2.529842342342342398e+00 1.896351978624513492e+02
2.532032032032032198e+00 1.896391793752140700e+02
2.534221721721721998e+00 1.896430972901565042e+02
2.536411411411411354e+00 1.896469517951413479e+02
2.538601101101101154e+00 1.896507430783409802e+02
2.540790790790790954e+00 1.896544713282325745e+02
2.542980480480480754e+00 1.896581367336182780e+02
2.545170170170170110e+00 1.896617394836057429e+02
2.547359859859859910e+00 1.896652797676057389e+02
2.549549549549549710e+00 1.896687577753480412e+02
2.551739239239239510e+00 1.896721736968677874e+02
2.553928928928928865e+00 1.896755277225043983e+02
2.556118618618618665e+00 1.896788200429106723e+02
2.558308308308308465e+00 1.896820508490588679e+02
2.560497997997998265e+00 1.896852203322033290e+02
2.562687687687687621e+00 1.896883286839307630e+02
2.564877377377377421e+00 1.896913760961214166e+02
2.567067067067067221e+00 1.896943627609586542e+02
2.569256756756757021e+00 1.896972888709524057e+02
2.571446446446446377e+00 1.897001546188851364e+02
2.573636136136136177e+00 1.897029601978789799e+02
2.575825825825825977e+00 1.897057058013350002e+02
2.578015515515515776e+00 1.897083916229839815e+02
2.580205205205205132e+00 1.897110178568281071e+02
2.582394894894894932e+00 1.897135846972072670e+02
2.584584584584584732e+00 1.897160923387474156e+02
2.586774274274274532e+00 1.897185409763739870e+02
2.588963963963963888e+00 1.897209308053202506e+02
2.591153653653653688e+00 1.897232620211304948e+02
2.593343343343343488e+00 1.897255348196353566e+02
2.595533033033033288e+00 1.897277493969714044e+02
2.597722722722722644e+00 1.897299059495836104e+02
2.599912412412412444e+00 1.897320046742175350e+02
2.602102102102102243e+00 1.897340457679151768e+02
2.604291791791792043e+00 1.897360294280078392e+02
2.606481481481481399e+00 1.897379558521398621e+02
2.608671171171171199e+00 1.897398252382645580e+02
2.610860860860860999e+00 1.897416377846050750e+02
2.613050550550550799e+00 1.897433936897016054e+02
2.615240240240240155e+00 1.897450931523972599e+02
2.617429929929929955e+00 1.897467363718263300e+02
2.619619619619619755e+00 1.897483235474118430e+02
2.621809309309309555e+00 1.897498548788883568e+02
2.623998998998998911e+00 1.897513305662787104e+02
2.626188688688688710e+00 1.897527508098902160e+02
2.628378378378378510e+00 1.897541158103626913e+02
2.630568068068068310e+00 1.897554257686009578e+02
2.632757757757757666e+00 1.897566808857993124e+02
2.634947447447447466e+00 1.897578813634803794e+02
2.637137137137137266e+00 1.897590274034280071e+02
2.639326826826827066e+00 1.897601192077307815e+02
2.641516516516516422e+00 1.897611569787780184e+02
2.643706206206206222e+00 1.897621409192472015e+02
2.645895895895896022e+00 1.897630712321124804e+02
2.648085585585585822e+00 1.897639481206320795e+02
2.650275275275275177e+00 1.897647717883590985e+02
2.652464964964964977e+00 1.897655424391482200e+02
2.654654654654654777e+00 1.897662602771329432e+02
2.656844344344344577e+00 1.897669255067470715e+02
2.659034034034033933e+00 1.897675383327119221e+02
2.661223723723723733e+00 1.897680989600347914e+02
2.663413413413413533e+00 1.897686075940216597e+02
2.665603103103103333e+00 1.897690644402636906e+02
2.667792792792792689e+00 1.897694697046453030e+02
2.669982482482482489e+00 1.897698235933213766e+02
2.672172172172172289e+00 1.897701263127753464e+02
2.674361861861862089e+00 1.897703780697346758e+02
2.676551551551551444e+00 1.897705790712422242e+02
2.678741241241241244e+00 1.897707295246206343e+02
2.680930930930931044e+00 1.897708296374866563e+02
2.683120620620620844e+00 1.897708796177270187e+02
2.685310310310310200e+00 1.897708796735344094e+02
2.687500000000000000e+00 1.897708300133836019e+02
