5.000000000000000000e-01 5.203515953736412314e+01
8.203125000000000000e-01 5.363581712831540926e+01
1.140625000000000000e+00 5.578301516242115810e+01
1.460937500000000000e+00 5.648150977825334706e+01
1.781250000000000000e+00 5.763004789039676723e+01
2.101562500000000000e+00 6.131358333397344040e+01
2.421875000000000000e+00 6.332607892176008590e+01
2.742187500000000000e+00 6.459375527219535229e+01
3.062500000000000000e+00 6.625547574056898270e+01
3.382812500000000000e+00 6.561417813291572543e+01
3.703125000000000000e+00 6.866015422655299005e+01
4.023437500000000000e+00 7.064012701936371741e+01
4.343750000000000000e+00 7.150408554686089246e+01
4.664062500000000000e+00 7.457510101881952380e+01
4.984375000000000000e+00 7.491069834325431032e+01
5.304687500000000000e+00 7.702483520201521117e+01
5.625000000000000000e+00 8.024155897236178703e+01
5.945312500000000000e+00 7.935735789369698523e+01
6.265625000000000000e+00 8.486845986296351896e+01
6.585937500000000000e+00 8.650463653944571263e+01
6.906250000000000000e+00 8.983282323351355103e+01
7.226562500000000000e+00 8.939780532659300150e+01
7.546875000000000000e+00 9.095617951843539117e+01
7.867187500000000000e+00 9.201409968646738946e+01
8.187500000000000000e+00 9.133550984726797140e+01
8.507812500000000000e+00 9.519795596384373937e+01
8.828125000000000000e+00 9.770006475539830149e+01
9.148437500000000000e+00 9.725062098173501113e+01
9.468750000000000000e+00 9.943852786964701806e+01
9.789062500000000000e+00 1.002041517485804434e+02
1.010937500000000000e+01 1.000608552170227767e+02
1.042968750000000000e+01 1.006204607800952004e+02
1.075000000000000000e+01 1.016439481975868091e+02
