5.000000000000000000e-01 1.148221872512196313e+02
8.203125000000000000e-01 1.179293948200335223e+02
1.140625000000000000e+00 1.188071839126315723e+02
1.460937500000000000e+00 1.194733452946815078e+02
1.781250000000000000e+00 1.222552655448841250e+02
2.101562500000000000e+00 1.247206044455339793e+02
2.421875000000000000e+00 1.236265570704536430e+02
2.742187500000000000e+00 1.274972631497701059e+02
3.062500000000000000e+00 1.255111463102792158e+02
3.382812500000000000e+00 1.289984451885627834e+02
3.703125000000000000e+00 1.326402232471939158e+02
4.023437500000000000e+00 1.319372970179002493e+02
4.343750000000000000e+00 1.340805267529679838e+02
4.664062500000000000e+00 1.357835402059132548e+02
4.984375000000000000e+00 1.342280895237714162e+02
5.304687500000000000e+00 1.367530709876930644e+02
5.625000000000000000e+00 1.374330527915150526e+02
5.945312500000000000e+00 1.373526184956490681e+02
6.265625000000000000e+00 1.394384342635065366e+02
6.585937500000000000e+00 1.401970492760138995e+02
6.906250000000000000e+00 1.428501726713114692e+02
7.226562500000000000e+00 1.426990782050063444e+02
7.546875000000000000e+00 1.431216942156526386e+02
7.867187500000000000e+00 1.430928307746353880e+02
8.187500000000000000e+00 1.438320101397266058e+02
8.507812500000000000e+00 1.445201578433776319e+02
8.828125000000000000e+00 1.465327060505250927e+02
9.148437500000000000e+00 1.452103813087495041e+02
9.468750000000000000e+00 1.475796558048199074e+02
9.789062500000000000e+00 1.480965608195704988e+02
1.010937500000000000e+01 1.459004013965656270e+02
1.042968750000000000e+01 1.467345272194087329e+02
1.075000000000000000e+01 1.479709035030997768e+02
