2.763489423015250281e+02 1.473002122511357186e+02
3.345801333765310233e+02 1.467146985559414532e+02
5.125630108446739541e+02 1.430512817873611198e+02
1.499510605418020077e+03 1.275312126910968971e+02
3.144423263040249822e+03 9.438243396114589245e+01
5.447300983711369554e+03 6.502762572910907579e+01
8.408143767431389278e+03 5.302855115124280161e+01
1.202695161420029945e+04 4.135388280990309084e+01
1.630372452401810006e+04 3.376594181407470785e+01
2.123846249688480020e+04 2.936667675288536117e+01
2.683116553280029984e+04 2.598414831105361955e+01
