2.500000000000000000e+01 1.786422832591758825e+00
2.622622622622622757e+01 1.963987304473434170e+00
2.745245245245245158e+01 2.149667876044622616e+00
2.867867867867867915e+01 2.343411387513849586e+00
2.990490490490490316e+01 2.545162434287320252e+00
3.113113113113113073e+01 2.754863391037333020e+00
3.235735735735735830e+01 2.972454436697080205e+00
3.358358358358358231e+01 3.197873580367089019e+00
3.480980980980980632e+01 3.431056688116588926e+00
3.603603603603603744e+01 3.671937510663532578e+00
3.726226226226226146e+01 3.920447711916039690e+00
3.848848848848848547e+01 4.176516898358269891e+00
3.971471471471471659e+01 4.440072649261946225e+00
4.094094094094094061e+01 4.711040547705598769e+00
4.216716716716716462e+01 4.989344212382519572e+00
4.339339339339339574e+01 5.274905330177594109e+00
4.461961961961961975e+01 5.567643689494096826e+00
4.584584584584584377e+01 5.867477214309144706e+00
4.707207207207207489e+01 6.174321998938529177e+00
4.829829829829829890e+01 6.488092343488511382e+00
4.952452452452452292e+01 6.808700789974635015e+00
5.075075075075075404e+01 7.136058159085023611e+00
5.197697697697697805e+01 7.470073587566457007e+00
5.320320320320320207e+01 7.810654566211341354e+00
5.442942942942943318e+01 8.157706978422011090e+00
5.565565565565565720e+01 8.511135139331042154e+00
5.688188188188188121e+01 8.870841835452981883e+00
5.810810810810810523e+01 9.236728364845204098e+00
5.933433433433433635e+01 9.608694577754160804e+00
6.056056056056056036e+01 9.986638917722920894e+00
6.178678678678678438e+01 1.037045846313671404e+01
6.301301301301301550e+01 1.076004896918212594e+01
6.423923923923923951e+01 1.115530491019547554e+01
6.546546546546545642e+01 1.155611952237690332e+01
6.669169169169168754e+01 1.196238484684490011e+01
6.791791791791791866e+01 1.237399177300707542e+01
6.914414414414414978e+01 1.279083008222312046e+01
7.037037037037038090e+01 1.321278849173447689e+01
7.159659659659659781e+01 1.363975469883663294e+01
7.282282282282281471e+01 1.407161542526957909e+01
7.404904904904904583e+01 1.450825646180115136e+01
7.527527527527527695e+01 1.494956271297910178e+01
7.650150150150150807e+01 1.539541824202735221e+01
7.772772772772772498e+01 1.584570631586181477e+01
7.895395395395395610e+01 1.630030945020109456e+01
8.018018018018017301e+01 1.675910945474820579e+01
8.140640640640640413e+01 1.722198747841879296e+01
8.263263263263263525e+01 1.768882405459185847e+01
8.385885885885886637e+01 1.815949914635885776e+01
8.508508508508508328e+01 1.863389219174757372e+01
8.631131131131131440e+01 1.911188214889745396e+01
8.753753753753753131e+01 1.959334754116207833e+01
8.876376376376376243e+01 2.007816650211654519e+01
8.998998998998999355e+01 2.056621682044616151e+01
9.121621621621621046e+01 2.105737598469409022e+01
9.244244244244244157e+01 2.155152122784519975e+01
9.366866866866867269e+01 2.204852957172394667e+01
9.489489489489488960e+01 2.254827787118445670e+01
9.612112112112112072e+01 2.305064285807110025e+01
9.734734734734735184e+01 2.355550118492841705e+01
9.857357357357356875e+01 2.406272946843888150e+01
9.979979979979979987e+01 2.457220433256851067e+01
1.010260260260260310e+02 2.508380245139951015e+01
1.022522522522522479e+02 2.559740059163030779e+01
1.034784784784784790e+02 2.611287565472298411e+01
1.047047047047047101e+02 2.663010471867957563e+01
1.059309309309309270e+02 2.714896507942754056e+01
1.071571571571571582e+02 2.766933429179694670e+01
1.083833833833833893e+02 2.819109021007067284e+01
1.096096096096096062e+02 2.871411102809004490e+01
1.108358358358358373e+02 2.923827531889968512e+01
1.120620620620620684e+02 2.976346207391346965e+01
1.132882882882882853e+02 3.028955074158674776e+01
1.145145145145145165e+02 3.081642126557762040e+01
1.157407407407407476e+02 3.134395412238353984e+01
1.169669669669669645e+02 3.187203035843663201e+01
1.181931931931931956e+02 3.240053162664499098e+01
1.194194194194194267e+02 3.292934022236479308e+01
1.206456456456456436e+02 3.345833911879028477e+01
1.218718718718718748e+02 3.398741200174928423e+01
1.230980980980980917e+02 3.451644330389023452e+01
1.243243243243243228e+02 3.504531823825065118e+01
1.255505505505505539e+02 3.557392283119435206e+01
1.267767767767767708e+02 3.610214395470705284e+01
1.280030030030030161e+02 3.662986935803924382e+01
1.292292292292292473e+02 3.715698769868781426e+01
1.304554554554554500e+02 3.768338857270522624e+01
1.316816816816816811e+02 3.820896254432892647e+01
1.329079079079079122e+02 3.873360117492170929e+01
1.341341341341341149e+02 3.925719705121517222e+01
1.353603603603603460e+02 3.977964381284989770e+01
1.365865865865865771e+02 4.030083617920390537e+01
1.378128128128128083e+02 4.082066997550447951e+01
1.390390390390390394e+02 4.133904215821715411e+01
1.402652652652652705e+02 4.185585083970592990e+01
1.414914914914915016e+02 4.237099531216089332e+01
1.427177177177177327e+02 4.288437607078820690e+01
1.439439439439439639e+02 4.339589483625896804e+01
1.451701701701701666e+02 4.390545457641383820e+01
1.463963963963963977e+02 4.441295952722042983e+01
1.476226226226226288e+02 4.491831521298092156e+01
1.488488488488488315e+02 4.542142846578829563e+01
1.500750750750750626e+02 4.592220744423056544e+01
1.513013013013012937e+02 4.642056165134036405e+01
1.525275275275275249e+02 4.691640195179161310e+01
1.537537537537537560e+02 4.740964058834156702e+01
1.549799799799799871e+02 4.790019119752017218e+01
1.562062062062062182e+02 4.838796882456632886e+01
1.574324324324324209e+02 4.887288993761399070e+01
1.586586586586586520e+02 4.935487244112858463e+01
1.598848848848848831e+02 4.983383568859708390e+01
1.611111111111111143e+02 5.030970049447385861e+01
1.623373373373373454e+02 5.078238914538564330e+01
1.635635635635635765e+02 5.125182541059921704e+01
1.647897897897897792e+02 5.171793455175583887e+01
1.660160160160160103e+02 5.218064333187589199e+01
1.672422422422422414e+02 5.263988002364075669e+01
1.684684684684684726e+02 5.309557441695343982e+01
1.696946946946947037e+02 5.354765782578698463e+01
1.709209209209209348e+02 5.399606309432455475e+01
1.721471471471471375e+02 5.444072460239735989e+01
1.733733733733733686e+02 5.488157827022774882e+01
1.745995995995995997e+02 5.531856156248352363e+01
1.758258258258258309e+02 5.575161349165148295e+01
1.770520520520520620e+02 5.618067462073666007e+01
1.782782782782782931e+02 5.660568706529581107e+01
1.795045045045044958e+02 5.702659449481287623e+01
1.807307307307307269e+02 5.744334213342436612e+01
1.819569569569569580e+02 5.785587676000487534e+01
1.831831831831831892e+02 5.826414670761867853e+01
1.844094094094094203e+02 5.866810186234977209e+01
1.856356356356356230e+02 5.906769366151736023e+01
1.868618618618618541e+02 5.946287509128723769e+01
1.880880880880880852e+02 5.985360068368920139e+01
1.893143143143143163e+02 6.023982651304947211e+01
1.905405405405405475e+02 6.062151019184963019e+01
1.917667667667667786e+02 6.099861086602108884e+01
1.929929929929929813e+02 6.137108920968676529e+01
1.942192192192192124e+02 6.173890741935991855e+01
1.954454454454454435e+02 6.210202920761186363e+01
1.966716716716716746e+02 6.246041979621810469e+01
1.978978978978979058e+02 6.281404590879634497e+01
1.991241241241241369e+02 6.316287576294487849e+01
2.003503503503503396e+02 6.350687906189541110e+01
2.015765765765765707e+02 6.384602698568978951e+01
2.028028028028028018e+02 6.418029218189391827e+01
2.040290290290290329e+02 6.450964875585849256e+01
2.052552552552552640e+02 6.483407226054032435e+01
2.064814814814814952e+02 6.515353968589555222e+01
2.077077077077076979e+02 6.546802944785541456e+01
2.089339339339339290e+02 6.577752137689826384e+01
2.101601601601601601e+02 6.608199670622846611e+01
2.113863863863863912e+02 6.638143805957486165e+01
2.126126126126126223e+02 6.667582943862090872e+01
2.138388388388388535e+02 6.696515621007750951e+01
2.150650650650650562e+02 6.724940509241245934e+01
2.162912912912912873e+02 6.752856414224609694e+01
2.175175175175175184e+02 6.780262274042770798e+01
2.187437437437437495e+02 6.807157157780261514e+01
2.199699699699699806e+02 6.833540264068287229e+01
2.211961961961961833e+02 6.859410919603382695e+01
2.224224224224224145e+02 6.884768577638757847e+01
2.236486486486486456e+02 6.909612816449548234e+01
2.248748748748748767e+02 6.933943337773192184e+01
2.261011011011011078e+02 6.957759965226030374e+01
2.273273273273273389e+02 6.981062642697371246e+01
2.285535535535535416e+02 7.003851432722044024e+01
2.297797797797797728e+02 7.026126514832826331e+01
2.310060060060060039e+02 7.047888183893580560e+01
2.322322322322322350e+02 7.069136848414453311e+01
2.334584584584584661e+02 7.089873028850186643e+01
2.346846846846846972e+02 7.110097355882604120e+01
2.359109109109108999e+02 7.129810568688408523e+01
2.371371371371371310e+02 7.149013513193420977e+01
2.383633633633633622e+02 7.167707140314142578e+01
2.395895895895895933e+02 7.185892504188016972e+01
2.408158158158158244e+02 7.203570760393034789e+01
2.420420420420420555e+02 7.220743164158105287e+01
2.432682682682682582e+02 7.237411068564925642e+01
2.444944944944944893e+02 7.253575922742413695e+01
2.457207207207207205e+02 7.269239270054853819e+01
2.469469469469469516e+02 7.284402746284455077e+01
2.481731731731731827e+02 7.299068077809451438e+01
2.493993993993994138e+02 7.313237079778684802e+01
2.506256256256256165e+02 7.326911654283490805e+01
2.518518518518518476e+02 7.340093788527850904e+01
2.530780780780780788e+02 7.352785552997711704e+01
2.543043043043043099e+02 7.364989099630301439e+01
2.555305305305305410e+02 7.376706659984286318e+01
2.567567567567567721e+02 7.387940543411703231e+01
2.579829829829830032e+02 7.398693135232288398e+01
2.592092092092092344e+02 7.408966894911227996e+01
2.604354354354354655e+02 7.418764354240913406e+01
2.616616616616616966e+02 7.428088115527620516e+01
2.628878878878879277e+02 7.436940849783670160e+01
2.641141141141141020e+02 7.445325294926041693e+01
2.653403403403403331e+02 7.453244253981877421e+01
2.665665665665665642e+02 7.460700593301777417e+01
2.677927927927927954e+02 7.467697240781429002e+01
2.690190190190190265e+02 7.474237184092261543e+01
2.702452452452452576e+02 7.480323468921731944e+01
2.714714714714714319e+02 7.485959197223918693e+01
2.726976976976976630e+02 7.491147525480926106e+01
2.739239239239238941e+02 7.495891662975702729e+01
2.751501501501501252e+02 7.500194870076902021e+01
2.763763763763763563e+02 7.504060456536174684e+01
2.776026026026025875e+02 7.507491779798560572e+01
2.788288288288288186e+02 7.510492243326352479e+01
2.800550550550550497e+02 7.513065294937048577e+01
2.812812812812812808e+02 7.515214425155669176e+01
2.825075075075075119e+02 7.516943165582098629e+01
2.837337337337337431e+02 7.518255087273669801e+01
2.849599599599599742e+02 7.519153799143558103e+01
2.861861861861862053e+02 7.519642946375324755e+01
2.874124124124124364e+02 7.519726208853890626e+01
2.886386386386386675e+02 7.519407299613455109e+01
2.898648648648648418e+02 7.518689963302576018e+01
2.910910910910910729e+02 7.517577974666767204e+01
2.923173173173173041e+02 7.516075137048940746e+01
2.935435435435435352e+02 7.514185280907960873e+01
2.947697697697697663e+02 7.511912262355561154e+01
2.959959959959959974e+02 7.509259961711897802e+01
2.972222222222222285e+02 7.506232282079984941e+01
2.984484484484484597e+02 7.502833147939247738e+01
2.996746746746746908e+02 7.499066503758342606e+01
3.009009009009009219e+02 7.494936312627467601e+01
3.021271271271271530e+02 7.490446554910391797e+01
3.033533533533533273e+02 7.485601226916259066e+01
3.045795795795795584e+02 7.480404339591399321e+01
3.058058058058057895e+02 7.474859917231286488e+01
3.070320320320320207e+02 7.468971996212644626e+01
3.082582582582582518e+02 7.462744623745973627e+01
3.094844844844844829e+02 7.456181856648443329e+01
3.107107107107107140e+02 7.449287760137355008e+01
3.119369369369369451e+02 7.442066406644114807e+01
3.131631631631631763e+02 7.434521874648871176e+01
3.143893893893894074e+02 7.426658247535820578e+01
3.156156156156156385e+02 7.418479612469207041e+01
3.168418418418418696e+02 7.409990059290032605e+01
3.180680680680680439e+02 7.401193679433472994e+01
3.192942942942942750e+02 7.392094564867078077e+01
3.205205205205205061e+02 7.382696807049578069e+01
3.217467467467467372e+02 7.373004495910458900e+01
3.229729729729729684e+02 7.363021718850086472e+01
3.241991991991991995e+02 7.352752559760509143e+01
3.254254254254254306e+02 7.342201098066770726e+01
3.266516516516516617e+02 7.331371407788626016e+01
3.278778778778778928e+02 7.320267556622783900e+01
3.291041041041041240e+02 7.308893605045352615e+01
3.303303303303303551e+02 7.297253605434580948e+01
3.315565565565565862e+02 7.285351601213679373e+01
3.327827827827827605e+02 7.273191626013682765e+01
3.340090090090089916e+02 7.260777702856222504e+01
3.352352352352352227e+02 7.248113843356058794e+01
3.364614614614614538e+02 7.235204046943276524e+01
3.376876876876876850e+02 7.222052300104977007e+01
3.389139139139139161e+02 7.208662575646386017e+01
3.401401401401401472e+02 7.195038831971169202e+01
3.413663663663663783e+02 7.181185012380714738e+01
3.425925925925926094e+02 7.167105044392569368e+01
3.438188188188188406e+02 7.152802839077327235e+01
3.450450450450450717e+02 7.138282290414315412e+01
3.462712712712712460e+02 7.123547274665536122e+01
3.474974974974974771e+02 7.108601649767943798e+01
3.487237237237237082e+02 7.093449254743585186e+01
3.499499499499499393e+02 7.078093909127814243e+01
3.511761761761761704e+02 7.062539412414912476e+01
3.524024024024024015e+02 7.046789543521327914e+01
3.536286286286286327e+02 7.030848060266113464e+01
3.548548548548548638e+02 7.014718698868411195e+01
3.560810810810810949e+02 6.998405173461739537e+01
3.573073073073073260e+02 6.981911175625003807e+01
3.585335335335335571e+02 6.965240373929842121e+01
3.597597597597597883e+02 6.948396413504204361e+01
3.609859859859859625e+02 6.931382915611969509e+01
3.622122122122121937e+02 6.914203477248197771e+01
3.634384384384384248e+02 6.896861670750112694e+01
3.646646646646646559e+02 6.879361043423259048e+01
3.658908908908908870e+02 6.861705117182853542e+01
3.671171171171171181e+02 6.843897388209938981e+01
3.683433433433433493e+02 6.825941326622307770e+01
3.695695695695695804e+02 6.807840376159691687e+01
3.707957957957958115e+02 6.789597953883318837e+01
3.720220220220220426e+02 6.771217449889262241e+01
3.732482482482482737e+02 6.752702227035715055e+01
3.744744744744745049e+02 6.734055620683608367e+01
3.757007007007006791e+02 6.715280938450652570e+01
3.769269269269269103e+02 6.696381459978310602e+01
3.781531531531531414e+02 6.677360436711683178e+01
3.793793793793793725e+02 6.658221091691940785e+01
3.806056056056056036e+02 6.638966619361144694e+01
3.818318318318318347e+02 6.619600185379188417e+01
3.830580580580580659e+02 6.600124926452669172e+01
3.842842842842842970e+02 6.580543950175444934e+01
3.855105105105105281e+02 6.560860334880608491e+01
3.867367367367367592e+02 6.541077129503771914e+01
3.879629629629629903e+02 6.521197353457262125e+01
3.891891891891891646e+02 6.501223996515213344e+01
3.904154154154153957e+02 6.481160018709122994e+01
3.916416416416416268e+02 6.461008350233818476e+01
3.928678678678678580e+02 6.440771891363566226e+01
3.940940940940940891e+02 6.420453512378021799e+01
3.953203203203203202e+02 6.400056053497884534e+01
3.965465465465465513e+02 6.379582324830144557e+01
3.977727727727727824e+02 6.359035106322457409e+01
3.989989989989990136e+02 6.338417147726639911e+01
4.002252252252252447e+02 6.317731168571039291e+01
4.014514514514514758e+02 6.296979858141496322e+01
4.026776776776777069e+02 6.276165875470773159e+01
4.039039039039038812e+02 6.255291849336256860e+01
4.051301301301301123e+02 6.234360378265613889e+01
4.063563563563563434e+02 6.213374030550340876e+01
4.075825825825825746e+02 6.192335344266972896e+01
4.088088088088088057e+02 6.171246827305684235e+01
4.100350350350350368e+02 6.150110957406212719e+01
4.112612612612612679e+02 6.128930182200776500e+01
4.124874874874874990e+02 6.107706919263952727e+01
4.137137137137137302e+02 6.086443556169179203e+01
4.149399399399399613e+02 6.065142450551837783e+01
4.161661661661661924e+02 6.043805930178613295e+01
4.173923923923923667e+02 6.022436293023019971e+01
4.186186186186185978e+02 6.001035807346988804e+01
4.198448448448448289e+02 5.979606711788127171e+01
4.210710710710710600e+02 5.958151215452738114e+01
4.222972972972972912e+02 5.936671498014247561e+01
4.235235235235235223e+02 5.915169709816954935e+01
4.247497497497497534e+02 5.893647971984936618e+01
4.259759759759759845e+02 5.872108376535921082e+01
4.272022022022022156e+02 5.850552986500007080e+01
4.284284284284284468e+02 5.828983836043022393e+01
4.296546546546546779e+02 5.807402930594423651e+01
4.308808808808809090e+02 5.785812246979605078e+01
4.321071071071070833e+02 5.764213733556350405e+01
4.333333333333333144e+02 5.742609310355393148e+01
4.345595595595595455e+02 5.721000869224935315e+01
4.357857857857857766e+02 5.699390273978964672e+01
4.370120120120120077e+02 5.677779360549163812e+01
4.382382382382382389e+02 5.656169937140413140e+01
4.394644644644644700e+02 5.634563784389658991e+01
4.406906906906907011e+02 5.612962655528019695e+01
4.419169169169169322e+02 5.591368276546068472e+01
4.431431431431431633e+02 5.569782346362070768e+01
4.443693693693693945e+02 5.548206536993134108e+01
4.455955955955956256e+02 5.526642493729146111e+01
4.468218218218217999e+02 5.505091835309299597e+01
4.480480480480480310e+02 5.483556154101196256e+01
4.492742742742742621e+02 5.462037016282328494e+01
4.505005005005004932e+02 5.440535962023923844e+01
4.517267267267267243e+02 5.419054505676898970e+01
4.529529529529529555e+02 5.397594135959986517e+01
4.541791791791791866e+02 5.376156316149803160e+01
4.554054054054054177e+02 5.354742484272819070e+01
4.566316316316316488e+02 5.333354053299078856e+01
4.578578578578578799e+02 5.311992411337656250e+01
4.590840840840841111e+02 5.290658921833681916e+01
4.603103103103102853e+02 5.269354923766825749e+01
4.615365365365365165e+02 5.248081731851256393e+01
4.627627627627627476e+02 5.226840636736840651e+01
4.639889889889889787e+02 5.205632905211673034e+01
4.652152152152152098e+02 5.184459780405634888e+01
4.664414414414414409e+02 5.163322481995081148e+01
4.676676676676676720e+02 5.142222206408477803e+01
4.688938938938939032e+02 5.121160127033021325e+01
4.701201201201201343e+02 5.100137394421901149e+01
4.713463463463463654e+02 5.079155136502515688e+01
4.725725725725725965e+02 5.058214458785216294e+01
4.737987987987988276e+02 5.037316444572746121e+01
4.750250250250250019e+02 5.016462155170094661e+01
4.762512512512512330e+02 4.995652630094956237e+01
4.774774774774774642e+02 4.974888887288486927e+01
4.787037037037036953e+02 4.954171923326410365e+01
4.799299299299299264e+02 4.933502713630444703e+01
4.811561561561561575e+02 4.912882212679836869e+01
4.823823823823823886e+02 4.892311354223141961e+01
4.836086086086086198e+02 4.871791051490041013e+01
4.848348348348348509e+02 4.851322197403194281e+01
4.860610610610610820e+02 4.830905664790077481e+01
4.872872872872873131e+02 4.810542306594751949e+01
4.885135135135135442e+02 4.790232956089471372e+01
4.897397397397397185e+02 4.769978427086155648e+01
4.909659659659659496e+02 4.749779514147584081e+01
4.921921921921921808e+02 4.729636992798366180e+01
4.934184184184184119e+02 4.709551619735533734e+01
4.946446446446446430e+02 4.689524133038807463e+01
4.958708708708708741e+02 4.669555252380427390e+01
4.970970970970971052e+02 4.649645679234542683e+01
4.983233233233233364e+02 4.629796097086078532e+01
4.995495495495495675e+02 4.610007171639121282e+01
5.007757757757757986e+02 4.590279551024643467e+01
5.020020020020020297e+02 4.570613866007708026e+01
5.032282282282282040e+02 4.551010730193965514e+01
5.044544544544544351e+02 4.531470740235469208e+01
5.056806806806806662e+02 4.511994476035818025e+01
5.069069069069068973e+02 4.492582500954482327e+01
5.081331331331331285e+02 4.473235362010404259e+01
5.093593593593593596e+02 4.453953590084753245e+01
5.105855855855855907e+02 4.434737700122831683e+01
5.118118118118118218e+02 4.415588191335154988e+01
5.130380380380380529e+02 4.396505547397560321e+01
5.142642642642642841e+02 4.377490236650466926e+01
5.154904904904905152e+02 4.358542712297097665e+01
5.167167167167167463e+02 4.339663412600831549e+01
5.179429429429428637e+02 4.320852761081421534e+01
5.191691691691692085e+02 4.302111166710329826e+01
5.203953953953953260e+02 4.283439024104890791e+01
5.216216216216216708e+02 4.264836713721504680e+01
5.228478478478477882e+02 4.246304602047678145e+01
5.240740740740741330e+02 4.227843041792979051e+01
5.253003003003002505e+02 4.209452372078878568e+01
5.265265265265265953e+02 4.191132918627412351e+01
5.277527527527527127e+02 4.172884993948752452e+01
5.289789789789790575e+02 4.154708897527472544e+01
5.302052052052051749e+02 4.136604916007779309e+01
5.314314314314315197e+02 4.118573323377385265e+01
5.326576576576576372e+02 4.100614381150260357e+01
5.338838838838838683e+02 4.082728338548100311e+01
5.351101101101100994e+02 4.064915432680552954e+01
5.363363363363363305e+02 4.047175888724181192e+01
5.375625625625625617e+02 4.029509920100144171e+01
5.387887887887887928e+02 4.011917728650603010e+01
5.400150150150150239e+02 3.994399504813845425e+01
5.412412412412412550e+02 3.976955427798039722e+01
5.424674674674674861e+02 3.959585665753751726e+01
5.436936936936937173e+02 3.942290375945089664e+01
5.449199199199199484e+02 3.925069704919526714e+01
5.461461461461461795e+02 3.907923788676374244e+01
5.473723723723724106e+02 3.890852752833927042e+01
5.485985985985986417e+02 3.873856712795221569e+01
5.498248248248248728e+02 3.856935773912478282e+01
5.510510510510511040e+02 3.840090031650117197e+01
5.522772772772773351e+02 3.823319571746454670e+01
5.535035035035034525e+02 3.806624470373987634e+01
5.547297297297296836e+02 3.790004794298323532e+01
5.559559559559559148e+02 3.773460601035677087e+01
5.571821821821821459e+02 3.756991939009051151e+01
5.584084084084083770e+02 3.740598847702943885e+01
5.596346346346346081e+02 3.724281357816727223e+01
5.608608608608608392e+02 3.708039491416572986e+01
5.620870870870870704e+02 3.691873262086029683e+01
5.633133133133133015e+02 3.675782675075151218e+01
5.645395395395395326e+02 3.659767727448265617e+01
5.657657657657657637e+02 3.643828408230294968e+01
5.669919919919919948e+02 3.627964698551708977e+01
5.682182182182182260e+02 3.612176571792062418e+01
5.694444444444444571e+02 3.596463993722114338e+01
5.706706706706706882e+02 3.580826922644564547e+01
5.718968968968969193e+02 3.565265309533367599e+01
5.731231231231231504e+02 3.549779098171663350e+01
5.743493493493493816e+02 3.534368225288282872e+01
5.755755755755756127e+02 3.519032620692886582e+01
5.768018018018018438e+02 3.503772207409672745e+01
5.780280280280280749e+02 3.488586901809711094e+01
5.792542542542543060e+02 3.473476613741885188e+01
5.804804804804805372e+02 3.458441246662422230e+01
5.817067067067066546e+02 3.443480697763051523e+01
5.829329329329328857e+02 3.428594858097798692e+01
5.841591591591591168e+02 3.413783612708348159e+01
5.853853853853853479e+02 3.399046840748086851e+01
5.866116116116115791e+02 3.384384415604714036e+01
5.878378378378378102e+02 3.369796205021555835e+01
5.890640640640640413e+02 3.355282071217435913e+01
5.902902902902902724e+02 3.340841871005226693e+01
5.915165165165165035e+02 3.326475455909074697e+01
5.927427427427427347e+02 3.312182672280191298e+01
5.939689689689689658e+02 3.297963361411370897e+01
5.951951951951951969e+02 3.283817359650156220e+01
5.964214214214214280e+02 3.269744498510633690e+01
5.976476476476476591e+02 3.255744604783927088e+01
5.988738738738738903e+02 3.241817500647351835e+01
6.001001001001001214e+02 3.227963003772280359e+01
6.013263263263263525e+02 3.214180927430660262e+01
6.025525525525525836e+02 3.200471080600224383e+01
6.037787787787788147e+02 3.186833268068436809e+01
6.050050050050050459e+02 3.173267290535129703e+01
6.062312312312312770e+02 3.159772944713810361e+01
6.074574574574575081e+02 3.146350023431764598e+01
6.086836836836837392e+02 3.132998315728825389e+01
6.099099099099099703e+02 3.119717606954893441e+01
6.111361361361360878e+02 3.106507678866212174e+01
6.123623623623623189e+02 3.093368309720371556e+01
6.135885885885885500e+02 3.080299274370057816e+01
6.148148148148147811e+02 3.067300344355616559e+01
6.160410410410410122e+02 3.054371287996309547e+01
6.172672672672672434e+02 3.041511870480413648e+01
6.184934934934934745e+02 3.028721853954059995e+01
6.197197197197197056e+02 3.016000997608902168e+01
6.209459459459459367e+02 3.003349057768554431e+01
6.221721721721721678e+02 2.990765787973845846e+01
6.233983983983983990e+02 2.978250939066897018e+01
6.246246246246246301e+02 2.965804259274038657e+01
6.258508508508508612e+02 2.953425494287506226e+01
6.270770770770770923e+02 2.941114387346034675e+01
6.283033033033033234e+02 2.928870679314258396e+01
6.295295295295295546e+02 2.916694108761004500e+01
6.307557557557557857e+02 2.904584412036433250e+01
6.319819819819820168e+02 2.892541323348027760e+01
6.332082082082082479e+02 2.880564574835516467e+01
6.344344344344344790e+02 2.868653896644644519e+01
6.356606606606607102e+02 2.856809016999867978e+01
6.368868868868869413e+02 2.845029662275937099e+01
6.381131131131131724e+02 2.833315557068417689e+01
6.393393393393392898e+02 2.821666424263107231e+01
6.405655655655655210e+02 2.810081985104407920e+01
6.417917917917917521e+02 2.798561959262675813e+01
6.430180180180179832e+02 2.787106064900417124e+01
6.442442442442442143e+02 2.775714018737550859e+01
6.454704704704704454e+02 2.764385536115591080e+01
6.466966966966966766e+02 2.753120331060811665e+01
6.479229229229229077e+02 2.741918116346400680e+01
6.491491491491491388e+02 2.730778603553613237e+01
6.503753753753753699e+02 2.719701503131925335e+01
6.516016016016016010e+02 2.708686524458196843e+01
6.528278278278278322e+02 2.697733375894865304e+01
6.540540540540540633e+02 2.686841764847155645e+01
6.552802802802802944e+02 2.676011397819371496e+01
6.565065065065065255e+02 2.665241980470159078e+01
6.577327327327327566e+02 2.654533217666916656e+01
6.589589589589589878e+02 2.643884813539199641e+01
6.601851851851852189e+02 2.633296471531262029e+01
6.614114114114114500e+02 2.622767894453607340e+01
6.626376376376376811e+02 2.612298784533718887e+01
6.638638638638639122e+02 2.601888843465833290e+01
6.650900900900901433e+02 2.591537772459859923e+01
6.663163163163163745e+02 2.581245272289373105e+01
6.675425425425424919e+02 2.571011043338794977e+01
6.687687687687687230e+02 2.560834785649688072e+01
6.699949949949949541e+02 2.550716198966178538e+01
6.712212212212211853e+02 2.540654982779565429e+01
6.724474474474474164e+02 2.530650836372078771e+01
6.736736736736736475e+02 2.520703458859814106e+01
6.748998998998998786e+02 2.510812549234854174e+01
6.761261261261261097e+02 2.500977806406584136e+01
6.773523523523523409e+02 2.491198929242191795e+01
6.785785785785785720e+02 2.481475616606407897e+01
6.798048048048048031e+02 2.471807567400403727e+01
6.810310310310310342e+02 2.462194480600010138e+01
6.822572572572572653e+02 2.452636055293087125e+01
6.834834834834834965e+02 2.443131990716175039e+01
6.847097097097097276e+02 2.433681986290393340e+01
6.859359359359359587e+02 2.424285741656602866e+01
6.871621621621621898e+02 2.414942956709834831e+01
6.883883883883884209e+02 2.405653331632997194e+01
6.896146146146146521e+02 2.396416566929875813e+01
6.908408408408408832e+02 2.387232363457418316e+01
6.920670670670671143e+02 2.378100422457344010e+01
6.932932932932933454e+02 2.369020445587037571e+01
6.945195195195195765e+02 2.359992134949776954e+01
6.957457457457456940e+02 2.351015193124305114e+01
6.969719719719719251e+02 2.342089323193727068e+01
6.981981981981981562e+02 2.333214228773728749e+01
6.994244244244243873e+02 2.324389614040200769e+01
7.006506506506506184e+02 2.315615183756172613e+01
7.018768768768768496e+02 2.306890643298170573e+01
7.031031031031030807e+02 2.298215698681886465e+01
7.043293293293293118e+02 2.289590056587306321e+01
7.055555555555555429e+02 2.281013424383176513e+01
7.067817817817817740e+02 2.272485510150898946e+01
7.080080080080080052e+02 2.264006022707841126e+01
7.092342342342342363e+02 2.255574671630047590e+01
7.104604604604604674e+02 2.247191167274375800e+01
7.116866866866866985e+02 2.238855220800099843e+01
7.129129129129129296e+02 2.230566544189901279e+01
7.141391391391391608e+02 2.222324850270364038e+01
7.153653653653653919e+02 2.214129852731882409e+01
7.165915915915916230e+02 2.205981266148070574e+01
7.178178178178178541e+02 2.197878805994605500e+01
7.190440440440440852e+02 2.189822188667582026e+01
7.202702702702703164e+02 2.181811131501335410e+01
7.214964964964965475e+02 2.173845352785781060e+01
7.227227227227227786e+02 2.165924571783213182e+01
7.239489489489490097e+02 2.158048508744655791e+01
7.251751751751751272e+02 2.150216884925711724e+01
7.264014014014013583e+02 2.142429422601928835e+01
7.276276276276275894e+02 2.134685845083702205e+01
7.288538538538538205e+02 2.126985876730730496e+01
7.300800800800800516e+02 2.119329242965978111e+01
7.313063063063062827e+02 2.111715670289225955e+01
7.325325325325325139e+02 2.104144886290159633e+01
7.337587587587587450e+02 2.096616619661027769e+01
7.349849849849849761e+02 2.089130600208875066e+01
7.362112112112112072e+02 2.081686558867350456e+01
7.374374374374374383e+02 2.074284227708097816e+01
7.386636636636636695e+02 2.066923339951743088e+01
7.398898898898899006e+02 2.059603629978481365e+01
7.411161161161161317e+02 2.052324833338257548e+01
7.423423423423423628e+02 2.045086686760572903e+01
7.435685685685685939e+02 2.037888928163889091e+01
7.447947947947948251e+02 2.030731296664692564e+01
7.460210210210210562e+02 2.023613532586135122e+01
7.472472472472472873e+02 2.016535377466364665e+01
7.484734734734735184e+02 2.009496574066455565e+01
7.496996996996997495e+02 2.002496866378019291e+01
7.509259259259259807e+02 1.995535999630444834e+01
7.521521521521522118e+02 1.988613720297828280e+01
7.533783783783783292e+02 1.981729776105516194e+01
7.546046046046045603e+02 1.974883916036397835e+01
7.558308308308307915e+02 1.968075890336804434e+01
7.570570570570570226e+02 1.961305450522129590e+01
7.582832832832832537e+02 1.954572349382128849e+01
7.595095095095094848e+02 1.947876340985913757e+01
7.607357357357357159e+02 1.941217180686650678e+01
7.619619619619619471e+02 1.934594625125969714e+01
7.631881881881881782e+02 1.928008432238052094e+01
7.644144144144144093e+02 1.921458361253499092e+01
7.656406406406406404e+02 1.914944172702846359e+01
7.668668668668668715e+02 1.908465628419862270e+01
7.680930930930931027e+02 1.902022491544562044e+01
7.693193193193193338e+02 1.895614526525954702e+01
7.705455455455455649e+02 1.889241499124518242e+01
7.717717717717717960e+02 1.882903176414465918e+01
7.729979979979980271e+02 1.876599326785718702e+01
7.742242242242242583e+02 1.870329719945670632e+01
7.754504504504504894e+02 1.864094126920683081e+01
7.766766766766767205e+02 1.857892320057387536e+01
7.779029029029029516e+02 1.851724073023717665e+01
7.791291291291291827e+02 1.845589160809743134e+01
7.803553553553554138e+02 1.839487359728288496e+01
7.815815815815815313e+02 1.833418447415326114e+01
7.828078078078077624e+02 1.827382202830146696e+01
7.840340340340339935e+02 1.821378406255364624e+01
7.852602602602602246e+02 1.815406839296681696e+01
7.864864864864864558e+02 1.809467284882475369e+01
7.877127127127126869e+02 1.803559527263202611e+01
7.889389389389389180e+02 1.797683352010585267e+01
7.901651651651651491e+02 1.791838546016645495e+01
7.913913913913913802e+02 1.786024897492532659e+01
7.926176176176176114e+02 1.780242195967213803e+01
7.938438438438438425e+02 1.774490232285938163e+01
7.950700700700700736e+02 1.768768798608591553e+01
7.962962962962963047e+02 1.763077688407838295e+01
7.975225225225225358e+02 1.757416696467145911e+01
7.987487487487487670e+02 1.751785618878620099e+01
7.999749749749749981e+02 1.746184253040696177e+01
8.012012012012012292e+02 1.740612397655709387e+01
8.024274274274274603e+02 1.735069852727271567e+01
8.036536536536536914e+02 1.729556419557558655e+01
8.048798798798799226e+02 1.724071900744417718e+01
8.061061061061061537e+02 1.718616100178366679e+01
8.073323323323323848e+02 1.713188823039453013e+01
8.085585585585586159e+02 1.707789875793983825e+01
8.097847847847847333e+02 1.702419066191145092e+01
8.110110110110109645e+02 1.697076203259480209e+01
8.122372372372371956e+02 1.691761097303270844e+01
8.134634634634634267e+02 1.686473559898788110e+01
8.146896896896896578e+02 1.681213403890448177e+01
8.159159159159158889e+02 1.675980443386839625e+01
8.171421421421421201e+02 1.670774493756677614e+01
8.183683683683683512e+02 1.665595371624614529e+01
8.195945945945945823e+02 1.660442894866999808e+01
8.208208208208208134e+02 1.655316882607500162e+01
8.220470470470470445e+02 1.650217155212648024e+01
8.232732732732732757e+02 1.645143534287309350e+01
8.244994994994995068e+02 1.640095842670052306e+01
8.257257257257257379e+02 1.635073904428416824e+01
8.269519519519519690e+02 1.630077544854130522e+01
8.281781781781782001e+02 1.625106590458234024e+01
8.294044044044044313e+02 1.620160868966123147e+01
8.306306306306306624e+02 1.615240209312529984e+01
8.318568568568568935e+02 1.610344441636415524e+01
8.330830830830831246e+02 1.605473397275814307e+01
8.343093093093093557e+02 1.600626908762595946e+01
8.355355355355355869e+02 1.595804809817163594e+01
8.367617617617618180e+02 1.591006935343116879e+01
8.379879879879880491e+02 1.586233121421807901e+01
8.392142142142141665e+02 1.581483205306883200e+01
8.404404404404403977e+02 1.576757025418753599e+01
8.416666666666666288e+02 1.572054421339008989e+01
8.428928928928928599e+02 1.567375233804783896e+01
8.441191191191190910e+02 1.562719304703081313e+01
8.453453453453453221e+02 1.558086477065048392e+01
8.465715715715715532e+02 1.553476595060207543e+01
8.477977977977977844e+02 1.548889503990625371e+01
8.490240240240240155e+02 1.544325050285090128e+01
8.502502502502502466e+02 1.539783081493193961e+01
8.514764764764764777e+02 1.535263446279421906e+01
8.527027027027027088e+02 1.530765994417178355e+01
8.539289289289289400e+02 1.526290576782802333e+01
8.551551551551551711e+02 1.521837045349540141e+01
8.563813813813814022e+02 1.517405253181486202e+01
8.576076076076076333e+02 1.512995054427512365e+01
8.588338338338338644e+02 1.508606304315141600e+01
8.600600600600600956e+02 1.504238859144435381e+01
8.612862862862863267e+02 1.499892576281836121e+01
8.625125125125125578e+02 1.495567314153983318e+01
8.637387387387387889e+02 1.491262932241536099e+01
8.649649649649650200e+02 1.486979291072941223e+01
8.661911911911912512e+02 1.482716252218227559e+01
8.674174174174173686e+02 1.478473678282748338e+01
8.686436436436435997e+02 1.474251432900932812e+01
8.698698698698698308e+02 1.470049380730019095e+01
8.710960960960960620e+02 1.465867387443772962e+01
8.723223223223222931e+02 1.461705319726208785e+01
8.735485485485485242e+02 1.457563045265279911e+01
8.747747747747747553e+02 1.453440432746595334e+01
8.760010010010009864e+02 1.449337351847100663e+01
8.772272272272272176e+02 1.445253673228775959e+01
8.784534534534534487e+02 1.441189268532313150e+01
8.796796796796796798e+02 1.437144010370804992e+01
8.809059059059059109e+02 1.433117772323441130e+01
8.821321321321321420e+02 1.429110428929170773e+01
8.833583583583583732e+02 1.425121855680413496e+01
8.845845845845846043e+02 1.421151929016715521e+01
8.858108108108108354e+02 1.417200526318490361e+01
8.870370370370370665e+02 1.413267525900672084e+01
8.882632632632632976e+02 1.409352807006443342e+01
8.894894894894895288e+02 1.405456249800938906e+01
8.907157157157157599e+02 1.401577735364969790e+01
8.919419419419419910e+02 1.397717145688741880e+01
8.931681681681682221e+02 1.393874363665596050e+01
8.943943943943944532e+02 1.390049273085756631e+01
8.956206206206205707e+02 1.386241758630091603e+01
8.968468468468468018e+02 1.382451705863877223e+01
8.980730730730730329e+02 1.378679001230585754e+01
8.992992992992992640e+02 1.374923532045680652e+01
9.005255255255254951e+02 1.371185186490428620e+01
9.017517517517517263e+02 1.367463853605725532e+01
9.029779779779779574e+02 1.363759423285941530e+01
9.042042042042041885e+02 1.360071786272779626e+01
9.054304304304304196e+02 1.356400834149143009e+01
9.066566566566566507e+02 1.352746459333056350e+01
9.078828828828828819e+02 1.349108555071538262e+01
9.091091091091091130e+02 1.345487015434569500e+01
9.103353353353353441e+02 1.341881735309031320e+01
9.115615615615615752e+02 1.338292610392674220e+01
9.127877877877878063e+02 1.334719537188122196e+01
9.140140140140140375e+02 1.331162412996879141e+01
9.152402402402402686e+02 1.327621135913367034e+01
9.164664664664664997e+02 1.324095604818994687e+01
9.176926926926927308e+02 1.320585719376231637e+01
9.189189189189189619e+02 1.317091380022719527e+01
9.201451451451451931e+02 1.313612487965404974e+01
9.213713713713714242e+02 1.310148945174682389e+01
9.225975975975976553e+02 1.306700654378595594e+01
9.238238238238238864e+02 1.303267519057028423e+01
9.250500500500500038e+02 1.299849443435933161e+01
9.262762762762762350e+02 1.296446332481610497e+01
9.275025025025024661e+02 1.293058091894962303e+01
9.287287287287286972e+02 1.289684628105827358e+01
9.299549549549549283e+02 1.286325848267317973e+01
9.311811811811811594e+02 1.282981660250166556e+01
9.324074074074073906e+02 1.279651972637146962e+01
9.336336336336336217e+02 1.276336694717473641e+01
9.348598598598598528e+02 1.273035736481267577e+01
9.360860860860860839e+02 1.269749008614022401e+01
9.373123123123123150e+02 1.266476422491132148e+01
9.385385385385385462e+02 1.263217890172409952e+01
9.397647647647647773e+02 1.259973324396666605e+01
9.409909909909910084e+02 1.256742638576305815e+01
9.422172172172172395e+02 1.253525746791949835e+01
9.434434434434434706e+02 1.250322563787098140e+01
9.446696696696697018e+02 1.247133004962812741e+01
9.458958958958959329e+02 1.243956986372447915e+01
9.471221221221221640e+02 1.240794424716380639e+01
9.483483483483483951e+02 1.237645237336809600e+01
9.495745745745746262e+02 1.234509342212551530e+01
9.508008008008008574e+02 1.231386657953899899e+01
9.520270270270270885e+02 1.228277103797479519e+01
9.532532532532532059e+02 1.225180599601170428e+01
9.544794794794794370e+02 1.222097065839038699e+01
9.557057057057056682e+02 1.219026423596294073e+01
9.569319319319318993e+02 1.215968594564315097e+01
9.581581581581581304e+02 1.212923501035652940e+01
9.593843843843843615e+02 1.209891065899122076e+01
9.606106106106105926e+02 1.206871212634877821e+01
9.618368368368368237e+02 1.203863865309556402e+01
9.630630630630630549e+02 1.200868948571437222e+01
9.642892892892892860e+02 1.197886387645622008e+01
9.655155155155155171e+02 1.194916108329280036e+01
9.667417417417417482e+02 1.191958036986887137e+01
9.679679679679679793e+02 1.189012100545534167e+01
9.691941941941942105e+02 1.186078226490231380e+01
9.704204204204204416e+02 1.183156342859279597e+01
9.716466466466466727e+02 1.180246378239645644e+01
9.728728728728729038e+02 1.177348261762394088e+01
9.740990990990991349e+02 1.174461923098119698e+01
9.753253253253253661e+02 1.171587292452457696e+01
9.765515515515515972e+02 1.168724300561577678e+01
9.777777777777778283e+02 1.165872878687746983e+01
9.790040040040040594e+02 1.163032958614908630e+01
9.802302302302302905e+02 1.160204472644285900e+01
9.814564564564564080e+02 1.157387353590043944e+01
9.826826826826826391e+02 1.154581534774957774e+01
9.839089089089088702e+02 1.151786950026117573e+01
9.851351351351351013e+02 1.149003533670682664e+01
9.863613613613613325e+02 1.146231220531651118e+01
9.875875875875875636e+02 1.143469945923661513e+01
9.888138138138137947e+02 1.140719645648830394e+01
9.900400400400400258e+02 1.137980255992630774e+01
9.912662662662662569e+02 1.135251713719783417e+01
9.924924924924924881e+02 1.132533956070191827e+01
9.937187187187187192e+02 1.129826920754910624e+01
9.949449449449449503e+02 1.127130545952141638e+01
9.961711711711711814e+02 1.124444770303245278e+01
9.973973973973974125e+02 1.121769532908822420e+01
9.986236236236236437e+02 1.119104773324785107e+01
9.998498498498498748e+02 1.116450431558481959e+01
1.001076076076076106e+03 1.113806448064855203e+01
1.002302302302302337e+03 1.111172763742612624e+01
1.003528528528528568e+03 1.108549319930446586e+01
1.004754754754754799e+03 1.105936058403273137e+01
1.005980980980981030e+03 1.103332921368508046e+01
1.007207207207207261e+03 1.100739851462363106e+01
1.008433433433433493e+03 1.098156791746192518e+01
1.009659659659659610e+03 1.095583685702848342e+01
1.010885885885885841e+03 1.093020477233064547e+01
1.012112112112112072e+03 1.090467110651903404e+01
1.013338338338338303e+03 1.087923530685183948e+01
1.014564564564564535e+03 1.085389682465979710e+01
1.015790790790790766e+03 1.082865511531125691e+01
1.017017017017016997e+03 1.080350963817754817e+01
1.018243243243243228e+03 1.077845985659870820e+01
1.019469469469469459e+03 1.075350523784947221e+01
1.020695695695695690e+03 1.072864525310552608e+01
1.021921921921921921e+03 1.070387937741009310e+01
1.023148148148148152e+03 1.067920708964068766e+01
1.024374374374374383e+03 1.065462787247633791e+01
1.025600600600600501e+03 1.063014121236496834e+01
1.026826826826826846e+03 1.060574659949096166e+01
1.028053053053053191e+03 1.058144352774328212e+01
1.029279279279279308e+03 1.055723149468361655e+01
1.030505505505505425e+03 1.053311000151486532e+01
1.031731731731731770e+03 1.050907855304998861e+01
1.032957957957958115e+03 1.048513665768104630e+01
1.034184184184184232e+03 1.046128382734836038e+01
1.035410410410410350e+03 1.043751957751038084e+01
1.036636636636636695e+03 1.041384342711328337e+01
1.037862862862863039e+03 1.039025489856125262e+01
1.039089089089089157e+03 1.036675351768675313e+01
1.040315315315315274e+03 1.034333881372122654e+01
1.041541541541541392e+03 1.032001031926593271e+01
1.042767767767767737e+03 1.029676757026314782e+01
1.043993993993994081e+03 1.027361010596761304e+01
1.045220220220220199e+03 1.025053746891811279e+01
1.046446446446446316e+03 1.022754920490937280e+01
1.047672672672672661e+03 1.020464486296433471e+01
1.048898898898899006e+03 1.018182399530651949e+01
1.050125125125125123e+03 1.015908615733258813e+01
1.051351351351351468e+03 1.013643090758539245e+01
1.052577577577577586e+03 1.011385780772706688e+01
1.053803803803803703e+03 1.009136642251234406e+01
1.055030030030030048e+03 1.006895631976230909e+01
1.056256256256256165e+03 1.004662707033811486e+01
1.057482482482482510e+03 1.002437824811526745e+01
1.058708708708708627e+03 1.000220942995777307e+01
1.059934934934934972e+03 9.980120195692805396e+00
1.061161161161161090e+03 9.958110128085474244e+00
1.062387387387387435e+03 9.936178812813905026e+00
1.063613613613613552e+03 9.914325838444442596e+00
1.064839839839839897e+03 9.892550796407050484e+00
1.066066066066066014e+03 9.870853280971175536e+00
1.067292292292292359e+03 9.849232889221593013e+00
1.068518518518518476e+03 9.827689221034477285e+00
1.069744744744744821e+03 9.806221879053930834e+00
1.070970970970970939e+03 9.784830468668372916e+00
1.072197197197197283e+03 9.763514597987454025e+00
1.073423423423423401e+03 9.742273877819059180e+00
1.074649649649649746e+03 9.721107921646501282e+00
1.075875875875875863e+03 9.700016345605876111e+00
1.077102102102102208e+03 9.678998768463827673e+00
1.078328328328328325e+03 9.658054811595286893e+00
1.079554554554554670e+03 9.637184098961574463e+00
1.080780780780780788e+03 9.616386257088645806e+00
1.082007007007006905e+03 9.595660915045469253e+00
1.083233233233233250e+03 9.575007704422793253e+00
1.084459459459459367e+03 9.554426259311847858e+00
1.085685685685685712e+03 9.533916216283534695e+00
1.086911911911911830e+03 9.513477214367584978e+00
1.088138138138138174e+03 9.493108895031920014e+00
1.089364364364364292e+03 9.472810902162436264e+00
1.090590590590590637e+03 9.452582882042689150e+00
1.091816816816816754e+03 9.432424483333928578e+00
1.093043043043043099e+03 9.412335357055280127e+00
1.094269269269269216e+03 9.392315156564034595e+00
1.095495495495495561e+03 9.372363537536401168e+00
1.096721721721721678e+03 9.352480157948020789e+00
1.097947947947948023e+03 9.332664678054976903e+00
1.099174174174174141e+03 9.312916760374902125e+00
1.100400400400400486e+03 9.293236069668164845e+00
1.101626626626626603e+03 9.273622272919396892e+00
1.102852852852852948e+03 9.254075039319012319e+00
1.104079079079079065e+03 9.234594040245120539e+00
1.105305305305305410e+03 9.215178949245311557e+00
1.106531531531531527e+03 9.195829442018975897e+00
1.107757757757757872e+03 9.176545196399372273e+00
1.108983983983983990e+03 9.157325892336299233e+00
1.110210210210210107e+03 9.138171211878551858e+00
1.111436436436436452e+03 9.119080839156810114e+00
1.112662662662662569e+03 9.100054460366495235e+00
1.113888888888888914e+03 9.081091763750963608e+00
1.115115115115115032e+03 9.062192439584679349e+00
1.116341341341341376e+03 9.043356180156703061e+00
1.117567567567567494e+03 9.024582679754185932e+00
1.118793793793793839e+03 9.005871634646208435e+00
1.120020020020019956e+03 8.987222743067540875e+00
1.121246246246246301e+03 8.968635705202732566e+00
1.122472472472472418e+03 8.950110223170272050e+00
1.123698698698698763e+03 8.931646001006932067e+00
1.124924924924924881e+03 8.913242744652286831e+00
1.126151151151151225e+03 8.894900161933156468e+00
1.127377377377377343e+03 8.876617962548564833e+00
1.128603603603603688e+03 8.858395858054546324e+00
1.129829829829829805e+03 8.840233561849201394e+00
1.131056056056056150e+03 8.822130789157959896e+00
1.132282282282282267e+03 8.804087257018675672e+00
1.133508508508508612e+03 8.786102684267451224e+00
1.134734734734734729e+03 8.768176791523810465e+00
1.135960960960961074e+03 8.750309301176828924e+00
1.137187187187187192e+03 8.732499937370755916e+00
1.138413413413413309e+03 8.714748425991006187e+00
1.139639639639639654e+03 8.697054494650368284e+00
1.140865865865865771e+03 8.679417872675346146e+00
1.142092092092092116e+03 8.661838291092324837e+00
1.143318318318318234e+03 8.644315482614180368e+00
1.144544544544544578e+03 8.626849181627049390e+00
1.145770770770770696e+03 8.609439124176837765e+00
1.146996996996997041e+03 8.592085047956294019e+00
1.148223223223223158e+03 8.574786692291985091e+00
1.149449449449449503e+03 8.557543798131302282e+00
1.150675675675675620e+03 8.540356108029884652e+00
1.151901901901901965e+03 8.523223366138825696e+00
1.153128128128128083e+03 8.506145318192267268e+00
1.154354354354354427e+03 8.489121711494950873e+00
1.155580580580580545e+03 8.472152294909914616e+00
1.156806806806806890e+03 8.455236818846312730e+00
1.158033033033033007e+03 8.438375035247441147e+00
1.159259259259259352e+03 8.421566697578670713e+00
1.160485485485485469e+03 8.404811560815696581e+00
1.161711711711711814e+03 8.388109381432721889e+00
1.162937937937937932e+03 8.371459917390957628e+00
1.164164164164164276e+03 8.354862928126969734e+00
1.165390390390390394e+03 8.338318174541383243e+00
1.166616616616616511e+03 8.321825418987508272e+00
1.167842842842842856e+03 8.305384425260168513e+00
1.169069069069068973e+03 8.288994958584652295e+00
1.170295295295295318e+03 8.272656785605562391e+00
1.171521521521521436e+03 8.256369674376140111e+00
1.172747747747747781e+03 8.240133394347282092e+00
1.173973973973973898e+03 8.223947716356951432e+00
1.175200200200200243e+03 8.207812412619576392e+00
1.176426426426426360e+03 8.191727256715502392e+00
1.177652652652652705e+03 8.175692023580566570e+00
1.178878878878878822e+03 8.159706489495938797e+00
1.180105105105105167e+03 8.143770432077722887e+00
1.181331331331331285e+03 8.127883630266945048e+00
1.182557557557557629e+03 8.112045864319517463e+00
1.183783783783783747e+03 8.096256915796198328e+00
1.185010010010010092e+03 8.080516567552932017e+00
1.186236236236236209e+03 8.064824603730896158e+00
1.187462462462462554e+03 8.049180809746985688e+00
1.188688688688688671e+03 8.033584972284089076e+00
1.189914914914915016e+03 8.018036879281748242e+00
1.191141141141141134e+03 8.002536319926617736e+00
1.192367367367367478e+03 7.987083084643203712e+00
1.193593593593593596e+03 7.971676965084586897e+00
1.194819819819819941e+03 7.956317754123370278e+00
1.196046046046046058e+03 7.941005245842433169e+00
1.197272272272272176e+03 7.925739235526100934e+00
1.198498498498498520e+03 7.910519519651083797e+00
1.199724724724724638e+03 7.895345895877816211e+00
1.200950950950950983e+03 7.880218163041535995e+00
1.202177177177177100e+03 7.865136121143761372e+00
1.203403403403403445e+03 7.850099571343517546e+00
1.204629629629629562e+03 7.835108315949040225e+00
1.205855855855855907e+03 7.820162158409113218e+00
1.207082082082082024e+03 7.805260903304857223e+00
1.208308308308308369e+03 7.790404356341334768e+00
1.209534534534534487e+03 7.775592324339384298e+00
1.210760760760760832e+03 7.760824615227524426e+00
1.211986986986986949e+03 7.746101038033692987e+00
1.213213213213213294e+03 7.731421402877487026e+00
1.214439439439439411e+03 7.716785520962038625e+00
1.215665665665665756e+03 7.702193204566274431e+00
1.216891891891891873e+03 7.687644267036993107e+00
1.218118118118118218e+03 7.673138522781349558e+00
1.219344344344344336e+03 7.658675787258972356e+00
1.220570570570570681e+03 7.644255876974505703e+00
1.221796796796796798e+03 7.629878609470069684e+00
1.223023023023023143e+03 7.615543803317781801e+00
1.224249249249249260e+03 7.601251278112350462e+00
1.225475475475475378e+03 7.587000854463847865e+00
1.226701701701701722e+03 7.572792353990326575e+00
1.227927927927927840e+03 7.558625599310686560e+00
1.229154154154154185e+03 7.544500414037525360e+00
1.230380380380380302e+03 7.530416622770029100e+00
1.231606606606606647e+03 7.516374051087098884e+00
1.232832832832832764e+03 7.502372525540168979e+00
1.234059059059059109e+03 7.488411873646577455e+00
1.235285285285285227e+03 7.474491923882514044e+00
1.236511511511511571e+03 7.460612505676325945e+00
1.237737737737737689e+03 7.446773449401909772e+00
1.238963963963964034e+03 7.432974586371903669e+00
1.240190190190190151e+03 7.419215748831181401e+00
1.241416416416416496e+03 7.405496769950214109e+00
1.242642642642642613e+03 7.391817483818740264e+00
1.243868868868868958e+03 7.378177725439182488e+00
1.245095095095095076e+03 7.364577330720377901e+00
1.246321321321321420e+03 7.351016136471200113e+00
1.247547547547547538e+03 7.337493980394349080e+00
1.248773773773773883e+03 7.324010701080054808e+00
1.250000000000000000e+03 7.310566138000010206e+00
