1.000000000000000021e-02 6.662054485465506234e-80
5.003003003003003712e-02 1.646139173739660035e-45
9.006006006006006537e-02 2.077643885942823173e-35
1.300900900900901214e-01 9.301154830933080845e-30
1.701201201201201496e-01 5.842224243649618395e-26
2.101501501501501779e-01 3.677516907509039801e-23
2.501801801801802339e-01 5.586759114165409293e-21
2.902102102102102621e-01 3.259736115249721641e-19
3.302402402402402903e-01 9.603739904618400877e-18
3.702702702702703186e-01 1.699796114179996138e-16
4.103003003003003468e-01 2.031204619456105164e-15
4.503303303303303751e-01 1.778663170622919887e-14
4.903603603603604588e-01 1.211359847797962425e-13
5.303903903903904871e-01 6.708455630661639088e-13
5.704204204204205153e-01 3.125649031979401807e-12
6.104504504504505435e-01 1.258301030972782443e-11
6.504804804804805718e-01 4.470334944899466318e-11
6.905105105105106000e-01 1.425655631463612951e-10
7.305405405405406283e-01 4.138679728818426012e-10
7.705705705705706565e-01 1.106333074912613323e-09
8.106006006006006848e-01 2.749580518832860741e-09
8.506306306306307130e-01 6.405108820861294097e-09
8.906606606606607413e-01 1.408187482912955877e-08
9.306906906906907695e-01 2.939223025805866900e-08
9.707207207207209088e-01 5.854011469061033729e-08
1.010750750750750937e+00 1.117485065666606990e-07
1.050780780780780965e+00 2.052441491824328106e-07
1.090810810810810993e+00 3.639225552535666146e-07
1.130840840840841022e+00 6.248136547540158269e-07
1.170870870870871050e+00 1.041457133445687706e-06
1.210900900900901078e+00 1.689276134425592024e-06
1.250930930930931106e+00 2.672008908338506254e-06
1.290960960960961135e+00 4.129221244966815879e-06
1.330990990990991163e+00 6.244879750065805718e-06
1.371021021021021191e+00 9.256919357240351594e-06
1.411051051051051219e+00 1.346769028138202841e-05
1.451081081081081248e+00 1.925512242413333200e-05
1.491111111111111276e+00 2.708440145297108263e-05
1.531141141141141304e+00 3.751991258263499330e-05
1.571171171171171332e+00 5.123717732575198004e-05
1.611201201201201361e+00 6.903448654406590403e-05
1.651231231231231389e+00 9.184392093107832577e-05
1.691261261261261417e+00 1.207414480008433470e-04
1.731291291291291445e+00 1.569557926770044837e-04
1.771321321321321474e+00 2.018757961678477558e-04
1.811351351351351502e+00 2.570560041039422565e-04
1.851381381381381530e+00 3.242202587365828411e-04
1.891411411411411558e+00 4.052631099655997762e-04
1.931441441441441809e+00 5.022489045687667398e-04
1.971471471471471837e+00 6.174084606704751364e-04
2.011501501501501643e+00 7.531332836553775211e-04
2.051531531531531449e+00 9.119673289160810763e-04
2.091561561561561700e+00 1.096596364655314654e-03
2.131591591591591506e+00 1.309835033230808375e-03
2.171621621621621756e+00 1.554611751205760371e-03
2.211651651651651562e+00 1.833951625514730838e-03
2.251681681681681813e+00 2.150957595341410067e-03
2.291711711711711619e+00 2.508790035994982060e-03
2.331741741741741869e+00 2.910645082019706030e-03
2.371771771771771675e+00 3.359731941903348635e-03
2.411801801801801926e+00 3.859249486146866179e-03
2.451831831831831732e+00 4.412362394335389397e-03
2.491861861861861982e+00 5.022177145537078981e-03
2.531891891891891788e+00 5.691718130269295475e-03
2.571921921921922038e+00 6.423904151895868525e-03
2.611951951951952289e+00 7.221525571186378049e-03
2.651981981981982095e+00 8.087222330439560944e-03
2.692012012012012345e+00 9.023463073617413177e-03
2.732042042042042151e+00 1.003252555692153367e-02
2.772072072072072402e+00 1.111647852071925499e-02
2.812102102102102208e+00 1.227716516921498191e-02
2.852132132132132458e+00 1.351618837925142556e-02
2.892162162162162264e+00 1.483489773455937133e-02
2.932192192192192515e+00 1.623437845705652180e-02
2.972222222222222321e+00 1.771544228277364616e-02
3.012252252252252571e+00 1.927862030696546672e-02
3.052282282282282377e+00 2.092415780119608743e-02
3.092312312312312628e+00 2.265201098487865800e-02
3.132342342342342434e+00 2.446184571505762712e-02
3.172372372372372684e+00 2.635303804126446978e-02
3.212402402402402490e+00 2.832467655712977983e-02
3.252432432432432741e+00 3.037556646713850811e-02
3.292462462462462547e+00 3.250423527547666863e-02
3.332492492492492797e+00 3.470893999431762245e-02
3.372522522522522603e+00 3.698767576108807215e-02
3.412552552552552854e+00 3.933818574817323638e-02
3.452582582582582660e+00 4.175797224408251546e-02
3.492612612612612910e+00 4.424430878220664276e-02
3.532642642642642716e+00 4.679425319184499221e-02
3.572672672672672967e+00 4.940466144605562548e-02
3.612702702702702773e+00 5.207220218195756506e-02
3.652732732732733023e+00 5.479337177127538427e-02
3.692762762762762829e+00 5.756450982203711181e-02
3.732792792792793080e+00 6.038181499629238780e-02
3.772822822822822886e+00 6.324136103339951520e-02
3.812852852852853136e+00 6.613911287371124215e-02
3.852882882882883386e+00 6.907094278326987580e-02
3.892912912912913193e+00 7.203264638629708339e-02
3.932942942942943443e+00 7.501995851873043131e-02
3.972972972972973249e+00 7.802856882273855044e-02
4.013003003003003499e+00 8.105413700894610607e-02
4.053033033033033306e+00 8.409230771995145071e-02
4.093063063063063112e+00 8.713872493555377408e-02
4.133093093093093806e+00 9.018904586686217473e-02
4.173123123123123612e+00 9.323895429308473592e-02
4.213153153153153418e+00 9.628417330124643125e-02
4.253183183183183225e+00 9.932047739531711661e-02
4.293213213213213919e+00 1.023437039472170212e-01
4.333243243243243725e+00 1.053497639678775272e-01
4.373273273273273531e+00 1.083346521819485292e-01
4.413303303303303338e+00 1.112944563948411320e-01
4.453333333333334032e+00 1.142253661455695651e-01
4.493363363363363838e+00 1.171236806432980199e-01
4.533393393393393644e+00 1.199858159895985238e-01
4.573423423423423451e+00 1.228083116921954987e-01
4.613453453453454145e+00 1.255878364794023039e-01
4.653483483483483951e+00 1.283211934275570731e-01
4.693513513513513757e+00 1.310053244165449715e-01
4.733543543543543564e+00 1.336373139309583458e-01
4.773573573573574258e+00 1.362143922266147167e-01
4.813603603603604064e+00 1.387339378840227733e-01
4.853633633633633870e+00 1.411934797719900936e-01
4.893663663663663677e+00 1.435906984458973634e-01
4.933693693693694371e+00 1.459234270062590155e-01
4.973723723723724177e+00 1.481896514440424473e-01
5.013753753753753983e+00 1.503875104998640966e-01
5.053783783783783790e+00 1.525152950646129213e-01
5.093813813813814484e+00 1.545714471493130071e-01
5.133843843843844290e+00 1.565545584521154943e-01
5.173873873873874096e+00 1.584633685502379319e-01
5.213903903903904791e+00 1.602967627444557563e-01
5.253933933933934597e+00 1.620537695834106395e-01
5.293963963963964403e+00 1.637335580945415980e-01
5.333993993993994209e+00 1.653354347478941389e-01
5.374024024024024904e+00 1.668588401784130149e-01
5.414054054054054710e+00 1.683033456916075421e-01
5.454084084084084516e+00 1.696686495766884795e-01
5.494114114114114322e+00 1.709545732504344773e-01
5.534144144144145017e+00 1.721610572541563688e-01
5.574174174174174823e+00 1.732881571252047337e-01
5.614204204204204629e+00 1.743360391635101203e-01
5.654234234234234435e+00 1.753049761126730666e-01
5.694264264264265130e+00 1.761953427741324019e-01
5.734294294294294936e+00 1.770076115719444454e-01
5.774324324324324742e+00 1.777423480847109272e-01
5.814354354354354548e+00 1.784002065601999754e-01
5.854384384384385243e+00 1.789819254272208560e-01
5.894414414414415049e+00 1.794883228183419555e-01
5.934444444444444855e+00 1.799202921160898139e-01
5.974474474474474661e+00 1.802787975343288773e-01
6.014504504504505356e+00 1.805648697456147811e-01
6.054534534534535162e+00 1.807796015644251020e-01
6.094564564564564968e+00 1.809241436953150650e-01
6.134594594594594774e+00 1.809997005542144100e-01
6.174624624624625469e+00 1.810075261702855376e-01
6.214654654654655275e+00 1.809489201749927001e-01
6.254684684684685081e+00 1.808252238843003623e-01
6.294714714714714887e+00 1.806378164792151741e-01
6.334744744744745581e+00 1.803881112892176952e-01
6.374774774774775388e+00 1.800775521824973247e-01
6.414804804804805194e+00 1.797076100662995946e-01
6.454834834834835888e+00 1.792797795001291883e-01
6.494864864864865694e+00 1.787955754240157513e-01
6.534894894894895501e+00 1.782565300035472700e-01
6.574924924924925307e+00 1.776641895929049197e-01
6.614954954954956001e+00 1.770201118166927490e-01
6.654984984984985807e+00 1.763258627709468895e-01
6.695015015015015614e+00 1.755830143433291801e-01
6.735045045045045420e+00 1.747931416521569803e-01
6.775075075075076114e+00 1.739578206035991004e-01
6.815105105105105920e+00 1.730786255660693718e-01
6.855135135135135727e+00 1.721571271605773223e-01
6.895165165165165533e+00 1.711948901655494792e-01
6.935195195195196227e+00 1.701934715344088911e-01
6.975225225225226033e+00 1.691544185240018150e-01
7.015255255255255840e+00 1.680792669317767440e-01
7.055285285285285646e+00 1.669695394394645482e-01
7.095315315315316340e+00 1.658267440608640619e-01
7.135345345345346146e+00 1.646523726912179630e-01
7.175375375375375953e+00 1.634478997555553481e-01
7.215405405405405759e+00 1.622147809532882567e-01
7.255435435435436453e+00 1.609544520962767344e-01
7.295465465465466259e+00 1.596683280375126301e-01
7.335495495495496066e+00 1.583578016875285266e-01
7.375525525525525872e+00 1.570242431156006757e-01
7.415555555555556566e+00 1.556689987327915525e-01
7.455585585585586372e+00 1.542933905538654560e-01
7.495615615615616179e+00 1.528987155351046179e-01
7.535645645645645985e+00 1.514862449850613857e-01
7.575675675675676679e+00 1.500572240452937856e-01
7.615705705705706485e+00 1.486128712381541150e-01
7.655735735735736291e+00 1.471543780787264444e-01
7.695765765765766986e+00 1.456829087480456530e-01
7.735795795795796792e+00 1.441995998247685429e-01
7.775825825825826598e+00 1.427055600725118945e-01
7.815855855855856404e+00 1.412018702801245418e-01
7.855885885885887099e+00 1.396895831522091680e-01
7.895915915915916905e+00 1.381697232472713643e-01
7.935945945945946711e+00 1.366432869609282286e-01
7.975975975975976517e+00 1.351112425516757531e-01
8.016006006006007212e+00 1.335745302067747886e-01
8.056036036036037018e+00 1.320340621458838126e-01
8.096066066066066824e+00 1.304907227601351249e-01
8.136096096096096630e+00 1.289453687844175633e-01
8.176126126126126437e+00 1.273988295007014715e-01
8.216156156156156243e+00 1.258519069703097903e-01
8.256186186186187825e+00 1.243053762931121825e-01
8.296216216216217632e+00 1.227599858916873093e-01
8.336246246246247438e+00 1.212164578185712660e-01
8.376276276276277244e+00 1.196754880847801378e-01
8.416306306306307050e+00 1.181377470078632808e-01
8.456336336336336856e+00 1.166038795778156084e-01
8.496366366366366663e+00 1.150745058392429881e-01
8.536396396396396469e+00 1.135502212882447681e-01
8.576426426426428051e+00 1.120315972825424999e-01
8.616456456456457857e+00 1.105191814634496478e-01
8.656486486486487664e+00 1.090134981883418425e-01
8.696516516516517470e+00 1.075150489723491892e-01
8.736546546546547276e+00 1.060243129380541161e-01
8.776576576576577082e+00 1.045417472720384794e-01
8.816606606606606888e+00 1.030677876871804732e-01
8.856636636636636695e+00 1.016028488896623810e-01
8.896666666666668277e+00 1.001473250497010165e-01
8.936696696696698083e+00 9.870159027507059701e-02
8.976726726726727890e+00 9.726599908653708881e-02
9.016756756756757696e+00 9.584088689437537945e-02
9.056786786786787502e+00 9.442657047518900060e-02
9.096816816816817308e+00 9.302334844829897309e-02
9.136846846846847114e+00 9.163150175101394956e-02
9.176876876876878697e+00 9.025129411213952957e-02
9.216906906906908503e+00 8.888297252312443719e-02
9.256936936936938309e+00 8.752676770628380065e-02
9.296966966966968116e+00 8.618289457957883926e-02
9.336996996996997922e+00 8.485155271746940009e-02
9.377027027027027728e+00 8.353292680739236864e-02
9.417057057057057534e+00 8.222718710145260346e-02
9.457087087087087340e+00 8.093448986294830838e-02
9.497117117117118923e+00 7.965497780738210742e-02
9.537147147147148729e+00 7.838878053764079812e-02
9.577177177177178535e+00 7.713601497305544452e-02
9.617207207207208342e+00 7.589678577208038013e-02
9.657237237237238148e+00 7.467118574835653055e-02
9.697267267267267954e+00 7.345929627994993161e-02
9.737297297297297760e+00 7.226118771157799547e-02
9.777327327327327566e+00 7.107691974966187654e-02
9.817357357357359149e+00 6.990654185006001109e-02
9.857387387387388955e+00 6.875009359836459222e-02
9.897417417417418761e+00 6.760760508265332980e-02
9.937447447447448567e+00 6.647909725861660124e-02
9.977477477477478374e+00 6.536458230698735661e-02
1.001750750750750818e+01 6.426406398322663527e-02
1.005753753753753799e+01 6.317753795942324113e-02
1.009756756756756779e+01 6.210499215838934800e-02
1.013759759759759937e+01 6.104640707993939236e-02
1.017762762762762918e+01 6.000175611935756187e-02
1.021765765765765899e+01 5.897100587806771571e-02
1.025768768768768879e+01 5.795411646653152171e-02
1.029771771771771860e+01 5.695104179941049699e-02
1.033774774774774841e+01 5.596172988303771412e-02
1.037777777777777821e+01 5.498612309525223452e-02
1.041780780780780979e+01 5.402415845765841385e-02
1.045783783783783960e+01 5.307576790038035647e-02
1.049786786786786941e+01 5.214087851938537660e-02
1.053789789789789921e+01 5.121941282646225863e-02
1.057792792792792902e+01 5.031128899193950538e-02
1.061795795795795883e+01 4.941642108023846375e-02
1.065798798798798863e+01 4.853471927835943667e-02
1.069801801801801844e+01 4.766609011740317176e-02
1.073804804804805002e+01 4.681043668723258028e-02
1.077807807807807983e+01 4.596765884438731853e-02
1.081810810810810963e+01 4.513765341336017228e-02
1.085813813813813944e+01 4.432031438135388551e-02
1.089816816816816925e+01 4.351553308663386188e-02
1.093819819819819905e+01 4.272319840059687901e-02
1.097822822822822886e+01 4.194319690367740577e-02
1.101825825825825866e+01 4.117541305521391776e-02
1.105828828828829025e+01 4.041972935739771011e-02
1.109831831831832005e+01 3.967602651343064835e-02
1.113834834834834986e+01 3.894418358001465463e-02
1.117837837837837967e+01 3.822407811430022367e-02
1.121840840840840947e+01 3.751558631541734856e-02
1.125843843843843928e+01 3.681858316071626863e-02
1.129846846846846908e+01 3.613294253684135038e-02
1.133849849849849889e+01 3.545853736576387583e-02
1.137852852852853047e+01 3.479523972589717434e-02
1.141855855855856028e+01 3.414292096841788776e-02
1.145858858858859008e+01 3.350145182891486884e-02
1.149861861861861989e+01 3.287070253448813595e-02
1.153864864864864970e+01 3.225054290641770488e-02
1.157867867867867950e+01 3.164084245852087640e-02
1.161870870870870931e+01 3.104147049131663477e-02
1.165873873873874089e+01 3.045229618211197156e-02
1.169876876876877070e+01 2.987318867112701698e-02
1.173879879879880050e+01 2.930401714376934877e-02
1.177882882882883031e+01 2.874465090917163387e-02
1.181885885885886012e+01 2.819495947510113065e-02
1.185888888888888992e+01 2.765481261934870857e-02
1.189891891891891973e+01 2.712408045770500764e-02
1.193894894894894954e+01 2.660263350862681134e-02
1.197897897897898112e+01 2.609034275469697753e-02
1.201900900900901092e+01 2.558707970097869044e-02
1.205903903903904073e+01 2.509271643036161889e-02
1.209906906906907054e+01 2.460712565599861359e-02
1.213909909909910034e+01 2.413018077092557792e-02
1.217912912912913015e+01 2.366175589495967541e-02
1.221915915915915996e+01 2.320172591896460523e-02
1.225918918918918976e+01 2.274996654657311310e-02
1.229921921921922134e+01 2.230635433345370261e-02
1.233924924924925115e+01 2.187076672420533094e-02
1.237927927927928096e+01 2.144308208696436846e-02
1.241930930930931076e+01 2.102317974580389381e-02
1.245933933933934057e+01 2.061094001100489959e-02
1.249936936936937038e+01 2.020624420727589951e-02
1.253939939939940018e+01 1.980897469999688340e-02
1.257942942942942999e+01 1.941901491956009654e-02
1.261945945945946157e+01 1.903624938387953394e-02
1.265948948948949138e+01 1.866056371913828171e-02
1.269951951951952118e+01 1.829184467884149151e-02
1.273954954954955099e+01 1.792998016124100827e-02
1.277957957957958079e+01 1.757485922519504487e-02
1.281960960960961060e+01 1.722637210452594714e-02
1.285963963963964041e+01 1.688441022093584154e-02
1.289966966966967199e+01 1.654886619553918789e-02
1.293969969969970180e+01 1.621963385906950023e-02
1.297972972972973160e+01 1.589660826081515377e-02
1.301975975975976141e+01 1.557968567633849846e-02
1.305978978978979121e+01 1.526876361403019938e-02
1.309981981981982102e+01 1.496374082054944925e-02
1.313984984984985083e+01 1.466451728519897399e-02
1.317987987987988063e+01 1.437099424328249983e-02
1.321990990990991222e+01 1.408307417849054798e-02
1.325993993993994202e+01 1.380066082435943073e-02
1.329996996996997183e+01 1.352365916484587864e-02
1.334000000000000163e+01 1.325197543406024699e-02
1.338003003003003144e+01 1.298551711519738833e-02
1.342006006006006125e+01 1.272419293870517658e-02
1.346009009009009105e+01 1.246791287972810053e-02
1.350012012012012086e+01 1.221658815486234388e-02
1.354015015015015244e+01 1.197013121825791712e-02
1.358018018018018225e+01 1.172845575710143411e-02
1.362021021021021205e+01 1.149147668651280541e-02
1.366024024024024186e+01 1.125911014388754350e-02
1.370027027027027167e+01 1.103127348271479638e-02
1.374030030030030147e+01 1.080788526590134926e-02
1.378033033033033128e+01 1.058886525862945752e-02
1.382036036036036108e+01 1.037413442077619180e-02
1.386039039039039267e+01 1.016361489892061987e-02
1.390042042042042247e+01 9.957230017964349700e-03
1.394045045045045228e+01 9.754904272389768732e-03
1.398048048048048209e+01 9.556563317179633810e-03
1.402051051051051189e+01 9.362133958420598007e-03
1.406054054054054170e+01 9.171544143612660183e-03
1.410057057057057150e+01 8.984722951705043439e-03
1.414060060060060309e+01 8.801600582879076304e-03
1.418063063063063289e+01 8.622108348097201960e-03
1.422066066066066270e+01 8.446178658436411663e-03
1.426069069069069251e+01 8.273745014224408861e-03
1.430072072072072231e+01 8.104741993995185148e-03
1.434075075075075212e+01 7.939105243280219007e-03
1.438078078078078192e+01 7.776771463251625459e-03
1.442081081081081173e+01 7.617678399231419747e-03
1.446084084084084331e+01 7.461764829081925579e-03
1.450087087087087312e+01 7.308970551490776360e-03
1.454090090090090293e+01 7.159236374163575369e-03
1.458093093093093273e+01 7.012504101937013651e-03
1.462096096096096254e+01 6.868716524824315488e-03
1.466099099099099234e+01 6.727817406004452799e-03
1.470102102102102215e+01 6.589751469765961836e-03
1.474105105105105196e+01 6.454464389416172954e-03
1.478108108108108354e+01 6.321902775165168069e-03
1.482111111111111335e+01 6.192014161994540203e-03
1.486114114114114315e+01 6.064746997519541126e-03
1.490117117117117296e+01 5.940050629853226537e-03
1.494120120120120276e+01 5.817875295481027796e-03
1.498123123123123257e+01 5.698172107153022178e-03
1.502126126126126238e+01 5.580893041801570850e-03
1.506129129129129218e+01 5.465990928491069184e-03
1.510132132132132377e+01 5.353419436406517580e-03
1.514135135135135357e+01 5.243133062887012086e-03
1.518138138138138338e+01 5.135087121510003433e-03
1.522141141141141318e+01 5.029237730232141018e-03
1.526144144144144299e+01 4.925541799591554720e-03
1.530147147147147280e+01 4.823957020976654686e-03
1.534150150150150260e+01 4.724441854966300244e-03
1.538153153153153418e+01 4.626955519745202042e-03
1.542156156156156399e+01 4.531457979599165693e-03
1.546159159159159380e+01 4.437909933493534506e-03
1.550162162162162360e+01 4.346272803738769099e-03
1.554165165165165341e+01 4.256508724746184934e-03
1.558168168168168322e+01 4.168580531877133337e-03
1.562171171171171302e+01 4.082451750388532523e-03
1.566174174174174283e+01 3.998086584477120002e-03
1.570177177177177441e+01 3.915449906425285190e-03
1.574180180180180422e+01 3.834507245850407760e-03
1.578183183183183402e+01 3.755224779060022805e-03
1.582186186186186383e+01 3.677569318514499822e-03
1.586189189189189364e+01 3.601508302399097309e-03
1.590192192192192344e+01 3.527009784307001943e-03
1.594195195195195325e+01 3.454042423034530632e-03
1.598198198198198305e+01 3.382575472489996859e-03
1.602201201201201641e+01 3.312578771717215789e-03
1.606204204204204444e+01 3.244022735034687247e-03
1.610207207207207603e+01 3.176878342291190784e-03
1.614210210210210406e+01 3.111117129238729576e-03
1.618213213213213564e+01 3.046711178023122409e-03
1.622216216216216722e+01 2.983633107793070335e-03
1.626219219219219525e+01 2.921856065427807288e-03
1.630222222222222683e+01 2.861353716383688989e-03
1.634225225225225486e+01 2.802100235660070094e-03
1.638228228228228645e+01 2.744070298884215917e-03
1.642231231231231448e+01 2.687239073515629469e-03
1.646234234234234606e+01 2.631582210169419993e-03
1.650237237237237764e+01 2.577075834058696960e-03
1.654240240240240567e+01 2.523696536555760511e-03
1.658243243243243725e+01 2.471421366871624347e-03
1.662246246246246528e+01 2.420227823853757839e-03
1.666249249249249686e+01 2.370093847901321403e-03
1.670252252252252489e+01 2.320997812997653998e-03
1.674255255255255648e+01 2.272918518859249910e-03
1.678258258258258806e+01 2.225835183200792003e-03
1.682261261261261609e+01 2.179727434115432197e-03
1.686264264264264767e+01 2.134575302569706803e-03
1.690267267267267570e+01 2.090359215012359013e-03
1.694270270270270728e+01 2.047059986096157799e-03
1.698273273273273531e+01 2.004658811512062284e-03
1.702276276276276690e+01 1.963137260934662981e-03
1.706279279279279493e+01 1.922477271078196475e-03
1.710282282282282651e+01 1.882661138862077319e-03
1.714285285285285809e+01 1.843671514685050724e-03
1.718288288288288612e+01 1.805491395806944725e-03
1.722291291291291770e+01 1.768104119837039323e-03
1.726294294294294573e+01 1.731493358328041899e-03
1.730297297297297732e+01 1.695643110474526379e-03
1.734300300300300535e+01 1.660537696914935390e-03
1.738303303303303693e+01 1.626161753635819432e-03
1.742306306306306851e+01 1.592500225977484720e-03
1.746309309309309654e+01 1.559538362739672571e-03
1.750312312312312812e+01 1.527261710386328131e-03
1.754315315315315615e+01 1.495656107348270402e-03
1.758318318318318774e+01 1.464707678422519756e-03
1.762321321321321577e+01 1.434402829267269423e-03
1.766324324324324735e+01 1.404728240991261071e-03
1.770327327327327538e+01 1.375670864836360139e-03
1.774330330330330696e+01 1.347217916952262546e-03
1.778333333333333854e+01 1.319356873262043884e-03
1.782336336336336657e+01 1.292075464417444339e-03
1.786339339339339816e+01 1.265361670842645543e-03
1.790342342342342619e+01 1.239203717865474449e-03
1.794345345345345777e+01 1.213590070934649282e-03
1.798348348348348580e+01 1.188509430922136218e-03
1.802351351351351738e+01 1.163950729509202579e-03
1.806354354354354896e+01 1.139903124655157560e-03
1.810357357357357699e+01 1.116355996147536285e-03
1.814360360360360858e+01 1.093298941232542136e-03
1.818363363363363661e+01 1.070721770324649727e-03
1.822366366366366819e+01 1.048614502794108661e-03
1.826369369369369622e+01 1.026967362831335447e-03
1.830372372372372780e+01 1.005770775386883188e-03
1.834375375375375938e+01 9.850153621859733793e-04
1.838378378378378741e+01 9.646919378164235280e-04
1.842381381381381900e+01 9.447915058887861040e-04
1.846384384384384703e+01 9.253052552676925818e-04
1.850387387387387861e+01 9.062245563731750322e-04
1.854390390390390664e+01 8.875409575509683431e-04
1.858393393393393822e+01 8.692461815106175766e-04
1.862396396396396625e+01 8.513321218303803112e-04
1.866399399399399783e+01 8.337908395277881602e-04
1.870402402402402942e+01 8.166145596948676125e-04
1.874405405405405745e+01 7.997956681969166978e-04
1.878408408408408903e+01 7.833267084338103002e-04
1.882411411411411706e+01 7.672003781628507517e-04
1.886414414414414864e+01 7.514095263820620447e-04
1.890417417417417667e+01 7.359471502729822423e-04
1.894420420420420825e+01 7.208063922019302718e-04
1.898423423423423984e+01 7.059805367787793436e-04
1.902426426426426787e+01 6.914630079722234842e-04
1.906429429429429945e+01 6.772473662806255835e-04
1.910432432432432748e+01 6.633273059574589263e-04
1.914435435435435906e+01 6.496966522904046954e-04
1.918438438438438709e+01 6.363493589332016578e-04
1.922441441441441867e+01 6.232795052892979451e-04
1.926444444444445026e+01 6.104812939464279199e-04
1.930447447447447828e+01 5.979490481611967820e-04
1.934450450450450987e+01 5.856772093928180227e-04
1.938453453453453790e+01 5.736603348851114286e-04
1.942456456456456948e+01 5.618930952958974163e-04
1.946459459459459751e+01 5.503702723729979665e-04
1.950462462462462909e+01 5.390867566759204163e-04
1.954465465465465712e+01 5.280375453424813233e-04
1.958468468468468870e+01 5.172177398995124725e-04
1.962471471471472029e+01 5.066225441168746872e-04
1.966474474474474832e+01 4.962472619039742100e-04
1.970477477477477990e+01 4.860872952480229259e-04
1.974480480480480793e+01 4.761381421932595818e-04
1.978483483483483951e+01 4.663953948603972370e-04
1.982486486486486754e+01 4.568547375055529119e-04
1.986489489489489912e+01 4.475119446178945845e-04
1.990492492492493071e+01 4.383628790553667758e-04
1.994495495495495874e+01 4.294034902176784843e-04
1.998498498498499032e+01 4.206298122559634449e-04
2.002501501501501835e+01 4.120379623183489481e-04
2.006504504504504993e+01 4.036241388307984165e-04
2.010507507507507796e+01 3.953846198125528797e-04
2.014510510510510954e+01 3.873157612255203903e-04
2.018513513513513757e+01 3.794139953569673068e-04
2.022516516516516916e+01 3.716758292348762080e-04
2.026519519519520074e+01 3.640978430753677312e-04
2.030522522522522877e+01 3.566766887615443245e-04
2.034525525525526035e+01 3.494090883531878996e-04
2.038528528528528838e+01 3.422918326266918159e-04
2.042531531531531996e+01 3.353217796446641193e-04
2.046534534534534799e+01 3.284958533546288679e-04
2.050537537537537958e+01 3.218110422162463128e-04
2.054540540540541116e+01 3.152643978565344970e-04
2.058543543543543919e+01 3.088530337525090806e-04
2.062546546546547077e+01 3.025741239407455860e-04
2.066549549549549880e+01 2.964249017533113380e-04
2.070552552552553038e+01 2.904026585795695570e-04
2.074555555555555841e+01 2.845047426533485252e-04
2.078558558558559000e+01 2.787285578649693397e-04
2.082561561561562158e+01 2.730715625976537953e-04
2.086564564564564961e+01 2.675312685878327443e-04
2.090567567567568119e+01 2.621052398088773443e-04
2.094570570570570922e+01 2.567910913778038984e-04
2.098573573573574080e+01 2.515864884844755660e-04
2.102576576576576883e+01 2.464891453428884045e-04
2.106579579579580042e+01 2.414968241640700589e-04
2.110582582582582845e+01 2.366073341501888621e-04
2.114585585585586003e+01 2.318185305094301769e-04
2.118588588588589161e+01 2.271283134912466587e-04
2.122591591591591964e+01 2.225346274415527961e-04
2.126594594594595122e+01 2.180354598774922835e-04
2.130597597597597925e+01 2.136288405813555199e-04
2.134600600600601084e+01 2.093128407132931082e-04
2.138603603603603887e+01 2.050855719424296206e-04
2.142606606606607045e+01 2.009451855960066704e-04
2.146609609609610203e+01 1.968898718262107031e-04
2.150612612612613006e+01 1.929178587943044382e-04
2.154615615615616164e+01 1.890274118717340701e-04
2.158618618618618967e+01 1.852168328578541448e-04
2.162621621621622126e+01 1.814844592139416791e-04
2.166624624624624929e+01 1.778286633131718781e-04
2.170627627627628087e+01 1.742478517062164998e-04
2.174630630630630890e+01 1.707404644021717831e-04
2.178633633633634048e+01 1.673049741644831940e-04
2.182636636636637206e+01 1.639398858215654765e-04
2.186639639639640009e+01 1.606437355918377400e-04
2.190642642642643168e+01 1.574150904228440405e-04
2.194645645645645970e+01 1.542525473442103604e-04
2.198648648648649129e+01 1.511547328341238117e-04
2.202651651651651932e+01 1.481203021990793844e-04
2.206654654654655090e+01 1.451479389666055972e-04
2.210657657657658248e+01 1.422363542907186006e-04
2.214660660660661051e+01 1.393842863698261194e-04
2.218663663663664209e+01 1.365904998768459355e-04
2.222666666666667012e+01 1.338537854012666949e-04
2.226669669669670171e+01 1.311729589029188303e-04
2.230672672672672974e+01 1.285468611772152582e-04
2.234675675675676132e+01 1.259743573316110749e-04
2.238678678678679290e+01 1.234543362730718076e-04
2.242681681681682093e+01 1.209857102062993501e-04
2.246684684684685251e+01 1.185674141425149917e-04
2.250687687687688054e+01 1.161984054185669643e-04
2.254690690690691213e+01 1.138776632261522415e-04
2.258693693693694016e+01 1.116041881509486353e-04
2.262696696696697174e+01 1.093770017214397834e-04
2.266699699699699977e+01 1.071951459672461495e-04
2.270702702702703135e+01 1.050576829867524748e-04
2.274705705705706293e+01 1.029636945238457120e-04
2.278708708708709096e+01 1.009122815535733284e-04
2.282711711711712255e+01 9.890256387652768765e-05
2.286714714714715058e+01 9.693367972179388033e-05
2.290717717717718216e+01 9.500478535825753964e-05
2.294720720720721019e+01 9.311505471411998607e-05
2.298723723723724177e+01 9.126367900443959876e-05
2.302726726726727335e+01 8.944986636652825875e-05
2.306729729729730138e+01 8.767284150304930040e-05
2.310732732732733297e+01 8.593184533264704931e-05
2.314735735735736100e+01 8.422613464795470847e-05
2.318738738738739258e+01 8.255498178082315282e-05
2.322741741741742061e+01 8.091767427462632492e-05
2.326744744744745219e+01 7.931351456348302738e-05
2.330747747747748377e+01 7.774181965826370666e-05
2.334750750750751180e+01 7.620192083922946416e-05
2.338753753753754339e+01 7.469316335516833867e-05
2.342756756756757142e+01 7.321490612889586897e-05
2.346759759759760300e+01 7.176652146897683578e-05
2.350762762762763103e+01 7.034739478754929991e-05
2.354765765765766261e+01 6.895692432411194232e-05
2.358768768768769064e+01 6.759452087515689352e-05
2.362771771771772222e+01 6.625960752952059121e-05
2.366774774774775381e+01 6.495161940933618185e-05
2.370777777777778184e+01 6.367000341646431461e-05
2.374780780780781342e+01 6.241421798429186082e-05
2.378783783783784145e+01 6.118373283478395898e-05
2.382786786786787303e+01 5.997802874067538123e-05
2.386789789789790106e+01 5.879659729270099385e-05
2.390792792792793264e+01 5.763894067174665228e-05
2.394795795795796423e+01 5.650457142583058972e-05
2.398798798798799226e+01 5.539301225180101048e-05
2.402801801801802384e+01 5.430379578165988599e-05
2.406804804804805187e+01 5.323646437340929008e-05
2.410807807807808345e+01 5.219056990632511454e-05
2.414810810810811148e+01 5.116567358056957869e-05
2.418813813813814306e+01 5.016134572104436552e-05
2.422816816816817109e+01 4.917716558539856952e-05
2.426819819819820268e+01 4.821272117610331069e-05
2.430822822822823426e+01 4.726760905650436090e-05
2.434825825825826229e+01 4.634143417077292426e-05
2.438828828828829387e+01 4.543380966766760498e-05
2.442831831831832190e+01 4.454435672802976442e-05
2.446834834834835348e+01 4.367270439593239550e-05
2.450837837837838151e+01 4.281848941340511607e-05
2.454840840840841310e+01 4.198135605865822140e-05
2.458843843843844468e+01 4.116095598773465876e-05
2.462846846846847271e+01 4.035694807951414501e-05
2.466849849849850429e+01 3.956899828399949626e-05
2.470852852852853232e+01 3.879677947381710186e-05
2.474855855855856390e+01 3.803997129886083946e-05
2.478858858858859193e+01 3.729826004401343679e-05
2.482861861861862351e+01 3.657133848988226122e-05
2.486864864864865510e+01 3.585890577648150312e-05
2.490867867867868313e+01 3.516066726980257904e-05
2.494870870870871471e+01 3.447633443120756691e-05
2.498873873873874274e+01 3.380562468958875951e-05
2.502876876876877432e+01 3.314826131623334972e-05
2.506879879879880235e+01 3.250397330233787205e-05
2.510882882882883393e+01 3.187249523911399578e-05
2.514885885885886196e+01 3.125356720043242185e-05
2.518888888888889355e+01 3.064693462794981950e-05
2.522891891891892513e+01 3.005234821866662893e-05
2.526894894894895316e+01 2.946956381486392883e-05
2.530897897897898474e+01 2.889834229636872620e-05
2.534900900900901277e+01 2.833844947509823255e-05
2.538903903903904435e+01 2.778965599183495024e-05
2.542906906906907238e+01 2.725173721518446801e-05
2.546909909909910397e+01 2.672447314267055774e-05
2.550912912912913555e+01 2.620764830392123982e-05
2.554915915915916358e+01 2.570105166590212374e-05
2.558918918918919516e+01 2.520447654015229384e-05
2.562921921921922319e+01 2.471772049198229607e-05
2.566924924924925477e+01 2.424058525158990552e-05
2.570927927927928280e+01 2.377287662705490794e-05
2.574930930930931439e+01 2.331440441917221362e-05
2.578933933933934597e+01 2.286498233808423883e-05
2.582936936936937400e+01 2.242442792167395694e-05
2.586939939939940558e+01 2.199256245568150577e-05
2.590942942942943361e+01 2.156921089550868767e-05
2.594945945945946519e+01 2.115420178967305606e-05
2.598948948948949322e+01 2.074736720487930979e-05
2.602951951951952481e+01 2.034854265267083422e-05
2.606954954954955284e+01 1.995756701763101438e-05
2.610957957957958442e+01 1.957428248709765743e-05
2.614960960960961600e+01 1.919853448236198251e-05
2.618963963963964403e+01 1.883017159131732110e-05
2.622966966966967561e+01 1.846904550252957241e-05
2.626969969969970364e+01 1.811501094069721619e-05
2.630972972972973523e+01 1.776792560347217553e-05
2.634975975975976326e+01 1.742765009961230017e-05
2.638978978978979484e+01 1.709404788843759269e-05
2.642981981981982642e+01 1.676698522056227646e-05
2.646984984984985445e+01 1.644633107987478361e-05
2.650987987987988603e+01 1.613195712674040462e-05
2.654990990990991406e+01 1.582373764240025332e-05
2.658993993993994565e+01 1.552154947454027919e-05
2.662996996996997368e+01 1.522527198400685224e-05
2.667000000000000526e+01 1.493478699264294371e-05
2.671003003003003329e+01 1.464997873222295586e-05
2.675006006006006487e+01 1.437073379446095436e-05
2.679009009009009645e+01 1.409694108207099515e-05
2.683012012012012448e+01 1.382849176085660146e-05
2.687015015015015607e+01 1.356527921280709358e-05
2.691018018018018410e+01 1.330719899018044955e-05
2.695021021021021568e+01 1.305414877055076006e-05
2.699024024024024371e+01 1.280602831280016924e-05
2.703027027027027529e+01 1.256273941403551276e-05
2.707030030030030687e+01 1.232418586740970070e-05
2.711033033033033490e+01 1.209027342082853780e-05
2.715036036036036649e+01 1.186090973652444804e-05
2.719039039039039451e+01 1.163600435147880260e-05
2.723042042042042610e+01 1.141546863867451284e-05
2.727045045045045413e+01 1.119921576916131254e-05
2.731048048048048571e+01 1.098716067491696641e-05
2.735051051051051729e+01 1.077922001248684090e-05
2.739054054054054532e+01 1.057531212738585214e-05
2.743057057057057690e+01 1.037535701924610103e-05
2.747060060060060493e+01 1.017927630769551974e-05
2.751063063063063652e+01 9.986993198950043531e-06
2.755066066066066455e+01 9.798432453106609212e-06
2.759069069069069613e+01 9.613520352119788749e-06
2.763072072072072416e+01 9.432184668449723625e-06
2.767075075075075574e+01 9.254354634365107029e-06
2.771078078078078732e+01 9.079960911889160629e-06
2.775081081081081535e+01 8.908935563373672706e-06
2.779084084084084694e+01 8.741212022688278686e-06
2.783087087087087497e+01 8.576725067012410685e-06
2.787090090090090655e+01 8.415410789215977305e-06
2.791093093093093458e+01 8.257206570818033311e-06
2.795096096096096616e+01 8.102051055509222564e-06
2.799099099099099774e+01 7.949884123227777332e-06
2.803102102102102577e+01 7.800646864776300687e-06
2.807105105105105736e+01 7.654281556968567921e-06
2.811108108108108539e+01 7.510731638294419052e-06
2.815111111111111697e+01 7.369941685092626297e-06
2.819114114114114500e+01 7.231857388220406617e-06
2.823117117117117658e+01 7.096425530208984637e-06
2.827120120120120816e+01 6.963593962895830125e-06
2.831123123123123619e+01 6.833311585522351945e-06
2.835126126126126778e+01 6.705528323287895424e-06
2.839129129129129581e+01 6.580195106350405614e-06
2.843132132132132739e+01 6.457263849263994374e-06
2.847135135135135542e+01 6.336687430844615694e-06
2.851138138138138700e+01 6.218419674454231207e-06
2.855141141141141503e+01 6.102415328695433451e-06
2.859144144144144661e+01 5.988630048506979163e-06
2.863147147147147820e+01 5.877020376652765968e-06
2.867150150150150623e+01 5.767543725594786060e-06
2.871153153153153781e+01 5.660158359743129816e-06
2.875156156156156584e+01 5.554823378074262394e-06
2.879159159159159742e+01 5.451498697110282058e-06
2.883162162162162545e+01 5.350145034251413268e-06
2.887165165165165703e+01 5.250723891453968925e-06
2.891168168168168862e+01 5.153197539247200346e-06
2.895171171171171665e+01 5.057529001081456539e-06
2.899174174174174823e+01 4.963682038000442015e-06
2.903177177177177626e+01 4.871621133631449063e-06
2.907180180180180784e+01 4.781311479486197860e-06
2.911183183183183587e+01 4.692718960566247602e-06
2.915186186186186745e+01 4.605810141266225270e-06
2.919189189189189548e+01 4.520552251568853857e-06
2.923192192192192707e+01 4.436913173525540811e-06
2.927195195195195865e+01 4.354861428016433139e-06
2.931198198198198668e+01 4.274366161784408059e-06
2.935201201201201826e+01 4.195397134736756537e-06
2.939204204204204629e+01 4.117924707509489410e-06
2.943207207207207787e+01 4.041919829288178436e-06
2.947210210210210590e+01 3.967354025880475399e-06
2.951213213213213749e+01 3.894199388034684120e-06
2.955216216216216907e+01 3.822428559999474284e-06
2.959219219219219710e+01 3.752014728319272860e-06
2.963222222222222868e+01 3.682931610861089911e-06
2.967225225225225671e+01 3.615153446067097744e-06
2.971228228228228829e+01 3.548654982428925172e-06
2.975231231231231632e+01 3.483411468178747312e-06
2.979234234234234791e+01 3.419398641192405519e-06
2.983237237237237949e+01 3.356592719100642898e-06
2.987240240240240752e+01 3.294970389603651429e-06
2.991243243243243910e+01 3.234508800984819649e-06
2.995246246246246713e+01 3.175185552819740491e-06
2.999249249249249871e+01 3.116978686875860391e-06
3.003252252252252674e+01 3.059866678199456522e-06
3.007255255255255832e+01 3.003828426385476998e-06
3.011258258258258635e+01 2.948843247026777577e-06
3.015261261261261794e+01 2.894890863338706040e-06
3.019264264264264952e+01 2.841951397955741413e-06
3.023267267267267755e+01 2.790005364896291246e-06
3.027270270270270913e+01 2.739033661692171583e-06
3.031273273273273716e+01 2.689017561679665663e-06
3.035276276276276874e+01 2.639938706448215033e-06
3.039279279279279677e+01 2.591779098444050347e-06
3.043282282282282836e+01 2.544521093725106490e-06
3.047285285285285994e+01 2.498147394864311184e-06
3.051288288288288797e+01 2.452641043998047853e-06
3.055291291291291955e+01 2.407985416016790839e-06
3.059294294294294758e+01 2.364164211894972091e-06
3.063297297297297916e+01 2.321161452157218461e-06
3.067300300300300719e+01 2.278961470478040731e-06
3.071303303303303878e+01 2.237548907412194423e-06
3.075306306306307036e+01 2.196908704253156450e-06
3.079309309309309839e+01 2.157026097016863118e-06
3.083312312312312997e+01 2.117886610548167965e-06
3.087315315315315800e+01 2.079476052747604099e-06
3.091318318318318958e+01 2.041780508915708790e-06
3.095321321321321761e+01 2.004786336212680488e-06
3.099324324324324920e+01 1.968480158230882652e-06
3.103327327327327723e+01 1.932848859677869287e-06
3.107330330330330881e+01 1.897879581167672727e-06
3.111333333333334039e+01 1.863559714117986198e-06
3.115336336336336842e+01 1.829876895751290257e-06
3.119339339339340000e+01 1.796819004197466255e-06
3.123342342342342803e+01 1.764374153696093734e-06
3.127345345345345962e+01 1.732530689896097941e-06
3.131348348348348765e+01 1.701277185251008318e-06
3.135351351351351923e+01 1.670602434507526345e-06
3.139354354354355081e+01 1.640495450285838909e-06
3.143357357357357884e+01 1.610945458749463272e-06
3.147360360360361042e+01 1.581941895362959423e-06
3.151363363363363845e+01 1.553474400735619871e-06
3.155366366366367004e+01 1.525532816549408096e-06
3.159369369369369807e+01 1.498107181569402656e-06
3.163372372372372965e+01 1.471187727734916537e-06
3.167375375375375768e+01 1.444764876329893267e-06
3.171378378378378926e+01 1.418829234230644988e-06
3.175381381381382084e+01 1.393371590229584614e-06
3.179384384384384887e+01 1.368382911433212301e-06
3.183387387387388046e+01 1.343854339732927468e-06
3.187390390390390849e+01 1.319777188347177729e-06
3.191393393393394007e+01 1.296142938433333878e-06
3.195396396396396810e+01 1.272943235768055328e-06
3.199399399399399968e+01 1.250169887494596770e-06
3.203402402402402771e+01 1.227814858935748029e-06
3.207405405405405929e+01 1.205870270470966317e-06
3.211408408408408377e+01 1.184328394476554198e-06
3.215411411411411535e+01 1.163181652327385303e-06
3.219414414414414694e+01 1.142422611459080876e-06
3.223417417417417852e+01 1.122043982489304357e-06
3.227420420420420299e+01 1.102038616396943669e-06
3.231423423423423458e+01 1.082399501758125610e-06
3.235426426426426616e+01 1.063119762037710268e-06
3.239429429429429774e+01 1.044192652935297083e-06
3.243432432432432933e+01 1.025611559784500820e-06
3.247435435435435380e+01 1.007369995004500268e-06
3.251438438438438538e+01 9.894615956027185057e-07
3.255441441441441697e+01 9.718801207276382038e-07
3.259444444444444855e+01 9.546194492706846984e-07
3.263447447447448013e+01 9.376735775162268868e-07
3.267450450450450461e+01 9.210366168386369456e-07
3.271453453453453619e+01 9.047027914455264736e-07
3.275456456456456777e+01 8.886664361661691947e-07
3.279459459459459936e+01 8.729219942842004031e-07
3.283462462462462383e+01 8.574640154136712601e-07
3.287465465465465542e+01 8.422871534175958749e-07
3.291468468468468700e+01 8.273861643681477371e-07
3.295471471471471858e+01 8.127559045475619056e-07
3.299474474474475016e+01 7.983913284890607739e-07
3.303477477477477464e+01 7.842874870568314441e-07
3.307480480480480622e+01 7.704395255643528333e-07
3.311483483483483781e+01 7.568426819303065865e-07
3.315486486486486939e+01 7.434922848712299481e-07
3.319489489489489387e+01 7.303837521302145448e-07
3.323492492492492545e+01 7.175125887409155365e-07
3.327495495495495703e+01 7.048743853261602632e-07
3.331498498498498861e+01 6.924648164303979758e-07
3.335501501501502020e+01 6.802796388853763400e-07
3.339504504504504467e+01 6.683146902083461231e-07
3.343507507507507626e+01 6.565658870320771557e-07
3.347510510510510784e+01 6.450292235661523618e-07
3.351513513513513942e+01 6.337007700887958442e-07
3.355516516516517100e+01 6.225766714686717484e-07
3.359519519519519548e+01 6.116531457160545231e-07
3.363522522522522706e+01 6.009264825627260923e-07
3.367525525525525865e+01 5.903930420700812345e-07
3.371528528528529023e+01 5.800492532648130978e-07
3.375531531531531471e+01 5.698916128016679809e-07
3.379534534534534629e+01 5.599166836526729642e-07
3.383537537537537787e+01 5.501210938223571831e-07
3.387540540540540945e+01 5.405015350883906530e-07
3.391543543543544104e+01 5.310547617671650390e-07
3.395546546546546551e+01 5.217775895037675978e-07
3.399549549549549710e+01 5.126668940859191642e-07
3.403552552552552868e+01 5.037196102813388450e-07
3.407555555555556026e+01 4.949327306980788705e-07
3.411558558558558474e+01 4.863033046673782399e-07
3.415561561561561632e+01 4.778284371485700348e-07
3.419564564564564790e+01 4.695052876555895549e-07
3.423567567567567949e+01 4.613310692046734703e-07
3.427570570570571107e+01 4.533030472828037120e-07
3.431573573573573555e+01 4.454185388364755994e-07
3.435576576576576713e+01 4.376749112803921532e-07
3.439579579579579871e+01 4.300695815256901417e-07
3.443582582582583029e+01 4.226000150272826538e-07
3.447585585585585477e+01 4.152637248499622354e-07
3.451588588588588635e+01 4.080582707528448822e-07
3.455591591591591794e+01 4.009812582918537172e-07
3.459594594594594952e+01 3.940303379397989304e-07
3.463597597597598110e+01 3.872032042237865301e-07
3.467600600600600558e+01 3.804975948795192613e-07
3.471603603603603716e+01 3.739112900222297563e-07
3.475606606606606874e+01 3.674421113338693070e-07
3.479609609609610033e+01 3.610879212662329259e-07
3.483612612612613191e+01 3.548466222597070312e-07
3.487615615615615638e+01 3.487161559773287337e-07
3.491618618618618797e+01 3.426945025538380835e-07
3.495621621621621955e+01 3.367796798594471439e-07
3.499624624624625113e+01 3.309697427780053427e-07
3.503627627627627561e+01 3.252627824992804165e-07
3.507630630630630719e+01 3.196569258250943778e-07
3.511633633633633877e+01 3.141503344890049694e-07
3.515636636636637036e+01 3.087412044892860116e-07
3.519639639639640194e+01 3.034277654349314107e-07
3.523642642642642642e+01 2.982082799044262310e-07
3.527645645645645800e+01 2.930810428170245775e-07
3.531648648648648958e+01 2.880443808162964877e-07
3.535651651651652116e+01 2.830966516656875492e-07
3.539654654654654564e+01 2.782362436558622289e-07
3.543657657657657722e+01 2.734615750235786021e-07
3.547660660660660881e+01 2.687710933818970184e-07
3.551663663663664039e+01 2.641632751614643580e-07
3.555666666666667197e+01 2.596366250626652448e-07
3.559669669669669645e+01 2.551896755184415863e-07
3.563672672672672803e+01 2.508209861675311480e-07
3.567675675675675961e+01 2.465291433379658674e-07
3.571678678678679120e+01 2.423127595405761158e-07
3.575681681681682278e+01 2.381704729723444171e-07
3.579684684684684726e+01 2.341009470293903022e-07
3.583687687687687884e+01 2.301028698293965901e-07
3.587690690690691042e+01 2.261749537432998003e-07
3.591693693693694200e+01 2.223159349360586139e-07
3.595696696696696648e+01 2.185245729163117874e-07
3.599699699699699806e+01 2.147996500947526974e-07
3.603702702702702965e+01 2.111399713510625698e-07
3.607705705705706123e+01 2.075443636092145659e-07
3.611708708708709281e+01 2.040116754209872329e-07
3.615711711711711729e+01 2.005407765575353801e-07
3.619714714714714887e+01 1.971305576088477866e-07
3.623717717717718045e+01 1.937799295909387421e-07
3.627720720720721204e+01 1.904878235606309358e-07
3.631723723723723651e+01 1.872531902377576653e-07
3.635726726726726810e+01 1.840749996346682963e-07
3.639729729729729968e+01 1.809522406928573486e-07
3.643732732732733126e+01 1.778839209266160677e-07
3.647735735735736284e+01 1.748690660735353012e-07
3.651738738738738732e+01 1.719067197517359621e-07
3.655741741741741890e+01 1.689959431237127536e-07
3.659744744744745049e+01 1.661358145666186532e-07
3.663747747747748207e+01 1.633254293489188208e-07
3.667750750750751365e+01 1.605638993132365015e-07
3.671753753753753813e+01 1.578503525653036285e-07
3.675756756756756971e+01 1.551839331688813400e-07
3.679759759759760129e+01 1.525638008465391845e-07
3.683762762762763288e+01 1.499891306861744313e-07
3.687765765765765735e+01 1.474591128531584047e-07
3.691768768768768894e+01 1.449729523080052623e-07
3.695771771771772052e+01 1.425298685294464842e-07
3.699774774774775210e+01 1.401290952428153061e-07
3.703777777777778368e+01 1.377698801536275141e-07
3.707780780780780816e+01 1.354514846862610333e-07
3.711783783783783974e+01 1.331731837276346796e-07
3.715786786786787133e+01 1.309342653757916808e-07
3.719789789789790291e+01 1.287340306932841815e-07
3.723792792792792739e+01 1.265717934652737093e-07
3.727795795795795897e+01 1.244468799622438413e-07
3.731798798798799055e+01 1.223586287072492353e-07
3.735801801801802213e+01 1.203063902476060515e-07
3.739804804804805372e+01 1.182895269309284871e-07
3.743807807807807819e+01 1.163074126854466386e-07
3.747810810810810978e+01 1.143594328044952609e-07
3.751813813813814136e+01 1.124449837351258030e-07
3.755816816816817294e+01 1.105634728707280855e-07
3.759819819819820452e+01 1.087143183476024878e-07
3.763822822822822900e+01 1.068969488454080643e-07
3.767825825825826058e+01 1.051108033913937094e-07
3.771828828828829216e+01 1.033553311683630028e-07
3.775831831831832375e+01 1.016299913262745217e-07
3.779834834834834822e+01 9.993425279742875330e-08
3.783837837837837981e+01 9.826759411515712010e-08
3.787840840840841139e+01 9.662950323595878481e-08
3.791843843843844297e+01 9.501947736499835069e-08
3.795846846846847455e+01 9.343702278492426159e-08
3.799849849849849903e+01 9.188165468792134582e-08
3.803852852852853061e+01 9.035289701094824370e-08
3.807855855855856220e+01 8.885028227409531762e-08
3.811858858858859378e+01 8.737335142199747917e-08
3.815861861861861826e+01 8.592165366824825247e-08
3.819864864864864984e+01 8.449474634275826959e-08
3.823867867867868142e+01 8.309219474199197074e-08
3.827870870870871300e+01 8.171357198204337357e-08
3.831873873873874459e+01 8.035845885447323609e-08
3.835876876876876906e+01 7.902644368487801991e-08
3.839879879879880065e+01 7.771712219412248100e-08
3.843882882882883223e+01 7.643009736218789809e-08
3.847885885885886381e+01 7.516497929458911392e-08
3.851888888888889539e+01 7.392138509130697298e-08
3.855891891891891987e+01 7.269893871818943698e-08
3.859894894894895145e+01 7.149727088077385119e-08
3.863897897897898304e+01 7.031601890048210753e-08
3.867900900900901462e+01 6.915482659314618046e-08
3.871903903903903910e+01 6.801334414981658888e-08
3.875906906906907068e+01 6.689122801980862626e-08
3.879909909909910226e+01 6.578814079594791193e-08
3.883912912912913384e+01 6.470375110197148239e-08
3.887915915915916543e+01 6.363773348203780929e-08
3.891918918918918990e+01 6.258976829231161153e-08
3.895921921921922149e+01 6.155954159458429910e-08
3.899924924924925307e+01 6.054674505188314458e-08
3.903927927927928465e+01 5.955107582603878809e-08
3.907930930930930913e+01 5.857223647717239682e-08
3.911933933933934071e+01 5.760993486505978352e-08
3.915936936936937229e+01 5.666388405234655652e-08
3.919939939939940388e+01 5.573380220956707944e-08
3.923942942942943546e+01 5.481941252194477428e-08
3.927945945945945994e+01 5.392044309792988759e-08
3.931948948948949152e+01 5.303662687944705215e-08
3.935951951951952310e+01 5.216770155381776377e-08
3.939954954954955468e+01 5.131340946732752466e-08
3.943957957957957916e+01 5.047349754040420230e-08
3.947960960960961074e+01 4.964771718437673351e-08
3.951963963963964233e+01 4.883582421978858379e-08
3.955966966966967391e+01 4.803757879622920899e-08
3.959969969969970549e+01 4.725274531365947123e-08
3.963972972972972997e+01 4.648109234520263362e-08
3.967975975975976155e+01 4.572239256136972586e-08
3.971978978978979313e+01 4.497642265569418074e-08
3.975981981981982472e+01 4.424296327175127029e-08
3.979984984984985630e+01 4.352179893152918810e-08
3.983987987987988078e+01 4.281271796513510188e-08
3.987990990990991236e+01 4.211551244180029655e-08
3.991993993993994394e+01 4.142997810217248967e-08
3.995996996996997552e+01 4.075591429185685878e-08
4.000000000000000000e+01 4.009312389619515964e-08
