5.000000000000000000e-01 3.087418475764404846e+01
8.203125000000000000e-01 3.447585516252707549e+01
1.140625000000000000e+00 3.309544623987766698e+01
1.460937500000000000e+00 3.585846782688829393e+01
1.781250000000000000e+00 3.584319397749813874e+01
2.101562500000000000e+00 3.837139753288467148e+01
2.421875000000000000e+00 3.717207399417773672e+01
2.742187500000000000e+00 3.607613343150075735e+01
3.062500000000000000e+00 3.747137792162145331e+01
3.382812500000000000e+00 3.979890947704478776e+01
3.703125000000000000e+00 4.079579902395438040e+01
4.023437500000000000e+00 4.040796255288074690e+01
4.343750000000000000e+00 4.258700431262467845e+01
4.664062500000000000e+00 4.396103428932745771e+01
4.984375000000000000e+00 4.527017578730065850e+01
5.304687500000000000e+00 4.390288186903492118e+01
5.625000000000000000e+00 4.669121079962557985e+01
5.945312500000000000e+00 4.630735667545150847e+01
6.265625000000000000e+00 4.901239325260578283e+01
6.585937500000000000e+00 4.929912349054264098e+01
6.906250000000000000e+00 5.093304731930463447e+01
7.226562500000000000e+00 5.310080129084867906e+01
7.546875000000000000e+00 5.436132346987419339e+01
7.867187500000000000e+00 5.516213154918504813e+01
8.187500000000000000e+00 5.513561219328978780e+01
8.507812500000000000e+00 5.635914279931282778e+01
8.828125000000000000e+00 5.791498335276645548e+01
9.148437500000000000e+00 5.542089772296766625e+01
9.468750000000000000e+00 5.876323484866622948e+01
9.789062500000000000e+00 5.843497273979428286e+01
1.010937500000000000e+01 5.697089894100641061e+01
1.042968750000000000e+01 5.803961783539385522e+01
1.075000000000000000e+01 6.036282184698588082e+01
