2.720134627158499825e+02 1.839301144423753271e+02
2.729528877897749908e+02 1.844401641706654971e+02
2.742866891302739987e+02 1.845050795906297196e+02
2.774860251382510228e+02 1.841186782813190064e+02
2.813943389155330124e+02 1.837631890767531786e+02
2.860116304621190011e+02 1.840970398079976178e+02
2.913378997780089890e+02 1.834417031874066311e+02
2.973731468632039991e+02 1.848234742695017587e+02
3.041173717177030085e+02 1.853582536815877688e+02
3.115705743415069833e+02 1.845390829058490567e+02
