1.000000000000000021e-02 9.508880665131781120e-74
5.003003003003003712e-02 1.303528818287635838e-45
9.006006006006006537e-02 4.505326300358738841e-37
1.300900900900901214e-01 3.338088879781906018e-32
1.701201201201201496e-01 7.029942012210956704e-29
2.101501501501501779e-01 2.131612115963320433e-26
2.501801801801802339e-01 1.932555536500959981e-24
2.902102102102102621e-01 7.728172173052383777e-23
3.302402402402402903e-01 1.716046924099942336e-21
3.702702702702703186e-01 2.450846530940227493e-20
4.103003003003003468e-01 2.486125249460624450e-19
4.503303303303303751e-01 1.920965356919637944e-18
4.903603603603604588e-01 1.189774246118104340e-17
5.303903903903904871e-01 6.137462432701857572e-17
5.704204204204205153e-01 2.715633424172287781e-16
6.104504504504505435e-01 1.054697244770201922e-15
6.504804804804805718e-01 3.662225637927710076e-15
6.905105105105106000e-01 1.153946248361095667e-14
7.305405405405406283e-01 3.340004695239861147e-14
7.705705705705706565e-01 8.970622677015118326e-14
8.106006006006006848e-01 2.254717385240173783e-13
8.506306306306307130e-01 5.341541544718697321e-13
8.906606606606607413e-01 1.200045440688716348e-12
9.306906906906907695e-01 2.570172759252483788e-12
9.707207207207209088e-01 5.271436869661074026e-12
1.010750750750750937e+00 1.039465785451341855e-11
1.050780780780780965e+00 1.977443149688672708e-11
1.090810810810810993e+00 3.640222556023006447e-11
1.130840840840841022e+00 6.501989331398445621e-11
1.170870870870871050e+00 1.129516071895718297e-10
1.210900900900901078e+00 1.912439008302315707e-10
1.250930930930931106e+00 3.161957689219388473e-10
1.290960960960961135e+00 5.113732709949229676e-10
1.330990990990991163e+00 8.102154355307401252e-10
1.371021021021021191e+00 1.259350055454427527e-09
1.411051051051051219e+00 1.922748787214726944e-09
1.451081081081081248e+00 2.886860402432348807e-09
1.491111111111111276e+00 4.266868706389926981e-09
1.531141141141141304e+00 6.214227182353281906e-09
1.571171171171171332e+00 8.925625546053935454e-09
1.611201201201201361e+00 1.265354386177670408e-08
1.651231231231231389e+00 1.771854750835603071e-08
1.691261261261261417e+00 2.452347098882359073e-08
1.731291291291291445e+00 3.356963032248185099e-08
1.771321321321321474e+00 4.547519258479450832e-08
1.811351351351351502e+00 6.099581717828226086e-08
1.851381381381381530e+00 8.104766679842715763e-08
1.891411411411411558e+00 1.067328670298589446e-07
1.931441441441441809e+00 1.393674723448253904e-07
1.971471471471471837e+00 1.805119732921992915e-07
2.011501501501501643e+00 2.320043552051634581e-07
2.051531531531531449e+00 2.959956931841436363e-07
2.091561561561561700e+00 3.749882418057569489e-07
2.131591591591591506e+00 4.718759513489202314e-07
2.171621621621621756e+00 5.899873156925627304e-07
2.211651651651651562e+00 7.331304307902398901e-07
2.251681681681681813e+00 9.056401171134797595e-07
2.291711711711711619e+00 1.112426935001757079e-06
2.331741741741741869e+00 1.359027898760765407e-06
2.371771771771771675e+00 1.651658673878156655e-06
2.411801801801801926e+00 1.997267022110540699e-06
2.451831831831831732e+00 2.403587241636343602e-06
2.491861861861861982e+00 2.879195334127626387e-06
2.531891891891891788e+00 3.433564617597578689e-06
2.571921921921922038e+00 4.077121493320415874e-06
2.611951951951952289e+00 4.821301067052056593e-06
2.651981981981982095e+00 5.678602319229400856e-06
2.692012012012012345e+00 6.662642515784251415e-06
2.732042042042042151e+00 7.788210550639568082e-06
2.772072072072072402e+00 9.071318912799841214e-06
2.812102102102102208e+00 1.052925397511755859e-05
2.852132132132132458e+00 1.218062430820764630e-05
2.892162162162162264e+00 1.404540673146756069e-05
2.932192192192192515e+00 1.614498982360450924e-05
2.972222222222222321e+00 1.850221462731826107e-05
3.012252252252252571e+00 2.114141229667954093e-05
3.052282282282282377e+00 2.408843845111095569e-05
3.092312312312312628e+00 2.737070401654586330e-05
3.132342342342342434e+00 3.101720235213431418e-05
3.172372372372372684e+00 3.505853247961021146e-05
3.212402402402402490e+00 3.952691825195223904e-05
3.252432432432432741e+00 4.445622331809385102e-05
3.292462462462462547e+00 4.988196176099374041e-05
3.332492492492492797e+00 5.584130430721409414e-05
3.372522522522522603e+00 6.237308002710254657e-05
3.412552552552552854e+00 6.951777346560606243e-05
3.452582582582582660e+00 7.731751716450137367e-05
3.492612612612612910e+00 8.581607955730656339e-05
3.532642642642642716e+00 9.505884823819033696e-05
3.572672672672672967e+00 1.050928086257457250e-04
3.612702702702702773e+00 1.159665180614118107e-04
3.652732732732733023e+00 1.277300754005515507e-04
3.692762762762762829e+00 1.404350861716293546e-04
3.732792792792793080e+00 1.541346233955127540e-04
3.772822822822822886e+00 1.688831841726029384e-04
3.812852852852853136e+00 1.847366421602187865e-04
3.852882882882883386e+00 2.017521960763765730e-04
3.892912912912913193e+00 2.199883143788158759e-04
3.932942942942943443e+00 2.395046762797591381e-04
3.972972972972973249e+00 2.603621092674884884e-04
4.013003003003003499e+00 2.826225233153452734e-04
4.053033033033033306e+00 3.063488419671953067e-04
4.093063063063063112e+00 3.316049304958200894e-04
4.133093093093093806e+00 3.584555213370067502e-04
4.173123123123123612e+00 3.869661370074402589e-04
4.213153153153153418e+00 4.172030107188193834e-04
4.253183183183183225e+00 4.492330049039066535e-04
4.293213213213213919e+00 4.831235278726320691e-04
4.333243243243243725e+00 5.189424488178167802e-04
4.373273273273273531e+00 5.567580113906693030e-04
4.413303303303303338e+00 5.966387460659458141e-04
4.453333333333334032e+00 6.386533815156135744e-04
4.493363363363363838e+00 6.828707552080645138e-04
4.533393393393393644e+00 7.293597234473702144e-04
4.573423423423423451e+00 7.781890710639342368e-04
4.613453453453454145e+00 8.294274209640486529e-04
4.653483483483483951e+00 8.831431437415244046e-04
4.693513513513513757e+00 9.394042675496296069e-04
4.733543543543543564e+00 9.982783884261887952e-04
4.773573573573574258e+00 1.059832581258889029e-03
4.813603603603604064e+00 1.124133311571582586e-03
4.853633633633633870e+00 1.191246348305871530e-03
4.893663663663663677e+00 1.261236677765259712e-03
4.933693693693694371e+00 1.334168418882178452e-03
4.973723723723724177e+00 1.410104739960640636e-03
5.013753753753753983e+00 1.489107777039893731e-03
5.053783783783783790e+00 1.571238554016553095e-03
5.093813813813814484e+00 1.656556904654977449e-03
5.133843843843844290e+00 1.745121396607725046e-03
5.173873873873874096e+00 1.836989257559889241e-03
5.213903903903904791e+00 1.932216303603165449e-03
5.253933933933934597e+00 2.030856869937542296e-03
5.293963963963964403e+00 2.132963743990467630e-03
5.333993993993994209e+00 2.238588101035548974e-03
5.374024024024024904e+00 2.347779442384912048e-03
5.414054054054054710e+00 2.460585536221743599e-03
5.454084084084084516e+00 2.577052361131831719e-03
5.494114114114114322e+00 2.697224052385587857e-03
5.534144144144145017e+00 2.821142851014548335e-03
5.574174174174174823e+00 2.948849055719478425e-03
5.614204204204204629e+00 3.080380977639960056e-03
5.654234234234234435e+00 3.215774898008832462e-03
5.694264264264265130e+00 3.355065028708232797e-03
5.734294294294294936e+00 3.498283475737504113e-03
5.774324324324324742e+00 3.645460205597426777e-03
5.814354354354354548e+00 3.796623014589034246e-03
5.854384384384385243e+00 3.951797501019925149e-03
5.894414414414415049e+00 4.111007040305220822e-03
5.934444444444444855e+00 4.274272762945655404e-03
5.974474474474474661e+00 4.441613535359759633e-03
6.014504504504505356e+00 4.613045943543035016e-03
6.054534534534535162e+00 4.788584279522052449e-03
6.094564564564564968e+00 4.968240530567693582e-03
6.134594594594594774e+00 5.152024371127446323e-03
6.174624624624625469e+00 5.339943157433264982e-03
6.214654654654655275e+00 5.532001924737752450e-03
6.254684684684685081e+00 5.728203387128665350e-03
6.294714714714714887e+00 5.928547939868202520e-03
6.334744744744745581e+00 6.133033664201246495e-03
6.374774774774775388e+00 6.341656334574015397e-03
6.414804804804805194e+00 6.554409428202297161e-03
6.454834834834835888e+00 6.771284136926376297e-03
6.494864864864865694e+00 6.992269381287841319e-03
6.534894894894895501e+00 7.217351826761940481e-03
6.574924924924925307e+00 7.446515902077528032e-03
6.614954954954956001e+00 7.679743819555323071e-03
6.654984984984985807e+00 7.917015597394402512e-03
6.695015015015015614e+00 8.158309083835591988e-03
6.735045045045045420e+00 8.403599983129903320e-03
6.775075075075076114e+00 8.652861883239512317e-03
6.815105105105105920e+00 8.906066285198310090e-03
6.855135135135135727e+00 9.163182634058956999e-03
6.895165165165165533e+00 9.424178351353115074e-03
6.935195195195196227e+00 9.689018868991461017e-03
6.975225225225226033e+00 9.957667664530626614e-03
7.015255255255255840e+00 1.023008629773393754e-02
7.055285285285285646e+00 1.050623444835378090e-02
7.095315315315316340e+00 1.078606995506341606e-02
7.135345345345346146e+00 1.106954885546713660e-02
7.175375375375375953e+00 1.135662542711807048e-02
7.215405405405405759e+00 1.164725222947372157e-02
7.255435435435436453e+00 1.194138014672059024e-02
7.295465465465466259e+00 1.223895843139969838e-02
7.335495495495496066e+00 1.253993474876630848e-02
7.375525525525525872e+00 1.284425522181793268e-02
7.415555555555556566e+00 1.315186447692615404e-02
7.455585585585586372e+00 1.346270569000874127e-02
7.495615615615616179e+00 1.377672063318029737e-02
7.535645645645645985e+00 1.409384972182044921e-02
7.575675675675676679e+00 1.441403206200027320e-02
7.615705705705706485e+00 1.473720549820909005e-02
7.655735735735736291e+00 1.506330666132544259e-02
7.695765765765766986e+00 1.539227101677678733e-02
7.735795795795796792e+00 1.572403291283454643e-02
7.775825825825826598e+00 1.605852562899325389e-02
7.815855855855856404e+00 1.639568142438222950e-02
7.855885885885887099e+00 1.673543158616221452e-02
7.895915915915916905e+00 1.707770647785869858e-02
7.935945945945946711e+00 1.742243558758716296e-02
7.975975975975976517e+00 1.776954757612534547e-02
8.016006006006007212e+00 1.811897032479073411e-02
8.056036036036037018e+00 1.847063098308207238e-02
8.096066066066066824e+00 1.882445601604556054e-02
8.136096096096096630e+00 1.918037125132815435e-02
8.176126126126126437e+00 1.953830192588175071e-02
8.216156156156156243e+00 1.989817273228369071e-02
8.256186186186187825e+00 2.025990786464029747e-02
8.296216216216217632e+00 2.062343106404241483e-02
8.336246246246247438e+00 2.098866566354240515e-02
8.376276276276277244e+00 2.135553463262429910e-02
8.416306306306307050e+00 2.172396062114029594e-02
8.456336336336336856e+00 2.209386600268749279e-02
8.496366366366366663e+00 2.246517291740109112e-02
8.536396396396396469e+00 2.283780331414127229e-02
8.576426426426428051e+00 2.321167899205201640e-02
8.616456456456457857e+00 2.358672164147242525e-02
8.656486486486487664e+00 2.396285288418130779e-02
8.696516516516517470e+00 2.433999431295777796e-02
8.736546546546547276e+00 2.471806753044208591e-02
8.776576576576577082e+00 2.509699418728099027e-02
8.816606606606606888e+00 2.547669601954512947e-02
8.856636636636636695e+00 2.585709488540467726e-02
8.896666666666668277e+00 2.623811280105287427e-02
8.936696696696698083e+00 2.661967197586671482e-02
8.976726726726727890e+00 2.700169484679584841e-02
9.016756756756757696e+00 2.738410411197160152e-02
9.056786786786787502e+00 2.776682276352892761e-02
9.096816816816817308e+00 2.814977411963534223e-02
9.136846846846847114e+00 2.853288185572203789e-02
9.176876876876878697e+00 2.891607003491228692e-02
9.216906906906908503e+00 2.929926313764471060e-02
9.256936936936938309e+00 2.968238609048861470e-02
9.296966966966968116e+00 3.006536429414982323e-02
9.336996996996997922e+00 3.044812365066632692e-02
9.377027027027027728e+00 3.083059058979393044e-02
9.417057057057057534e+00 3.121269209458273075e-02
9.457087087087087340e+00 3.159435572614565507e-02
9.497117117117118923e+00 3.197550964762155279e-02
9.537147147147148729e+00 3.235608264733572104e-02
9.577177177177178535e+00 3.273600416116104889e-02
9.617207207207208342e+00 3.311520429408448124e-02
9.657237237237238148e+00 3.349361384098297617e-02
9.697267267267267954e+00 3.387116430661434724e-02
9.737297297297297760e+00 3.424778792482922884e-02
9.777327327327327566e+00 3.462341767700928552e-02
9.817357357357359149e+00 3.499798730974025551e-02
9.857387387387388955e+00 3.537143135172472752e-02
9.897417417417418761e+00 3.574368512994476749e-02
9.937447447447448567e+00 3.611468478507992574e-02
9.977477477477478374e+00 3.648436728619145614e-02
1.001750750750750818e+01 3.685267044467918640e-02
1.005753753753753799e+01 3.721953292752226000e-02
1.009756756756756779e+01 3.758489426981140302e-02
1.013759759759759937e+01 3.794869488658349221e-02
1.017762762762762918e+01 3.831087608396810396e-02
1.021765765765765899e+01 3.867138006965592512e-02
1.025768768768768879e+01 3.903014996269987130e-02
1.029771771771771860e+01 3.938712980265964697e-02
1.033774774774774841e+01 3.974226455809990594e-02
1.037777777777777821e+01 4.009550013445374594e-02
1.041780780780780979e+01 4.044678338126259792e-02
1.045783783783783960e+01 4.079606209880314027e-02
1.049786786786786941e+01 4.114328504411401966e-02
1.053789789789789921e+01 4.148840193643228008e-02
1.057792792792792902e+01 4.183136346205259398e-02
1.061795795795795883e+01 4.217212127862014076e-02
1.065798798798798863e+01 4.251062801886934528e-02
1.069801801801801844e+01 4.284683729381973116e-02
1.073804804804805002e+01 4.318070369544226017e-02
1.077807807807807983e+01 4.351218279880556677e-02
1.081810810810810963e+01 4.384123116371694412e-02
1.085813813813813944e+01 4.416780633586744192e-02
1.089816816816816925e+01 4.449186684749471127e-02
1.093819819819819905e+01 4.481337221757496214e-02
1.097822822822822886e+01 4.513228295155551073e-02
1.101825825825825866e+01 4.544856054064020517e-02
1.105828828828829025e+01 4.576216746064000473e-02
1.109831831831832005e+01 4.607306717039921090e-02
1.113834834834834986e+01 4.638122410981031923e-02
1.117837837837837967e+01 4.668660369742810845e-02
1.121840840840840947e+01 4.698917232769549840e-02
1.125843843843843928e+01 4.728889736779161301e-02
1.129846846846846908e+01 4.758574715411430928e-02
1.133849849849849889e+01 4.787969098840771931e-02
1.137852852852853047e+01 4.817069913354671273e-02
1.141855855855856028e+01 4.845874280898852804e-02
1.145858858858859008e+01 4.874379418590325808e-02
1.149861861861861989e+01 4.902582638199382004e-02
1.153864864864864970e+01 4.930481345601543663e-02
1.157867867867867950e+01 4.958073040200657033e-02
1.161870870870870931e+01 4.985355314324026871e-02
1.165873873873874089e+01 5.012325852590768238e-02
1.169876876876877070e+01 5.038982431254224181e-02
1.173879879879880050e+01 5.065322917519665680e-02
1.177882882882883031e+01 5.091345268838072535e-02
1.181885885885886012e+01 5.117047532177026320e-02
1.185888888888888992e+01 5.142427843269777726e-02
1.189891891891891973e+01 5.167484425843266171e-02
1.193894894894894954e+01 5.192215590826156080e-02
1.197897897897898112e+01 5.216619735537727370e-02
1.201900900900901092e+01 5.240695342858526368e-02
1.205903903903904073e+01 5.264440980383735397e-02
1.209906906906907054e+01 5.287855299559975075e-02
1.213909909909910034e+01 5.310937034806596790e-02
1.217912912912913015e+01 5.333685002622046839e-02
1.221915915915915996e+01 5.356098100676390250e-02
1.225918918918918976e+01 5.378175306890599361e-02
1.229921921921922134e+01 5.399915678503416916e-02
1.233924924924925115e+01 5.421318351126717949e-02
1.237927927927928096e+01 5.442382537789898500e-02
1.241930930930931076e+01 5.463107527974208483e-02
1.245933933933934057e+01 5.483492686637645580e-02
1.249936936936937038e+01 5.503537453231186621e-02
1.253939939939940018e+01 5.523241340706975394e-02
1.257942942942942999e+01 5.542603934519192699e-02
1.261945945945946157e+01 5.561624891618247718e-02
1.265948948948949138e+01 5.580303939438929078e-02
1.269951951951952118e+01 5.598640874883160923e-02
1.273954954954955099e+01 5.616635563297926736e-02
1.277957957957958079e+01 5.634287937449023592e-02
1.281960960960961060e+01 5.651597996491163067e-02
1.285963963963964041e+01 5.668565804935020436e-02
1.289966966966967199e+01 5.685191491611779613e-02
1.293969969969970180e+01 5.701475248635685250e-02
1.297972972972973160e+01 5.717417330365137662e-02
1.301975975975976141e+01 5.733018052362853084e-02
1.305978978978979121e+01 5.748277790355531963e-02
1.309981981981982102e+01 5.763196979193557778e-02
1.313984984984985083e+01 5.777776111811152443e-02
1.317987987987988063e+01 5.792015738187489965e-02
1.321990990990991222e+01 5.805916464309125724e-02
1.325993993993994202e+01 5.819478951134213901e-02
1.329996996996997183e+01 5.832703913558952985e-02
1.334000000000000163e+01 5.845592119386525815e-02
1.338003003003003144e+01 5.858144388299086486e-02
1.342006006006006125e+01 5.870361590833021032e-02
1.346009009009009105e+01 5.882244647357914857e-02
1.350012012012012086e+01 5.893794527059542654e-02
1.354015015015015244e+01 5.905012246927208996e-02
1.358018018018018225e+01 5.915898870745798371e-02
1.362021021021021205e+01 5.926455508092780267e-02
1.366024024024024186e+01 5.936683313340492679e-02
1.370027027027027167e+01 5.946583484664031555e-02
1.374030030030030147e+01 5.956157263054943918e-02
1.378033033033033128e+01 5.965405931341035556e-02
1.382036036036036108e+01 5.974330813212531260e-02
1.386039039039039267e+01 5.982933272254843671e-02
1.390042042042042247e+01 5.991214710988149172e-02
1.394045045045045228e+01 5.999176569914024815e-02
1.398048048048048209e+01 6.006820326569333596e-02
1.402051051051051189e+01 6.014147494587596815e-02
1.406054054054054170e+01 6.021159622767954800e-02
1.410057057057057150e+01 6.027858294152046298e-02
1.414060060060060309e+01 6.034245125108825963e-02
1.418063063063063289e+01 6.040321764427571821e-02
1.422066066066066270e+01 6.046089892419247852e-02
1.426069069069069251e+01 6.051551220026301497e-02
1.430072072072072231e+01 6.056707487941081353e-02
1.434075075075075212e+01 6.061560465733029091e-02
1.438078078078078192e+01 6.066111950984692108e-02
1.442081081081081173e+01 6.070363768436753266e-02
1.446084084084084331e+01 6.074317769142126983e-02
1.450087087087087312e+01 6.077975829629255616e-02
1.454090090090090293e+01 6.081339851074679670e-02
1.458093093093093273e+01 6.084411758484988691e-02
1.462096096096096254e+01 6.087193499888204906e-02
1.466099099099099234e+01 6.089687045534679377e-02
1.470102102102102215e+01 6.091894387107611719e-02
1.474105105105105196e+01 6.093817536943157281e-02
1.478108108108108354e+01 6.095458527260295273e-02
1.482111111111111335e+01 6.096819409400396073e-02
1.486114114114114315e+01 6.097902253076591811e-02
1.490117117117117296e+01 6.098709145632995321e-02
1.494120120120120276e+01 6.099242191313730688e-02
1.498123123123123257e+01 6.099503510541890577e-02
1.502126126126126238e+01 6.099495239208362757e-02
1.506129129129129218e+01 6.099219527970602128e-02
1.510132132132132377e+01 6.098678541561308730e-02
1.514135135135135357e+01 6.097874458107051254e-02
1.518138138138138338e+01 6.096809468456840936e-02
1.522141141141141318e+01 6.095485775520611410e-02
1.526144144144144299e+01 6.093905593617641309e-02
1.530147147147147280e+01 6.092071147834910577e-02
1.534150150150150260e+01 6.089984673395320430e-02
1.538153153153153418e+01 6.087648415035826904e-02
1.542156156156156399e+01 6.085064626395424864e-02
1.546159159159159380e+01 6.082235569412967197e-02
1.550162162162162360e+01 6.079163513734769930e-02
1.554165165165165341e+01 6.075850736132031721e-02
1.558168168168168322e+01 6.072299519927949751e-02
1.562171171171171302e+01 6.068512154434542449e-02
1.566174174174174283e+01 6.064490934399142247e-02
1.570177177177177441e+01 6.060238159460483442e-02
1.574180180180180422e+01 6.055756133614357412e-02
1.578183183183183402e+01 6.051047164688775487e-02
1.582186186186186383e+01 6.046113563828604126e-02
1.586189189189189364e+01 6.040957644989592562e-02
1.590192192192192344e+01 6.035581724441752699e-02
1.594195195195195325e+01 6.029988120282032266e-02
1.598198198198198305e+01 6.024179151956200046e-02
1.602201201201201641e+01 6.018157139789913346e-02
1.606204204204204444e+01 6.011924404528869864e-02
1.610207207207207603e+01 6.005483266887988447e-02
1.614210210210210406e+01 5.998836047109559755e-02
1.618213213213213564e+01 5.991985064530287730e-02
1.622216216216216722e+01 5.984932637157128893e-02
1.626219219219219525e+01 5.977681081251913497e-02
1.630222222222222683e+01 5.970232710924590347e-02
1.634225225225225486e+01 5.962589837735110532e-02
1.638228228228228645e+01 5.954754770303787720e-02
1.642231231231231448e+01 5.946729813930123204e-02
1.646234234234234606e+01 5.938517270219966643e-02
1.650237237237237764e+01 5.930119436720970860e-02
1.654240240240240567e+01 5.921538606566224827e-02
1.658243243243243725e+01 5.912777068126003760e-02
1.662246246246246528e+01 5.903837104667559316e-02
1.666249249249249686e+01 5.894720994022820820e-02
1.670252252252252489e+01 5.885431008263996427e-02
1.674255255255255648e+01 5.875969413386911144e-02
1.678258258258258806e+01 5.866338469002050499e-02
1.682261261261261609e+01 5.856540428033202988e-02
1.686264264264264767e+01 5.846577536423605559e-02
1.690267267267267570e+01 5.836452032849519245e-02
1.694270270270270728e+01 5.826166148441151021e-02
1.698273273273273531e+01 5.815722106510805983e-02
1.702276276276276690e+01 5.805122122288212949e-02
1.706279279279279493e+01 5.794368402662920109e-02
1.710282282282282651e+01 5.783463145933664951e-02
1.714285285285285809e+01 5.772408541564653939e-02
1.718288288288288612e+01 5.761206769948625656e-02
1.722291291291291770e+01 5.749860002176647444e-02
1.726294294294294573e+01 5.738370399814522738e-02
1.730297297297297732e+01 5.726740114685754252e-02
1.734300300300300535e+01 5.714971288660936760e-02
1.738303303303303693e+01 5.703066053453512835e-02
1.742306306306306851e+01 5.691026530421811058e-02
1.746309309309309654e+01 5.678854830377250834e-02
1.750312312312312812e+01 5.666553053398645096e-02
1.754315315315315615e+01 5.654123288652511403e-02
1.758318318318318774e+01 5.641567614219301918e-02
1.762321321321321577e+01 5.628888096925445395e-02
1.766324324324324735e+01 5.616086792181158166e-02
1.770327327327327538e+01 5.603165743823889516e-02
1.774330330330330696e+01 5.590126983967339674e-02
1.778333333333333854e+01 5.576972532855971332e-02
1.782336336336336657e+01 5.563704398724905048e-02
1.786339339339339816e+01 5.550324577665121523e-02
1.790342342342342619e+01 5.536835053493921466e-02
1.794345345345345777e+01 5.523237797630478618e-02
1.798348348348348580e+01 5.509534768976500491e-02
1.802351351351351738e+01 5.495727913801825432e-02
1.806354354354354896e+01 5.481819165634936597e-02
1.810357357357357699e+01 5.467810445158277632e-02
1.814360360360360858e+01 5.453703660108289580e-02
1.818363363363363661e+01 5.439500705180109336e-02
1.822366366366366819e+01 5.425203461936818627e-02
1.826369369369369622e+01 5.410813798723203283e-02
1.830372372372372780e+01 5.396333570583888156e-02
1.834375375375375938e+01 5.381764619185829684e-02
1.838378378378378741e+01 5.367108772745051576e-02
1.842381381381381900e+01 5.352367845957539672e-02
1.846384384384384703e+01 5.337543639934259898e-02
1.850387387387387861e+01 5.322637942140173717e-02
1.854390390390390664e+01 5.307652526337223314e-02
1.858393393393393822e+01 5.292589152531158858e-02
1.862396396396396625e+01 5.277449566922205043e-02
1.866399399399399783e+01 5.262235501859403169e-02
1.870402402402402942e+01 5.246948675798651651e-02
1.874405405405405745e+01 5.231590793264303402e-02
1.878408408408408903e+01 5.216163544814266667e-02
1.882411411411411706e+01 5.200668607008578082e-02
1.886414414414414864e+01 5.185107642381306392e-02
1.890417417417417667e+01 5.169482299415795179e-02
1.894420420420420825e+01 5.153794212523103713e-02
1.898423423423423984e+01 5.138045002023657742e-02
1.902426426426426787e+01 5.122236274131954786e-02
1.906429429429429945e+01 5.106369620944340576e-02
1.910432432432432748e+01 5.090446620429741470e-02
1.914435435435435906e+01 5.074468836423293855e-02
1.918438438438438709e+01 5.058437818622844168e-02
1.922441441441441867e+01 5.042355102588194637e-02
1.926444444444445026e+01 5.026222209743098912e-02
1.930447447447447828e+01 5.010040647379894463e-02
1.934450450450450987e+01 4.993811908666737770e-02
1.938453453453453790e+01 4.977537472657386775e-02
1.942456456456456948e+01 4.961218804303441782e-02
1.946459459459459751e+01 4.944857354469034405e-02
1.950462462462462909e+01 4.928454559947858388e-02
1.954465465465465712e+01 4.912011843482521484e-02
1.958468468468468870e+01 4.895530613786135132e-02
1.962471471471472029e+01 4.879012265566119722e-02
1.966474474474474832e+01 4.862458179550140092e-02
1.970477477477477990e+01 4.845869722514131034e-02
1.974480480480480793e+01 4.829248247312361436e-02
1.978483483483483951e+01 4.812595092909485728e-02
1.982486486486486754e+01 4.795911584414534745e-02
1.986489489489489912e+01 4.779199033116759976e-02
1.990492492492493071e+01 4.762458736523362407e-02
1.994495495495495874e+01 4.745691978398955402e-02
1.998498498498499032e+01 4.728900028806790751e-02
2.002501501501501835e+01 4.712084144151676424e-02
2.006504504504504993e+01 4.695245567224517330e-02
2.010507507507507796e+01 4.678385527248470760e-02
2.014510510510510954e+01 4.661505239926639482e-02
2.018513513513513757e+01 4.644605907491284463e-02
2.022516516516516916e+01 4.627688718754473934e-02
2.026519519519520074e+01 4.610754849160186158e-02
2.030522522522522877e+01 4.593805460837761812e-02
2.034525525525526035e+01 4.576841702656696959e-02
2.038528528528528838e+01 4.559864710282734296e-02
2.042531531531531996e+01 4.542875606235203395e-02
2.046534534534534799e+01 4.525875499945572478e-02
2.050537537537537958e+01 4.508865487817168005e-02
2.054540540540541116e+01 4.491846653286047514e-02
2.058543543543543919e+01 4.474820066882945202e-02
2.062546546546547077e+01 4.457786786296292353e-02
2.066549549549549880e+01 4.440747856436264712e-02
2.070552552552553038e+01 4.423704309499790210e-02
2.074555555555555841e+01 4.406657165036546864e-02
2.078558558558559000e+01 4.389607430015843303e-02
2.082561561561562158e+01 4.372556098894402055e-02
2.086564564564564961e+01 4.355504153684982421e-02
2.090567567567568119e+01 4.338452564025823549e-02
2.094570570570570922e+01 4.321402287250874358e-02
2.098573573573574080e+01 4.304354268460758304e-02
2.102576576576576883e+01 4.287309440594491011e-02
2.106579579579580042e+01 4.270268724501852936e-02
2.110582582582582845e+01 4.253233029016443428e-02
2.114585585585586003e+01 4.236203251029363459e-02
2.118588588588589161e+01 4.219180275563496479e-02
2.122591591591591964e+01 4.202164975848356882e-02
2.126594594594595122e+01 4.185158213395503979e-02
2.130597597597597925e+01 4.168160838074445179e-02
2.134600600600601084e+01 4.151173688189056799e-02
2.138603603603603887e+01 4.134197590554467699e-02
2.142606606606607045e+01 4.117233360574358569e-02
2.146609609609610203e+01 4.100281802318702512e-02
2.150612612612613006e+01 4.083343708601890054e-02
2.154615615615616164e+01 4.066419861061209423e-02
2.158618618618618967e+01 4.049511030235677933e-02
2.162621621621622126e+01 4.032617975645188396e-02
2.166624624624624929e+01 4.015741445869962234e-02
2.170627627627628087e+01 3.998882178630248918e-02
2.174630630630630890e+01 3.982040900866323091e-02
2.178633633633634048e+01 3.965218328818667648e-02
2.182636636636637206e+01 3.948415168108382334e-02
2.186639639639640009e+01 3.931632113817814383e-02
2.190642642642643168e+01 3.914869850571287002e-02
2.194645645645645970e+01 3.898129052616058909e-02
2.198648648648649129e+01 3.881410383903358824e-02
2.202651651651651932e+01 3.864714498169559420e-02
2.206654654654655090e+01 3.848042039017424143e-02
2.210657657657658248e+01 3.831393639997467820e-02
2.214660660660661051e+01 3.814769924689328379e-02
2.218663663663664209e+01 3.798171506783220436e-02
2.222666666666667012e+01 3.781598990161395141e-02
2.226669669669670171e+01 3.765052968979602788e-02
2.230672672672672974e+01 3.748534027748581104e-02
2.234675675675676132e+01 3.732042741415476234e-02
2.238678678678679290e+01 3.715579675445272040e-02
2.242681681681682093e+01 3.699145385902127131e-02
2.246684684684685251e+01 3.682740419530672327e-02
2.250687687687688054e+01 3.666365313837224166e-02
2.254690690690691213e+01 3.650020597170888087e-02
2.258693693693694016e+01 3.633706788804587362e-02
2.262696696696697174e+01 3.617424399015924802e-02
2.266699699699699977e+01 3.601173929167961196e-02
2.270702702702703135e+01 3.584955871789813342e-02
2.274705705705706293e+01 3.568770710657111905e-02
2.278708708708709096e+01 3.552618920872291364e-02
2.282711711711712255e+01 3.536500968944675249e-02
2.286714714714715058e+01 3.520417312870421228e-02
2.290717717717718216e+01 3.504368402212202499e-02
2.294720720720721019e+01 3.488354678178726825e-02
2.298723723723724177e+01 3.472376573704009234e-02
2.302726726726727335e+01 3.456434513526411567e-02
2.306729729729730138e+01 3.440528914267455829e-02
2.310732732732733297e+01 3.424660184510366218e-02
2.314735735735736100e+01 3.408828724878372463e-02
2.318738738738739258e+01 3.393034928112713400e-02
2.322741741741742061e+01 3.377279179150414340e-02
2.326744744744745219e+01 3.361561855201709859e-02
2.330747747747748377e+01 3.345883325827244542e-02
2.334750750750751180e+01 3.330243953014915687e-02
2.338753753753754339e+01 3.314644091256430114e-02
2.342756756756757142e+01 3.299084087623565392e-02
2.346759759759760300e+01 3.283564281844058436e-02
2.350762762762763103e+01 3.268085006377217244e-02
2.354765765765766261e+01 3.252646586489153779e-02
2.358768768768769064e+01 3.237249340327703895e-02
2.362771771771772222e+01 3.221893578996976037e-02
2.366774774774775381e+01 3.206579606631571044e-02
2.370777777777778184e+01 3.191307720470414749e-02
2.374780780780781342e+01 3.176078210930230461e-02
2.378783783783784145e+01 3.160891361678667966e-02
2.382786786786787303e+01 3.145747449707004401e-02
2.386789789789790106e+01 3.130646745402531489e-02
2.390792792792793264e+01 3.115589512620479951e-02
2.394795795795796423e+01 3.100576008755626806e-02
2.398798798798799226e+01 3.085606484813452344e-02
2.402801801801802384e+01 3.070681185480932801e-02
2.406804804804805187e+01 3.055800349196922255e-02
2.410807807807808345e+01 3.040964208222105003e-02
2.414810810810811148e+01 3.026172988708580869e-02
2.418813813813814306e+01 3.011426910769000528e-02
2.422816816816817109e+01 2.996726188545300457e-02
2.426819819819820268e+01 2.982071030277020848e-02
2.430822822822823426e+01 2.967461638369184307e-02
2.434825825825826229e+01 2.952898209459771037e-02
2.438828828828829387e+01 2.938380934486749252e-02
2.442831831831832190e+01 2.923909998754680231e-02
2.446834834834835348e+01 2.909485582000890039e-02
2.450837837837838151e+01 2.895107858461221789e-02
2.454840840840841310e+01 2.880776996935308434e-02
2.458843843843844468e+01 2.866493160851458707e-02
2.462846846846847271e+01 2.852256508331069140e-02
2.466849849849850429e+01 2.838067192252588175e-02
2.470852852852853232e+01 2.823925360315071922e-02
2.474855855855856390e+01 2.809831155101260788e-02
2.478858858858859193e+01 2.795784714140212360e-02
2.482861861861862351e+01 2.781786169969509628e-02
2.486864864864865510e+01 2.767835650196990779e-02
2.490867867867868313e+01 2.753933277562053278e-02
2.494870870870871471e+01 2.740079169996484029e-02
2.498873873873874274e+01 2.726273440684862798e-02
2.502876876876877432e+01 2.712516198124489616e-02
2.506879879879880235e+01 2.698807546184874701e-02
2.510882882882883393e+01 2.685147584166771087e-02
2.514885885885886196e+01 2.671536406860751042e-02
2.518888888888889355e+01 2.657974104605327972e-02
2.522891891891892513e+01 2.644460763344632509e-02
2.526894894894895316e+01 2.630996464685621261e-02
2.530897897897898474e+01 2.617581285954844253e-02
2.534900900900901277e+01 2.604215300254749885e-02
2.538903903903904435e+01 2.590898576519542681e-02
2.542906906906907238e+01 2.577631179570575790e-02
2.546909909909910397e+01 2.564413170171310138e-02
2.550912912912913555e+01 2.551244605081798289e-02
2.554915915915916358e+01 2.538125537112739111e-02
2.558918918918919516e+01 2.525056015179052982e-02
2.562921921921922319e+01 2.512036084353039614e-02
2.566924924924925477e+01 2.499065785917055360e-02
2.570927927927928280e+01 2.486145157415756840e-02
2.574930930930931439e+01 2.473274232707898049e-02
2.578933933933934597e+01 2.460453042017673314e-02
2.582936936936937400e+01 2.447681611985615471e-02
2.586939939939940558e+01 2.434959965719037805e-02
2.590942942942943361e+01 2.422288122842067293e-02
2.594945945945946519e+01 2.409666099545181017e-02
2.598948948948949322e+01 2.397093908634355397e-02
2.602951951951952481e+01 2.384571559579724831e-02
2.606954954954955284e+01 2.372099058563846563e-02
2.610957957957958442e+01 2.359676408529490926e-02
2.614960960960961600e+01 2.347303609227021845e-02
2.618963963963964403e+01 2.334980657261316594e-02
2.622966966966967561e+01 2.322707546138279636e-02
2.626969969969970364e+01 2.310484266310904727e-02
2.630972972972973523e+01 2.298310805224914113e-02
2.634975975975976326e+01 2.286187147363965763e-02
2.638978978978979484e+01 2.274113274294436299e-02
2.642981981981982642e+01 2.262089164709788630e-02
2.646984984984985445e+01 2.250114794474493071e-02
2.650987987987988603e+01 2.238190136667540103e-02
2.654990990990991406e+01 2.226315161625544436e-02
2.658993993993994565e+01 2.214489836985405330e-02
2.662996996996997368e+01 2.202714127726584231e-02
2.667000000000000526e+01 2.190987996212926531e-02
2.671003003003003329e+01 2.179311402234119371e-02
2.675006006006006487e+01 2.167684303046692532e-02
2.679009009009009645e+01 2.156106653414646343e-02
2.683012012012012448e+01 2.144578405649662928e-02
2.687015015015015607e+01 2.133099509650899714e-02
2.691018018018018410e+01 2.121669912944406516e-02
2.695021021021021568e+01 2.110289560722122815e-02
2.699024024024024371e+01 2.098958395880484717e-02
2.703027027027027529e+01 2.087676359058640227e-02
2.707030030030030687e+01 2.076443388676267945e-02
2.711033033033033490e+01 2.065259420971004428e-02
2.715036036036036649e+01 2.054124390035480183e-02
2.719039039039039451e+01 2.043038227853983396e-02
2.723042042042042610e+01 2.032000864338719126e-02
2.727045045045045413e+01 2.021012227365702810e-02
2.731048048048048571e+01 2.010072242810271789e-02
2.735051051051051729e+01 1.999180834582212074e-02
2.739054054054054532e+01 1.988337924660520117e-02
2.743057057057057690e+01 1.977543433127779485e-02
2.747060060060060493e+01 1.966797278204195087e-02
2.751063063063063652e+01 1.956099376281213165e-02
2.755066066066066455e+01 1.945449641954835954e-02
2.759069069069069613e+01 1.934847988058511006e-02
2.763072072072072416e+01 1.924294325695716582e-02
2.767075075075075574e+01 1.913788564272143888e-02
2.771078078078078732e+01 1.903330611527558058e-02
2.775081081081081535e+01 1.892920373567285805e-02
2.779084084084084694e+01 1.882557754893353016e-02
2.783087087087087497e+01 1.872242658435292750e-02
2.787090090090090655e+01 1.861974985580576100e-02
2.791093093093093458e+01 1.851754636204739832e-02
2.795096096096096616e+01 1.841581508701134462e-02
2.799099099099099774e+01 1.831455500010360088e-02
2.803102102102102577e+01 1.821376505649352842e-02
2.807105105105105736e+01 1.811344419740148690e-02
2.811108108108108539e+01 1.801359135038301668e-02
2.815111111111111697e+01 1.791420542960990916e-02
2.819114114114114500e+01 1.781528533614796378e-02
2.823117117117117658e+01 1.771682995823128590e-02
2.827120120120120816e+01 1.761883817153383006e-02
2.831123123123123619e+01 1.752130883943734188e-02
2.835126126126126778e+01 1.742424081329631974e-02
2.839129129129129581e+01 1.732763293269987126e-02
2.843132132132132739e+01 1.723148402573032936e-02
2.847135135135135542e+01 1.713579290921896092e-02
2.851138138138138700e+01 1.704055838899840372e-02
2.855141141141141503e+01 1.694577926015227928e-02
2.859144144144144661e+01 1.685145430726158605e-02
2.863147147147147820e+01 1.675758230464837600e-02
2.867150150150150623e+01 1.666416201661611446e-02
2.871153153153153781e+01 1.657119219768742741e-02
2.875156156156156584e+01 1.647867159283870897e-02
2.879159159159159742e+01 1.638659893773198456e-02
2.883162162162162545e+01 1.629497295894391171e-02
2.887165165165165703e+01 1.620379237419170004e-02
2.891168168168168862e+01 1.611305589255656451e-02
2.895171171171171665e+01 1.602276221470419482e-02
2.899174174174174823e+01 1.593291003310237999e-02
2.903177177177177626e+01 1.584349803223612102e-02
2.907180180180180784e+01 1.575452488881973895e-02
2.911183183183183587e+01 1.566598927200662378e-02
2.915186186186186745e+01 1.557788984359590768e-02
2.919189189189189548e+01 1.549022525823689871e-02
2.923192192192192707e+01 1.540299416363060531e-02
2.927195195195195865e+01 1.531619520072870048e-02
2.931198198198198668e+01 1.522982700393004686e-02
2.935201201201201826e+01 1.514388820127453295e-02
2.939204204204204629e+01 1.505837741463440099e-02
2.943207207207207787e+01 1.497329325990308380e-02
2.947210210210210590e+01 1.488863434718159552e-02
2.951213213213213749e+01 1.480439928096233780e-02
2.955216216216216907e+01 1.472058666031064202e-02
2.959219219219219710e+01 1.463719507904367827e-02
2.963222222222222868e+01 1.455422312590721849e-02
2.967225225225225671e+01 1.447166938474975760e-02
2.971228228228228829e+01 1.438953243469449916e-02
2.975231231231231632e+01 1.430781085030896106e-02
2.979234234234234791e+01 1.422650320177215252e-02
2.983237237237237949e+01 1.414560805503963653e-02
2.987240240240240752e+01 1.406512397200626423e-02
2.991243243243243910e+01 1.398504951066654144e-02
2.995246246246246713e+01 1.390538322527309911e-02
2.999249249249249871e+01 1.382612366649257733e-02
3.003252252252252674e+01 1.374726938155959588e-02
3.007255255255255832e+01 1.366881891442850959e-02
3.011258258258258635e+01 1.359077080592302998e-02
3.015261261261261794e+01 1.351312359388361257e-02
3.019264264264264952e+01 1.343587581331301233e-02
3.023267267267267755e+01 1.335902599651951975e-02
3.027270270270270913e+01 1.328257267325823159e-02
3.031273273273273716e+01 1.320651437087043759e-02
3.035276276276276874e+01 1.313084961442070875e-02
3.039279279279279677e+01 1.305557692683225954e-02
3.043282282282282836e+01 1.298069482902021281e-02
3.047285285285285994e+01 1.290620184002296694e-02
3.051288288288288797e+01 1.283209647713156459e-02
3.055291291291291955e+01 1.275837725601727292e-02
3.059294294294294758e+01 1.268504269085713246e-02
3.063297297297297916e+01 1.261209129445775741e-02
3.067300300300300719e+01 1.253952157837728495e-02
3.071303303303303878e+01 1.246733205304533659e-02
3.075306306306307036e+01 1.239552122788138526e-02
3.079309309309309839e+01 1.232408761141122293e-02
3.083312312312312997e+01 1.225302971138155297e-02
3.087315315315315800e+01 1.218234603487310629e-02
3.091318318318318958e+01 1.211203508841173990e-02
3.095321321321321761e+01 1.204209537807796743e-02
3.099324324324324920e+01 1.197252540961474092e-02
3.103327327327327723e+01 1.190332368853361765e-02
3.107330330330330881e+01 1.183448872021920090e-02
3.111333333333334039e+01 1.176601901003187199e-02
3.115336336336336842e+01 1.169791306340914848e-02
3.119339339339340000e+01 1.163016938596509245e-02
3.123342342342342803e+01 1.156278648358842476e-02
3.127345345345345962e+01 1.149576286253882126e-02
3.131348348348348765e+01 1.142909702954195486e-02
3.135351351351351923e+01 1.136278749188260329e-02
3.139354354354355081e+01 1.129683275749662416e-02
3.143357357357357884e+01 1.123123133506118490e-02
3.147360360360361042e+01 1.116598173408355280e-02
3.151363363363363845e+01 1.110108246498845048e-02
3.155366366366367004e+01 1.103653203920395079e-02
3.159369369369369807e+01 1.097232896924596815e-02
3.163372372372372965e+01 1.090847176880113852e-02
3.167375375375375768e+01 1.084495895280862370e-02
3.171378378378378926e+01 1.078178903754019140e-02
3.175381381381382084e+01 1.071896054067916770e-02
3.179384384384384887e+01 1.065647198139786991e-02
3.183387387387388046e+01 1.059432188043377653e-02
3.187390390390390849e+01 1.053250876016442739e-02
3.191393393393394007e+01 1.047103114468081637e-02
3.195396396396396810e+01 1.040988755985969468e-02
3.199399399399399968e+01 1.034907653343448974e-02
3.203402402402402771e+01 1.028859659506502384e-02
3.207405405405405929e+01 1.022844627640581705e-02
3.211408408408408377e+01 1.016862411117341186e-02
3.215411411411411535e+01 1.010912863521220943e-02
3.219414414414414694e+01 1.004995838655933608e-02
3.223417417417417852e+01 9.991111905508160210e-03
3.227420420420420299e+01 9.932587734670605267e-03
3.231423423423423458e+01 9.874384419038505223e-03
3.235426426426426616e+01 9.816500506043558325e-03
3.239429429429429774e+01 9.758934545616321579e-03
3.243432432432432933e+01 9.701685090243978779e-03
3.247435435435435380e+01 9.644750695027043408e-03
3.251438438438438538e+01 9.588129917734989488e-03
3.255441441441441697e+01 9.531821318860728837e-03
3.259444444444444855e+01 9.475823461674076978e-03
3.263447447447448013e+01 9.420134912274167813e-03
3.267450450450450461e+01 9.364754239640737249e-03
3.271453453453453619e+01 9.309680015684489163e-03
3.275456456456456777e+01 9.254910815296380627e-03
3.279459459459459936e+01 9.200445216395930492e-03
3.283462462462462383e+01 9.146281799978511415e-03
3.287465465465465542e+01 9.092419150161597588e-03
3.291468468468468700e+01 9.038855854230261333e-03
3.295471471471471858e+01 8.985590502681403344e-03
3.299474474474475016e+01 8.932621689267356696e-03
3.303477477477477464e+01 8.879948011038312980e-03
3.307480480480480622e+01 8.827568068383893213e-03
3.311483483483483781e+01 8.775480465073938127e-03
3.315486486486486939e+01 8.723683808298242012e-03
3.319489489489489387e+01 8.672176708705441744e-03
3.323492492492492545e+01 8.620957780441064477e-03
3.327495495495495703e+01 8.570025641184756543e-03
3.331498498498498861e+01 8.519378912186504477e-03
3.335501501501502020e+01 8.469016218302165624e-03
3.339504504504504467e+01 8.418936188028145265e-03
3.343507507507507626e+01 8.369137453535128307e-03
3.347510510510510784e+01 8.319618650701207305e-03
3.351513513513513942e+01 8.270378419144045964e-03
3.355516516516517100e+01 8.221415402252319274e-03
3.359519519519519548e+01 8.172728247216405964e-03
3.363522522522522706e+01 8.124315605058227488e-03
3.367525525525525865e+01 8.076176130660434743e-03
3.371528528528529023e+01 8.028308482794762127e-03
3.375531531531531471e+01 7.980711324149724131e-03
3.379534534534534629e+01 7.933383321357479270e-03
3.383537537537537787e+01 7.886323145020109407e-03
3.387540540540540945e+01 7.839529469735075085e-03
3.391543543543544104e+01 7.793000974120087992e-03
3.395546546546546551e+01 7.746736340837135151e-03
3.399549549549549710e+01 7.700734256615990488e-03
3.403552552552552868e+01 7.654993412276975273e-03
3.407555555555556026e+01 7.609512502753060237e-03
3.411558558558558474e+01 7.564290227111327564e-03
3.415561561561561632e+01 7.519325288573817066e-03
3.419564564564564790e+01 7.474616394537679336e-03
3.423567567567567949e+01 7.430162256594739084e-03
3.427570570570571107e+01 7.385961590550498175e-03
3.431573573573573555e+01 7.342013116442427413e-03
3.435576576576576713e+01 7.298315558557692817e-03
3.439579579579579871e+01 7.254867645450368413e-03
3.443582582582583029e+01 7.211668109957962078e-03
3.447585585585585477e+01 7.168715689217469537e-03
3.451588588588588635e+01 7.126009124680719731e-03
3.455591591591591794e+01 7.083547162129361953e-03
3.459594594594594952e+01 7.041328551689088854e-03
3.463597597597598110e+01 6.999352047843531571e-03
3.467600600600600558e+01 6.957616409447426285e-03
3.471603603603603716e+01 6.916120399739387851e-03
3.475606606606606874e+01 6.874862786354116184e-03
3.479609609609610033e+01 6.833842341334118650e-03
3.483612612612613191e+01 6.793057841140873014e-03
3.487615615615615638e+01 6.752508066665561040e-03
3.491618618618618797e+01 6.712191803239264329e-03
3.495621621621621955e+01 6.672107840642722137e-03
3.499624624624625113e+01 6.632254973115617354e-03
3.503627627627627561e+01 6.592631999365303891e-03
3.507630630630630719e+01 6.553237722575207085e-03
3.511633633633633877e+01 6.514070950412690665e-03
3.515636636636637036e+01 6.475130495036490914e-03
3.519639639639640194e+01 6.436415173103735357e-03
3.523642642642642642e+01 6.397923805776508689e-03
3.527645645645645800e+01 6.359655218727978086e-03
3.531648648648648958e+01 6.321608242148132537e-03
3.535651651651652116e+01 6.283781710749115380e-03
3.539654654654654564e+01 6.246174463770120568e-03
3.543657657657657722e+01 6.208785344981852632e-03
3.547660660660660881e+01 6.171613202690725587e-03
3.551663663663664039e+01 6.134656889742545749e-03
3.555666666666667197e+01 6.097915263525846737e-03
3.559669669669669645e+01 6.061387185974897486e-03
3.563672672672672803e+01 6.025071523572255762e-03
3.567675675675675961e+01 5.988967147351071003e-03
3.571678678678679120e+01 5.953072932896906651e-03
3.575681681681682278e+01 5.917387760349310070e-03
3.579684684684684726e+01 5.881910514402986095e-03
3.583687687687687884e+01 5.846640084308634029e-03
3.587690690690691042e+01 5.811575363873448981e-03
3.591693693693694200e+01 5.776715251461339573e-03
3.595696696696696648e+01 5.742058649992766613e-03
3.599699699699699806e+01 5.707604466944250429e-03
3.603702702702702965e+01 5.673351614347640556e-03
3.607705705705706123e+01 5.639299008789016784e-03
3.611708708708709281e+01 5.605445571407305719e-03
3.615711711711711729e+01 5.571790227892592894e-03
3.619714714714714887e+01 5.538331908484154728e-03
3.623717717717718045e+01 5.505069547968174763e-03
3.627720720720721204e+01 5.472002085675264742e-03
3.631723723723723651e+01 5.439128465477537262e-03
3.635726726726726810e+01 5.406447635785618586e-03
3.639729729729729968e+01 5.373958549545186994e-03
3.643732732732733126e+01 5.341660164233427883e-03
3.647735735735736284e+01 5.309551441855121963e-03
3.651738738738738732e+01 5.277631348938449825e-03
3.655741741741741890e+01 5.245898856530707179e-03
3.659744744744745049e+01 5.214352940193549973e-03
3.663747747747748207e+01 5.182992579998242123e-03
3.667750750750751365e+01 5.151816760520440061e-03
3.671753753753753813e+01 5.120824470834922648e-03
3.675756756756756971e+01 5.090014704509958528e-03
3.679759759759760129e+01 5.059386459601553782e-03
3.683762762762763288e+01 5.028938738647430705e-03
3.687765765765765735e+01 4.998670548660782802e-03
3.691768768768768894e+01 4.968580901123836359e-03
3.695771771771772052e+01 4.938668811981191710e-03
3.699774774774775210e+01 4.908933301633009241e-03
3.703777777777778368e+01 4.879373394927924781e-03
3.707780780780780816e+01 4.849988121155807998e-03
3.711783783783783974e+01 4.820776514040301351e-03
3.715786786786787133e+01 4.791737611731232416e-03
3.719789789789790291e+01 4.762870456796772928e-03
3.723792792792792739e+01 4.734174096215478141e-03
3.727795795795795897e+01 4.705647581368069439e-03
3.731798798798799055e+01 4.677289968029099861e-03
3.735801801801802213e+01 4.649100316358489512e-03
3.739804804804805372e+01 4.621077690892778228e-03
3.743807807807807819e+01 4.593221160536343529e-03
3.747810810810810978e+01 4.565529798552308942e-03
3.751813813813814136e+01 4.538002682553491339e-03
3.755816816816817294e+01 4.510638894493017824e-03
3.759819819819820452e+01 4.483437520654850669e-03
3.763822822822822900e+01 4.456397651644245471e-03
3.767825825825826058e+01 4.429518382377907459e-03
3.771828828828829216e+01 4.402798812074195517e-03
3.775831831831832375e+01 4.376238044242989657e-03
3.779834834834834822e+01 4.349835186675595801e-03
3.783837837837837981e+01 4.323589351434396419e-03
3.787840840840841139e+01 4.297499654842492495e-03
3.791843843843844297e+01 4.271565217473059263e-03
3.795846846846847455e+01 4.245785164138747916e-03
3.799849849849849903e+01 4.220158623880854859e-03
3.803852852852853061e+01 4.194684729958401623e-03
3.807855855855856220e+01 4.169362619837138455e-03
3.811858858858859378e+01 4.144191435178390046e-03
3.815861861861861826e+01 4.119170321827789367e-03
3.819864864864864984e+01 4.094298429803958604e-03
3.823867867867868142e+01 4.069574913287007933e-03
3.827870870870871300e+01 4.044998930607051658e-03
3.831873873873874459e+01 4.020569644232458925e-03
3.835876876876876906e+01 3.996286220758163421e-03
3.839879879879880065e+01 3.972147830893804805e-03
3.843882882882883223e+01 3.948153649451774730e-03
3.847885885885886381e+01 3.924302855335205613e-03
3.851888888888889539e+01 3.900594631525853163e-03
3.855891891891891987e+01 3.877028165071897368e-03
3.859894894894895145e+01 3.853602647075673234e-03
3.863897897897898304e+01 3.830317272681291792e-03
3.867900900900901462e+01 3.807171241062221219e-03
3.871903903903903910e+01 3.784163755408794655e-03
3.875906906906907068e+01 3.761294022915588359e-03
3.879909909909910226e+01 3.738561254768769937e-03
3.883912912912913384e+01 3.715964666133428351e-03
3.887915915915916543e+01 3.693503476140727864e-03
3.891918918918918990e+01 3.671176907875067178e-03
3.895921921921922149e+01 3.648984188361193478e-03
3.899924924924925307e+01 3.626924548551185064e-03
3.903927927927928465e+01 3.604997223311437893e-03
3.907930930930930913e+01 3.583201451409581857e-03
3.911933933933934071e+01 3.561536475501311631e-03
3.915936936936937229e+01 3.540001542117214919e-03
3.919939939939940388e+01 3.518595901649491410e-03
3.923942942942943546e+01 3.497318808338686046e-03
3.927945945945945994e+01 3.476169520260317339e-03
3.931948948948949152e+01 3.455147299311506562e-03
3.935951951951952310e+01 3.434251411197518453e-03
3.939954954954955468e+01 3.413481125418300205e-03
3.943957957957957916e+01 3.392835715254977503e-03
3.947960960960961074e+01 3.372314457756251261e-03
3.951963963963964233e+01 3.351916633724848996e-03
3.955966966966967391e+01 3.331641527703881663e-03
3.959969969969970549e+01 3.311488427963167960e-03
3.963972972972972997e+01 3.291456626485563409e-03
3.967975975975976155e+01 3.271545418953212669e-03
3.971978978978979313e+01 3.251754104733785376e-03
3.975981981981982472e+01 3.232081986866734095e-03
3.979984984984985630e+01 3.212528372049442554e-03
3.983987987987988078e+01 3.193092570623424619e-03
3.987990990990991236e+01 3.173773896560416145e-03
3.991993993993994394e+01 3.154571667448572217e-03
3.995996996996997552e+01 3.135485204478480510e-03
4.000000000000000000e+01 3.116513832429322530e-03
