1.000000000000000021e-02 1.913748354322220075e-61
5.003003003003003712e-02 3.791756564879621794e-38
9.006006006006006537e-02 4.453098404540451995e-31
1.300900900900901214e-01 4.794588136933931735e-27
1.701201201201201496e-01 2.707167874034072714e-24
2.101501501501501779e-01 3.071621999079368444e-22
2.501801801801802339e-01 1.282571981963424637e-20
2.902102102102102621e-01 2.719349927902845559e-19
3.302402402402402903e-01 3.542460408835536248e-18
3.702702702702703186e-01 3.202205332654261602e-17
4.103003003003003468e-01 2.180577609188534445e-16
4.503303303303303751e-01 1.185271198882704953e-15
4.903603603603604588e-01 5.364569680745079498e-15
5.303903903903904871e-01 2.086858518167623105e-14
5.704204204204205153e-01 7.149450770560811891e-14
6.104504504504505435e-01 2.198706613287324777e-13
6.504804804804805718e-01 6.162959273354846622e-13
6.905105105105106000e-01 1.594004807427063291e-12
7.305405405405406283e-01 3.842861906663435750e-12
7.705705705705706565e-01 8.708073389456852055e-12
8.106006006006006848e-01 1.867834998485069223e-11
8.506306306306307130e-01 3.814871265410943696e-11
8.906606606606607413e-01 7.456614729834684375e-11
9.306906906906907695e-01 1.400906808092478888e-10
9.707207207207209088e-01 2.539290666205632381e-10
1.010750750750750937e+00 4.455219200472143837e-10
1.050780780780780965e+00 7.587865905440232798e-10
1.090810810810810993e+00 1.257636111762925426e-09
1.130840840840841022e+00 2.033008168445931228e-09
1.170870870870871050e+00 3.211646281646790188e-09
1.210900900900901078e+00 4.966877683014376971e-09
1.250930930930931106e+00 7.531628212948928314e-09
1.290960960960961135e+00 1.121390387670140207e-08
1.330990990990991163e+00 1.641495151206308706e-08
1.371021021021021191e+00 2.365028767304279338e-08
1.411051051051051219e+00 3.357375582462936063e-08
1.451081081081081248e+00 4.700473794746806107e-08
1.491111111111111276e+00 6.495860846855326868e-08
1.531141141141141304e+00 8.868047695511297839e-08
1.571171171171171332e+00 1.196822221769383640e-07
1.611201201201201361e+00 1.597827749194131265e-07
1.651231231231231389e+00 2.111515612653320180e-07
1.691261261261261417e+00 2.763549728696201327e-07
1.731291291291291445e+00 3.584056868781570265e-07
1.771321321321321474e+00 4.608146163633034135e-07
1.811351351351351502e+00 5.876452331469946969e-07
1.851381381381381530e+00 7.435699692415144783e-07
1.891411411411411558e+00 9.339283713384837551e-07
1.931441441441441809e+00 1.164786655193960624e-06
1.971471471471471837e+00 1.442998283665170748e-06
2.011501501501501643e+00 1.776265173725695077e-06
2.051531531531531449e+00 2.173199124103407903e-06
2.091561561561561700e+00 2.643383046244159876e-06
2.131591591591591506e+00 3.197431577025249379e-06
2.171621621621621756e+00 3.847050651875936048e-06
2.211651651651651562e+00 4.605095621503848509e-06
2.251681681681681813e+00 5.485627504019014486e-06
2.291711711711711619e+00 6.503966976598054773e-06
2.331741741741741869e+00 7.676745726615452210e-06
2.371771771771771675e+00 9.021954801036928965e-06
2.411801801801801926e+00 1.055898961446386304e-05
2.451831831831831732e+00 1.230869130016442750e-05
2.491861861861861982e+00 1.429338411435810858e-05
2.531891891891891788e+00 1.653690863156882549e-05
2.571921921921922038e+00 1.906465049767038346e-05
2.611951951951952289e+00 2.190356453697251486e-05
2.651981981981982095e+00 2.508219404000716055e-05
2.692012012012012345e+00 2.863068508926854732e-05
2.732042042042042151e+00 3.258079581073933153e-05
2.772072072072072402e+00 3.696590046934829942e-05
2.812102102102102208e+00 4.182098835629470437e-05
2.852132132132132458e+00 4.718265744523845784e-05
2.892162162162162264e+00 5.308910282248411483e-05
2.932192192192192515e+00 5.958009992333243468e-05
2.972222222222222321e+00 6.669698263256354704e-05
3.012252252252252571e+00 7.448261633145339888e-05
3.052282282282282377e+00 8.298136599669478093e-05
3.092312312312312628e+00 9.223905947801090449e-05
3.132342342342342434e+00 1.023029461010765485e-04
3.172372372372372684e+00 1.132216507605235178e-04
3.212402402402402490e+00 1.250451236843070789e-04
3.252432432432432741e+00 1.378245860655236263e-04
3.292462462462462547e+00 1.516124717708966789e-04
3.332492492492492797e+00 1.664623653466315079e-04
3.372522522522522603e+00 1.824289365521612858e-04
3.412552552552552854e+00 1.995678716605633039e-04
3.452582582582582660e+00 2.179358017710984264e-04
3.492612612612612910e+00 2.375902283845478800e-04
3.532642642642642716e+00 2.585894464957562075e-04
3.572672672672672967e+00 2.809924654602148414e-04
3.612702702702702773e+00 3.048589278925894520e-04
3.652732732732733023e+00 3.302490268549868914e-04
3.692762762762762829e+00 3.572234215914792750e-04
3.732792792792793080e+00 3.858431520630386190e-04
3.772822822822822886e+00 4.161695525337094116e-04
3.812852852852853136e+00 4.482641644545945579e-04
3.852882882882883386e+00 4.821886488871025638e-04
3.892912912912913193e+00 5.180046987010946714e-04
3.932942942942943443e+00 5.557739507769951862e-04
3.972972972972973249e+00 5.955578984337752150e-04
4.013003003003003499e+00 6.374178042970626932e-04
4.053033033033033306e+00 6.814146138134284485e-04
4.093063063063063112e+00 7.276088696083586604e-04
4.133093093093093806e+00 7.760606268764967501e-04
4.173123123123123612e+00 8.268293699835764987e-04
4.213153153153153418e+00 8.799739304500378036e-04
4.253183183183183225e+00 9.355524064767648754e-04
4.293213213213213919e+00 9.936220841636634465e-04
4.333243243243243725e+00 1.054239360562057642e-03
4.373273273273273531e+00 1.117459668692146477e-03
4.413303303303303338e+00 1.183337404646868764e-03
4.453333333333334032e+00 1.251925856893999420e-03
4.493363363363363838e+00 1.323277137878518155e-03
4.533393393393393644e+00 1.397442118017917529e-03
4.573423423423423451e+00 1.474470362173722080e-03
4.613453453453454145e+00 1.554410068673370152e-03
4.653483483483483951e+00 1.637308010947598810e-03
4.693513513513513757e+00 1.723209481839870589e-03
4.733543543543543564e+00 1.812158240635710921e-03
4.773573573573574258e+00 1.904196462851789375e-03
4.813603603603604064e+00 1.999364692816486908e-03
4.853633633633633870e+00 2.097701799066148745e-03
4.893663663663663677e+00 2.199244932573687483e-03
4.933693693693694371e+00 2.304029487819320068e-03
4.973723723723724177e+00 2.412089066706306784e-03
5.013753753753753983e+00 2.523455445318250993e-03
5.053783783783783790e+00 2.638158543508199207e-03
5.093813813813814484e+00 2.756226397304198730e-03
5.133843843843844290e+00 2.877685134110270250e-03
5.173873873873874096e+00 3.002558950676685167e-03
5.213903903903904791e+00 3.130870093808513482e-03
5.253933933933934597e+00 3.262638843776882128e-03
5.293963963963964403e+00 3.397883500393110608e-03
5.333993993993994209e+00 3.536620371701935592e-03
5.374024024024024904e+00 3.678863765246379817e-03
5.414054054054054710e+00 3.824625981853444368e-03
5.454084084084084516e+00 3.973917311886762498e-03
5.494114114114114322e+00 4.126746033909473900e-03
5.534144144144145017e+00 4.283118415698011425e-03
5.574174174174174823e+00 4.443038717545346773e-03
5.614204204204204629e+00 4.606509197790026496e-03
5.654234234234234435e+00 4.773530120505604414e-03
5.694264264264265130e+00 4.944099765283593850e-03
5.734294294294294936e+00 5.118214439041505678e-03
5.774324324324324742e+00 5.295868489786672607e-03
5.814354354354354548e+00 5.477054322265378743e-03
5.854384384384385243e+00 5.661762415426326890e-03
5.894414414414415049e+00 5.849981341626618245e-03
5.934444444444444855e+00 6.041697787508512781e-03
5.974474474474474661e+00 6.236896576474429410e-03
6.014504504504505356e+00 6.435560692688274687e-03
6.054534534534535162e+00 6.637671306530631976e-03
6.094564564564564968e+00 6.843207801436181764e-03
6.134594594594594774e+00 7.052147802041683865e-03
6.174624624624625469e+00 7.264467203573552259e-03
6.214654654654655275e+00 7.480140202404636160e-03
6.254684684684685081e+00 7.699139327710545141e-03
6.294714714714714887e+00 7.921435474156721807e-03
6.334744744744745581e+00 8.146997935548211389e-03
6.374774774774775388e+00 8.375794439375488024e-03
6.414804804804805194e+00 8.607791182190221296e-03
6.454834834834835888e+00 8.842952865746597085e-03
6.494864864864865694e+00 9.081242733844497109e-03
6.534894894894895501e+00 9.322622609812659597e-03
6.574924924924925307e+00 9.567052934570802192e-03
6.614954954954956001e+00 9.814492805211341361e-03
6.654984984984985807e+00 1.006490001404267837e-02
6.695015015015015614e+00 1.031823108803758653e-02
6.735045045045045420e+00 1.057444132863152864e-02
6.775075075075076114e+00 1.083348485181747159e-02
6.815105105105105920e+00 1.109531462848502813e-02
6.855135135135135727e+00 1.135988252495375578e-02
6.895165165165165533e+00 1.162713934365150470e-02
6.935195195195196227e+00 1.189703486389065944e-02
6.975225225225226033e+00 1.216951788269644667e-02
7.015255255255255840e+00 1.244453625564344301e-02
7.055285285285285646e+00 1.272203693765747677e-02
7.095315315315316340e+00 1.300196602374217338e-02
7.135345345345346146e+00 1.328426878959072625e-02
7.175375375375375953e+00 1.356888973204519767e-02
7.215405405405405759e+00 1.385577260936694810e-02
7.255435435435436453e+00 1.414486048128366265e-02
7.295465465465466259e+00 1.443609574877983796e-02
7.335495495495496066e+00 1.472942019359897194e-02
7.375525525525525872e+00 1.502477501742740217e-02
7.415555555555556566e+00 1.532210088073115463e-02
7.455585585585586372e+00 1.562133794121833841e-02
7.495615615615616179e+00 1.592242589190167798e-02
7.535645645645645985e+00 1.622530399873648235e-02
7.575675675675676679e+00 1.652991113781100696e-02
7.615705705705706485e+00 1.683618583206758154e-02
7.655735735735736291e+00 1.714406628753447140e-02
7.695765765765766986e+00 1.745349042904868753e-02
7.735795795795796792e+00 1.776439593545240184e-02
7.775825825825826598e+00 1.807672027424648067e-02
7.815855855855856404e+00 1.839040073568511471e-02
7.855885885885887099e+00 1.870537446629809072e-02
7.895915915915916905e+00 1.902157850182685864e-02
7.935945945945946711e+00 1.933894979956313556e-02
7.975975975975976517e+00 1.965742527007819859e-02
8.016006006006007212e+00 1.997694180833388053e-02
8.056036036036037018e+00 2.029743632416590796e-02
8.096066066066066824e+00 2.061884577213151520e-02
8.136096096096096630e+00 2.094110718071483246e-02
8.176126126126126437e+00 2.126415768088352892e-02
8.216156156156156243e+00 2.158793453399197523e-02
8.256186186186187825e+00 2.191237515902600894e-02
8.296216216216217632e+00 2.223741715918643030e-02
8.336246246246247438e+00 2.256299834780804356e-02
8.376276276276277244e+00 2.288905677361235610e-02
8.416306306306307050e+00 2.321553074529304414e-02
8.456336336336336856e+00 2.354235885543299808e-02
8.496366366366366663e+00 2.386948000375367640e-02
8.536396396396396469e+00 2.419683341969719112e-02
8.576426426426428051e+00 2.452435868434255789e-02
8.616456456456457857e+00 2.485199575165827901e-02
8.656486486486487664e+00 2.517968496909351109e-02
8.696516516516517470e+00 2.550736709751087392e-02
8.736546546546547276e+00 2.583498333046484186e-02
8.776576576576577082e+00 2.616247531282919064e-02
8.816606606606606888e+00 2.648978515877863094e-02
8.856636636636636695e+00 2.681685546912887172e-02
8.896666666666668277e+00 2.714362934804109839e-02
8.936696696696698083e+00 2.747005041909620845e-02
8.976726726726727890e+00 2.779606284074497349e-02
9.016756756756757696e+00 2.812161132114072634e-02
9.056786786786787502e+00 2.844664113236102659e-02
9.096816816816817308e+00 2.877109812402557296e-02
9.136846846846847114e+00 2.909492873631784604e-02
9.176876876876878697e+00 2.941808001241762172e-02
9.216906906906908503e+00 2.974049961035265741e-02
9.256936936936938309e+00 3.006213581427745821e-02
9.296966966966968116e+00 3.038293754518728643e-02
9.336996996996997922e+00 3.070285437107600837e-02
9.377027027027027728e+00 3.102183651654627505e-02
9.417057057057057534e+00 3.133983487188127942e-02
9.457087087087087340e+00 3.165680100158634741e-02
9.497117117117118923e+00 3.197268715240985520e-02
9.537147147147148729e+00 3.228744626085287145e-02
9.577177177177178535e+00 3.260103196017601068e-02
9.617207207207208342e+00 3.291339858691385428e-02
9.657237237237238148e+00 3.322450118690568888e-02
9.697267267267267954e+00 3.353429552085220727e-02
9.737297297297297760e+00 3.384273806940819862e-02
9.777327327327327566e+00 3.414978603781978345e-02
9.817357357357359149e+00 3.445539736011727500e-02
9.857387387387388955e+00 3.475953070287168822e-02
9.897417417417418761e+00 3.506214546852624153e-02
9.937447447447448567e+00 3.536320179831070609e-02
9.977477477477478374e+00 3.566266057475019069e-02
1.001750750750750818e+01 3.596048342377591855e-02
1.005753753753753799e+01 3.625663271644971597e-02
1.009756756756756779e+01 3.655107157030981074e-02
1.013759759759759937e+01 3.684376385034893175e-02
1.017762762762762918e+01 3.713467416963354972e-02
1.021765765765765899e+01 3.742376788957350181e-02
1.025768768768768879e+01 3.771101111985188797e-02
1.029771771771771860e+01 3.799637071802434984e-02
1.033774774774774841e+01 3.827981428879654452e-02
1.037777777777777821e+01 3.856131018298953467e-02
1.041780780780780979e+01 3.884082749620205305e-02
1.045783783783783960e+01 3.911833606717787792e-02
1.049786786786786941e+01 3.939380647588889423e-02
1.053789789789789921e+01 3.966721004134036999e-02
1.057792792792792902e+01 3.993851881910912005e-02
1.061795795795795883e+01 4.020770559862221066e-02
1.065798798798798863e+01 4.047474390018467039e-02
1.069801801801801844e+01 4.073960797176462423e-02
1.073804804804805002e+01 4.100227278554501725e-02
1.077807807807807983e+01 4.126271403424811718e-02
1.081810810810810963e+01 4.152090812724322511e-02
1.085813813813813944e+01 4.177683218644347857e-02
1.089816816816816925e+01 4.203046404200069808e-02
1.093819819819819905e+01 4.228178222780581280e-02
1.097822822822822886e+01 4.253076597680202631e-02
1.101825825825825866e+01 4.277739521611816781e-02
1.105828828828829025e+01 4.302165056203043764e-02
1.109831831831832005e+01 4.326351331475836864e-02
1.113834834834834986e+01 4.350296545310307350e-02
1.117837837837837967e+01 4.373998962893418246e-02
1.121840840840840947e+01 4.397456916153266726e-02
1.125843843843843928e+01 4.420668803179577527e-02
1.129846846846846908e+01 4.443633087631101292e-02
1.133849849849849889e+01 4.466348298130520811e-02
1.137852852852853047e+01 4.488813027647542420e-02
1.141855855855856028e+01 4.511025932870726257e-02
1.145858858858859008e+01 4.532985733568722225e-02
1.149861861861861989e+01 4.554691211941461898e-02
1.153864864864864970e+01 4.576141211961872596e-02
1.157867867867867950e+01 4.597334638708727717e-02
1.161870870870870931e+01 4.618270457691119740e-02
1.165873873873874089e+01 4.638947694165181795e-02
1.169876876876877070e+01 4.659365432443456773e-02
1.173879879879880050e+01 4.679522815197589142e-02
1.177882882882883031e+01 4.699419042754697518e-02
1.181885885885886012e+01 4.719053372387974066e-02
1.185888888888888992e+01 4.738425117602047126e-02
1.189891891891891973e+01 4.757533647413442895e-02
1.193894894894894954e+01 4.776378385626727646e-02
1.197897897897898112e+01 4.794958810106694780e-02
1.201900900900901092e+01 4.813274452047031082e-02
1.205903903903904073e+01 4.831324895235956235e-02
1.209906906906907054e+01 4.849109775319105503e-02
1.213909909909910034e+01 4.866628779060226673e-02
1.217912912912913015e+01 4.883881643599876504e-02
1.221915915915915996e+01 4.900868155712689161e-02
1.225918918918918976e+01 4.917588151063445601e-02
1.229921921921922134e+01 4.934041513462309597e-02
1.233924924924925115e+01 4.950228174119667562e-02
1.237927927927928096e+01 4.966148110900776846e-02
1.241930930930931076e+01 4.981801347580642331e-02
1.245933933933934057e+01 4.997187953099357927e-02
1.249936936936937038e+01 5.012308040818308497e-02
1.253939939939940018e+01 5.027161767777397344e-02
1.257942942942942999e+01 5.041749333953709361e-02
1.261945945945946157e+01 5.056070981521783997e-02
1.265948948948949138e+01 5.070126994115834590e-02
1.269951951951952118e+01 5.083917696094120142e-02
1.273954954954955099e+01 5.097443451805727666e-02
1.277957957957958079e+01 5.110704664860019758e-02
1.281960960960961060e+01 5.123701777398958351e-02
1.285963963963964041e+01 5.136435269372519735e-02
1.289966966966967199e+01 5.148905657817436782e-02
1.293969969969970180e+01 5.161113496139445311e-02
1.297972972972973160e+01 5.173059373399253175e-02
1.301975975975976141e+01 5.184743913602399279e-02
1.305978978978979121e+01 5.196167774993203786e-02
1.309981981981982102e+01 5.207331649352954506e-02
1.313984984984985083e+01 5.218236261302533485e-02
1.317987987987988063e+01 5.228882367609603843e-02
1.321990990990991222e+01 5.239270756500537946e-02
1.325993993993994202e+01 5.249402246977202813e-02
1.329996996996997183e+01 5.259277688138793566e-02
1.334000000000000163e+01 5.268897958508753088e-02
1.338003003003003144e+01 5.278263965367015198e-02
1.342006006006006125e+01 5.287376644087603966e-02
1.346009009009009105e+01 5.296236957481741114e-02
1.350012012012012086e+01 5.304845895146567680e-02
1.354015015015015244e+01 5.313204472819543778e-02
1.358018018018018225e+01 5.321313731738706865e-02
1.362021021021021205e+01 5.329174738008774642e-02
1.366024024024024186e+01 5.336788581973230666e-02
1.370027027027027167e+01 5.344156377592505086e-02
1.374030030030030147e+01 5.351279261828243566e-02
1.378033033033033128e+01 5.358158394033797622e-02
1.382036036036036108e+01 5.364794955350978001e-02
1.386039039039039267e+01 5.371190148113137719e-02
1.390042042042042247e+01 5.377345195254618071e-02
1.394045045045045228e+01 5.383261339726647110e-02
1.398048048048048209e+01 5.388939843919698935e-02
1.402051051051051189e+01 5.394381989092389418e-02
1.406054054054054170e+01 5.399589074806895872e-02
1.410057057057057150e+01 5.404562418371013782e-02
1.414060060060060309e+01 5.409303354286806170e-02
1.418063063063063289e+01 5.413813233705897648e-02
1.422066066066066270e+01 5.418093423891459648e-02
1.426069069069069251e+01 5.422145307686877802e-02
1.430072072072072231e+01 5.425970282991100790e-02
1.434075075075075212e+01 5.429569762240771258e-02
1.438078078078078192e+01 5.432945171899006970e-02
1.442081081081081173e+01 5.436097951950971674e-02
1.446084084084084331e+01 5.439029555406171834e-02
1.450087087087087312e+01 5.441741447807475068e-02
1.454090090090090293e+01 5.444235106746882907e-02
1.458093093093093273e+01 5.446512021388038444e-02
1.462096096096096254e+01 5.448573691995428625e-02
1.466099099099099234e+01 5.450421629470329765e-02
1.470102102102102215e+01 5.452057354893453250e-02
1.474105105105105196e+01 5.453482399074236625e-02
1.478108108108108354e+01 5.454698302106865404e-02
1.482111111111111335e+01 5.455706612932892385e-02
1.486114114114114315e+01 5.456508888910498872e-02
1.490117117117117296e+01 5.457106695390383927e-02
1.494120120120120276e+01 5.457501605298183123e-02
1.498123123123123257e+01 5.457695198723486185e-02
1.502126126126126238e+01 5.457689062515344580e-02
1.506129129129129218e+01 5.457484789884282234e-02
1.510132132132132377e+01 5.457083980010758728e-02
1.514135135135135357e+01 5.456488237660067631e-02
1.518138138138138338e+01 5.455699172803602642e-02
1.522141141141141318e+01 5.454718400246490878e-02
1.526144144144144299e+01 5.453547539261530130e-02
1.530147147147147280e+01 5.452188213229405833e-02
1.534150150150150260e+01 5.450642049285122498e-02
1.538153153153153418e+01 5.448910677970655175e-02
1.542156156156156399e+01 5.446995732893702286e-02
1.546159159159159380e+01 5.444898850392582146e-02
1.550162162162162360e+01 5.442621669207152457e-02
1.554165165165165341e+01 5.440165830155760385e-02
1.558168168168168322e+01 5.437532975818143433e-02
1.562171171171171302e+01 5.434724750224230461e-02
1.566174174174174283e+01 5.431742798548835210e-02
1.570177177177177441e+01 5.428588766812138255e-02
1.574180180180180422e+01 5.425264301585943499e-02
1.578183183183183402e+01 5.421771049705637058e-02
1.582186186186186383e+01 5.418110657987815909e-02
1.586189189189189364e+01 5.414284772953514846e-02
1.590192192192192344e+01 5.410295040556985235e-02
1.594195195195195325e+01 5.406143105919985342e-02
1.598198198198198305e+01 5.401830613071494785e-02
1.602201201201201641e+01 5.397359204692846191e-02
1.606204204204204444e+01 5.392730521868165788e-02
1.610207207207207603e+01 5.387946203840110471e-02
1.614210210210210406e+01 5.383007887770827754e-02
1.618213213213213564e+01 5.377917208508078972e-02
1.622216216216216722e+01 5.372675798356473659e-02
1.626219219219219525e+01 5.367285286853767240e-02
1.630222222222222683e+01 5.361747300552145018e-02
1.634225225225225486e+01 5.356063462804463299e-02
1.638228228228228645e+01 5.350235393555364399e-02
1.642231231231231448e+01 5.344264709137215574e-02
1.646234234234234606e+01 5.338153022070833004e-02
1.650237237237237764e+01 5.331901940870911044e-02
1.654240240240240567e+01 5.325513069856096376e-02
1.658243243243243725e+01 5.318988008963680680e-02
1.662246246246246528e+01 5.312328353568819550e-02
1.666249249249249686e+01 5.305535694308240180e-02
1.670252252252252489e+01 5.298611616908378841e-02
1.674255255255255648e+01 5.291557702017876674e-02
1.678258258258258806e+01 5.284375525044403277e-02
1.682261261261261609e+01 5.277066655995722028e-02
1.686264264264264767e+01 5.269632659324960389e-02
1.690267267267267570e+01 5.262075093780024804e-02
1.694270270270270728e+01 5.254395512257091505e-02
1.698273273273273531e+01 5.246595461658137838e-02
1.702276276276276690e+01 5.238676482752437080e-02
1.706279279279279493e+01 5.230640110041978597e-02
1.710282282282282651e+01 5.222487871630743239e-02
1.714285285285285809e+01 5.214221289097788897e-02
1.718288288288288612e+01 5.205841877374085824e-02
1.722291291291291770e+01 5.197351144623047620e-02
1.726294294294294573e+01 5.188750592124708599e-02
1.730297297297297732e+01 5.180041714163483718e-02
1.734300300300300535e+01 5.171225997919463857e-02
1.738303303303303693e+01 5.162304923363192355e-02
1.742306306306306851e+01 5.153279963153867965e-02
1.746309309309309654e+01 5.144152582540927054e-02
1.750312312312312812e+01 5.134924239268931490e-02
1.754315315315315615e+01 5.125596383485751806e-02
1.758318318318318774e+01 5.116170457653939491e-02
1.762321321321321577e+01 5.106647896465293934e-02
1.766324324324324735e+01 5.097030126758515800e-02
1.770327327327327538e+01 5.087318567439954448e-02
1.774330330330330696e+01 5.077514629407343244e-02
1.778333333333333854e+01 5.067619715476519293e-02
1.782336336336336657e+01 5.057635220311050561e-02
1.786339339339339816e+01 5.047562530354723215e-02
1.790342342342342619e+01 5.037403023766862109e-02
1.794345345345345777e+01 5.027158070360403935e-02
1.798348348348348580e+01 5.016829031542708456e-02
1.802351351351351738e+01 5.006417260259031499e-02
1.806354354354354896e+01 4.995924100938630569e-02
1.810357357357357699e+01 4.985350889443458666e-02
1.814360360360360858e+01 4.974698953019378311e-02
1.818363363363363661e+01 4.963969610249889530e-02
1.822366366366366819e+01 4.953164171012271189e-02
1.826369369369369622e+01 4.942283936436157182e-02
1.830372372372372780e+01 4.931330198864443404e-02
1.834375375375375938e+01 4.920304241816522706e-02
1.838378378378378741e+01 4.909207339953784027e-02
1.842381381381381900e+01 4.898040759047330578e-02
1.846384384384384703e+01 4.886805755947913610e-02
1.850387387387387861e+01 4.875503578557961043e-02
1.854390390390390664e+01 4.864135465805757841e-02
1.858393393393393822e+01 4.852702647621649767e-02
1.862396396396396625e+01 4.841206344916294813e-02
1.866399399399399783e+01 4.829647769560869996e-02
1.870402402402402942e+01 4.818028124369250209e-02
1.874405405405405745e+01 4.806348603082064713e-02
1.878408408408408903e+01 4.794610390352618823e-02
1.882411411411411706e+01 4.782814661734670347e-02
1.886414414414414864e+01 4.770962583671949780e-02
1.890417417417417667e+01 4.759055313489476968e-02
1.894420420420420825e+01 4.747093999386555602e-02
1.898423423423423984e+01 4.735079780431476759e-02
1.902426426426426787e+01 4.723013786557839905e-02
1.906429429429429945e+01 4.710897138562504527e-02
1.910432432432432748e+01 4.698730948105096089e-02
1.914435435435435906e+01 4.686516317709060742e-02
1.918438438438438709e+01 4.674254340764227161e-02
1.922441441441441867e+01 4.661946101530830416e-02
1.926444444444445026e+01 4.649592675144986753e-02
1.930447447447447828e+01 4.637195127625561714e-02
1.934450450450450987e+01 4.624754515882421174e-02
1.938453453453453790e+01 4.612271887726026448e-02
1.942456456456456948e+01 4.599748281878322798e-02
1.946459459459459751e+01 4.587184727984942867e-02
1.950462462462462909e+01 4.574582246628621646e-02
1.954465465465465712e+01 4.561941849343858352e-02
1.958468468468468870e+01 4.549264538632760008e-02
1.962471471471472029e+01 4.536551307982045200e-02
1.966474474474474832e+01 4.523803141881186513e-02
1.970477477477477990e+01 4.511021015841653464e-02
1.974480480480480793e+01 4.498205896417236532e-02
1.978483483483483951e+01 4.485358741225411311e-02
1.982486486486486754e+01 4.472480498969751833e-02
1.986489489489489912e+01 4.459572109463298684e-02
1.990492492492493071e+01 4.446634503652941578e-02
1.994495495495495874e+01 4.433668603644717182e-02
1.998498498498499032e+01 4.420675322730033274e-02
2.002501501501501835e+01 4.407655565412800514e-02
2.006504504504504993e+01 4.394610227437410060e-02
2.010507507507507796e+01 4.381540195817582029e-02
2.014510510510510954e+01 4.368446348866015377e-02
2.018513513513513757e+01 4.355329556224857290e-02
2.022516516516516916e+01 4.342190678896920564e-02
2.026519519519520074e+01 4.329030569277689949e-02
2.030522522522522877e+01 4.315850071188018916e-02
2.034525525525526035e+01 4.302650019907575812e-02
2.038528528528528838e+01 4.289431242208941591e-02
2.042531531531531996e+01 4.276194556392398649e-02
2.046534534534534799e+01 4.262940772321356653e-02
2.050537537537537958e+01 4.249670691458394545e-02
2.054540540540541116e+01 4.236385106901928432e-02
2.058543543543543919e+01 4.223084803423440142e-02
2.062546546546547077e+01 4.209770557505292110e-02
2.066549549549549880e+01 4.196443137379072402e-02
2.070552552552553038e+01 4.183103303064480971e-02
2.074555555555555841e+01 4.169751806408714123e-02
2.078558558558559000e+01 4.156389391126349281e-02
2.082561561561562158e+01 4.143016792839694651e-02
2.086564564564564961e+01 4.129634739119605880e-02
2.090567567567568119e+01 4.116243949526725288e-02
2.094570570570570922e+01 4.102845135653163805e-02
2.098573573573574080e+01 4.089439001164565241e-02
2.102576576576576883e+01 4.076026241842583414e-02
2.106579579579580042e+01 4.062607545627706235e-02
2.110582582582582845e+01 4.049183592662470438e-02
2.114585585585586003e+01 4.035755055334977470e-02
2.118588588588589161e+01 4.022322598322779219e-02
2.122591591591591964e+01 4.008886878637045459e-02
2.126594594594595122e+01 3.995448545667035223e-02
2.130597597597597925e+01 3.982008241224867240e-02
2.134600600600601084e+01 3.968566599590536703e-02
2.138603603603603887e+01 3.955124247557216532e-02
2.142606606606607045e+01 3.941681804476763334e-02
2.146609609609610203e+01 3.928239882305491898e-02
2.150612612612613006e+01 3.914799085650141203e-02
2.154615615615616164e+01 3.901360011814052065e-02
2.158618618618618967e+01 3.887923250843541151e-02
2.162621621621622126e+01 3.874489385574438755e-02
2.166624624624624929e+01 3.861058991678816693e-02
2.170627627627628087e+01 3.847632637711852904e-02
2.174630630630630890e+01 3.834210885158852861e-02
2.178633633633634048e+01 3.820794288482395884e-02
2.182636636636637206e+01 3.807383395169605667e-02
2.186639639639640009e+01 3.793978745779545692e-02
2.190642642642643168e+01 3.780580873990686819e-02
2.194645645645645970e+01 3.767190306648500464e-02
2.198648648648649129e+01 3.753807563813103820e-02
2.202651651651651932e+01 3.740433158806999447e-02
2.206654654654655090e+01 3.727067598262855108e-02
2.210657657657658248e+01 3.713711382171354380e-02
2.214660660660661051e+01 3.700365003929077801e-02
2.218663663663664209e+01 3.687028950386421478e-02
2.222666666666667012e+01 3.673703701895550400e-02
2.226669669669670171e+01 3.660389732358342724e-02
2.230672672672672974e+01 3.647087509274382633e-02
2.234675675675676132e+01 3.633797493788908789e-02
2.238678678678679290e+01 3.620520140740792620e-02
2.242681681681682093e+01 3.607255898710473585e-02
2.246684684684685251e+01 3.594005210067888201e-02
2.250687687687688054e+01 3.580768511020362282e-02
2.254690690690691213e+01 3.567546231660457395e-02
2.258693693693694016e+01 3.554338796013799262e-02
2.262696696696697174e+01 3.541146622086806250e-02
2.266699699699699977e+01 3.527970121914415780e-02
2.270702702702703135e+01 3.514809701607697623e-02
2.274705705705706293e+01 3.501665761401424881e-02
2.278708708708709096e+01 3.488538695701556142e-02
2.282711711711712255e+01 3.475428893132622571e-02
2.286714714714715058e+01 3.462336736585060887e-02
2.290717717717718216e+01 3.449262603262397836e-02
2.294720720720721019e+01 3.436206864728375693e-02
2.298723723723724177e+01 3.423169886953963958e-02
2.302726726726727335e+01 3.410152030364232284e-02
2.306729729729730138e+01 3.397153649885135962e-02
2.310732732732733297e+01 3.384175094990164723e-02
2.314735735735736100e+01 3.371216709746868712e-02
2.318738738738739258e+01 3.358278832863238056e-02
2.322741741741742061e+01 3.345361797733976267e-02
2.326744744744745219e+01 3.332465932486593924e-02
2.330747747747748377e+01 3.319591560027385091e-02
2.334750750750751180e+01 3.306738998087244835e-02
2.338753753753754339e+01 3.293908559267318126e-02
2.342756756756757142e+01 3.281100551084521061e-02
2.346759759759760300e+01 3.268315276016865029e-02
2.350762762762763103e+01 3.255553031548647641e-02
2.354765765765766261e+01 3.242814110215439666e-02
2.358768768768769064e+01 3.230098799648933872e-02
2.362771771771772222e+01 3.217407382621586404e-02
2.366774774774775381e+01 3.204740137091103419e-02
2.370777777777778184e+01 3.192097336244725109e-02
2.374780780780781342e+01 3.179479248543329306e-02
2.378783783783784145e+01 3.166886137765356768e-02
2.382786786786787303e+01 3.154318263050518573e-02
2.386789789789790106e+01 3.141775878943349476e-02
2.390792792792793264e+01 3.129259235436508690e-02
2.394795795795796423e+01 3.116768578013934948e-02
2.398798798798799226e+01 3.104304147693759397e-02
2.402801801801802384e+01 3.091866181071030451e-02
2.406804804804805187e+01 3.079454910360235331e-02
2.410807807807808345e+01 3.067070563437588812e-02
2.414810810810811148e+01 3.054713363883142588e-02
2.418813813813814306e+01 3.042383531022650398e-02
2.422816816816817109e+01 3.030081279969237124e-02
2.426819819819820268e+01 3.017806821664841335e-02
2.430822822822823426e+01 3.005560362921435094e-02
2.434825825825826229e+01 2.993342106462032817e-02
2.438828828828829387e+01 2.981152250961465952e-02
2.442831831831832190e+01 2.968990991086937342e-02
2.446834834834835348e+01 2.956858517538350772e-02
2.450837837837838151e+01 2.944755017088416735e-02
2.454840840840841310e+01 2.932680672622509782e-02
2.458843843843844468e+01 2.920635663178323613e-02
2.462846846846847271e+01 2.908620163985275314e-02
2.466849849849850429e+01 2.896634346503673338e-02
2.470852852852853232e+01 2.884678378463674184e-02
2.474855855855856390e+01 2.872752423903984775e-02
2.478858858858859193e+01 2.860856643210326830e-02
2.482861861861862351e+01 2.848991193153681961e-02
2.486864864864865510e+01 2.837156226928283162e-02
2.490867867867868313e+01 2.825351894189380431e-02
2.494870870870871471e+01 2.813578341090749654e-02
2.498873873873874274e+01 2.801835710321986389e-02
2.502876876876877432e+01 2.790124141145533185e-02
2.506879879879880235e+01 2.778443769433488683e-02
2.510882882882883393e+01 2.766794727704157200e-02
2.514885885885886196e+01 2.755177145158373142e-02
2.518888888888889355e+01 2.743591147715564865e-02
2.522891891891892513e+01 2.732036858049592676e-02
2.526894894894895316e+01 2.720514395624336682e-02
2.530897897897898474e+01 2.709023876729036232e-02
2.534900900900901277e+01 2.697565414513394821e-02
2.538903903903904435e+01 2.686139119022442137e-02
2.542906906906907238e+01 2.674745097231140747e-02
2.546909909909910397e+01 2.663383453078762425e-02
2.550912912912913555e+01 2.652054287503013974e-02
2.554915915915916358e+01 2.640757698473921236e-02
2.558918918918919516e+01 2.629493781027462951e-02
2.562921921921922319e+01 2.618262627298978754e-02
2.566924924924925477e+01 2.607064326556310721e-02
2.570927927927928280e+01 2.595898965232715586e-02
2.574930930930931439e+01 2.584766626959534436e-02
2.578933933933934597e+01 2.573667392598616779e-02
2.582936936936937400e+01 2.562601340274498971e-02
2.586939939939940558e+01 2.551568545406337693e-02
2.590942942942943361e+01 2.540569080739622093e-02
2.594945945945946519e+01 2.529603016377609398e-02
2.598948948948949322e+01 2.518670419812561734e-02
2.602951951951952481e+01 2.507771355956695675e-02
2.606954954954955284e+01 2.496905887172936114e-02
2.610957957957958442e+01 2.486074073305398133e-02
2.614960960960961600e+01 2.475275971709649594e-02
2.618963963963964403e+01 2.464511637282718048e-02
2.622966966966967561e+01 2.453781122492874195e-02
2.626969969969970364e+01 2.443084477409173880e-02
2.630972972972973523e+01 2.432421749730757227e-02
2.634975975975976326e+01 2.421792984815918440e-02
2.638978978978979484e+01 2.411198225710933438e-02
2.642981981981982642e+01 2.400637513178669954e-02
2.646984984984985445e+01 2.390110885726935350e-02
2.650987987987988603e+01 2.379618379636608966e-02
2.654990990990991406e+01 2.369160028989549319e-02
2.658993993993994565e+01 2.358735865696243508e-02
2.662996996996997368e+01 2.348345919523261993e-02
2.667000000000000526e+01 2.337990218120438585e-02
2.671003003003003329e+01 2.327668787047866908e-02
2.675006006006006487e+01 2.317381649802631449e-02
2.679009009009009645e+01 2.307128827845331825e-02
2.683012012012012448e+01 2.296910340626378069e-02
2.687015015015015607e+01 2.286726205612048951e-02
2.691018018018018410e+01 2.276576438310339706e-02
2.695021021021021568e+01 2.266461052296575920e-02
2.699024024024024371e+01 2.256380059238809188e-02
2.703027027027027529e+01 2.246333468922986909e-02
2.707030030030030687e+01 2.236321289277908367e-02
2.711033033033033490e+01 2.226343526399950784e-02
2.715036036036036649e+01 2.216400184577584434e-02
2.719039039039039451e+01 2.206491266315663974e-02
2.723042042042042610e+01 2.196616772359509875e-02
2.727045045045045413e+01 2.186776701718763649e-02
2.731048048048048571e+01 2.176971051691040451e-02
2.735051051051051729e+01 2.167199817885356525e-02
2.739054054054054532e+01 2.157462994245353677e-02
2.743057057057057690e+01 2.147760573072297896e-02
2.747060060060060493e+01 2.138092545047892354e-02
2.751063063063063652e+01 2.128458899256846851e-02
2.755066066066066455e+01 2.118859623209277607e-02
2.759069069069069613e+01 2.109294702862856905e-02
2.763072072072072416e+01 2.099764122644803138e-02
2.767075075075075574e+01 2.090267865473620368e-02
2.771078078078078732e+01 2.080805912780670994e-02
2.775081081081081535e+01 2.071378244531528467e-02
2.779084084084084694e+01 2.061984839247118367e-02
2.783087087087087497e+01 2.052625674024689470e-02
2.787090090090090655e+01 2.043300724558546819e-02
2.791093093093093458e+01 2.034009965160630401e-02
2.795096096096096616e+01 2.024753368780852353e-02
2.799099099099099774e+01 2.015530907027274568e-02
2.803102102102102577e+01 2.006342550186068080e-02
2.807105105105105736e+01 1.997188267241295501e-02
2.811108108108108539e+01 1.988068025894484947e-02
2.815111111111111697e+01 1.978981792584030147e-02
2.819114114114114500e+01 1.969929532504394176e-02
2.823117117117117658e+01 1.960911209625106066e-02
2.827120120120120816e+01 1.951926786709611006e-02
2.831123123123123619e+01 1.942976225333893983e-02
2.835126126126126778e+01 1.934059485904940368e-02
2.839129129129129581e+01 1.925176527679007057e-02
2.843132132132132739e+01 1.916327308779707667e-02
2.847135135135135542e+01 1.907511786215929442e-02
2.851138138138138700e+01 1.898729915899547913e-02
2.855141141141141503e+01 1.889981652662986109e-02
2.859144144144144661e+01 1.881266950276574285e-02
2.863147147147147820e+01 1.872585761465762888e-02
2.867150150150150623e+01 1.863938037928119379e-02
2.871153153153153781e+01 1.855323730350186967e-02
2.875156156156156584e+01 1.846742788424151141e-02
2.879159159159159742e+01 1.838195160864342093e-02
2.883162162162162545e+01 1.829680795423570608e-02
2.887165165165165703e+01 1.821199638909273485e-02
2.891168168168168862e+01 1.812751637199520871e-02
2.895171171171171665e+01 1.804336735258839017e-02
2.899174174174174823e+01 1.795954877153861651e-02
2.903177177177177626e+01 1.787606006068842221e-02
2.907180180180180784e+01 1.779290064320967341e-02
2.911183183183183587e+01 1.771006993375547067e-02
2.915186186186186745e+01 1.762756733861007077e-02
2.919189189189189548e+01 1.754539225583753165e-02
2.923192192192192707e+01 1.746354407542858450e-02
2.927195195195195865e+01 1.738202217944590303e-02
2.931198198198198668e+01 1.730082594216804381e-02
2.935201201201201826e+01 1.721995473023154796e-02
2.939204204204204629e+01 1.713940790277173470e-02
2.943207207207207787e+01 1.705918481156182623e-02
2.947210210210210590e+01 1.697928480115065350e-02
2.951213213213213749e+01 1.689970720899875573e-02
2.955216216216216907e+01 1.682045136561317877e-02
2.959219219219219710e+01 1.674151659468050071e-02
2.963222222222222868e+01 1.666290221319875406e-02
2.967225225225225671e+01 1.658460753160754739e-02
2.971228228228228829e+01 1.650663185391694487e-02
2.975231231231231632e+01 1.642897447783494766e-02
2.979234234234234791e+01 1.635163469489336885e-02
2.983237237237237949e+01 1.627461179057244911e-02
2.987240240240240752e+01 1.619790504442407408e-02
2.991243243243243910e+01 1.612151373019346870e-02
2.995246246246246713e+01 1.604543711593975699e-02
2.999249249249249871e+01 1.596967446415487740e-02
3.003252252252252674e+01 1.589422503188136007e-02
3.007255255255255832e+01 1.581908807082866783e-02
3.011258258258258635e+01 1.574426282748827774e-02
3.015261261261261794e+01 1.566974854324729508e-02
3.019264264264264952e+01 1.559554445450095882e-02
3.023267267267267755e+01 1.552164979276371426e-02
3.027270270270270913e+01 1.544806378477899499e-02
3.031273273273273716e+01 1.537478565262788421e-02
3.035276276276276874e+01 1.530181461383628427e-02
3.039279279279279677e+01 1.522914988148101750e-02
3.043282282282282836e+01 1.515679066429461395e-02
3.047285285285285994e+01 1.508473616676885530e-02
3.051288288288288797e+01 1.501298558925714087e-02
3.055291291291291955e+01 1.494153812807558906e-02
3.059294294294294758e+01 1.487039297560296958e-02
3.063297297297297916e+01 1.479954932037946119e-02
3.067300300300300719e+01 1.472900634720425948e-02
3.071303303303303878e+01 1.465876323723185048e-02
3.075306306306307036e+01 1.458881916806737539e-02
3.079309309309309839e+01 1.451917331386066816e-02
3.083312312312312997e+01 1.444982484539914652e-02
3.087315315315315800e+01 1.438077293019977485e-02
3.091318318318318958e+01 1.431201673259964446e-02
3.095321321321321761e+01 1.424355541384564501e-02
3.099324324324324920e+01 1.417538813218292663e-02
3.103327327327327723e+01 1.410751404294235435e-02
3.107330330330330881e+01 1.403993229862683483e-02
3.111333333333334039e+01 1.397264204899654159e-02
3.115336336336336842e+01 1.390564244115323131e-02
3.119339339339340000e+01 1.383893261962328147e-02
3.123342342342342803e+01 1.377251172643992154e-02
3.127345345345345962e+01 1.370637890122425144e-02
3.131348348348348765e+01 1.364053328126542397e-02
3.135351351351351923e+01 1.357497400159956256e-02
3.139354354354355081e+01 1.350970019508798171e-02
3.143357357357357884e+01 1.344471099249417746e-02
3.147360360360361042e+01 1.338000552255993493e-02
3.151363363363363845e+01 1.331558291208045398e-02
3.155366366366367004e+01 1.325144228597850173e-02
3.159369369369369807e+01 1.318758276737767160e-02
3.163372372372372965e+01 1.312400347767453228e-02
3.167375375375375768e+01 1.306070353661007571e-02
3.171378378378378926e+01 1.299768206234000467e-02
3.175381381381382084e+01 1.293493817150428646e-02
3.179384384384384887e+01 1.287247097929568665e-02
3.183387387387388046e+01 1.281027959952740249e-02
3.187390390390390849e+01 1.274836314469993646e-02
3.191393393393394007e+01 1.268672072606686317e-02
3.195396396396396810e+01 1.262535145369992999e-02
3.199399399399399968e+01 1.256425443655316727e-02
3.203402402402402771e+01 1.250342878252623698e-02
3.207405405405405929e+01 1.244287359852675433e-02
3.211408408408408377e+01 1.238258799053202665e-02
3.215411411411411535e+01 1.232257106364968886e-02
3.219414414414414694e+01 1.226282192217776831e-02
3.223417417417417852e+01 1.220333966966372606e-02
3.227420420420420299e+01 1.214412340896277656e-02
3.231423423423423458e+01 1.208517224229545273e-02
3.235426426426426616e+01 1.202648527130428975e-02
3.239429429429429774e+01 1.196806159710978035e-02
3.243432432432432933e+01 1.190990032036551814e-02
3.247435435435435380e+01 1.185200054131259860e-02
3.251438438438438538e+01 1.179436135983326708e-02
3.255441441441441697e+01 1.173698187550377761e-02
3.259444444444444855e+01 1.167986118764651089e-02
3.263447447447448013e+01 1.162299839538143142e-02
3.267450450450450461e+01 1.156639259767666336e-02
3.271453453453453619e+01 1.151004289339846963e-02
3.275456456456456777e+01 1.145394838136050072e-02
3.279459459459459936e+01 1.139810816037228718e-02
3.283462462462462383e+01 1.134252132928705720e-02
3.287465465465465542e+01 1.128718698704880320e-02
3.291468468468468700e+01 1.123210423273882964e-02
3.295471471471471858e+01 1.117727216562136756e-02
3.299474474474475016e+01 1.112268988518879190e-02
3.303477477477477464e+01 1.106835649120595406e-02
3.307480480480480622e+01 1.101427108375390741e-02
3.311483483483483781e+01 1.096043276327310703e-02
3.315486486486486939e+01 1.090684063060581160e-02
3.319489489489489387e+01 1.085349378703789197e-02
3.323492492492492545e+01 1.080039133434003429e-02
3.327495495495495703e+01 1.074753237480835337e-02
3.331498498498498861e+01 1.069491601130425837e-02
3.335501501501502020e+01 1.064254134729382406e-02
3.339504504504504467e+01 1.059040748688654977e-02
3.343507507507507626e+01 1.053851353487342962e-02
3.347510510510510784e+01 1.048685859676453010e-02
3.351513513513513942e+01 1.043544177882595875e-02
3.355516516516517100e+01 1.038426218811618409e-02
3.359519519519519548e+01 1.033331893252190277e-02
3.363522522522522706e+01 1.028261112079319195e-02
3.367525525525525865e+01 1.023213786257826628e-02
3.371528528528529023e+01 1.018189826845752877e-02
3.375531531531531471e+01 1.013189144997719317e-02
3.379534534534534629e+01 1.008211651968224029e-02
3.383537537537537787e+01 1.003257259114898221e-02
3.387540540540540945e+01 9.983258779016965581e-03
3.391543543543544104e+01 9.934174199020472454e-03
3.395546546546546551e+01 9.885317968019328994e-03
3.399549549549549710e+01 9.836689204029388026e-03
3.403552552552552868e+01 9.788287026252392303e-03
3.407555555555556026e+01 9.740110555105367662e-03
3.411558558558558474e+01 9.692158912249509636e-03
3.415561561561561632e+01 9.644431220618615574e-03
3.419564564564564790e+01 9.596926604446942566e-03
3.423567567567567949e+01 9.549644189296687194e-03
3.427570570570571107e+01 9.502583102084962222e-03
3.431573573573573555e+01 9.455742471110245920e-03
3.435576576576576713e+01 9.409121426078411593e-03
3.439579579579579871e+01 9.362719098128321690e-03
3.443582582582583029e+01 9.316534619856934457e-03
3.447585585585585477e+01 9.270567125343980378e-03
3.451588588588588635e+01 9.224815750176149423e-03
3.455591591591591794e+01 9.179279631470919215e-03
3.459594594594594952e+01 9.133957907899857565e-03
3.463597597597598110e+01 9.088849719711612762e-03
3.467600600600600558e+01 9.043954208754353963e-03
3.471603603603603716e+01 8.999270518497861152e-03
3.475606606606606874e+01 8.954797794055216129e-03
3.479609609609610033e+01 8.910535182204073687e-03
3.483612612612613191e+01 8.866481831407454009e-03
3.487615615615615638e+01 8.822636891834259240e-03
3.491618618618618797e+01 8.778999515379285259e-03
3.495621621621621955e+01 8.735568855682936812e-03
3.499624624624625113e+01 8.692344068150505490e-03
3.503627627627627561e+01 8.649324309971029648e-03
3.507630630630630719e+01 8.606508740135862881e-03
3.511633633633633877e+01 8.563896519456817499e-03
3.515636636636637036e+01 8.521486810583961055e-03
3.519639639639640194e+01 8.479278778023017354e-03
3.523642642642642642e+01 8.437271588152469096e-03
3.527645645645645800e+01 8.395464409240226827e-03
3.531648648648648958e+01 8.353856411460006473e-03
3.535651651651652116e+01 8.312446766907359910e-03
3.539654654654654564e+01 8.271234649615336054e-03
3.543657657657657722e+01 8.230219235569779385e-03
3.547660660660660881e+01 8.189399702724394284e-03
3.551663663663664039e+01 8.148775231015384368e-03
3.555666666666667197e+01 8.108345002375772631e-03
3.559669669669669645e+01 8.068108200749482192e-03
3.563672672672672803e+01 8.028064012104971225e-03
3.567675675675675961e+01 7.988211624448699616e-03
3.571678678678679120e+01 7.948550227838146326e-03
3.575681681681682278e+01 7.909079014394620327e-03
3.579684684684684726e+01 7.869797178315734998e-03
3.583687687687687884e+01 7.830703915887556391e-03
3.587690690690691042e+01 7.791798425496492160e-03
3.591693693693694200e+01 7.753079907640901200e-03
3.595696696696696648e+01 7.714547564942384091e-03
3.599699699699699806e+01 7.676200602156751755e-03
3.603702702702702965e+01 7.638038226184838859e-03
3.607705705705706123e+01 7.600059646082912151e-03
3.611708708708709281e+01 7.562264073072866299e-03
3.615711711711711729e+01 7.524650720552146510e-03
3.619714714714714887e+01 7.487218804103374509e-03
3.623717717717718045e+01 7.449967541503755945e-03
3.627720720720721204e+01 7.412896152734224989e-03
3.631723723723723651e+01 7.376003859988233304e-03
3.635726726726726810e+01 7.339289887680479178e-03
3.639729729729729968e+01 7.302753462455163942e-03
3.643732732732733126e+01 7.266393813194178992e-03
3.647735735735736284e+01 7.230210171024990112e-03
3.651738738738738732e+01 7.194201769328184386e-03
3.655741741741741890e+01 7.158367843744992826e-03
3.659744744744745049e+01 7.122707632184321208e-03
3.663747747747748207e+01 7.087220374829809530e-03
3.667750750750751365e+01 7.051905314146440437e-03
3.671753753753753813e+01 7.016761694887078266e-03
3.675756756756756971e+01 6.981788764098678483e-03
3.679759759759760129e+01 6.946985771128358356e-03
3.683762762762763288e+01 6.912351967629221279e-03
3.687765765765765735e+01 6.877886607565943458e-03
3.691768768768768894e+01 6.843588947220182774e-03
3.695771771771772052e+01 6.809458245195754329e-03
3.699774774774775210e+01 6.775493762423651610e-03
3.703777777777778368e+01 6.741694762166805695e-03
3.707780780780780816e+01 6.708060510024668396e-03
3.711783783783783974e+01 6.674590273937588102e-03
3.715786786786787133e+01 6.641283324191026016e-03
3.719789789789790291e+01 6.608138933419547764e-03
3.723792792792792739e+01 6.575156376610657993e-03
3.727795795795795897e+01 6.542334931108387784e-03
3.731798798798799055e+01 6.509673876616731136e-03
3.735801801801802213e+01 6.477172495202988649e-03
3.739804804804805372e+01 6.444830071300757315e-03
3.743807807807807819e+01 6.412645891712911647e-03
3.747810810810810978e+01 6.380619245614245656e-03
3.751813813813814136e+01 6.348749424554149534e-03
3.755816816816817294e+01 6.317035722458938518e-03
3.759819819819820452e+01 6.285477435634060327e-03
3.763822822822822900e+01 6.254073862766235808e-03
3.767825825825826058e+01 6.222824304925262187e-03
3.771828828828829216e+01 6.191728065565875287e-03
3.775831831831832375e+01 6.160784450529219712e-03
3.779834834834834822e+01 6.129992768044358054e-03
3.783837837837837981e+01 6.099352328729490402e-03
3.787840840840841139e+01 6.068862445593166052e-03
3.791843843843844297e+01 6.038522434035165608e-03
3.795846846846847455e+01 6.008331611847416917e-03
3.799849849849849903e+01 5.978289299214630849e-03
3.803852852852853061e+01 5.948394818714872016e-03
3.807855855855856220e+01 5.918647495319982049e-03
3.811858858858859378e+01 5.889046656395830262e-03
3.815861861861861826e+01 5.859591631702443758e-03
3.819864864864864984e+01 5.830281753394033449e-03
3.823867867867868142e+01 5.801116356018825790e-03
3.827870870870871300e+01 5.772094776518888436e-03
3.831873873873874459e+01 5.743216354229628909e-03
3.835876876876876906e+01 5.714480430879360050e-03
3.839879879879880065e+01 5.685886350588659904e-03
3.843882882882883223e+01 5.657433459869582425e-03
3.847885885885886381e+01 5.629121107624798781e-03
3.851888888888889539e+01 5.600948645146608569e-03
3.855891891891891987e+01 5.572915426115808771e-03
3.859894894894895145e+01 5.545020806600488988e-03
3.863897897897898304e+01 5.517264145054667085e-03
3.867900900900901462e+01 5.489644802316856302e-03
3.871903903903903910e+01 5.462162141608530030e-03
3.875906906906907068e+01 5.434815528532399229e-03
3.879909909909910226e+01 5.407604331070665557e-03
3.883912912912913384e+01 5.380527919583179101e-03
3.887915915915916543e+01 5.353585666805414818e-03
3.891918918918918990e+01 5.326776947846396069e-03
3.895921921921922149e+01 5.300101140186549639e-03
3.899924924924925307e+01 5.273557623675399417e-03
3.903927927927928465e+01 5.247145780529189826e-03
3.907930930930930913e+01 5.220864995328463286e-03
3.911933933933934071e+01 5.194714655015440774e-03
3.915936936936937229e+01 5.168694148891431889e-03
3.919939939939940388e+01 5.142802868614037605e-03
3.923942942942943546e+01 5.117040208194370381e-03
3.927945945945945994e+01 5.091405563994113800e-03
3.931948948948949152e+01 5.065898334722533647e-03
3.935951951951952310e+01 5.040517921433378817e-03
3.939954954954955468e+01 5.015263727521725862e-03
3.943957957957957916e+01 4.990135158720756733e-03
3.947960960960961074e+01 4.965131623098371742e-03
3.951963963963964233e+01 4.940252531053843273e-03
3.955966966966967391e+01 4.915497295314318581e-03
3.959969969969970549e+01 4.890865330931234121e-03
3.963972972972972997e+01 4.866356055276736814e-03
3.967975975975976155e+01 4.841968888039943110e-03
3.971978978978979313e+01 4.817703251223151226e-03
3.975981981981982472e+01 4.793558569138052505e-03
3.979984984984985630e+01 4.769534268401759772e-03
3.983987987987988078e+01 4.745629777932882515e-03
3.987990990990991236e+01 4.721844528947392178e-03
3.991993993993994394e+01 4.698177954954630559e-03
3.995996996996997552e+01 4.674629491753005961e-03
4.000000000000000000e+01 4.651198577425872359e-03
