5.000000000000000000e-01 4.260740223808105753e+01
5.683593750000000000e-01 4.340806365438184145e+01
6.367187500000000000e-01 4.531409616891392034e+01
7.050781250000000000e-01 4.911591397996710384e+01
7.734375000000000000e-01 5.382262819914232210e+01
8.417968750000000000e-01 5.695426542447728480e+01
9.101562500000000000e-01 5.992177630933829136e+01
9.785156250000000000e-01 6.420565828378035178e+01
1.046875000000000000e+00 6.812154384664046347e+01
1.115234375000000000e+00 7.288856008699383437e+01
1.183593750000000000e+00 7.738233341266681009e+01
1.251953125000000000e+00 8.223530555346735582e+01
1.320312500000000000e+00 8.705460932021124165e+01
1.388671875000000000e+00 9.331036860309723124e+01
1.457031250000000000e+00 1.007679861266597072e+02
1.525390625000000000e+00 1.076528312401081280e+02
1.593750000000000000e+00 1.143431720850614965e+02
1.662109375000000000e+00 1.194917762402666739e+02
1.730468750000000000e+00 1.252423175333874923e+02
1.798828125000000000e+00 1.316052717849553346e+02
1.867187500000000000e+00 1.382040004081686391e+02
1.935546875000000000e+00 1.417512377630284561e+02
2.003906250000000000e+00 1.456034879135756626e+02
2.072265625000000000e+00 1.508194183596752111e+02
2.140625000000000000e+00 1.547666271394824946e+02
2.208984375000000000e+00 1.613445280565360633e+02
2.277343750000000000e+00 1.639534121781782403e+02
2.345703125000000000e+00 1.663130621924301238e+02
2.414062500000000000e+00 1.672729619559409855e+02
2.482421875000000000e+00 1.701870926013948520e+02
2.550781250000000000e+00 1.727129250280166559e+02
2.619140625000000000e+00 1.710441917341172484e+02
2.687500000000000000e+00 1.715475870952887760e+02
