1.000000000000000021e-02 2.320710419071323077e-08
2.000000000000000042e-02 1.345670440674334378e-06
2.999999999999999889e-02 1.097025181283223520e-05
4.000000000000000083e-02 4.295089278543877181e-05
5.000000000000000278e-02 1.153430867877874974e-04
6.000000000000000472e-02 2.469326402234600214e-04
6.999999999999999278e-02 4.550825863734112432e-04
8.000000000000000167e-02 7.546079924833268802e-04
8.999999999999999667e-02 1.157344408756322230e-03
9.999999999999999167e-02 1.672129394050652414e-03
1.100000000000000006e-01 2.305007368150352193e-03
1.199999999999999956e-01 3.059539930463066847e-03
1.300000000000000044e-01 3.937152151479172274e-03
1.400000000000000133e-01 4.937475856096303420e-03
1.500000000000000222e-01 6.058669515827403394e-03
1.600000000000000033e-01 7.297705412865481203e-03
1.700000000000000122e-01 8.650621118059351189e-03
1.800000000000000211e-01 1.011273586489006178e-02
1.900000000000000022e-01 1.167883423776519547e-02
2.000000000000000111e-01 1.334332042315007801e-02
2.100000000000000200e-01 1.510034652215372017e-02
2.200000000000000011e-01 1.694391835137900107e-02
2.300000000000000100e-01 1.886798192020184076e-02
2.400000000000000189e-01 2.086649345897121505e-02
2.500000000000000000e-01 2.293347553703610139e-02
2.600000000000000089e-01 2.506306148157512112e-02
2.700000000000000178e-01 2.724953000327925978e-02
2.800000000000000266e-01 2.948733165992659805e-02
2.900000000000000355e-01 3.177110854576631338e-02
2.999999999999999889e-01 3.409570838264743692e-02
3.099999999999999978e-01 3.645619400578516134e-02
3.200000000000000067e-01 3.884784908012135080e-02
3.300000000000000155e-01 4.126618074938547681e-02
3.400000000000000244e-01 4.370691980624284018e-02
3.500000000000000333e-01 4.616601887558936107e-02
3.600000000000000422e-01 4.863964902164456122e-02
3.699999999999999956e-01 5.112419512081528561e-02
3.800000000000000044e-01 5.361625028444760854e-02
3.900000000000000133e-01 5.611260956690611312e-02
4.000000000000000222e-01 5.861026315350281735e-02
4.100000000000000311e-01 6.110638918844182865e-02
4.200000000000000400e-01 6.359834637412001279e-02
4.299999999999999933e-01 6.608366644896611353e-02
4.400000000000000022e-01 6.856004663077393257e-02
4.500000000000000111e-01 7.102534209556460310e-02
4.600000000000000200e-01 7.347755854788691476e-02
4.700000000000000289e-01 7.591484492667799344e-02
4.800000000000000377e-01 7.833548628099577804e-02
4.899999999999999911e-01 8.073789684178704629e-02
5.000000000000000000e-01 8.312061330909750745e-02
5.100000000000000089e-01 8.548228836855278900e-02
5.200000000000000178e-01 8.782168444634422255e-02
5.300000000000000266e-01 9.013766770818601448e-02
5.400000000000000355e-01 9.242920230464150844e-02
5.500000000000000444e-01 9.469534486272601637e-02
5.600000000000000533e-01 9.693523922169444695e-02
5.700000000000000622e-01 9.914811140932859590e-02
5.800000000000000711e-01 1.013332648537893232e-01
5.899999999999999689e-01 1.034900758251299652e-01
5.999999999999999778e-01 1.056179890998383553e-01
6.099999999999999867e-01 1.077165138412391476e-01
6.199999999999999956e-01 1.097852196882167231e-01
6.300000000000000044e-01 1.118237330444793454e-01
6.400000000000000133e-01 1.138317335604559916e-01
6.500000000000000222e-01 1.158089507998791012e-01
6.600000000000000311e-01 1.177551610831351209e-01
6.700000000000000400e-01 1.196701844995584768e-01
6.800000000000000488e-01 1.215538820809788645e-01
6.900000000000000577e-01 1.234061531290048114e-01
7.000000000000000666e-01 1.252269326887253953e-01
7.100000000000000755e-01 1.270161891617342387e-01
7.199999999999999734e-01 1.287739220516138650e-01
7.299999999999999822e-01 1.305001598352648895e-01
7.399999999999999911e-01 1.321949579537166908e-01
7.500000000000000000e-01 1.338583969163102128e-01
7.600000000000000089e-01 1.354905805124002882e-01
7.700000000000000178e-01 1.370916341249758530e-01
7.800000000000000266e-01 1.386617031408491074e-01
7.900000000000000355e-01 1.402009514523085976e-01
8.000000000000000444e-01 1.417095600453688320e-01
8.100000000000000533e-01 1.431877256699853052e-01
8.200000000000000622e-01 1.446356595878248996e-01
8.300000000000000711e-01 1.460535863934029066e-01
8.400000000000000799e-01 1.474417429046042116e-01
8.499999999999999778e-01 1.488003771188105284e-01
8.599999999999999867e-01 1.501297472310463288e-01
8.699999999999999956e-01 1.514301207107429659e-01
8.800000000000000044e-01 1.527017734338964872e-01
8.900000000000000133e-01 1.539449888675636924e-01
9.000000000000000222e-01 1.551600573038016961e-01
9.100000000000000311e-01 1.563472751403113814e-01
9.200000000000000400e-01 1.575069442051884039e-01
9.300000000000000488e-01 1.586393711233270443e-01
9.400000000000000577e-01 1.597448667221523788e-01
9.500000000000000666e-01 1.608237454744830541e-01
9.600000000000000755e-01 1.618763249764438861e-01
9.699999999999999734e-01 1.629029254584627162e-01
9.799999999999999822e-01 1.639038693274909586e-01
9.899999999999999911e-01 1.648794807386901318e-01
1.000000000000000000e+00 1.658300851949211507e-01
1.010000000000000009e+00 1.667560091724665516e-01
1.020000000000000018e+00 1.676575797714985605e-01
1.030000000000000027e+00 1.685351243898901841e-01
1.040000000000000036e+00 1.693889704190431333e-01
1.050000000000000044e+00 1.702194449604776949e-01
1.060000000000000053e+00 1.710268745620008024e-01
1.070000000000000062e+00 1.718115849723321209e-01
1.080000000000000071e+00 1.725739009131313784e-01
1.090000000000000080e+00 1.733141458674260504e-01
1.100000000000000089e+00 1.740326418834969024e-01
1.110000000000000098e+00 1.747297093933273815e-01
1.120000000000000107e+00 1.754056670447758370e-01
1.130000000000000115e+00 1.760608315466724583e-01
1.140000000000000124e+00 1.766955175260902511e-01
1.150000000000000133e+00 1.773100373970779020e-01
1.160000000000000142e+00 1.779047012401844541e-01
1.169999999999999929e+00 1.784798166921403584e-01
1.179999999999999938e+00 1.790356888450967132e-01
1.189999999999999947e+00 1.795726201548557832e-01
1.199999999999999956e+00 1.800909103575587533e-01
1.209999999999999964e+00 1.805908563943256218e-01
1.219999999999999973e+00 1.810727523433697528e-01
1.229999999999999982e+00 1.815368893591369215e-01
1.239999999999999991e+00 1.819835556180426916e-01
1.250000000000000000e+00 1.824130362704068642e-01
1.260000000000000009e+00 1.828256133982043008e-01
1.270000000000000018e+00 1.832215659782742423e-01
1.280000000000000027e+00 1.836011698506496148e-01
1.290000000000000036e+00 1.839646976916851639e-01
1.300000000000000044e+00 1.843124189916841571e-01
1.310000000000000053e+00 1.846446000367365781e-01
1.320000000000000062e+00 1.849615038945015555e-01
1.330000000000000071e+00 1.852633904036776746e-01
1.340000000000000080e+00 1.855505161669223635e-01
1.350000000000000089e+00 1.858231345469933959e-01
1.360000000000000098e+00 1.860814956658986830e-01
1.370000000000000107e+00 1.863258464068517917e-01
1.380000000000000115e+00 1.865564304188437328e-01
1.390000000000000124e+00 1.867734881236495503e-01
1.400000000000000133e+00 1.869772567251020701e-01
1.410000000000000142e+00 1.871679702204706031e-01
1.419999999999999929e+00 1.873458594137945021e-01
1.429999999999999938e+00 1.875111519310299069e-01
1.439999999999999947e+00 1.876640722368730363e-01
1.449999999999999956e+00 1.878048416531358233e-01
1.459999999999999964e+00 1.879336783785527376e-01
1.469999999999999973e+00 1.880507975099067475e-01
1.479999999999999982e+00 1.881564110643681176e-01
1.489999999999999991e+00 1.882507280029463437e-01
1.500000000000000000e+00 1.883339542549608836e-01
1.510000000000000009e+00 1.884062927434412282e-01
1.520000000000000018e+00 1.884679434113742391e-01
1.530000000000000027e+00 1.885191032487185947e-01
1.540000000000000036e+00 1.885599663201131537e-01
1.550000000000000044e+00 1.885907237932093194e-01
1.560000000000000053e+00 1.886115639675622069e-01
1.570000000000000062e+00 1.886226723040186903e-01
1.580000000000000071e+00 1.886242314545442944e-01
1.590000000000000080e+00 1.886164212924349437e-01
1.600000000000000089e+00 1.885994189428630563e-01
1.610000000000000098e+00 1.885733988137080208e-01
1.620000000000000107e+00 1.885385326266286465e-01
1.630000000000000115e+00 1.884949894483338995e-01
1.640000000000000124e+00 1.884429357220121226e-01
1.650000000000000133e+00 1.883825352988830193e-01
1.660000000000000142e+00 1.883139494698368721e-01
1.670000000000000151e+00 1.882373369971281629e-01
1.679999999999999938e+00 1.881528541460946446e-01
1.689999999999999947e+00 1.880606547168720555e-01
1.699999999999999956e+00 1.879608900760791623e-01
1.709999999999999964e+00 1.878537091884477650e-01
1.719999999999999973e+00 1.877392586483749293e-01
1.729999999999999982e+00 1.876176827113764656e-01
1.739999999999999991e+00 1.874891233254208645e-01
1.750000000000000000e+00 1.873537201621263693e-01
1.760000000000000009e+00 1.872116106478027564e-01
1.770000000000000018e+00 1.870629299943234458e-01
1.780000000000000027e+00 1.869078112298120653e-01
1.790000000000000036e+00 1.867463852291301185e-01
1.800000000000000044e+00 1.865787807441543766e-01
1.810000000000000053e+00 1.864051244338306990e-01
1.820000000000000062e+00 1.862255408939956225e-01
1.830000000000000071e+00 1.860401526869543687e-01
1.840000000000000080e+00 1.858490803708081063e-01
1.850000000000000089e+00 1.856524425285210056e-01
1.860000000000000098e+00 1.854503557967208949e-01
1.870000000000000107e+00 1.852429348942262743e-01
1.880000000000000115e+00 1.850302926502943590e-01
1.890000000000000124e+00 1.848125400325843770e-01
1.900000000000000133e+00 1.845897861748316826e-01
1.910000000000000142e+00 1.843621384042285205e-01
1.920000000000000151e+00 1.841297022685081386e-01
1.929999999999999938e+00 1.838925815627281690e-01
1.939999999999999947e+00 1.836508783557518620e-01
1.949999999999999956e+00 1.834046930164242029e-01
1.959999999999999964e+00 1.831541242394406910e-01
1.969999999999999973e+00 1.828992690709088653e-01
1.979999999999999982e+00 1.826402229335991612e-01
1.989999999999999991e+00 1.823770796518867920e-01
2.000000000000000000e+00 1.821099314763819921e-01
2.009999999999999787e+00 1.818388691082505337e-01
2.020000000000000018e+00 1.815639817232223563e-01
2.029999999999999805e+00 1.812853569952910526e-01
2.040000000000000036e+00 1.810030811201026324e-01
2.049999999999999822e+00 1.807172388380360595e-01
2.059999999999999609e+00 1.804279134569755916e-01
2.069999999999999840e+00 1.801351868747761154e-01
2.079999999999999627e+00 1.798391396014242249e-01
2.089999999999999858e+00 1.795398507808940725e-01
2.099999999999999645e+00 1.792373982127025700e-01
2.109999999999999876e+00 1.789318583731635826e-01
2.119999999999999662e+00 1.786233064363439704e-01
2.129999999999999893e+00 1.783118162947240348e-01
2.139999999999999680e+00 1.779974605795635323e-01
2.149999999999999911e+00 1.776803106809762001e-01
2.159999999999999698e+00 1.773604367677155125e-01
2.169999999999999929e+00 1.770379078066731671e-01
2.179999999999999716e+00 1.767127915820938810e-01
2.189999999999999947e+00 1.763851547145084131e-01
2.199999999999999734e+00 1.760550626793882523e-01
2.209999999999999964e+00 1.757225798255235283e-01
2.219999999999999751e+00 1.753877693931286397e-01
2.229999999999999982e+00 1.750506935316768486e-01
2.239999999999999769e+00 1.747114133174675343e-01
2.250000000000000000e+00 1.743699887709291851e-01
2.259999999999999787e+00 1.740264788736605728e-01
2.270000000000000018e+00 1.736809415852133831e-01
2.279999999999999805e+00 1.733334338596194679e-01
2.290000000000000036e+00 1.729840116616650492e-01
2.299999999999999822e+00 1.726327299829159556e-01
2.310000000000000053e+00 1.722796428574962513e-01
2.319999999999999840e+00 1.719248033776231699e-01
2.329999999999999627e+00 1.715682637089018803e-01
2.339999999999999858e+00 1.712100751053832470e-01
2.349999999999999645e+00 1.708502879243867789e-01
2.359999999999999876e+00 1.704889516410928452e-01
2.369999999999999662e+00 1.701261148629066855e-01
2.379999999999999893e+00 1.697618253435971558e-01
2.389999999999999680e+00 1.693961299972137347e-01
2.399999999999999911e+00 1.690290749117840385e-01
2.409999999999999698e+00 1.686607053627960651e-01
2.419999999999999929e+00 1.682910658264662185e-01
2.429999999999999716e+00 1.679201999927987243e-01
2.439999999999999947e+00 1.675481507784365998e-01
2.449999999999999734e+00 1.671749603393095085e-01
2.459999999999999964e+00 1.668006700830793332e-01
2.469999999999999751e+00 1.664253206813885166e-01
2.479999999999999982e+00 1.660489520819118658e-01
2.489999999999999769e+00 1.656716035202163428e-01
2.500000000000000000e+00 1.652933135314307855e-01
2.509999999999999787e+00 1.649141199617285558e-01
2.520000000000000018e+00 1.645340599796261405e-01
2.529999999999999805e+00 1.641531700870997590e-01
2.540000000000000036e+00 1.637714861305238079e-01
2.549999999999999822e+00 1.633890433114325580e-01
2.560000000000000053e+00 1.630058761971087400e-01
2.569999999999999840e+00 1.626220187310011833e-01
2.579999999999999627e+00 1.622375042429740899e-01
2.589999999999999858e+00 1.618523654593909122e-01
2.599999999999999645e+00 1.614666345130349179e-01
2.609999999999999876e+00 1.610803429528690489e-01
2.619999999999999662e+00 1.606935217536376859e-01
2.629999999999999893e+00 1.603062013253130913e-01
2.639999999999999680e+00 1.599184115223880043e-01
2.649999999999999911e+00 1.595301816530176331e-01
2.659999999999999698e+00 1.591415404880133222e-01
2.669999999999999929e+00 1.587525162696896142e-01
2.679999999999999716e+00 1.583631367205678708e-01
2.689999999999999947e+00 1.579734290519378137e-01
2.699999999999999734e+00 1.575834199722800644e-01
2.709999999999999964e+00 1.571931356955514891e-01
2.719999999999999751e+00 1.568026019493351797e-01
2.729999999999999982e+00 1.564118439828579843e-01
2.739999999999999769e+00 1.560208865748773932e-01
2.750000000000000000e+00 1.556297540414391667e-01
2.759999999999999787e+00 1.552384702435091191e-01
2.770000000000000018e+00 1.548470585944799194e-01
2.779999999999999805e+00 1.544555420675556012e-01
2.790000000000000036e+00 1.540639432030151690e-01
2.799999999999999822e+00 1.536722841153581043e-01
2.810000000000000053e+00 1.532805865003325219e-01
2.819999999999999840e+00 1.528888716418491667e-01
2.829999999999999627e+00 1.524971604187817242e-01
2.839999999999999858e+00 1.521054733116568858e-01
2.849999999999999645e+00 1.517138304092342516e-01
2.859999999999999876e+00 1.513222514149790698e-01
2.869999999999999662e+00 1.509307556534293937e-01
2.879999999999999893e+00 1.505393620764585993e-01
2.889999999999999680e+00 1.501480892694360969e-01
2.899999999999999911e+00 1.497569554572868999e-01
2.909999999999999698e+00 1.493659785104526072e-01
2.919999999999999929e+00 1.489751759507541851e-01
2.929999999999999716e+00 1.485845649571600480e-01
2.939999999999999947e+00 1.481941623714585488e-01
2.949999999999999734e+00 1.478039847038387922e-01
2.959999999999999964e+00 1.474140481383797441e-01
2.969999999999999751e+00 1.470243685384497456e-01
2.979999999999999982e+00 1.466349614520177924e-01
2.989999999999999769e+00 1.462458421168779388e-01
3.000000000000000000e+00 1.458570254657885479e-01
3.009999999999999787e+00 1.454685261315273315e-01
3.020000000000000018e+00 1.450803584518640943e-01
3.029999999999999805e+00 1.446925364744519327e-01
3.040000000000000036e+00 1.443050739616390798e-01
3.049999999999999822e+00 1.439179843952015092e-01
3.060000000000000053e+00 1.435312809809987378e-01
3.069999999999999840e+00 1.431449766535537460e-01
3.080000000000000071e+00 1.427590840805577632e-01
3.089999999999999858e+00 1.423736156673016950e-01
3.099999999999999645e+00 1.419885835610354419e-01
3.109999999999999876e+00 1.416039996552560520e-01
3.119999999999999662e+00 1.412198755939257366e-01
3.129999999999999893e+00 1.408362227756213836e-01
3.139999999999999680e+00 1.404530523576164869e-01
3.149999999999999911e+00 1.400703752598960461e-01
3.159999999999999698e+00 1.396882021691067954e-01
3.169999999999999929e+00 1.393065435424426235e-01
3.179999999999999716e+00 1.389254096114667658e-01
3.189999999999999947e+00 1.385448103858719082e-01
3.199999999999999734e+00 1.381647556571790891e-01
3.209999999999999964e+00 1.377852550023762612e-01
3.219999999999999751e+00 1.374063177874978725e-01
3.229999999999999982e+00 1.370279531711459942e-01
3.239999999999999769e+00 1.366501701079544662e-01
3.250000000000000000e+00 1.362729773519966159e-01
3.259999999999999787e+00 1.358963834601374099e-01
3.270000000000000018e+00 1.355203967953315658e-01
3.279999999999999805e+00 1.351450255298677627e-01
3.290000000000000036e+00 1.347702776485601439e-01
3.299999999999999822e+00 1.343961609518885270e-01
3.310000000000000053e+00 1.340226830590868501e-01
3.319999999999999840e+00 1.336498514111823521e-01
3.330000000000000071e+00 1.332776732739847370e-01
3.339999999999999858e+00 1.329061557410273764e-01
3.349999999999999645e+00 1.325353057364605791e-01
3.359999999999999876e+00 1.321651300178981192e-01
3.369999999999999662e+00 1.317956351792176906e-01
3.379999999999999893e+00 1.314268276533155921e-01
3.389999999999999680e+00 1.310587137148174763e-01
3.399999999999999911e+00 1.306912994827446883e-01
3.409999999999999698e+00 1.303245909231377231e-01
3.419999999999999929e+00 1.299585938516370220e-01
3.429999999999999716e+00 1.295933139360223862e-01
3.439999999999999947e+00 1.292287566987110337e-01
3.449999999999999734e+00 1.288649275192154386e-01
3.459999999999999964e+00 1.285018316365611757e-01
3.469999999999999751e+00 1.281394741516662106e-01
3.479999999999999982e+00 1.277778600296813338e-01
3.489999999999999769e+00 1.274169941022929298e-01
3.500000000000000000e+00 1.270568810699886364e-01
3.509999999999999787e+00 1.266975255042864512e-01
3.520000000000000018e+00 1.263389318499278380e-01
3.529999999999999805e+00 1.259811044270353897e-01
3.540000000000000036e+00 1.256240474332358525e-01
3.549999999999999822e+00 1.252677649457488440e-01
3.560000000000000053e+00 1.249122609234418757e-01
3.569999999999999840e+00 1.245575392088523747e-01
3.580000000000000071e+00 1.242036035301770786e-01
3.589999999999999858e+00 1.238504575032294552e-01
3.599999999999999645e+00 1.234981046333653576e-01
3.609999999999999876e+00 1.231465483173780628e-01
3.619999999999999662e+00 1.227957918453627117e-01
3.629999999999999893e+00 1.224458384025504665e-01
3.639999999999999680e+00 1.220966910711135389e-01
3.649999999999999911e+00 1.217483528319410063e-01
3.659999999999999698e+00 1.214008265663861774e-01
3.669999999999999929e+00 1.210541150579856895e-01
3.679999999999999716e+00 1.207082209941513218e-01
3.689999999999999947e+00 1.203631469678342336e-01
3.699999999999999734e+00 1.200188954791627932e-01
3.709999999999999964e+00 1.196754689370539138e-01
3.719999999999999751e+00 1.193328696607985628e-01
3.729999999999999982e+00 1.189910998816219589e-01
3.739999999999999769e+00 1.186501617442184686e-01
3.750000000000000000e+00 1.183100573082621620e-01
3.759999999999999787e+00 1.179707885498928882e-01
3.770000000000000018e+00 1.176323573631787023e-01
3.779999999999999805e+00 1.172947655615546869e-01
3.790000000000000036e+00 1.169580148792388752e-01
3.799999999999999822e+00 1.166221069726253307e-01
3.810000000000000053e+00 1.162870434216548704e-01
3.819999999999999840e+00 1.159528257311640415e-01
3.830000000000000071e+00 1.156194553322122259e-01
3.839999999999999858e+00 1.152869335833876380e-01
3.849999999999999645e+00 1.149552617720923930e-01
3.859999999999999876e+00 1.146244411158068716e-01
3.869999999999999662e+00 1.142944727633339458e-01
3.879999999999999893e+00 1.139653577960232783e-01
3.889999999999999680e+00 1.136370972289760667e-01
3.899999999999999911e+00 1.133096920122301787e-01
3.909999999999999698e+00 1.129831430319268581e-01
3.919999999999999929e+00 1.126574511114582094e-01
3.929999999999999716e+00 1.123326170125968360e-01
3.939999999999999947e+00 1.120086414366067429e-01
3.949999999999999734e+00 1.116855250253372678e-01
3.959999999999999964e+00 1.113632683622987340e-01
3.969999999999999751e+00 1.110418719737214788e-01
3.979999999999999982e+00 1.107213363295974917e-01
3.989999999999999769e+00 1.104016618447057896e-01
4.000000000000000000e+00 1.100828488796210120e-01
4.009999999999999787e+00 1.097648977417061550e-01
4.019999999999999574e+00 1.094478086860893040e-01
4.030000000000000249e+00 1.091315819166245871e-01
4.040000000000000036e+00 1.088162175868382930e-01
4.049999999999999822e+00 1.085017158008590443e-01
4.059999999999999609e+00 1.081880766143337724e-01
4.070000000000000284e+00 1.078753000353286640e-01
4.080000000000000071e+00 1.075633860252159374e-01
4.089999999999999858e+00 1.072523344995461730e-01
4.099999999999999645e+00 1.069421453289068347e-01
4.109999999999999432e+00 1.066328183397670520e-01
4.120000000000000107e+00 1.063243533153088172e-01
4.129999999999999893e+00 1.060167499962449689e-01
4.139999999999999680e+00 1.057100080816239102e-01
4.149999999999999467e+00 1.054041272296217663e-01
4.160000000000000142e+00 1.050991070583212894e-01
4.169999999999999929e+00 1.047949471464790921e-01
4.179999999999999716e+00 1.044916470342797943e-01
4.189999999999999503e+00 1.041892062240786093e-01
4.200000000000000178e+00 1.038876241811318019e-01
4.209999999999999964e+00 1.035869003343156125e-01
4.219999999999999751e+00 1.032870340768333589e-01
4.229999999999999538e+00 1.029880247669115872e-01
4.240000000000000213e+00 1.026898717284847745e-01
4.250000000000000000e+00 1.023925742518692200e-01
4.259999999999999787e+00 1.020961315944259318e-01
4.269999999999999574e+00 1.018005429812131463e-01
4.280000000000000249e+00 1.015058076056280928e-01
4.290000000000000036e+00 1.012119246300387521e-01
4.299999999999999822e+00 1.009188931864051925e-01
4.309999999999999609e+00 1.006267123768910671e-01
4.320000000000000284e+00 1.003353812744653267e-01
4.330000000000000071e+00 1.000448989234942326e-01
4.339999999999999858e+00 9.975526434032370993e-02
4.349999999999999645e+00 9.946647651385254196e-02
4.360000000000000320e+00 9.917853440609623872e-02
4.370000000000000107e+00 9.889143695274188461e-02
4.379999999999999893e+00 9.860518306369397967e-02
4.389999999999999680e+00 9.831977162361156541e-02
4.399999999999999467e+00 9.803520149243662163e-02
4.410000000000000142e+00 9.775147150591399769e-02
4.419999999999999929e+00 9.746858047610310050e-02
4.429999999999999716e+00 9.718652719188101974e-02
4.439999999999999503e+00 9.690531041943771517e-02
4.450000000000000178e+00 9.662492890276329349e-02
4.459999999999999964e+00 9.634538136412723608e-02
4.469999999999999751e+00 9.606666650455000789e-02
4.479999999999999538e+00 9.578878300426700576e-02
4.490000000000000213e+00 9.551172952318492948e-02
4.500000000000000000e+00 9.523550470133095025e-02
4.509999999999999787e+00 9.496010715929437129e-02
4.519999999999999574e+00 9.468553549866133567e-02
4.530000000000000249e+00 9.441178830244235931e-02
4.540000000000000036e+00 9.413886413549296672e-02
4.549999999999999822e+00 9.386676154492762381e-02
4.559999999999999609e+00 9.359547906052662070e-02
4.570000000000000284e+00 9.332501519513670962e-02
4.580000000000000071e+00 9.305536844506508143e-02
4.589999999999999858e+00 9.278653729046680565e-02
4.599999999999999645e+00 9.251852019572617825e-02
4.610000000000000320e+00 9.225131560983169943e-02
4.620000000000000107e+00 9.198492196674511179e-02
4.629999999999999893e+00 9.171933768576405466e-02
4.639999999999999680e+00 9.145456117187934775e-02
4.649999999999999467e+00 9.119059081612583550e-02
4.660000000000000142e+00 9.092742499592793015e-02
4.669999999999999929e+00 9.066506207543950646e-02
4.679999999999999716e+00 9.040350040587770419e-02
4.689999999999999503e+00 9.014273832585199819e-02
4.700000000000000178e+00 8.988277416168721778e-02
4.709999999999999964e+00 8.962360622774176444e-02
4.719999999999999751e+00 8.936523282672023671e-02
4.729999999999999538e+00 8.910765224998105916e-02
4.740000000000000213e+00 8.885086277783905973e-02
4.750000000000000000e+00 8.859486267986313446e-02
4.759999999999999787e+00 8.833965021516874960e-02
4.769999999999999574e+00 8.808522363270575306e-02
4.780000000000000249e+00 8.783158117154159228e-02
4.790000000000000036e+00 8.757872106113955002e-02
4.799999999999999822e+00 8.732664152163263638e-02
4.809999999999999609e+00 8.707534076409258195e-02
4.820000000000000284e+00 8.682481699079482029e-02
4.830000000000000071e+00 8.657506839547880750e-02
4.839999999999999858e+00 8.632609316360387308e-02
4.849999999999999645e+00 8.607788947260115731e-02
4.860000000000000320e+00 8.583045549212096892e-02
4.870000000000000107e+00 8.558378938427646521e-02
4.879999999999999893e+00 8.533788930388268301e-02
4.889999999999999680e+00 8.509275339869215582e-02
4.899999999999999467e+00 8.484837980962607606e-02
4.910000000000000142e+00 8.460476667100186310e-02
4.919999999999999929e+00 8.436191211075705354e-02
4.929999999999999716e+00 8.411981425066882012e-02
4.939999999999999503e+00 8.387847120657047906e-02
4.950000000000000178e+00 8.363788108856391734e-02
4.959999999999999964e+00 8.339804200122864775e-02
4.969999999999999751e+00 8.315895204382706130e-02
4.979999999999999538e+00 8.292060931050654338e-02
4.990000000000000213e+00 8.268301189049784283e-02
5.000000000000000000e+00 8.244615786831033244e-02
5.009999999999999787e+00 8.221004532392368891e-02
5.019999999999999574e+00 8.197467233297646427e-02
5.030000000000000249e+00 8.174003696695145149e-02
5.040000000000000036e+00 8.150613729335781654e-02
5.049999999999999822e+00 8.127297137590991372e-02
5.059999999999999609e+00 8.104053727470358903e-02
5.070000000000000284e+00 8.080883304638869502e-02
5.080000000000000071e+00 8.057785674433932954e-02
5.089999999999999858e+00 8.034760641882061905e-02
5.099999999999999645e+00 8.011808011715293443e-02
5.110000000000000320e+00 7.988927588387303991e-02
5.120000000000000107e+00 7.966119176089275777e-02
5.129999999999999893e+00 7.943382578765435797e-02
5.139999999999999680e+00 7.920717600128376890e-02
5.149999999999999467e+00 7.898124043674081829e-02
5.160000000000000142e+00 7.875601712696682355e-02
5.169999999999999929e+00 7.853150410302989215e-02
5.179999999999999716e+00 7.830769939426711346e-02
5.189999999999999503e+00 7.808460102842493256e-02
5.200000000000000178e+00 7.786220703179637381e-02
5.209999999999999964e+00 7.764051542935634931e-02
5.219999999999999751e+00 7.741952424489438600e-02
5.229999999999999538e+00 7.719923150114472998e-02
5.240000000000000213e+00 7.697963521991467439e-02
5.250000000000000000e+00 7.676073342221008400e-02
5.259999999999999787e+00 7.654252412835900465e-02
5.269999999999999574e+00 7.632500535813276088e-02
5.280000000000000249e+00 7.610817513086517994e-02
5.290000000000000036e+00 7.589203146556953994e-02
5.299999999999999822e+00 7.567657238105320039e-02
5.309999999999999609e+00 7.546179589603048410e-02
5.320000000000000284e+00 7.524770002923326928e-02
5.330000000000000071e+00 7.503428279951981916e-02
5.339999999999999858e+00 7.482154222598108584e-02
5.349999999999999645e+00 7.460947632804582064e-02
5.360000000000000320e+00 7.439808312558297831e-02
5.370000000000000107e+00 7.418736063900288613e-02
5.379999999999999893e+00 7.397730688935617860e-02
5.389999999999999680e+00 7.376791989843077546e-02
5.399999999999999467e+00 7.355919768884749965e-02
5.410000000000000142e+00 7.335113828415350257e-02
5.419999999999999929e+00 7.314373970891413501e-02
5.429999999999999716e+00 7.293699998880297242e-02
5.439999999999999503e+00 7.273091715069027186e-02
5.450000000000000178e+00 7.252548922272962495e-02
5.459999999999999964e+00 7.232071423444308422e-02
5.469999999999999751e+00 7.211659021680452697e-02
5.479999999999999538e+00 7.191311520232152033e-02
5.490000000000000213e+00 7.171028722511560427e-02
5.500000000000000000e+00 7.150810432100100644e-02
5.509999999999999787e+00 7.130656452756176100e-02
5.519999999999999574e+00 7.110566588422748135e-02
5.530000000000000249e+00 7.090540643234749529e-02
5.540000000000000036e+00 7.070578421526370339e-02
5.549999999999999822e+00 7.050679727838174427e-02
5.559999999999999609e+00 7.030844366924106359e-02
5.570000000000000284e+00 7.011072143758323438e-02
5.580000000000000071e+00 6.991362863541941697e-02
5.589999999999999858e+00 6.971716331709580661e-02
5.599999999999999645e+00 6.952132353935840114e-02
5.610000000000000320e+00 6.932610736141596453e-02
5.620000000000000107e+00 6.913151284500210214e-02
5.629999999999999893e+00 6.893753805443582350e-02
5.639999999999999680e+00 6.874418105668084200e-02
5.649999999999999467e+00 6.855143992140383391e-02
5.660000000000000142e+00 6.835931272103140666e-02
5.669999999999999929e+00 6.816779753080585980e-02
5.679999999999999716e+00 6.797689242883968308e-02
5.689999999999999503e+00 6.778659549616913860e-02
5.700000000000000178e+00 6.759690481680646901e-02
5.709999999999999964e+00 6.740781847779127312e-02
5.719999999999999751e+00 6.721933456924045203e-02
5.729999999999999538e+00 6.703145118439725325e-02
5.740000000000000213e+00 6.684416641967934336e-02
5.750000000000000000e+00 6.665747837472565940e-02
5.759999999999999787e+00 6.647138515244231660e-02
5.769999999999999574e+00 6.628588485904747529e-02
5.780000000000000249e+00 6.610097560411522244e-02
5.790000000000000036e+00 6.591665550061857892e-02
5.799999999999999822e+00 6.573292266497121616e-02
5.809999999999999609e+00 6.554977521706867316e-02
5.820000000000000284e+00 6.536721128032822736e-02
5.830000000000000071e+00 6.518522898172823821e-02
5.839999999999999858e+00 6.500382645184611674e-02
5.849999999999999645e+00 6.482300182489583729e-02
5.860000000000000320e+00 6.464275323876431112e-02
5.870000000000000107e+00 6.446307883504701075e-02
5.879999999999999893e+00 6.428397675908278930e-02
5.889999999999999680e+00 6.410544515998752024e-02
5.899999999999999467e+00 6.392748219068751514e-02
5.910000000000000142e+00 6.375008600795156744e-02
5.919999999999999929e+00 6.357325477242257994e-02
5.929999999999999716e+00 6.339698664864805433e-02
5.939999999999999503e+00 6.322127980511017820e-02
5.950000000000000178e+00 6.304613241425496839e-02
5.959999999999999964e+00 6.287154265252062335e-02
5.969999999999999751e+00 6.269750870036520929e-02
5.979999999999999538e+00 6.252402874229363861e-02
5.990000000000000213e+00 6.235110096688387810e-02
6.000000000000000000e+00 6.217872356681255347e-02
6.009999999999999787e+00 6.200689473887967262e-02
6.019999999999999574e+00 6.183561268403298117e-02
6.030000000000000249e+00 6.166487560739124241e-02
6.040000000000000036e+00 6.149468171826733692e-02
6.049999999999999822e+00 6.132502923019018948e-02
6.059999999999999609e+00 6.115591636092664041e-02
6.070000000000000284e+00 6.098734133250206108e-02
6.080000000000000071e+00 6.081930237122094851e-02
6.089999999999999858e+00 6.065179770768656248e-02
6.099999999999999645e+00 6.048482557681991029e-02
6.110000000000000320e+00 6.031838421787851651e-02
6.120000000000000107e+00 6.015247187447428368e-02
6.129999999999999893e+00 5.998708679459083953e-02
6.139999999999999680e+00 5.982222723060040548e-02
6.150000000000000355e+00 5.965789143928018623e-02
6.160000000000000142e+00 5.949407768182801703e-02
6.169999999999999929e+00 5.933078422387758066e-02
6.179999999999999716e+00 5.916800933551320807e-02
6.189999999999999503e+00 5.900575129128395047e-02
6.200000000000000178e+00 5.884400837021733222e-02
6.209999999999999964e+00 5.868277885583256942e-02
6.219999999999999751e+00 5.852206103615321953e-02
6.229999999999999538e+00 5.836185320371932439e-02
6.240000000000000213e+00 5.820215365559935211e-02
6.250000000000000000e+00 5.804296069340132702e-02
6.259999999999999787e+00 5.788427262328370293e-02
6.269999999999999574e+00 5.772608775596578534e-02
6.280000000000000249e+00 5.756840440673756387e-02
6.290000000000000036e+00 5.741122089546937118e-02
6.299999999999999822e+00 5.725453554662076477e-02
6.309999999999999609e+00 5.709834668924941570e-02
6.320000000000000284e+00 5.694265265701914380e-02
6.330000000000000071e+00 5.678745178820791134e-02
6.339999999999999858e+00 5.663274242571517125e-02
6.349999999999999645e+00 5.647852291706899341e-02
6.360000000000000320e+00 5.632479161443262883e-02
6.370000000000000107e+00 5.617154687461092116e-02
6.379999999999999893e+00 5.601878705905618400e-02
6.389999999999999680e+00 5.586651053387362703e-02
6.400000000000000355e+00 5.571471566982675455e-02
6.410000000000000142e+00 5.556340084234209081e-02
6.419999999999999929e+00 5.541256443151362093e-02
6.429999999999999716e+00 5.526220482210704443e-02
6.439999999999999503e+00 5.511232040356355000e-02
6.450000000000000178e+00 5.496290957000326410e-02
6.459999999999999964e+00 5.481397072022851230e-02
6.469999999999999751e+00 5.466550225772653926e-02
6.479999999999999538e+00 5.451750259067210391e-02
6.490000000000000213e+00 5.436997013192972766e-02
6.500000000000000000e+00 5.422290329905556788e-02
6.509999999999999787e+00 5.407630051429904161e-02
6.519999999999999574e+00 5.393016020460423415e-02
6.530000000000000249e+00 5.378448080161084971e-02
6.540000000000000036e+00 5.363926074165505792e-02
6.549999999999999822e+00 5.349449846576994488e-02
6.559999999999999609e+00 5.335019241968572828e-02
6.570000000000000284e+00 5.320634105382972268e-02
6.580000000000000071e+00 5.306294282332608969e-02
6.589999999999999858e+00 5.291999618799518579e-02
6.599999999999999645e+00 5.277749961235277815e-02
6.610000000000000320e+00 5.263545156560901772e-02
6.620000000000000107e+00 5.249385052166710697e-02
6.629999999999999893e+00 5.235269495912175247e-02
6.639999999999999680e+00 5.221198336125736778e-02
6.650000000000000355e+00 5.207171421604611661e-02
6.660000000000000142e+00 5.193188601614566469e-02
6.669999999999999929e+00 5.179249725889668171e-02
6.679999999999999716e+00 5.165354644632023234e-02
6.689999999999999503e+00 5.151503208511479942e-02
6.700000000000000178e+00 5.137695268665334186e-02
6.709999999999999964e+00 5.123930676697982523e-02
6.719999999999999751e+00 5.110209284680586328e-02
6.729999999999999538e+00 5.096530945150689468e-02
6.740000000000000213e+00 5.082895511111833187e-02
6.750000000000000000e+00 5.069302836033159204e-02
6.759999999999999787e+00 5.055752773848964238e-02
6.769999999999999574e+00 5.042245178958263546e-02
6.780000000000000249e+00 5.028779906224330881e-02
6.790000000000000036e+00 5.015356810974214152e-02
6.799999999999999822e+00 5.001975748998230276e-02
6.809999999999999609e+00 4.988636576549466961e-02
6.820000000000000284e+00 4.975339150343232458e-02
6.830000000000000071e+00 4.962083327556519874e-02
6.839999999999999858e+00 4.948868965827438876e-02
6.849999999999999645e+00 4.935695923254635603e-02
6.860000000000000320e+00 4.922564058396696612e-02
6.870000000000000107e+00 4.909473230271548666e-02
6.879999999999999893e+00 4.896423298355816883e-02
6.889999999999999680e+00 4.883414122584203015e-02
6.900000000000000355e+00 4.870445563348815149e-02
6.910000000000000142e+00 4.857517481498522388e-02
6.919999999999999929e+00 4.844629738338251945e-02
6.929999999999999716e+00 4.831782195628311211e-02
6.939999999999999503e+00 4.818974715583668189e-02
6.950000000000000178e+00 4.806207160873245121e-02
6.959999999999999964e+00 4.793479394619178102e-02
6.969999999999999751e+00 4.780791280396074622e-02
6.979999999999999538e+00 4.768142682230257223e-02
6.990000000000000213e+00 4.755533464598992593e-02
7.000000000000000000e+00 4.742963492429726896e-02
7.009999999999999787e+00 4.730432631099269758e-02
7.019999999999999574e+00 4.717940746433019195e-02
7.030000000000000249e+00 4.705487704704131025e-02
7.040000000000000036e+00 4.693073372632707019e-02
7.049999999999999822e+00 4.680697617384955295e-02
7.059999999999999609e+00 4.668360306572352791e-02
7.070000000000000284e+00 4.656061308250786235e-02
7.080000000000000071e+00 4.643800490919700735e-02
7.089999999999999858e+00 4.631577723521221324e-02
7.099999999999999645e+00 4.619392875439266855e-02
7.110000000000000320e+00 4.607245816498672236e-02
7.120000000000000107e+00 4.595136416964284293e-02
7.129999999999999893e+00 4.583064547540054851e-02
7.139999999999999680e+00 4.571030079368128274e-02
7.150000000000000355e+00 4.559032884027915816e-02
7.160000000000000142e+00 4.547072833535167891e-02
7.169999999999999929e+00 4.535149800341031767e-02
7.179999999999999716e+00 4.523263657331109272e-02
7.189999999999999503e+00 4.511414277824500607e-02
7.200000000000000178e+00 4.499601535572844008e-02
7.209999999999999964e+00 4.487825304759352624e-02
7.219999999999999751e+00 4.476085459997831972e-02
7.229999999999999538e+00 4.464381876331707799e-02
7.240000000000000213e+00 4.452714429233030347e-02
7.250000000000000000e+00 4.441082994601494582e-02
7.259999999999999787e+00 4.429487448763418794e-02
7.269999999999999574e+00 4.417927668470762737e-02
7.280000000000000249e+00 4.406403530900095816e-02
7.290000000000000036e+00 4.394914913651596505e-02
7.299999999999999822e+00 4.383461694748019138e-02
7.309999999999999609e+00 4.372043752633671121e-02
7.320000000000000284e+00 4.360660966173378339e-02
7.330000000000000071e+00 4.349313214651447795e-02
7.339999999999999858e+00 4.338000377770626081e-02
7.349999999999999645e+00 4.326722335651050216e-02
7.360000000000000320e+00 4.315478968829194323e-02
7.370000000000000107e+00 4.304270158256819773e-02
7.379999999999999893e+00 4.293095785299905903e-02
7.389999999999999680e+00 4.281955731737592530e-02
7.400000000000000355e+00 4.270849879761106499e-02
7.410000000000000142e+00 4.259778111972691711e-02
7.419999999999999929e+00 4.248740311384529428e-02
7.429999999999999716e+00 4.237736361417661357e-02
7.439999999999999503e+00 4.226766145900908572e-02
7.450000000000000178e+00 4.215829549069770310e-02
7.459999999999999964e+00 4.204926455565360932e-02
7.469999999999999751e+00 4.194056750433287212e-02
7.479999999999999538e+00 4.183220319122568642e-02
7.490000000000000213e+00 4.172417047484536234e-02
7.500000000000000000e+00 4.161646821771731314e-02
7.509999999999999787e+00 4.150909528636789053e-02
7.519999999999999574e+00 4.140205055131351147e-02
7.530000000000000249e+00 4.129533288704937549e-02
7.540000000000000036e+00 4.118894117203845961e-02
7.549999999999999822e+00 4.108287428870036062e-02
7.559999999999999609e+00 4.097713112340005404e-02
7.570000000000000284e+00 4.087171056643680578e-02
7.580000000000000071e+00 4.076661151203289646e-02
7.589999999999999858e+00 4.066183285832247057e-02
7.599999999999999645e+00 4.055737350734019142e-02
7.610000000000000320e+00 4.045323236501004865e-02
7.620000000000000107e+00 4.034940834113418667e-02
7.629999999999999893e+00 4.024590034938137217e-02
7.639999999999999680e+00 4.014270730727590580e-02
7.650000000000000355e+00 4.003982813618620074e-02
7.660000000000000142e+00 3.993726176131354166e-02
7.669999999999999929e+00 3.983500711168066338e-02
7.679999999999999716e+00 3.973306312012040570e-02
7.689999999999999503e+00 3.963142872326445160e-02
7.700000000000000178e+00 3.953010286153180175e-02
7.709999999999999964e+00 3.942908447911760289e-02
7.719999999999999751e+00 3.932837252398159456e-02
7.729999999999999538e+00 3.922796594783672930e-02
7.740000000000000213e+00 3.912786370613794557e-02
7.750000000000000000e+00 3.902806475807061443e-02
7.759999999999999787e+00 3.892856806653911816e-02
7.769999999999999574e+00 3.882937259815558151e-02
7.780000000000000249e+00 3.873047732322833225e-02
7.790000000000000036e+00 3.863188121575061862e-02
7.799999999999999822e+00 3.853358325338902823e-02
7.809999999999999609e+00 3.843558241747223325e-02
7.820000000000000284e+00 3.833787769297949954e-02
7.830000000000000071e+00 3.824046806852929303e-02
7.839999999999999858e+00 3.814335253636784440e-02
7.849999999999999645e+00 3.804653009235776928e-02
7.860000000000000320e+00 3.794999973596663301e-02
7.870000000000000107e+00 3.785376047025563323e-02
7.879999999999999893e+00 3.775781130186803974e-02
7.889999999999999680e+00 3.766215124101798123e-02
7.900000000000000355e+00 3.756677930147887118e-02
7.910000000000000142e+00 3.747169450057220158e-02
7.919999999999999929e+00 3.737689585915601048e-02
7.929999999999999716e+00 3.728238240161361322e-02
7.940000000000000391e+00 3.718815315584217407e-02
7.950000000000000178e+00 3.709420715324137502e-02
7.959999999999999964e+00 3.700054342870209151e-02
7.969999999999999751e+00 3.690716102059495712e-02
7.979999999999999538e+00 3.681405897075916422e-02
7.990000000000000213e+00 3.672123632449098701e-02
8.000000000000000000e+00 3.662869213053262379e-02
8.009999999999999787e+00 3.653642544106076862e-02
8.019999999999999574e+00 3.644443531167537720e-02
8.029999999999999361e+00 3.635272080138839818e-02
8.039999999999999147e+00 3.626128097261245575e-02
8.050000000000000711e+00 3.617011489114958789e-02
8.060000000000000497e+00 3.607922162618011630e-02
8.070000000000000284e+00 3.598860025025128750e-02
8.080000000000000071e+00 3.589824983926604568e-02
8.089999999999999858e+00 3.580816947247193738e-02
8.099999999999999645e+00 3.571835823244984276e-02
8.109999999999999432e+00 3.562881520510283173e-02
8.119999999999999218e+00 3.553953947964495069e-02
8.130000000000000782e+00 3.545053014859012724e-02
8.140000000000000568e+00 3.536178630774110265e-02
8.150000000000000355e+00 3.527330705617812839e-02
8.160000000000000142e+00 3.518509149624809290e-02
8.169999999999999929e+00 3.509713873355322505e-02
8.179999999999999716e+00 3.500944787694020011e-02
8.189999999999999503e+00 3.492201803848904440e-02
8.199999999999999289e+00 3.483484833350203314e-02
8.209999999999999076e+00 3.474793788049279630e-02
8.220000000000000639e+00 3.466128580117522340e-02
8.230000000000000426e+00 3.457489122045259017e-02
8.240000000000000213e+00 3.448875326640648414e-02
8.250000000000000000e+00 3.440287107028595914e-02
8.259999999999999787e+00 3.431724376649659264e-02
8.269999999999999574e+00 3.423187049258960557e-02
8.279999999999999361e+00 3.414675038925091277e-02
8.289999999999999147e+00 3.406188260029040932e-02
8.300000000000000711e+00 3.397726627263094462e-02
8.310000000000000497e+00 3.389290055629771981e-02
8.320000000000000284e+00 3.380878460440728955e-02
8.330000000000000071e+00 3.372491757315693173e-02
8.339999999999999858e+00 3.364129862181381575e-02
8.349999999999999645e+00 3.355792691270435835e-02
8.359999999999999432e+00 3.347480161120339193e-02
8.369999999999999218e+00 3.339192188572359665e-02
8.380000000000000782e+00 3.330928690770475903e-02
8.390000000000000568e+00 3.322689585160320397e-02
8.400000000000000355e+00 3.314474789488110196e-02
8.410000000000000142e+00 3.306284221799588724e-02
8.419999999999999929e+00 3.298117800438972458e-02
8.429999999999999716e+00 3.289975444047894132e-02
8.439999999999999503e+00 3.281857071564350803e-02
8.449999999999999289e+00 3.273762602221651913e-02
8.459999999999999076e+00 3.265691955547371517e-02
8.470000000000000639e+00 3.257645051362303978e-02
8.480000000000000426e+00 3.249621809779426607e-02
8.490000000000000213e+00 3.241622151202847718e-02
8.500000000000000000e+00 3.233645996326774130e-02
8.509999999999999787e+00 3.225693266134480042e-02
8.519999999999999574e+00 3.217763881897265504e-02
8.529999999999999361e+00 3.209857765173435712e-02
8.539999999999999147e+00 3.201974837807260860e-02
8.550000000000000711e+00 3.194115021927961678e-02
8.560000000000000497e+00 3.186278239948681784e-02
8.570000000000000284e+00 3.178464414565464885e-02
8.580000000000000071e+00 3.170673468756242397e-02
8.589999999999999858e+00 3.162905325779811344e-02
8.599999999999999645e+00 3.155159909174830302e-02
8.609999999999999432e+00 3.147437142758797990e-02
8.619999999999999218e+00 3.139736950627056850e-02
8.630000000000000782e+00 3.132059257151779963e-02
8.640000000000000568e+00 3.124403986980979486e-02
8.650000000000000355e+00 3.116771065037492183e-02
8.660000000000000142e+00 3.109160416517991674e-02
8.669999999999999929e+00 3.101571966891992702e-02
8.679999999999999716e+00 3.094005641900863038e-02
8.689999999999999503e+00 3.086461367556823238e-02
8.699999999999999289e+00 3.078939070141977277e-02
8.710000000000000853e+00 3.071438676207309537e-02
8.720000000000000639e+00 3.063960112571723765e-02
8.730000000000000426e+00 3.056503306321048039e-02
8.740000000000000213e+00 3.049068184807071299e-02
8.750000000000000000e+00 3.041654675646560807e-02
8.759999999999999787e+00 3.034262706720302835e-02
8.769999999999999574e+00 3.026892206172126024e-02
8.779999999999999361e+00 3.019543102407942423e-02
8.789999999999999147e+00 3.012215324094780905e-02
8.800000000000000711e+00 3.004908800159835150e-02
8.810000000000000497e+00 2.997623459789505382e-02
8.820000000000000284e+00 2.990359232428436292e-02
8.830000000000000071e+00 2.983116047778578556e-02
8.839999999999999858e+00 2.975893835798235423e-02
8.849999999999999645e+00 2.968692526701113485e-02
8.859999999999999432e+00 2.961512050955389039e-02
8.869999999999999218e+00 2.954352339282766138e-02
8.880000000000000782e+00 2.947213322657527348e-02
8.890000000000000568e+00 2.940094932305624756e-02
8.900000000000000355e+00 2.932997099703725866e-02
8.910000000000000142e+00 2.925919756578294201e-02
8.919999999999999929e+00 2.918862834904666775e-02
8.929999999999999716e+00 2.911826266906123936e-02
8.939999999999999503e+00 2.904809985052977592e-02
8.949999999999999289e+00 2.897813922061647646e-02
8.960000000000000853e+00 2.890838010893753002e-02
8.970000000000000639e+00 2.883882184755192854e-02
8.980000000000000426e+00 2.876946377095247753e-02
8.990000000000000213e+00 2.870030521605662979e-02
9.000000000000000000e+00 2.863134552219758974e-02
9.009999999999999787e+00 2.856258403111518185e-02
9.019999999999999574e+00 2.849402008694689944e-02
9.029999999999999361e+00 2.842565303621906458e-02
9.039999999999999147e+00 2.835748222783778666e-02
9.050000000000000711e+00 2.828950701308015347e-02
9.060000000000000497e+00 2.822172674558533559e-02
9.070000000000000284e+00 2.815414078134572534e-02
9.080000000000000071e+00 2.808674847869822161e-02
9.089999999999999858e+00 2.801954919831537924e-02
9.099999999999999645e+00 2.795254230319667646e-02
9.109999999999999432e+00 2.788572715865982737e-02
9.119999999999999218e+00 2.781910313233202856e-02
9.130000000000000782e+00 2.775266959414137910e-02
9.140000000000000568e+00 2.768642591630818967e-02
9.150000000000000355e+00 2.762037147333639212e-02
9.160000000000000142e+00 2.755450564200494917e-02
9.169999999999999929e+00 2.748882780135933346e-02
9.179999999999999716e+00 2.742333733270297877e-02
9.189999999999999503e+00 2.735803361958879035e-02
9.199999999999999289e+00 2.729291604781071759e-02
9.210000000000000853e+00 2.722798400539526431e-02
9.220000000000000639e+00 2.716323688259310309e-02
9.230000000000000426e+00 2.709867407187072433e-02
9.240000000000000213e+00 2.703429496790201586e-02
9.250000000000000000e+00 2.697009896755998143e-02
9.259999999999999787e+00 2.690608546990846950e-02
9.269999999999999574e+00 2.684225387619386394e-02
9.279999999999999361e+00 2.677860358983681632e-02
9.289999999999999147e+00 2.671513401642414132e-02
9.300000000000000711e+00 2.665184456370051080e-02
9.310000000000000497e+00 2.658873464156036662e-02
9.320000000000000284e+00 2.652580366203978121e-02
9.330000000000000071e+00 2.646305103930834610e-02
9.339999999999999858e+00 2.640047618966110191e-02
9.349999999999999645e+00 2.633807853151046152e-02
9.359999999999999432e+00 2.627585748537827892e-02
9.369999999999999218e+00 2.621381247388778271e-02
9.380000000000000782e+00 2.615194292175561028e-02
9.390000000000000568e+00 2.609024825578392867e-02
9.400000000000000355e+00 2.602872790485248958e-02
9.410000000000000142e+00 2.596738129991075714e-02
9.419999999999999929e+00 2.590620787397003924e-02
9.429999999999999716e+00 2.584520706209568475e-02
9.439999999999999503e+00 2.578437830139929457e-02
9.449999999999999289e+00 2.572372103103089461e-02
9.460000000000000853e+00 2.566323469217127173e-02
9.470000000000000639e+00 2.560291872802423346e-02
9.480000000000000426e+00 2.554277258380885374e-02
9.490000000000000213e+00 2.548279570675189912e-02
9.500000000000000000e+00 2.542298754608014050e-02
9.509999999999999787e+00 2.536334755301279317e-02
9.519999999999999574e+00 2.530387518075387365e-02
9.529999999999999361e+00 2.524456988448469524e-02
9.539999999999999147e+00 2.518543112135633241e-02
9.550000000000000711e+00 2.512645835048208862e-02
9.560000000000000497e+00 2.506765103293010985e-02
9.570000000000000284e+00 2.500900863171581084e-02
9.580000000000000071e+00 2.495053061179456494e-02
9.589999999999999858e+00 2.489221644005425518e-02
9.599999999999999645e+00 2.483406558530791911e-02
9.609999999999999432e+00 2.477607751828644206e-02
9.619999999999999218e+00 2.471825171163118812e-02
9.630000000000000782e+00 2.466058763988673505e-02
9.640000000000000568e+00 2.460308477949366482e-02
9.650000000000000355e+00 2.454574260878123609e-02
9.660000000000000142e+00 2.448856060796025802e-02
9.669999999999999929e+00 2.443153825911585988e-02
9.679999999999999716e+00 2.437467504620035100e-02
9.689999999999999503e+00 2.431797045502611179e-02
9.699999999999999289e+00 2.426142397325844677e-02
9.710000000000000853e+00 2.420503509040853457e-02
9.720000000000000639e+00 2.414880329782639543e-02
9.730000000000000426e+00 2.409272808869384122e-02
9.740000000000000213e+00 2.403680895801745682e-02
9.750000000000000000e+00 2.398104540262165421e-02
9.759999999999999787e+00 2.392543692114174406e-02
9.769999999999999574e+00 2.386998301401695860e-02
9.779999999999999361e+00 2.381468318348358565e-02
9.789999999999999147e+00 2.375953693356810253e-02
9.800000000000000711e+00 2.370454377008030314e-02
9.810000000000000497e+00 2.364970320060652900e-02
9.820000000000000284e+00 2.359501473450281023e-02
9.830000000000000071e+00 2.354047788288812434e-02
9.839999999999999858e+00 2.348609215863765864e-02
9.849999999999999645e+00 2.343185707637607598e-02
9.859999999999999432e+00 2.337777215247084303e-02
9.869999999999999218e+00 2.332383690502550649e-02
9.880000000000000782e+00 2.327005085387310462e-02
9.890000000000000568e+00 2.321641352056954405e-02
9.900000000000000355e+00 2.316292442838693497e-02
9.910000000000000142e+00 2.310958310230711368e-02
9.919999999999999929e+00 2.305638906901501944e-02
9.929999999999999716e+00 2.300334185689224126e-02
9.939999999999999503e+00 2.295044099601043636e-02
9.949999999999999289e+00 2.289768601812493601e-02
9.960000000000000853e+00 2.284507645666826112e-02
9.970000000000000639e+00 2.279261184674369681e-02
9.980000000000000426e+00 2.274029172511888436e-02
9.990000000000000213e+00 2.268811563021949640e-02
1.000000000000000000e+01 2.263608310212279068e-02
