5.000000000000000000e+01 3.596882693188962143e+00
1.250000000000000000e+02 3.474341756360977485e+01
2.000000000000000000e+02 5.458970307177311554e+01
2.750000000000000000e+02 5.236604588207219280e+01
3.500000000000000000e+02 4.769563665922910900e+01
4.250000000000000000e+02 3.977499151597307048e+01
5.000000000000000000e+02 2.823696900087613670e+01
5.750000000000000000e+02 2.625943125951071977e+01
6.500000000000000000e+02 1.766346740838145379e+01
7.250000000000000000e+02 1.596831304176112987e+01
8.000000000000000000e+02 1.424853449517171278e+01
8.750000000000000000e+02 1.164379560693137172e+01
9.500000000000000000e+02 8.054884398676930957e+00
1.025000000000000000e+03 7.128598571741844303e+00
1.100000000000000000e+03 8.687684141535960691e+00
1.175000000000000000e+03 5.981725971646866036e+00
1.250000000000000000e+03 5.944383098687890943e+00
