3.197113224021230167e+02 1.830162529870693220e+02
4.277570634713071058e+02 1.783988643873998683e+02
5.358028045404911381e+02 1.739266490567375172e+02
6.438485456096752841e+02 1.695949878718069499e+02
7.518942866788593165e+02 1.653994087646126445e+02
8.599400277480433488e+02 1.613355820406323460e+02
9.679857688172273811e+02 1.573993158460648090e+02
1.076031509886411641e+03 1.535865517793881168e+02
1.184077250955595673e+03 1.498933606426324445e+02
1.292122992024779705e+03 1.463159383279206622e+02
1.400168733093963738e+03 1.428506018349688702e+02
1.508214474163147770e+03 1.394937854153786816e+02
1.616260215232331802e+03 1.362420368396836921e+02
1.724305956301515835e+03 1.330920137832425780e+02
1.832351697370700094e+03 1.300404803271946435e+02
1.940397438439884127e+03 1.270843035708149529e+02
2.048443179509068159e+03 1.242204503517221781e+02
2.156488920578252419e+03 1.214459840705054887e+02
2.264534661647436224e+03 1.187580616164460139e+02
2.372580402716620483e+03 1.161539303911145851e+02
2.480626143785804743e+03 1.136309254267293056e+02
2.588671884854988548e+03 1.111864665962563379e+02
2.696717625924172808e+03 1.088180559123328806e+02
2.804763366993357067e+03 1.065232749121847604e+02
2.912809108062540872e+03 1.042997821258005331e+02
3.020854849131725132e+03 1.021453106247113567e+02
3.128900590200908937e+03 1.000576656488111666e+02
3.236946331270093197e+03 9.803472230873128979e+01
3.344992072339277456e+03 9.607442336136531935e+01
3.453037813408461261e+03 9.417477705621450923e+01
3.561083554477645521e+03 9.233385505029943374e+01
3.669129295546829326e+03 9.054979038945469938e+01
3.777175036616013585e+03 8.882077555389339807e+01
3.885220777685197845e+03 8.714506056599515205e+01
3.993266518754381650e+03 8.552095115833654404e+01
4.101312259823565910e+03 8.394680700004630580e+01
4.209358000892749260e+03 8.242103997962811945e+01
4.317403741961933520e+03 8.094211254245334430e+01
4.425449483031117779e+03 7.950853608118305260e+01
4.533495224100302039e+03 7.811886937743463477e+01
4.641540965169486299e+03 7.677171709306077219e+01
4.749586706238670558e+03 7.546572830946217891e+01
4.857632447307853909e+03 7.419959511340397285e+01
4.965678188377038168e+03 7.297205122785571518e+01
5.073723929446222428e+03 7.178187068642159829e+01
5.181769670515406688e+03 7.062786654997273672e+01
5.289815411584590947e+03 6.950888966413830872e+01
5.397861152653774298e+03 6.842382745635448771e+01
5.505906893722958557e+03 6.737160277121179774e+01
5.613952634792142817e+03 6.635117274288170108e+01
5.721998375861327077e+03 6.536152770344185114e+01
5.830044116930511336e+03 6.440169012595700337e+01
5.938089857999694686e+03 6.347071360120915529e+01
6.046135599068878946e+03 6.256768184700578672e+01
6.154181340138063206e+03 6.169170774902859478e+01
6.262227081207247465e+03 6.084193243221901071e+01
6.370272822276431725e+03 6.001752436172797900e+01
6.478318563345615075e+03 5.921767847248897709e+01
6.586364304414799335e+03 5.844161532650274182e+01
6.694410045483983595e+03 5.768858029695179823e+01
6.802455786553167854e+03 5.695784277829021391e+01
6.910501527622352114e+03 5.624869542148192636e+01
7.018547268691535464e+03 5.556045339358679058e+01
7.126593009760719724e+03 5.489245366091925149e+01
7.234638750829903984e+03 5.424405429502916576e+01
7.342684491899088243e+03 5.361463380077820773e+01
7.450730232968272503e+03 5.300359046580827282e+01
7.558775974037455853e+03 5.241034173072099378e+01
7.666821715106640113e+03 5.183432357930885814e+01
7.774867456175824373e+03 5.127498994819964651e+01
7.882913197245008632e+03 5.073181215529596955e+01
7.990958938314192892e+03 5.020427834641171216e+01
8.099004679383376242e+03 4.969189295952592289e+01
8.207050420452560502e+03 4.919417620609328168e+01
8.315096161521743852e+03 4.871066356886817772e+01
8.423141902590929021e+03 4.824090531571653173e+01
8.531187643660112371e+03 4.778446602890652173e+01
8.639233384729297541e+03 4.734092414938518090e+01
8.747279125798480891e+03 4.690987153556408629e+01
8.855324866867664241e+03 4.649091303615179527e+01
8.963370607936849410e+03 4.608366607658627601e+01
9.071416349006032760e+03 4.568776025863395773e+01
9.179462090075217930e+03 4.530283697273641508e+01
9.287507831144401280e+03 4.492854902269888839e+01
9.395553572213584630e+03 4.456456026232746837e+01
9.503599313282769799e+03 4.421054524363484006e+01
9.611645054351953149e+03 4.386618887624600660e+01
9.719690795421138318e+03 4.353118609764763391e+01
9.827736536490321669e+03 4.320524155393562893e+01
9.935782277559505019e+03 4.288806929072677576e+01
1.004382801862869019e+04 4.257939245391089145e+01
1.015187375969787354e+04 4.227894299993013760e+01
1.025991950076705871e+04 4.198646141528214315e+01
1.036796524183624206e+04 4.170169644495337025e+01
1.047601098290542541e+04 4.142440482949837133e+01
1.058405672397461058e+04 4.115435105048962328e+01
1.069210246504379393e+04 4.089130708407157044e+01
1.080014820611297910e+04 4.063505216236069373e+01
1.090819394718216245e+04 4.038537254244195651e+01
1.101623968825134580e+04 4.014206128271970186e+01
1.112428542932053097e+04 3.990491802638891983e+01
1.123233117038971432e+04 3.967374879180009373e+01
1.134037691145889949e+04 3.944836576949820994e+01
1.144842265252808284e+04 3.922858712572357121e+01
1.155646839359726619e+04 3.901423681216837736e+01
1.166451413466645135e+04 3.880514438179024950e+01
1.177255987573563471e+04 3.860114481048962887e+01
1.188060561680481987e+04 3.840207832446446190e+01
1.198865135787400322e+04 3.820779023306140942e+01
1.209669709894318657e+04 3.801813076694858751e+01
1.220474284001237174e+04 3.783295492144037553e+01
1.231278858108155509e+04 3.765212230481033373e+01
1.242083432215074026e+04 3.747549699143336710e+01
1.252888006321992361e+04 3.730294737960343809e+01
1.263692580428910696e+04 3.713434605387789134e+01
1.274497154535829213e+04 3.696956965180439170e+01
1.285301728642747548e+04 3.680849873489083279e+01
1.296106302749666065e+04 3.665101766368317726e+01
1.306910876856584400e+04 3.649701447682052446e+01
1.317715450963502735e+04 3.634638077394055955e+01
1.328520025070421252e+04 3.619901160231312076e+01
1.339324599177339587e+04 3.605480534708287621e+01
1.350129173284258104e+04 3.591366362500643561e+01
1.360933747391176439e+04 3.577549118157246255e+01
1.371738321498094774e+04 3.564019579139731775e+01
1.382542895605013291e+04 3.550768816179166976e+01
1.393347469711931626e+04 3.537788183939729691e+01
1.404152043818850143e+04 3.525069311979635955e+01
1.414956617925768478e+04 3.512604095999836318e+01
1.425761192032686813e+04 3.500384689371330893e+01
1.436565766139605330e+04 3.488403494932225613e+01
1.447370340246523665e+04 3.476653157045956277e+01
1.458174914353442182e+04 3.465126553912339347e+01
1.468979488460360517e+04 3.453816790123428859e+01
1.479784062567278852e+04 3.442717189456366356e+01
1.490588636674197369e+04 3.431821287895682815e+01
1.501393210781115704e+04 3.421122826877755330e+01
1.512197784888034221e+04 3.410615746750339383e+01
1.523002358994952556e+04 3.400294180440321412e+01
1.533806933101870891e+04 3.390152447323081475e+01
1.544611507208789408e+04 3.380185047287029931e+01
1.555416081315707743e+04 3.370386654987117936e+01
1.566220655422626260e+04 3.360752114281286396e+01
1.577025229529544595e+04 3.351276432844058206e+01
1.587829803636462930e+04 3.341954776951603634e+01
1.598634377743381447e+04 3.332782466432838930e+01
1.609438951850299782e+04 3.323754969781266766e+01
1.620243525957218299e+04 3.314867899422439734e+01
1.631048100064136634e+04 3.306117007132091601e+01
1.641852674171054969e+04 3.297498179600145818e+01
1.652657248277973486e+04 3.289007434135947250e+01
1.663461822384891639e+04 3.280640914510231454e+01
1.674266396491810156e+04 3.272394886929461677e+01
1.685070970598728672e+04 3.264265736138350604e+01
1.695875544705647189e+04 3.256249961646442870e+01
1.706680118812565343e+04 3.248344174074848922e+01
1.717484692919483859e+04 3.240545091619276974e+01
1.728289267026402376e+04 3.232849536625676734e+01
1.739093841133320529e+04 3.225254432274902427e+01
1.749898415240239046e+04 3.217756799372923382e+01
1.760702989347157563e+04 3.210353753243229136e+01
1.771507563454076080e+04 3.203042500718162700e+01
1.782312137560994233e+04 3.195820337226052033e+01
1.793116711667912750e+04 3.188684643971066279e+01
1.803921285774831267e+04 3.181632885202861871e+01
1.814725859881749420e+04 3.174662605573156071e+01
1.825530433988667937e+04 3.167771427576454712e+01
1.836335008095586454e+04 3.160957049072263558e+01
1.847139582202504607e+04 3.154217240886177009e+01
1.857944156309423124e+04 3.147549844487350512e+01
1.868748730416341641e+04 3.140952769739906714e+01
1.879553304523260158e+04 3.134423992725933772e+01
1.890357878630178311e+04 3.127961553637788583e+01
1.901162452737096828e+04 3.121563554737508994e+01
1.911967026844015345e+04 3.115228158381182055e+01
1.922771600950933498e+04 3.108953585106218753e+01
1.933576175057852015e+04 3.102738111779518348e+01
1.944380749164770532e+04 3.096580069804591417e+01
1.955185323271688685e+04 3.090477843385761858e+01
1.965989897378607202e+04 3.084429867847628515e+01
1.976794471485525719e+04 3.078434628008033513e+01
1.987599045592444236e+04 3.072490656602827741e+01
1.998403619699362389e+04 3.066596532760783589e+01
2.009208193806280906e+04 3.060750880527068674e+01
2.020012767913199423e+04 3.054952367433720184e+01
2.030817342020117576e+04 3.049199703115631976e+01
2.041621916127036093e+04 3.043491637970608821e+01
2.052426490233954610e+04 3.037826961862070618e+01
2.063231064340872763e+04 3.032204502863067930e+01
2.074035638447791280e+04 3.026623126040276901e+01
2.084840212554709797e+04 3.021081732276711307e+01
2.095644786661628314e+04 3.015579257131910396e+01
2.106449360768546467e+04 3.010114669738421966e+01
2.117253934875464984e+04 3.004686971733410772e+01
2.128058508982383501e+04 2.999295196224282378e+01
2.138863083089301654e+04 2.993938406787241036e+01
2.149667657196220171e+04 2.988615696497726049e+01
2.160472231303138688e+04 2.983326186991716256e+01
2.171276805410056841e+04 2.978069027556920645e+01
2.182081379516975358e+04 2.972843394252900140e+01
2.192885953623893874e+04 2.967648489059204664e+01
2.203690527730812391e+04 2.962483539050624870e+01
2.214495101837730545e+04 2.957347795598707663e+01
2.225299675944649061e+04 2.952240533598684991e+01
2.236104250051567578e+04 2.947161050721021525e+01
2.246908824158485731e+04 2.942108666686784346e+01
2.257713398265404248e+04 2.937082722566085735e+01
2.268517972372322765e+04 2.932082580098859026e+01
2.279322546479240918e+04 2.927107621037258411e+01
2.290127120586159435e+04 2.922157246508994533e+01
2.300931694693077952e+04 2.917230876400939721e+01
2.311736268799996469e+04 2.912327948762355234e+01
2.322540842906914622e+04 2.907447919227116984e+01
2.333345417013833139e+04 2.902590260454337923e+01
2.344149991120751656e+04 2.897754461586794505e+01
2.354954565227669809e+04 2.892940027726600860e+01
2.365759139334588326e+04 2.888146479427567570e+01
2.376563713441506843e+04 2.883373352203726014e+01
2.387368287548424996e+04 2.878620196053502056e+01
2.398172861655343513e+04 2.873886574999029264e+01
2.408977435762262030e+04 2.869172066640137686e+01
2.419782009869180547e+04 2.864476261722535355e+01
2.430586583976098700e+04 2.859798763719740222e+01
2.441391158083017217e+04 2.855139188428319130e+01
2.452195732189935734e+04 2.850497163576015680e+01
2.463000306296853887e+04 2.845872328442349541e+01
2.473804880403772404e+04 2.841264333491297123e+01
2.484609454510690921e+04 2.836672840015664221e+01
2.495414028617609074e+04 2.832097519792783302e+01
2.506218602724527591e+04 2.827538054751163443e+01
2.517023176831446108e+04 2.822994136647766439e+01
2.527827750938364625e+04 2.818465466755541371e+01
2.538632325045282778e+04 2.813951755560916723e+01
2.549436899152201295e+04 2.809452722470921060e+01
2.560241473259119812e+04 2.804968095529623184e+01
2.571046047366037965e+04 2.800497611143605070e+01
2.581850621472956482e+04 2.796041013816169851e+01
2.592655195579874999e+04 2.791598055890013796e+01
2.603459769686793152e+04 2.787168497298088710e+01
2.614264343793711669e+04 2.782752105322395764e+01
2.625068917900630186e+04 2.778348654360459591e+01
2.635873492007548703e+04 2.773957925699232518e+01
2.646678066114466856e+04 2.769579707296203708e+01
2.657482640221385373e+04 2.765213793567464862e+01
2.668287214328303889e+04 2.760859985182536036e+01
2.679091788435222043e+04 2.756518088865712457e+01
2.689896362542140560e+04 2.752187917203739431e+01
2.700700936649059076e+04 2.747869288459612491e+01
2.711505510755977230e+04 2.743562026392297781e+01
2.722310084862895746e+04 2.739265960082197893e+01
2.733114658969814263e+04 2.734980923762169880e+01
2.743919233076732780e+04 2.730706756653925282e+01
2.754723807183650933e+04 2.726443302809635227e+01
2.765528381290569450e+04 2.722190410958578966e+01
2.776332955397487967e+04 2.717947934358675965e+01
2.787137529504406120e+04 2.713715730652739921e+01
2.797942103611324637e+04 2.709493661729312564e+01
2.808746677718243154e+04 2.705281593587924505e+01
2.819551251825161307e+04 2.701079396208647765e+01
2.830355825932079824e+04 2.696886943425798577e+01
2.841160400038998341e+04 2.692704112805661154e+01
2.851964974145916494e+04 2.688530785528104516e+01
2.862769548252835011e+04 2.684366846271965912e+01
2.873574122359753528e+04 2.680212183104085355e+01
2.884378696466672045e+04 2.676066687371868724e+01
2.895183270573590198e+04 2.671930253599273541e+01
2.905987844680508715e+04 2.667802779386104817e+01
2.916792418787427232e+04 2.663684165310517216e+01
2.927596992894345385e+04 2.659574314834617326e+01
2.938401567001263902e+04 2.655473134213074005e+01
2.949206141108182419e+04 2.651380532404639112e+01
2.960010715215100572e+04 2.647296420986477372e+01
2.970815289322019089e+04 2.643220714071231470e+01
2.981619863428937606e+04 2.639153328226722195e+01
2.992424437535856123e+04 2.635094182398204410e+01
3.003229011642774276e+04 2.631043197833099967e+01
3.014033585749692793e+04 2.627000298008123735e+01
3.024838159856611310e+04 2.622965408558732392e+01
3.035642733963529463e+04 2.618938457210813553e+01
3.046447308070447980e+04 2.614919373714552719e+01
3.057251882177366497e+04 2.610908089780408048e+01
3.068056456284284650e+04 2.606904539017113365e+01
3.078861030391203167e+04 2.602908656871665372e+01
3.089665604498121684e+04 2.598920380571213329e+01
3.100470178605040201e+04 2.594939649066800413e+01
3.111274752711958354e+04 2.590966402978897420e+01
3.122079326818876871e+04 2.587000584544664861e+01
3.132883900925795388e+04 2.583042137566901530e+01
3.143688475032713541e+04 2.579091007364609212e+01
3.154493049139632058e+04 2.575147140725134420e+01
3.165297623246550575e+04 2.571210485857836758e+01
3.176102197353468728e+04 2.567280992349224888e+01
3.186906771460387245e+04 2.563358611119524255e+01
3.197711345567305762e+04 2.559443294380626099e+01
3.208515919674224278e+04 2.555534995595375491e+01
3.219320493781142432e+04 2.551633669438153973e+01
3.230125067888060948e+04 2.547739271756715240e+01
3.240929641994979465e+04 2.543851759535238699e+01
3.251734216101897619e+04 2.539971090858555769e+01
3.262538790208816135e+04 2.536097224877514833e+01
3.273343364315734652e+04 2.532230121775448239e+01
3.284147938422652805e+04 2.528369742735710446e+01
3.294952512529570959e+04 2.524516049910239701e+01
3.305757086636489839e+04 2.520669006389130828e+01
3.316561660743407992e+04 2.516828576171168663e+01
3.327366234850326873e+04 2.512994724135301894e+01
3.338170808957245026e+04 2.509167416013023555e+01
3.348975383064163179e+04 2.505346618361630107e+01
3.359779957171082060e+04 2.501532298538333521e+01
3.370584531278000213e+04 2.497724424675194754e+01
3.381389105384918366e+04 2.493922965654853385e+01
3.392193679491837247e+04 2.490127891087032452e+01
3.402998253598755400e+04 2.486339171285790073e+01
3.413802827705673553e+04 2.482556777247492974e+01
3.424607401812592434e+04 2.478780680629490618e+01
3.435411975919510587e+04 2.475010853729471449e+01
3.446216550026428740e+04 2.471247269465471419e+01
3.457021124133347621e+04 2.467489901356518089e+01
3.467825698240265774e+04 2.463738723503896821e+01
3.478630272347184655e+04 2.459993710573005288e+01
3.489434846454102808e+04 2.456254837775787436e+01
3.500239420561020961e+04 2.452522080853729136e+01
3.511043994667939842e+04 2.448795416061389929e+01
3.521848568774857995e+04 2.445074820150463069e+01
3.532653142881776148e+04 2.441360270354337558e+01
3.543457716988695029e+04 2.437651744373156149e+01
3.554262291095613182e+04 2.433949220359344068e+01
3.565066865202531335e+04 2.430252676903601383e+01
3.575871439309450216e+04 2.426562093021336963e+01
3.586676013416368369e+04 2.422877448139539069e+01
3.597480587523286522e+04 2.419198722084057351e+01
3.608285161630205403e+04 2.415525895067293405e+01
3.619089735737123556e+04 2.411858947676282483e+01
3.629894309844041709e+04 2.408197860861148953e+01
3.640698883950960590e+04 2.404542615923936921e+01
3.651503458057878743e+04 2.400893194507789019e+01
3.662308032164796896e+04 2.397249578586472296e+01
3.673112606271715777e+04 2.393611750454238063e+01
3.683917180378633930e+04 2.389979692715997928e+01
3.694721754485552810e+04 2.386353388277822418e+01
3.705526328592470963e+04 2.382732820337729862e+01
3.716330902699389117e+04 2.379117972376776535e+01
3.727135476806307997e+04 2.375508828150427121e+01
3.737940050913226150e+04 2.371905371680198016e+01
3.748744625020144304e+04 2.368307587245566381e+01
3.759549199127063184e+04 2.364715459376141027e+01
3.770353773233981337e+04 2.361128972844072393e+01
3.781158347340899491e+04 2.357548112656714778e+01
3.791962921447818371e+04 2.353972864049509894e+01
3.802767495554736524e+04 2.350403212479110238e+01
3.813572069661654677e+04 2.346839143616705314e+01
3.824376643768573558e+04 2.343280643341574176e+01
3.835181217875491711e+04 2.339727697734831935e+01
3.845985791982409864e+04 2.336180293073379488e+01
3.856790366089328745e+04 2.332638415824046518e+01
3.867594940196246898e+04 2.329102052637918518e+01
3.878399514303165051e+04 2.325571190344841099e+01
3.889204088410083932e+04 2.322045815948104774e+01
3.900008662517002085e+04 2.318525916619294236e+01
3.910813236623920966e+04 2.315011479693301055e+01
3.921617810730839119e+04 2.311502492663497677e+01
3.932422384837757272e+04 2.307998943177059559e+01
3.943226958944676153e+04 2.304500819030441150e+01
3.954031533051594306e+04 2.301008108164991128e+01
3.964836107158512459e+04 2.297520798662709751e+01
3.975640681265431340e+04 2.294038878742136234e+01
3.986445255372349493e+04 2.290562336754373618e+01
3.997249829479267646e+04 2.287091161179232657e+01
4.008054403586186527e+04 2.283625340621500754e+01
4.018858977693104680e+04 2.280164863807331344e+01
4.029663551800022833e+04 2.276709719580743396e+01
4.040468125906941714e+04 2.273259896900233556e+01
4.051272700013859867e+04 2.269815384835499117e+01
4.062077274120778020e+04 2.266376172564258340e+01
4.072881848227696901e+04 2.262942249369175229e+01
4.083686422334615054e+04 2.259513604634882356e+01
4.094490996441533207e+04 2.256090227845096052e+01
4.105295570548452088e+04 2.252672108579823984e+01
4.116100144655370241e+04 2.249259236512659399e+01
4.126904718762289122e+04 2.245851601408162423e+01
4.137709292869207275e+04 2.242449193119328044e+01
4.148513866976125428e+04 2.239052001585121587e+01
4.159318441083044308e+04 2.235660016828108709e+01
4.170123015189962462e+04 2.232273228952150035e+01
4.180927589296880615e+04 2.228891628140167924e+01
4.191732163403799495e+04 2.225515204651988910e+01
4.202536737510717649e+04 2.222143948822252568e+01
4.213341311617635802e+04 2.218777851058385409e+01
4.224145885724554682e+04 2.215416901838638353e+01
4.234950459831472836e+04 2.212061091710188165e+01
4.245755033938390989e+04 2.208710411287298214e+01
4.256559608045309869e+04 2.205364851249533586e+01
4.267364182152228022e+04 2.202024402340040510e+01
4.278168756259146176e+04 2.198689055363869471e+01
4.288973330366065056e+04 2.195358801186362641e+01
4.299777904472983209e+04 2.192033630731581795e+01
4.310582478579901363e+04 2.188713534980792730e+01
4.321387052686820243e+04 2.185398504970993372e+01
4.332191626793738396e+04 2.182088531793491271e+01
4.342996200900656549e+04 2.178783606592523725e+01
4.353800775007575430e+04 2.175483720563921608e+01
4.364605349114493583e+04 2.172188864953815468e+01
4.375409923221412464e+04 2.168899031057382487e+01
4.386214497328330617e+04 2.165614210217635005e+01
4.397019071435248770e+04 2.162334393824239953e+01
4.407823645542167651e+04 2.159059573312384472e+01
4.418628219649085804e+04 2.155789740161670665e+01
4.429432793756003957e+04 2.152524885895047291e+01
4.440237367862922838e+04 2.149265002077776288e+01
4.451041941969840991e+04 2.146010080316428414e+01
4.461846516076759144e+04 2.142760112257913008e+01
4.472651090183678025e+04 2.139515089588537222e+01
4.483455664290596178e+04 2.136275004033094049e+01
4.494260238397514331e+04 2.133039847353980889e+01
4.505064812504433212e+04 2.129809611350341925e+01
4.515869386611351365e+04 2.126584287857244249e+01
4.526673960718269518e+04 2.123363868744867844e+01
4.537478534825188399e+04 2.120148345917736421e+01
4.548283108932106552e+04 2.116937711313956427e+01
4.559087683039024705e+04 2.113731956904493003e+01
4.569892257145943586e+04 2.110531074692458375e+01
4.580696831252861739e+04 2.107335056712430088e+01
4.591501405359780620e+04 2.104143895029785227e+01
4.602305979466698773e+04 2.100957581740057378e+01
4.613110553573616926e+04 2.097776108968313835e+01
4.623915127680535807e+04 2.094599468868551284e+01
4.634719701787453960e+04 2.091427653623110672e+01
4.645524275894372113e+04 2.088260655442110547e+01
4.656328850001290994e+04 2.085098466562896036e+01
4.667133424108209147e+04 2.081941079249508064e+01
4.677937998215127300e+04 2.078788485792166796e+01
4.688742572322046180e+04 2.075640678506769277e+01
4.699547146428964334e+04 2.072497649734408753e+01
4.710351720535882487e+04 2.069359391840901452e+01
4.721156294642801367e+04 2.066225897216331830e+01
4.731960868749719521e+04 2.063097158274612752e+01
4.742765442856637674e+04 2.059973167453055964e+01
4.753570016963556554e+04 2.056853917211957139e+01
4.764374591070474708e+04 2.053739400034195839e+01
4.775179165177392861e+04 2.050629608424844363e+01
4.785983739284311741e+04 2.047524534910789740e+01
4.796788313391229894e+04 2.044424172040368148e+01
4.807592887498148775e+04 2.041328512383008587e+01
4.818397461605066928e+04 2.038237548528892162e+01
4.829202035711985081e+04 2.035151273088612811e+01
4.840006609818903962e+04 2.032069678692856840e+01
4.850811183925822115e+04 2.028992757992090645e+01
4.861615758032740268e+04 2.025920503656251270e+01
4.872420332139659149e+04 2.022852908374456504e+01
4.883224906246577302e+04 2.019789964854715336e+01
4.894029480353495455e+04 2.016731665823651198e+01
4.904834054460414336e+04 2.013678004026232315e+01
4.915638628567332489e+04 2.010628972225512356e+01
4.926443202674250642e+04 2.007584563202374284e+01
4.937247776781169523e+04 2.004544769755284861e+01
4.948052350888087676e+04 2.001509584700058753e+01
4.958856924995005829e+04 1.998479000869625466e+01
4.969661499101924710e+04 1.995453011113803754e+01
4.980466073208842863e+04 1.992431608299085255e+01
4.991270647315761016e+04 1.989414785308423106e+01
5.002075221422679897e+04 1.986402535041025885e+01
5.012879795529598050e+04 1.983394850412159371e+01
5.023684369636516931e+04 1.980391724352952920e+01
5.034488943743435084e+04 1.977393149810212236e+01
5.045293517850353237e+04 1.974399119746236408e+01
5.056098091957272118e+04 1.971409627138642406e+01
5.066902666064190271e+04 1.968424664980192773e+01
5.077707240171108424e+04 1.965444226278628648e+01
5.088511814278027305e+04 1.962468304056508828e+01
5.099316388384945458e+04 1.959496891351052028e+01
5.110120962491863611e+04 1.956529981213984115e+01
5.120925536598782492e+04 1.953567566711391379e+01
5.131730110705700645e+04 1.950609640923574872e+01
5.142534684812618798e+04 1.947656196944910079e+01
5.153339258919537679e+04 1.944707227883714040e+01
5.164143833026455832e+04 1.941762726862108934e+01
5.174948407133373985e+04 1.938822687015899149e+01
5.185752981240292866e+04 1.935887101494440898e+01
5.196557555347211019e+04 1.932955963460525339e+01
5.207362129454129172e+04 1.930029266090259910e+01
5.218166703561048053e+04 1.927107002572950023e+01
5.228971277667966206e+04 1.924189166110994975e+01
5.239775851774885086e+04 1.921275749919771769e+01
5.250580425881803239e+04 1.918366747227536706e+01
5.261384999988721393e+04 1.915462151275318448e+01
5.272189574095640273e+04 1.912561955316819606e+01
5.282994148202558426e+04 1.909666152618320112e+01
5.293798722309476580e+04 1.906774736458584130e+01
5.304603296416395460e+04 1.903887700128765914e+01
5.315407870523313613e+04 1.901005036932322056e+01
5.326212444630231766e+04 1.898126740184924799e+01
5.337017018737150647e+04 1.895252803214376414e+01
5.347821592844068800e+04 1.892383219360527491e+01
5.358626166950986953e+04 1.889517981975195937e+01
5.369430741057905834e+04 1.886657084422090591e+01
5.380235315164823987e+04 1.883800520076734131e+01
5.391039889271742140e+04 1.880948282326388465e+01
5.401844463378661021e+04 1.878100364569981906e+01
5.412649037485579174e+04 1.875256760218042018e+01
5.423453611592497327e+04 1.872417462692623502e+01
5.434258185699416208e+04 1.869582465427242468e+01
5.445062759806334361e+04 1.866751761866812842e+01
5.455867333913253242e+04 1.863925345467580641e+01
5.466671908020171395e+04 1.861103209697062866e+01
5.477476482127089548e+04 1.858285348033986750e+01
5.488281056234008429e+04 1.855471753968231496e+01
5.499085630340926582e+04 1.852662421000769655e+01
5.509890204447844735e+04 1.849857342643612412e+01
5.520694778554763616e+04 1.847056512419753105e+01
5.531499352661681769e+04 1.844259923863114636e+01
5.542303926768599922e+04 1.841467570518496544e+01
5.553108500875518803e+04 1.838679445941524193e+01
5.563913074982436956e+04 1.835895543698601173e+01
5.574717649089355109e+04 1.833115857366854939e+01
5.585522223196273990e+04 1.830340380534094891e+01
5.596326797303192143e+04 1.827569106798763343e+01
5.607131371410110296e+04 1.824802029769889700e+01
5.617935945517029177e+04 1.822039143067046041e+01
5.628740519623947330e+04 1.819280440320304848e+01
5.639545093730865483e+04 1.816525915170194594e+01
5.650349667837784364e+04 1.813775561267659242e+01
5.661154241944702517e+04 1.811029372274017746e+01
5.671958816051620670e+04 1.808287341860922126e+01
5.682763390158539551e+04 1.805549463710320524e+01
5.693567964265457704e+04 1.802815731514418474e+01
5.704372538372376584e+04 1.800086138975639471e+01
5.715177112479294738e+04 1.797360679806591577e+01
5.725981686586212891e+04 1.794639347730027623e+01
5.736786260693131771e+04 1.791922136478812533e+01
5.747590834800049925e+04 1.789209039795889211e+01
5.758395408906968078e+04 1.786500051434240888e+01
5.769199983013886958e+04 1.783795165156860918e+01
5.780004557120805111e+04 1.781094374736720454e+01
5.790809131227723265e+04 1.778397673956734693e+01
5.801613705334642145e+04 1.775705056609730192e+01
5.812418279441560298e+04 1.773016516498418227e+01
5.823222853548478452e+04 1.770332047435361034e+01
5.834027427655397332e+04 1.767651643242940906e+01
5.844832001762315485e+04 1.764975297753335681e+01
5.855636575869233639e+04 1.762303004808484630e+01
5.866441149976152519e+04 1.759634758260064658e+01
5.877245724083070672e+04 1.756970551969457972e+01
5.888050298189988825e+04 1.754310379807728992e+01
5.898854872296907706e+04 1.751654235655593439e+01
5.909659446403825859e+04 1.749002113403396308e+01
5.920464020510744740e+04 1.746354006951080606e+01
5.931268594617662893e+04 1.743709910208167457e+01
5.942073168724581046e+04 1.741069817093724126e+01
5.952877742831499927e+04 1.738433721536345189e+01
5.963682316938418080e+04 1.735801617474124470e+01
5.974486891045336233e+04 1.733173498854632655e+01
5.985291465152255114e+04 1.730549359634891005e+01
5.996096039259173267e+04 1.727929193781351458e+01
6.006900613366091420e+04 1.725312995269870342e+01
6.017705187473010301e+04 1.722700758085687767e+01
6.028509761579928454e+04 1.720092476223402400e+01
6.039314335686846607e+04 1.717488143686951574e+01
6.050118909793765488e+04 1.714887754489589256e+01
6.060923483900683641e+04 1.712291302653863312e+01
6.071728058007601794e+04 1.709698782211594192e+01
6.082532632114520675e+04 1.707110187203854323e+01
6.093337206221438828e+04 1.704525511680946792e+01
6.104141780328356981e+04 1.701944749702386517e+01
6.114946354435275862e+04 1.699367895336875733e+01
6.125750928542194015e+04 1.696794942662288364e+01
6.136555502649112896e+04 1.694225885765647988e+01
6.147360076756031049e+04 1.691660718743107950e+01
6.158164650862949202e+04 1.689099435699932172e+01
6.168969224969868083e+04 1.686542030750475973e+01
6.179773799076786236e+04 1.683988498018167590e+01
6.190578373183704389e+04 1.681438831635488640e+01
6.201382947290623270e+04 1.678893025743954226e+01
6.212187521397541423e+04 1.676351074494098370e+01
6.222992095504459576e+04 1.673812972045450920e+01
6.233796669611378456e+04 1.671278712566521918e+01
6.244601243718296610e+04 1.668748290234784903e+01
6.255405817825214763e+04 1.666221699236655596e+01
6.266210391932133643e+04 1.663698933767476618e+01
6.277014966039051797e+04 1.661179988031501864e+01
6.287819540145969950e+04 1.658664856241873053e+01
6.298624114252888830e+04 1.656153532620609425e+01
6.309428688359806983e+04 1.653646011398587490e+01
6.320233262466725137e+04 1.651142286815522553e+01
6.331037836573644017e+04 1.648642353119955217e+01
6.341842410680562170e+04 1.646146204569233973e+01
6.352646984787481051e+04 1.643653835429496013e+01
6.363451558894399204e+04 1.641165239975654444e+01
6.374256133001317357e+04 1.638680412491379812e+01
6.385060707108236238e+04 1.636199347269085536e+01
6.395865281215154391e+04 1.633722038609910143e+01
6.406669855322072544e+04 1.631248480823702351e+01
6.417474429428991425e+04 1.628778668229005788e+01
6.428279003535909578e+04 1.626312595153042295e+01
6.439083577642827731e+04 1.623850255931697006e+01
6.449888151749746612e+04 1.621391644909501650e+01
6.460692725856664765e+04 1.618936756439621760e+01
6.471497299963582918e+04 1.616485584883838555e+01
6.482301874070501799e+04 1.614038124612535796e+01
6.493106448177419952e+04 1.611594370004683441e+01
6.503911022284338105e+04 1.609154315447822725e+01
6.514715596391256986e+04 1.606717955338051951e+01
6.525520170498175139e+04 1.604285284080012630e+01
6.536324744605093292e+04 1.601856296086870657e+01
6.547129318712012173e+04 1.599430985780306180e+01
6.557933892818930326e+04 1.597009347590497086e+01
6.568738466925849207e+04 1.594591375956104251e+01
6.579543041032766632e+04 1.592177065324257690e+01
6.590347615139685513e+04 1.589766410150541276e+01
6.601152189246602939e+04 1.587359404898980131e+01
6.611956763353521819e+04 1.584956044042024281e+01
6.622761337460440700e+04 1.582556322060536225e+01
6.633565911567358125e+04 1.580160233443776363e+01
6.644370485674277006e+04 1.577767772689387549e+01
6.655175059781195887e+04 1.575378934303384426e+01
6.665979633888113312e+04 1.572993712800135668e+01
6.676784207995032193e+04 1.570612102702351898e+01
6.687588782101951074e+04 1.568234098541073251e+01
6.698393356208868499e+04 1.565859694855654105e+01
6.709197930315787380e+04 1.563488886193747618e+01
6.720002504422706261e+04 1.561121667111296141e+01
6.730807078529623686e+04 1.558758032172515406e+01
6.741611652636542567e+04 1.556397975949880674e+01
6.752416226743461448e+04 1.554041493024113230e+01
6.763220800850378873e+04 1.551688577984169193e+01
6.774025374957297754e+04 1.549339225427223177e+01
6.784829949064216635e+04 1.546993429958656385e+01
6.795634523171134060e+04 1.544651186192044534e+01
6.806439097278052941e+04 1.542312488749141686e+01
6.817243671384971822e+04 1.539977332259869769e+01
6.828048245491889247e+04 1.537645711362304901e+01
6.838852819598808128e+04 1.535317620702662289e+01
6.849657393705727009e+04 1.532993054935286459e+01
6.860461967812644434e+04 1.530672008722635979e+01
6.871266541919563315e+04 1.528354476735270318e+01
6.882071116026482196e+04 1.526040453651839179e+01
6.892875690133401076e+04 1.523729934159066346e+01
6.903680264240318502e+04 1.521422912951740791e+01
6.914484838347237383e+04 1.519119384732699984e+01
6.925289412454156263e+04 1.516819344212819765e+01
6.936093986561073689e+04 1.514522786111000840e+01
6.946898560667992570e+04 1.512229705154155113e+01
6.957703134774911450e+04 1.509940096077195371e+01
6.968507708881828876e+04 1.507653953623020016e+01
6.979312282988747756e+04 1.505371272542501870e+01
6.990116857095666637e+04 1.503092047594476632e+01
7.000921431202584063e+04 1.500816273545728308e+01
7.011726005309502943e+04 1.498543945170977132e+01
7.022530579416421824e+04 1.496275057252868201e+01
7.033335153523339250e+04 1.494009604581959927e+01
7.044139727630258130e+04 1.491747581956707513e+01
7.054944301737177011e+04 1.489488984183454789e+01
7.065748875844094437e+04 1.487233806076421416e+01
7.076553449951013317e+04 1.484982042457687790e+01
7.087358024057932198e+04 1.482733688157185092e+01
7.098162598164849624e+04 1.480488738012684280e+01
7.108967172271768504e+04 1.478247186869779917e+01
7.119771746378687385e+04 1.476009029581881471e+01
7.130576320485604811e+04 1.473774261010199993e+01
7.141380894592523691e+04 1.471542876023735502e+01
7.152185468699442572e+04 1.469314869499266152e+01
7.162990042806359997e+04 1.467090236321335084e+01
7.173794616913278878e+04 1.464868971382239060e+01
7.184599191020197759e+04 1.462651069582014607e+01
7.195403765127115184e+04 1.460436525828430199e+01
7.206208339234034065e+04 1.458225335036969739e+01
7.217012913340952946e+04 1.456017492130823321e+01
7.227817487447870371e+04 1.453812992040875152e+01
7.238622061554789252e+04 1.451611829705690049e+01
7.249426635661708133e+04 1.449414000071502961e+01
7.260231209768625558e+04 1.447219498092207957e+01
7.271035783875544439e+04 1.445028318729343653e+01
7.281840357982463320e+04 1.442840456952084516e+01
7.292644932089380745e+04 1.440655907737227359e+01
7.303449506196299626e+04 1.438474666069179619e+01
7.314254080303218507e+04 1.436296726939948876e+01
7.325058654410135932e+04 1.434122085349129527e+01
7.335863228517054813e+04 1.431950736303891780e+01
7.346667802623973694e+04 1.429782674818970811e+01
7.357472376730892574e+04 1.427617895916654511e+01
7.368276950837810000e+04 1.425456394626772294e+01
7.379081524944728881e+04 1.423298165986681774e+01
7.389886099051647761e+04 1.421143205041259883e+01
7.400690673158565187e+04 1.418991506842889727e+01
7.411495247265484068e+04 1.416843066451448685e+01
7.422299821372402948e+04 1.414697878934299169e+01
7.433104395479320374e+04 1.412555939366274593e+01
7.443908969586239255e+04 1.410417242829669071e+01
7.454713543693158135e+04 1.408281784414226401e+01
7.465518117800075561e+04 1.406149559217128697e+01
7.476322691906994442e+04 1.404020562342982537e+01
7.487127266013913322e+04 1.401894788903811850e+01
7.497931840120830748e+04 1.399772234019043715e+01
7.508736414227749628e+04 1.397652892815496983e+01
7.519540988334668509e+04 1.395536760427372514e+01
7.530345562441585935e+04 1.393423831996241269e+01
7.541150136548504815e+04 1.391314102671032060e+01
7.551954710655423696e+04 1.389207567608021421e+01
7.562759284762341122e+04 1.387104221970822948e+01
7.573563858869260002e+04 1.385004060930373804e+01
7.584368432976178883e+04 1.382907079664926542e+01
7.595173007083096309e+04 1.380813273360035787e+01
7.605977581190015189e+04 1.378722637208547575e+01
7.616782155296934070e+04 1.376635166410589228e+01
7.627586729403851496e+04 1.374550856173556745e+01
7.638391303510770376e+04 1.372469701712104140e+01
7.649195877617689257e+04 1.370391698248133316e+01
7.660000451724606683e+04 1.368316841010783413e+01
7.670805025831525563e+04 1.366245125236416591e+01
7.681609599938444444e+04 1.364176546168611104e+01
7.692414174045361870e+04 1.362111099058147801e+01
7.703218748152280750e+04 1.360048779162998933e+01
7.714023322259199631e+04 1.357989581748319807e+01
7.724827896366117056e+04 1.355933502086434927e+01
7.735632470473035937e+04 1.353880535456828582e+01
7.746437044579954818e+04 1.351830677146134185e+01
7.757241618686872243e+04 1.349783922448122198e+01
7.768046192793791124e+04 1.347740266663690534e+01
7.778850766900710005e+04 1.345699705100852661e+01
7.789655341007628886e+04 1.343662233074727475e+01
7.800459915114546311e+04 1.341627845907529348e+01
7.811264489221465192e+04 1.339596538928554104e+01
7.822069063328384073e+04 1.337568307474172613e+01
7.832873637435301498e+04 1.335543146887817123e+01
7.843678211542220379e+04 1.333521052519970951e+01
7.854482785649139259e+04 1.331502019728158359e+01
7.865287359756056685e+04 1.329486043876934254e+01
7.876091933862975566e+04 1.327473120337871748e+01
7.886896507969894446e+04 1.325463244489553638e+01
7.897701082076811872e+04 1.323456411717560677e+01
7.908505656183730753e+04 1.321452617414460207e+01
7.919310230290649633e+04 1.319451856979797277e+01
7.930114804397567059e+04 1.317454125820082922e+01
7.940919378504485940e+04 1.315459419348783499e+01
7.951723952611404820e+04 1.313467732986310565e+01
7.962528526718322246e+04 1.311479062160010933e+01
7.973333100825241127e+04 1.309493402304154230e+01
7.984137674932160007e+04 1.307510748859924554e+01
7.994942249039077433e+04 1.305531097275409280e+01
8.005746823145996314e+04 1.303554443005586805e+01
8.016551397252915194e+04 1.301580781512319085e+01
8.027355971359832620e+04 1.299610108264339203e+01
8.038160545466751500e+04 1.297642418737241599e+01
8.048965119573670381e+04 1.295677708413471052e+01
8.059769693680587807e+04 1.293715972782313983e+01
8.070574267787506687e+04 1.291757207339885660e+01
8.081378841894425568e+04 1.289801407589121141e+01
8.092183416001342994e+04 1.287848569039766033e+01
8.102987990108261874e+04 1.285898687208362823e+01
8.113792564215180755e+04 1.283951757618245182e+01
8.124597138322098181e+04 1.282007775799523408e+01
8.135401712429017061e+04 1.280066737289076606e+01
8.146206286535935942e+04 1.278128637630542386e+01
8.157010860642853368e+04 1.276193472374304605e+01
8.167815434749772248e+04 1.274261237077485198e+01
8.178620008856691129e+04 1.272331927303934052e+01
8.189424582963608555e+04 1.270405538624216746e+01
8.200229157070527435e+04 1.268482066615606385e+01
8.211033731177446316e+04 1.266561506862072584e+01
8.221838305284365197e+04 1.264643854954272228e+01
8.232642879391282622e+04 1.262729106489536868e+01
8.243447453498201503e+04 1.260817257071865960e+01
8.254252027605120384e+04 1.258908302311913374e+01
8.265056601712037809e+04 1.257002237826981705e+01
8.275861175818956690e+04 1.255099059241006287e+01
8.286665749925875571e+04 1.253198762184551107e+01
8.297470324032792996e+04 1.251301342294794239e+01
8.308274898139711877e+04 1.249406795215520205e+01
8.319079472246630758e+04 1.247515116597109675e+01
8.329884046353548183e+04 1.245626302096529159e+01
8.340688620460467064e+04 1.243740347377320532e+01
8.351493194567385945e+04 1.241857248109591616e+01
8.362297768674303370e+04 1.239976999970007121e+01
8.373102342781222251e+04 1.238099598641776389e+01
8.383906916888141131e+04 1.236225039814645754e+01
8.394711490995058557e+04 1.234353319184887710e+01
8.405516065101977438e+04 1.232484432455290424e+01
8.416320639208896318e+04 1.230618375335149395e+01
8.427125213315813744e+04 1.228755143540256611e+01
8.437929787422732625e+04 1.226894732792889720e+01
8.448734361529651505e+04 1.225037138821804739e+01
8.459538935636568931e+04 1.223182357362223627e+01
8.470343509743487812e+04 1.221330384155826287e+01
8.481148083850406692e+04 1.219481214950739734e+01
8.491952657957324118e+04 1.217634845501529739e+01
8.502757232064242999e+04 1.215791271569188403e+01
8.513561806171161879e+04 1.213950488921127224e+01
8.524366380278079305e+04 1.212112493331166618e+01
8.535170954384998186e+04 1.210277280579524195e+01
8.545975528491917066e+04 1.208444846452808541e+01
8.556780102598834492e+04 1.206615186744006962e+01
8.567584676705753373e+04 1.204788297252476070e+01
8.578389250812672253e+04 1.202964173783933255e+01
8.589193824919589679e+04 1.201142812150446382e+01
8.599998399026508559e+04 1.199324208170424022e+01
8.610802973133427440e+04 1.197508357668606038e+01
8.621607547240344866e+04 1.195695256476054169e+01
8.632412121347263746e+04 1.193884900430141904e+01
8.643216695454182627e+04 1.192077285374545959e+01
8.654021269561100053e+04 1.190272407159235613e+01
8.664825843668018933e+04 1.188470261640463832e+01
8.675630417774937814e+04 1.186670844680757320e+01
8.686434991881856695e+04 1.184874152148907100e+01
8.697239565988774120e+04 1.183080179919960351e+01
8.708044140095693001e+04 1.181288923875208141e+01
8.718848714202611882e+04 1.179500379902178508e+01
8.729653288309529307e+04 1.177714543894625976e+01
8.740457862416448188e+04 1.175931411752522671e+01
8.751262436523367069e+04 1.174150979382047133e+01
8.762067010630284494e+04 1.172373242695578099e+01
8.772871584737203375e+04 1.170598197611681890e+01
8.783676158844122256e+04 1.168825840055104770e+01
8.794480732951039681e+04 1.167056165956764069e+01
8.805285307057958562e+04 1.165289171253736811e+01
8.816089881164877443e+04 1.163524851889252432e+01
8.826894455271794868e+04 1.161763203812681944e+01
8.837699029378713749e+04 1.160004222979529764e+01
8.848503603485632630e+04 1.158247905351423945e+01
8.859308177592550055e+04 1.156494246896107470e+01
8.870112751699468936e+04 1.154743243587426882e+01
8.880917325806387817e+04 1.152994891405326250e+01
8.891721899913305242e+04 1.151249186335835795e+01
8.902526474020224123e+04 1.149506124371062832e+01
8.913331048127143004e+04 1.147765701509182890e+01
8.924135622234060429e+04 1.146027913754431360e+01
8.934940196340979310e+04 1.144292757117092485e+01
8.945744770447898190e+04 1.142560227613492074e+01
8.956549344554815616e+04 1.140830321265986669e+01
8.967353918661734497e+04 1.139103034102956258e+01
8.978158492768653377e+04 1.137378362158793088e+01
8.988963066875570803e+04 1.135656301473894203e+01
8.999767640982489684e+04 1.133936848094652028e+01
9.010572215089408564e+04 1.132219998073444245e+01
9.021376789196325990e+04 1.130505747468626154e+01
9.032181363303244871e+04 1.128794092344520550e+01
9.042985937410163751e+04 1.127085028771409903e+01
9.053790511517081177e+04 1.125378552825525347e+01
9.064595085624000058e+04 1.123674660589039753e+01
9.075399659730918938e+04 1.121973348150057426e+01
9.086204233837836364e+04 1.120274611602605574e+01
9.097008807944755245e+04 1.118578447046626145e+01
9.107813382051674125e+04 1.116884850587964628e+01
9.118617956158593006e+04 1.115193818338363840e+01
9.129422530265510431e+04 1.113505346415452735e+01
9.140227104372429312e+04 1.111819430942738585e+01
9.151031678479348193e+04 1.110136068049598457e+01
9.161836252586265618e+04 1.108455253871269619e+01
9.172640826693184499e+04 1.106776984548839948e+01
9.183445400800103380e+04 1.105101256229241713e+01
9.194249974907020805e+04 1.103428065065239672e+01
9.205054549013939686e+04 1.101757407215423790e+01
9.215859123120858567e+04 1.100089278844200003e+01
9.226663697227775992e+04 1.098423676121782044e+01
9.237468271334694873e+04 1.096760595224182389e+01
9.248272845441613754e+04 1.095100032333202300e+01
9.259077419548531179e+04 1.093441983636425441e+01
9.269881993655450060e+04 1.091786445327205968e+01
9.280686567762368941e+04 1.090133413604663026e+01
9.291491141869286366e+04 1.088482884673670092e+01
9.302295715976205247e+04 1.086834854744846623e+01
9.313100290083124128e+04 1.085189320034548999e+01
9.323904864190041553e+04 1.083546276764863414e+01
9.334709438296960434e+04 1.081905721163594691e+01
9.345514012403879315e+04 1.080267649464260771e+01
9.356318586510796740e+04 1.078632057906080277e+01
9.367123160617715621e+04 1.076998942733967013e+01
9.377927734724634502e+04 1.075368300198520366e+01
9.388732308831551927e+04 1.073740126556016072e+01
9.399536882938470808e+04 1.072114418068398223e+01
9.410341457045389689e+04 1.070491171003270381e+01
9.421146031152307114e+04 1.068870381633888833e+01
9.431950605259225995e+04 1.067252046239149266e+01
9.442755179366144876e+04 1.065636161103583568e+01
9.453559753473062301e+04 1.064022722517349351e+01
9.464364327579981182e+04 1.062411726776219645e+01
9.475168901686900062e+04 1.060803170181576860e+01
9.485973475793817488e+04 1.059197049040403726e+01
9.496778049900736369e+04 1.057593359665273347e+01
9.507582624007655249e+04 1.055992098374342270e+01
9.518387198114572675e+04 1.054393261491342138e+01
9.529191772221491556e+04 1.052796845345569743e+01
9.539996346328410436e+04 1.051202846271880631e+01
9.550800920435329317e+04 1.049611260610678620e+01
9.561605494542246743e+04 1.048022084707909052e+01
9.572410068649165623e+04 1.046435314915049553e+01
9.583214642756084504e+04 1.044850947589101509e+01
9.594019216863001930e+04 1.043268979092582427e+01
9.604823790969920810e+04 1.041689405793516876e+01
9.615628365076839691e+04 1.040112224065428848e+01
9.626432939183757117e+04 1.038537430287333052e+01
9.637237513290675997e+04 1.036965020843726215e+01
9.648042087397594878e+04 1.035394992124579616e+01
9.658846661504512304e+04 1.033827340525329497e+01
9.669651235611431184e+04 1.032262062446870665e+01
9.680455809718350065e+04 1.030699154295546371e+01
9.691260383825267490e+04 1.029138612483141735e+01
9.702064957932186371e+04 1.027580433426874151e+01
9.712869532039105252e+04 1.026024613549385123e+01
9.723674106146022677e+04 1.024471149278733684e+01
9.734478680252941558e+04 1.022920037048385744e+01
9.745283254359860439e+04 1.021371273297207871e+01
9.756087828466777864e+04 1.019824854469458408e+01
9.766892402573696745e+04 1.018280777014779304e+01
9.777696976680615626e+04 1.016739037388187405e+01
9.788501550787533051e+04 1.015199632050067891e+01
9.799306124894451932e+04 1.013662557466164138e+01
9.810110699001370813e+04 1.012127810107570980e+01
9.820915273108288238e+04 1.010595386450726885e+01
9.831719847215207119e+04 1.009065282977403832e+01
9.842524421322126000e+04 1.007537496174701808e+01
9.853328995429043425e+04 1.006012022535039385e+01
9.864133569535962306e+04 1.004488858556145381e+01
9.874938143642881187e+04 1.002968000741051391e+01
9.885742717749798612e+04 1.001449445598083976e+01
9.896547291856717493e+04 9.999331896408559572e+00
9.907351865963636374e+04 9.984192293882582447e+00
9.918156440070553799e+04 9.969075613644541534e+00
9.928961014177472680e+04 9.953981820988676787e+00
9.939765588284391561e+04 9.938910881261783459e+00
9.950570162391308986e+04 9.923862759863130378e+00
9.961374736498227867e+04 9.908837422244351600e+00
9.972179310605146748e+04 9.893834833909417981e+00
9.982983884712064173e+04 9.878854960414512831e+00
9.993788458818983054e+04 9.863897767367969749e+00
1.000459303292590193e+05 9.848963220430199783e+00
1.001539760703282082e+05 9.834051285313604396e+00
1.002620218113973824e+05 9.819161927782495525e+00
1.003700675524665712e+05 9.804295113653019200e+00
1.004781132935357600e+05 9.789450808793082714e+00
1.005861590346049343e+05 9.774628979122271133e+00
1.006942047756741231e+05 9.759829590611765582e+00
1.008022505167433119e+05 9.745052609284270417e+00
1.009102962578124861e+05 9.730298001213936843e+00
1.010183419988816750e+05 9.715565732526277642e+00
1.011263877399508638e+05 9.700855769398092576e+00
1.012344334810200380e+05 9.686168078057399100e+00
1.013424792220892268e+05 9.671502624783338220e+00
1.014505249631584156e+05 9.656859375906115872e+00
1.015585707042275899e+05 9.642238297806910552e+00
1.016666164452967787e+05 9.627639356917796931e+00
1.017746621863659675e+05 9.613062519721689014e+00
1.018827079274351418e+05 9.598507752752231781e+00
1.019907536685043306e+05 9.583975022593742565e+00
1.020987994095735194e+05 9.569464295881145333e+00
1.022068451506426936e+05 9.554975539299865872e+00
1.023148908917118824e+05 9.540508719585774955e+00
1.024229366327810712e+05 9.526063803525111950e+00
1.025309823738502455e+05 9.511640757954399561e+00
1.026390281149194343e+05 9.497239549760370991e+00
1.027470738559886231e+05 9.482860145879897118e+00
1.028551195970577974e+05 9.468502513299910106e+00
1.029631653381269862e+05 9.454166619057321697e+00
1.030712110791961750e+05 9.439852430238953929e+00
1.031792568202653492e+05 9.425559913981464533e+00
1.032873025613345380e+05 9.411289037471261665e+00
1.033953483024037268e+05 9.397039767944439959e+00
1.035033940434729011e+05 9.382812072686700589e+00
1.036114397845420899e+05 9.368605919033271334e+00
1.037194855256112787e+05 9.354421274368846184e+00
1.038275312666804530e+05 9.340258106127491189e+00
1.039355770077496418e+05 9.326116381792582288e+00
1.040436227488188306e+05 9.311996068896730705e+00
1.041516684898880048e+05 9.297897135021703008e+00
1.042597142309571936e+05 9.283819547798344729e+00
1.043677599720263825e+05 9.269763274906516415e+00
1.044758057130955713e+05 9.255728284075011914e+00
1.045838514541647455e+05 9.241714543081487321e+00
1.046918971952339343e+05 9.227722019752377491e+00
1.047999429363031231e+05 9.213750681962835642e+00
1.049079886773722974e+05 9.199800497636660523e+00
1.050160344184414862e+05 9.185871434746200492e+00
1.051240801595106750e+05 9.171963461312310883e+00
1.052321259005798493e+05 9.158076545404259861e+00
1.053401716416490381e+05 9.144210655139655586e+00
1.054482173827182269e+05 9.130365758684385824e+00
1.055562631237874011e+05 9.116541824252534454e+00
1.056643088648565899e+05 9.102738820106308637e+00
1.057723546059257787e+05 9.088956714555969540e+00
1.058804003469949530e+05 9.075195475959763058e+00
1.059884460880641418e+05 9.061455072723834547e+00
1.060964918291333306e+05 9.047735473302173759e+00
1.062045375702025049e+05 9.034036646196529574e+00
1.063125833112716937e+05 9.020358559956331845e+00
1.064206290523408825e+05 9.006701183178643433e+00
1.065286747934100567e+05 8.993064484508066059e+00
1.066367205344792455e+05 8.979448432636672806e+00
1.067447662755484344e+05 8.965852996303942390e+00
1.068528120166176086e+05 8.952278144296684559e+00
1.069608577576867974e+05 8.938723845448965477e+00
1.070689034987559862e+05 8.925190068642036678e+00
1.071769492398251605e+05 8.911676782804274666e+00
1.072849949808943493e+05 8.898183956911088544e+00
1.073930407219635381e+05 8.884711559984866724e+00
1.075010864630327123e+05 8.871259561094902324e+00
1.076091322041019012e+05 8.857827929357309671e+00
1.077171779451710900e+05 8.844416633934976346e+00
1.078252236862402642e+05 8.831025644037467259e+00
1.079332694273094530e+05 8.817654928920967805e+00
1.080413151683786418e+05 8.804304457888223467e+00
1.081493609094478161e+05 8.790974200288440343e+00
1.082574066505170049e+05 8.777664125517244287e+00
