5.000000000000000000e-01 1.067358833816220596e+02
8.203125000000000000e-01 1.093876437458975204e+02
1.140625000000000000e+00 1.103974517273547917e+02
1.460937500000000000e+00 1.131621544304227456e+02
1.781250000000000000e+00 1.151614621336695024e+02
2.101562500000000000e+00 1.198225328996634858e+02
2.421875000000000000e+00 1.186812707656058592e+02
2.742187500000000000e+00 1.227999955600417366e+02
3.062500000000000000e+00 1.232894875184667569e+02
3.382812500000000000e+00 1.260005394646882735e+02
3.703125000000000000e+00 1.264464260375086013e+02
4.023437500000000000e+00 1.288064310882869847e+02
4.343750000000000000e+00 1.305810725212665773e+02
4.664062500000000000e+00 1.334146521812617436e+02
4.984375000000000000e+00 1.314643222065211319e+02
5.304687500000000000e+00 1.370274731366855860e+02
5.625000000000000000e+00 1.351981638262860486e+02
5.945312500000000000e+00 1.372041049436106164e+02
6.265625000000000000e+00 1.401914319284360886e+02
6.585937500000000000e+00 1.401355151788933142e+02
6.906250000000000000e+00 1.430125724128720037e+02
7.226562500000000000e+00 1.425698828499947410e+02
7.546875000000000000e+00 1.439101048612381817e+02
7.867187500000000000e+00 1.457239577902934400e+02
8.187500000000000000e+00 1.465076011974282437e+02
8.507812500000000000e+00 1.476995395803642737e+02
8.828125000000000000e+00 1.467313167091278387e+02
9.148437500000000000e+00 1.474118214918559033e+02
9.468750000000000000e+00 1.496588782690846813e+02
9.789062500000000000e+00 1.481246765048838654e+02
1.010937500000000000e+01 1.471939202803643525e+02
1.042968750000000000e+01 1.498657648756740173e+02
1.075000000000000000e+01 1.496286030797002411e+02
