5.000000000000000000e-01 2.992068541842643015e+01
8.203125000000000000e-01 3.073474116106502763e+01
1.140625000000000000e+00 3.150923760876864677e+01
1.460937500000000000e+00 3.099239441984044063e+01
1.781250000000000000e+00 3.373071302974215513e+01
2.101562500000000000e+00 3.284206085894876281e+01
2.421875000000000000e+00 3.760155332443903120e+01
2.742187500000000000e+00 3.546645603109379863e+01
3.062500000000000000e+00 3.848057399354627961e+01
3.382812500000000000e+00 4.057339536002029234e+01
3.703125000000000000e+00 4.212809727101453205e+01
4.023437500000000000e+00 3.953153362035273943e+01
4.343750000000000000e+00 4.330002089543466326e+01
4.664062500000000000e+00 4.518563678965104913e+01
4.984375000000000000e+00 4.720215189088639107e+01
5.304687500000000000e+00 4.958289222617279535e+01
5.625000000000000000e+00 5.066322464578561124e+01
5.945312500000000000e+00 5.139415997614662501e+01
6.265625000000000000e+00 5.502358662607652917e+01
6.585937500000000000e+00 5.405748562964262049e+01
6.906250000000000000e+00 5.741085099606647901e+01
7.226562500000000000e+00 5.737122287405706089e+01
7.546875000000000000e+00 6.186736350156689923e+01
7.867187500000000000e+00 6.099367354293929111e+01
8.187500000000000000e+00 6.384334226935327905e+01
8.507812500000000000e+00 6.409830666307159674e+01
8.828125000000000000e+00 6.439445185292539975e+01
9.148437500000000000e+00 6.559522670133108591e+01
9.468750000000000000e+00 6.718478438001417885e+01
9.789062500000000000e+00 6.613024282464952819e+01
1.010937500000000000e+01 6.680880340618917046e+01
1.042968750000000000e+01 6.975317863379332550e+01
1.075000000000000000e+01 7.010117849102367416e+01
