5.000000000000000000e-01 3.074642396048524873e+01
8.203125000000000000e-01 3.128110031675389635e+01
1.140625000000000000e+00 3.182076045227449157e+01
1.460937500000000000e+00 3.189826362144519223e+01
1.781250000000000000e+00 2.957524501452848398e+01
2.101562500000000000e+00 3.383737387527619944e+01
2.421875000000000000e+00 3.500362782202324041e+01
2.742187500000000000e+00 3.656308954253707100e+01
3.062500000000000000e+00 3.604285416915897144e+01
3.382812500000000000e+00 3.822496530613567955e+01
3.703125000000000000e+00 3.794035897826519488e+01
4.023437500000000000e+00 4.070777125557573584e+01
4.343750000000000000e+00 4.253868423338278859e+01
4.664062500000000000e+00 4.169984134301488865e+01
4.984375000000000000e+00 4.220502805080640485e+01
5.304687500000000000e+00 4.412061426359925065e+01
5.625000000000000000e+00 4.559690218120704941e+01
5.945312500000000000e+00 4.829583324417806978e+01
6.265625000000000000e+00 5.128692218892239651e+01
6.585937500000000000e+00 5.134981050574222650e+01
6.906250000000000000e+00 5.144190712064974491e+01
7.226562500000000000e+00 5.228954498629135372e+01
7.546875000000000000e+00 5.460376590862028223e+01
7.867187500000000000e+00 5.531586246349295521e+01
8.187500000000000000e+00 5.732039135219000769e+01
8.507812500000000000e+00 5.582918391558389004e+01
8.828125000000000000e+00 5.759152800176351406e+01
9.148437500000000000e+00 5.796780144582847782e+01
9.468750000000000000e+00 5.875487535505975956e+01
9.789062500000000000e+00 5.881742344789682164e+01
1.010937500000000000e+01 5.915927844286245119e+01
1.042968750000000000e+01 5.793906981036244730e+01
1.075000000000000000e+01 6.000541383719698274e+01
