6.464277607075659944e+02 1.568020305506539671e+02
2.034969604869580053e+03 1.030838769142356455e+02
7.589136981517630375e+03 4.519655314484153763e+01
1.684608260926439834e+04 2.819916721809423876e+01
2.980580648810979983e+04 1.868108924967981466e+01
4.646830861805399763e+04 1.712337733186469890e+01
6.683358899909679894e+04 1.490134709615784026e+01
9.090164763123850571e+04 1.112160494263586763e+01
1.186724845144779974e+05 7.800013353177163822e+00
1.501460996488170058e+05 9.632615609430240866e+00
1.853224930342549924e+05 1.088107589650265083e+01
