5.000000000000000000e-01 1.824834023997071952e+01
8.203125000000000000e-01 1.822992740500139064e+01
1.140625000000000000e+00 1.515255483395658409e+01
1.460937500000000000e+00 1.679609900403894329e+01
1.781250000000000000e+00 1.841080886089042679e+01
2.101562500000000000e+00 1.806243533547862157e+01
2.421875000000000000e+00 1.630145702699505961e+01
2.742187500000000000e+00 1.737395356792170276e+01
3.062500000000000000e+00 1.889240609273533167e+01
3.382812500000000000e+00 1.879908667869902672e+01
3.703125000000000000e+00 1.793370075345691816e+01
4.023437500000000000e+00 2.046851739342741894e+01
4.343750000000000000e+00 2.002854064407877388e+01
4.664062500000000000e+00 2.312692453641726331e+01
4.984375000000000000e+00 2.169558392240749356e+01
5.304687500000000000e+00 1.984527426737806977e+01
5.625000000000000000e+00 2.551593293470660129e+01
5.945312500000000000e+00 2.286910227521016381e+01
6.265625000000000000e+00 2.110755451216059697e+01
6.585937500000000000e+00 2.210722444609327297e+01
6.906250000000000000e+00 2.434678857891708148e+01
7.226562500000000000e+00 2.332960378748313701e+01
7.546875000000000000e+00 2.554414631080797093e+01
7.867187500000000000e+00 2.251692708430236678e+01
8.187500000000000000e+00 2.603380576449668737e+01
8.507812500000000000e+00 2.572866920893827825e+01
8.828125000000000000e+00 2.561803648856669824e+01
9.148437500000000000e+00 2.665878022126726421e+01
9.468750000000000000e+00 2.720234781876210661e+01
9.789062500000000000e+00 2.547667707937047865e+01
1.010937500000000000e+01 2.411642237201457917e+01
1.042968750000000000e+01 2.813967463614348574e+01
1.075000000000000000e+01 2.685296112871920826e+01
