5.000000000000000000e-01 2.464217157405136760e+01
8.203125000000000000e-01 2.562412225899260676e+01
1.140625000000000000e+00 2.642516657745808928e+01
1.460937500000000000e+00 2.725150850954542392e+01
1.781250000000000000e+00 2.629304788438772889e+01
2.101562500000000000e+00 2.668635801253133977e+01
2.421875000000000000e+00 2.777118025374504029e+01
2.742187500000000000e+00 2.690806316987817937e+01
3.062500000000000000e+00 2.910477878491073511e+01
3.382812500000000000e+00 2.816698718764417819e+01
3.703125000000000000e+00 2.867029228837554200e+01
4.023437500000000000e+00 3.109886255651968412e+01
4.343750000000000000e+00 2.969771477155507711e+01
4.664062500000000000e+00 3.231074416038158148e+01
4.984375000000000000e+00 3.292284050874926749e+01
5.304687500000000000e+00 3.411756055556093514e+01
5.625000000000000000e+00 3.307982879509071239e+01
5.945312500000000000e+00 3.402617432844626677e+01
6.265625000000000000e+00 3.654158888330287169e+01
6.585937500000000000e+00 3.609411858262832595e+01
6.906250000000000000e+00 3.515079655538134773e+01
7.226562500000000000e+00 3.614168321123137417e+01
7.546875000000000000e+00 3.654180347446023092e+01
7.867187500000000000e+00 3.721281686002371458e+01
8.187500000000000000e+00 3.711990987977181078e+01
8.507812500000000000e+00 3.859300381340741382e+01
8.828125000000000000e+00 3.910358738659740396e+01
9.148437500000000000e+00 3.891948745131073650e+01
9.468750000000000000e+00 3.934442618070373499e+01
9.789062500000000000e+00 3.789615455320772952e+01
1.010937500000000000e+01 3.891987934793965564e+01
1.042968750000000000e+01 3.857017450127322178e+01
1.075000000000000000e+01 4.015855501332767830e+01
