5.000000000000000000e-01 1.210844103321597476e-01
5.102602602602602788e-01 1.212212477399861599e-01
5.205205205205205576e-01 1.213576671393427342e-01
5.307807807807807254e-01 1.214936693099101517e-01
5.410410410410410043e-01 1.216292550344136442e-01
5.513013013013012831e-01 1.217644250985708554e-01
5.615615615615615619e-01 1.218991802910392580e-01
5.718218218218218407e-01 1.220335214033649723e-01
5.820820820820821195e-01 1.221674492299312936e-01
5.923423423423423984e-01 1.223009645679078855e-01
6.026026026026025662e-01 1.224340682172005146e-01
6.128628628628628450e-01 1.225667609804010211e-01
6.231231231231231238e-01 1.226990436627376502e-01
6.333833833833834026e-01 1.228309170720261190e-01
6.436436436436436814e-01 1.229623820186207528e-01
6.539039039039038492e-01 1.230934393153660378e-01
6.641641641641641280e-01 1.232240897775490757e-01
6.744244244244244069e-01 1.233543342228516360e-01
6.846846846846846857e-01 1.234841734713034850e-01
6.949449449449449645e-01 1.236136083452351181e-01
7.052052052052051323e-01 1.237426396692321573e-01
7.154654654654655221e-01 1.238712682700888190e-01
7.257257257257256899e-01 1.239994949767626170e-01
7.359859859859859688e-01 1.241273206203293844e-01
7.462462462462462476e-01 1.242547460339382404e-01
7.565065065065064154e-01 1.243817720527673892e-01
7.667667667667668052e-01 1.245083995139802946e-01
7.770270270270269730e-01 1.246346292566817698e-01
7.872872872872872518e-01 1.247604621218749432e-01
7.975475475475475307e-01 1.248858989524184310e-01
8.078078078078078095e-01 1.250109405929837880e-01
8.180680680680680883e-01 1.251355878900135832e-01
8.283283283283282561e-01 1.252598416916795854e-01
8.385885885885886459e-01 1.253837028478414772e-01
8.488488488488488137e-01 1.255071722100054299e-01
8.591091091091090926e-01 1.256302506312843570e-01
8.693693693693693714e-01 1.257529389663571140e-01
8.796296296296295392e-01 1.258752380714282526e-01
8.898898898898899290e-01 1.259971488041894405e-01
9.001501501501500968e-01 1.261186720237793546e-01
9.104104104104103756e-01 1.262398085907455170e-01
9.206706706706706544e-01 1.263605593670054095e-01
9.309309309309309333e-01 1.264809252158084762e-01
9.411911911911912121e-01 1.266009070016984317e-01
9.514514514514513799e-01 1.267205055904756517e-01
9.617117117117117697e-01 1.268397218491602307e-01
9.719719719719719375e-01 1.269585566459552617e-01
9.822322322322322163e-01 1.270770108502102258e-01
9.924924924924924952e-01 1.271950853323850772e-01
1.002752752752752663e+00 1.273127809640145214e-01
1.013013013013012831e+00 1.274300986176723216e-01
1.023273273273273221e+00 1.275470391669366044e-01
1.033533533533533610e+00 1.276636034863549984e-01
1.043793793793793778e+00 1.277797924514099404e-01
1.054054054054053946e+00 1.278956069384849237e-01
1.064314314314314336e+00 1.280110478248305539e-01
1.074574574574574504e+00 1.281261159885309087e-01
1.084834834834834894e+00 1.282408123084709528e-01
1.095095095095095061e+00 1.283551376643028430e-01
1.105355355355355229e+00 1.284690929364142864e-01
1.115615615615615619e+00 1.285826790058956781e-01
1.125875875875876009e+00 1.286958967545087096e-01
1.136136136136136177e+00 1.288087470646544497e-01
1.146396396396396344e+00 1.289212308193419532e-01
1.156656656656656512e+00 1.290333489021577296e-01
1.166916916916916902e+00 1.291451021972345181e-01
1.177177177177177292e+00 1.292564915892214228e-01
1.187437437437437460e+00 1.293675179632534089e-01
1.197697697697697627e+00 1.294781822049219100e-01
1.207957957957957795e+00 1.295884852002446574e-01
1.218218218218218185e+00 1.296984278356373421e-01
1.228478478478478575e+00 1.298080109978841101e-01
1.238738738738738743e+00 1.299172355741091134e-01
1.248998998998998911e+00 1.300261024517477826e-01
1.259259259259259078e+00 1.301346125185196267e-01
1.269519519519519468e+00 1.302427666623995617e-01
1.279779779779779858e+00 1.303505657715909316e-01
1.290040040040040026e+00 1.304580107344980033e-01
1.300300300300300194e+00 1.305651024396990434e-01
1.310560560560560361e+00 1.306718417759200057e-01
1.320820820820820751e+00 1.307782296320074700e-01
1.331081081081081141e+00 1.308842668969030509e-01
1.341341341341341309e+00 1.309899544596172805e-01
1.351601601601601477e+00 1.310952932092040168e-01
1.361861861861861867e+00 1.312002840347351595e-01
1.372122122122122034e+00 1.313049278252755303e-01
1.382382382382382424e+00 1.314092254698579765e-01
1.392642642642642592e+00 1.315131778574589738e-01
1.402902902902902760e+00 1.316167858769741461e-01
1.413163163163163150e+00 1.317200504171943398e-01
1.423423423423423539e+00 1.318229723667818376e-01
1.433683683683683707e+00 1.319255526142464885e-01
1.443943943943943875e+00 1.320277920479229483e-01
1.454204204204204043e+00 1.321296915559471152e-01
1.464464464464464433e+00 1.322312520262336200e-01
1.474724724724724823e+00 1.323324743464532882e-01
1.484984984984984990e+00 1.324333594040104090e-01
1.495245245245245158e+00 1.325339080860212237e-01
1.505505505505505548e+00 1.326341212792917501e-01
1.515765765765765716e+00 1.327339998702959656e-01
1.526026026026025884e+00 1.328335447451550466e-01
1.536286286286286273e+00 1.329327567896156914e-01
1.546546546546546441e+00 1.330316368890292200e-01
1.556806806806806831e+00 1.331301859283314792e-01
1.567067067067066999e+00 1.332284047920215264e-01
1.577327327327327167e+00 1.333262943641420339e-01
1.587587587587587556e+00 1.334238555282591943e-01
1.597847847847847724e+00 1.335210891674426803e-01
1.608108108108108114e+00 1.336179961642461056e-01
1.618368368368368282e+00 1.337145774006883170e-01
1.628628628628628672e+00 1.338108337582331886e-01
1.638888888888888840e+00 1.339067661177717194e-01
1.649149149149149007e+00 1.340023753596027434e-01
1.659409409409409397e+00 1.340976623634145548e-01
1.669669669669669565e+00 1.341926280082669509e-01
1.679929929929929955e+00 1.342872731725728019e-01
1.690190190190190123e+00 1.343815987340803153e-01
1.700450450450450290e+00 1.344756055698554664e-01
1.710710710710710680e+00 1.345692945562644849e-01
1.720970970970970848e+00 1.346626665689565627e-01
1.731231231231231238e+00 1.347557224828471178e-01
1.741491491491491406e+00 1.348484631721005855e-01
1.751751751751751796e+00 1.349408895101139316e-01
1.762012012012011963e+00 1.350330023695001935e-01
1.772272272272272131e+00 1.351248026220722986e-01
1.782532532532532521e+00 1.352162911388270494e-01
1.792792792792792689e+00 1.353074687899292194e-01
1.803053053053053079e+00 1.353983364446955662e-01
1.813313313313313246e+00 1.354888949715800928e-01
1.823573573573573414e+00 1.355791452381580053e-01
1.833833833833833804e+00 1.356690881111109470e-01
1.844094094094093972e+00 1.357587244562122597e-01
1.854354354354354362e+00 1.358480551383117740e-01
1.864614614614614529e+00 1.359370810213217928e-01
1.874874874874874697e+00 1.360258029682021863e-01
1.885135135135135087e+00 1.361142218409465976e-01
1.895395395395395255e+00 1.362023385005684817e-01
1.905655655655655645e+00 1.362901538070867835e-01
1.915915915915915813e+00 1.363776686195127263e-01
1.926176176176176202e+00 1.364648837958361005e-01
1.936436436436436370e+00 1.365518001930121905e-01
1.946696696696696538e+00 1.366384186669482304e-01
1.956956956956956928e+00 1.367247400724907191e-01
1.967217217217217096e+00 1.368107652634125981e-01
1.977477477477477485e+00 1.368964950924004276e-01
1.987737737737737653e+00 1.369819304110422020e-01
1.997997997997997821e+00 1.370670720698146938e-01
2.008258258258257989e+00 1.371519209180714627e-01
2.018518518518518157e+00 1.372364778040309763e-01
2.028778778778778769e+00 1.373207435747647309e-01
2.039039039039038936e+00 1.374047190761851223e-01
2.049299299299299548e+00 1.374884051530348150e-01
2.059559559559559716e+00 1.375718026488745860e-01
2.069819819819819884e+00 1.376549124060725549e-01
2.080080080080080052e+00 1.377377352657928322e-01
2.090340340340340219e+00 1.378202720679848892e-01
2.100600600600600387e+00 1.379025236513727604e-01
2.110860860860860555e+00 1.379844908534443026e-01
2.121121121121120723e+00 1.380661745104409532e-01
2.131381381381381335e+00 1.381475754573469328e-01
2.141641641641641503e+00 1.382286945278798085e-01
2.151901901901902114e+00 1.383095325544800025e-01
2.162162162162162282e+00 1.383900903683011052e-01
2.172422422422422450e+00 1.384703687991998833e-01
2.182682682682682618e+00 1.385503686757270647e-01
2.192942942942942786e+00 1.386300908251174580e-01
2.203203203203202953e+00 1.387095360732813198e-01
2.213463463463463121e+00 1.387887052447943081e-01
2.223723723723723733e+00 1.388675991628890716e-01
2.233983983983983901e+00 1.389462186494463125e-01
2.244244244244244069e+00 1.390245645249855166e-01
2.254504504504504681e+00 1.391026376086569594e-01
2.264764764764764848e+00 1.391804387182328240e-01
2.275025025025025016e+00 1.392579686700987918e-01
2.285285285285285184e+00 1.393352282792460484e-01
2.295545545545545352e+00 1.394122183592629571e-01
2.305805805805805520e+00 1.394889397223272876e-01
2.316066066066065687e+00 1.395653931791979996e-01
2.326326326326326299e+00 1.396415795392079717e-01
2.336586586586586467e+00 1.397174996102557021e-01
2.346846846846847079e+00 1.397931541987985082e-01
2.357107107107107247e+00 1.398685441098450888e-01
2.367367367367367414e+00 1.399436701469477240e-01
2.377627627627627582e+00 1.400185331121955035e-01
2.387887887887887750e+00 1.400931338062075815e-01
2.398148148148147918e+00 1.401674730281256553e-01
2.408408408408408086e+00 1.402415515756077202e-01
2.418668668668668253e+00 1.403153702448212137e-01
2.428928928928928865e+00 1.403889298304363265e-01
2.439189189189189033e+00 1.404622311256197853e-01
2.449449449449449645e+00 1.405352749220284136e-01
2.459709709709709813e+00 1.406080620098029144e-01
2.469969969969969981e+00 1.406805931775618745e-01
2.480230230230230148e+00 1.407528692123954928e-01
2.490490490490490316e+00 1.408248908998601112e-01
2.500750750750750484e+00 1.408966590239720540e-01
2.511011011011011096e+00 1.409681743672022425e-01
2.521271271271271264e+00 1.410394377104703667e-01
2.531531531531531432e+00 1.411104498331395007e-01
2.541791791791791599e+00 1.411812115130109124e-01
2.552052052052051767e+00 1.412517235263186510e-01
2.562312312312312379e+00 1.413219866477243014e-01
2.572572572572572547e+00 1.413920016503122379e-01
2.582832832832832715e+00 1.414617693055842673e-01
2.593093093093092882e+00 1.415312903834550218e-01
2.603353353353353050e+00 1.416005656522472678e-01
2.613613613613613662e+00 1.416695958786869936e-01
2.623873873873873830e+00 1.417383818278989405e-01
2.634134134134133998e+00 1.418069242634023008e-01
2.644394394394394165e+00 1.418752239471060828e-01
2.654654654654654333e+00 1.419432816393049468e-01
2.664914914914914945e+00 1.420110980986750426e-01
2.675175175175175113e+00 1.420786740822695959e-01
2.685435435435435281e+00 1.421460103455157165e-01
2.695695695695695449e+00 1.422131076422093465e-01
2.705955955955956060e+00 1.422799667245124577e-01
2.716216216216216228e+00 1.423465883429484435e-01
2.726476476476476396e+00 1.424129732463992604e-01
2.736736736736736564e+00 1.424791221821012088e-01
2.746996996996996732e+00 1.425450358956417418e-01
2.757257257257257343e+00 1.426107151309560783e-01
2.767517517517517511e+00 1.426761606303239005e-01
2.777777777777777679e+00 1.427413731343658287e-01
2.788038038038037847e+00 1.428063533820408681e-01
2.798298298298298015e+00 1.428711021106424395e-01
2.808558558558558627e+00 1.429356200557964640e-01
2.818818818818818794e+00 1.429999079514575611e-01
2.829079079079078962e+00 1.430639665299067442e-01
2.839339339339339130e+00 1.431277965217482850e-01
2.849599599599599298e+00 1.431913986559074647e-01
2.859859859859859910e+00 1.432547736596276877e-01
2.870120120120120077e+00 1.433179222584679280e-01
2.880380380380380245e+00 1.433808451763005365e-01
2.890640640640640413e+00 1.434435431353085766e-01
2.900900900900900581e+00 1.435060168559838256e-01
2.911161161161161193e+00 1.435682670571242492e-01
2.921421421421421361e+00 1.436302944558321693e-01
2.931681681681681528e+00 1.436920997675117662e-01
2.941941941941941696e+00 1.437536837058676076e-01
2.952202202202201864e+00 1.438150469829022060e-01
2.962462462462462476e+00 1.438761903089144090e-01
2.972722722722722644e+00 1.439371143924975949e-01
2.982982982982982811e+00 1.439978199405379522e-01
2.993243243243242979e+00 1.440583076582126476e-01
3.003503503503503591e+00 1.441185782489883827e-01
3.013763763763763759e+00 1.441786324146198672e-01
3.024024024024023927e+00 1.442384708551483485e-01
3.034284284284284094e+00 1.442980942689000845e-01
3.044544544544544262e+00 1.443575033524850670e-01
3.054804804804804874e+00 1.444166988007959951e-01
3.065065065065065042e+00 1.444756813070066093e-01
3.075325325325325210e+00 1.445344515625709703e-01
3.085585585585585378e+00 1.445930102572220155e-01
3.095845845845845545e+00 1.446513580789709486e-01
3.106106106106106157e+00 1.447094957141057403e-01
3.116366366366366325e+00 1.447674238471905739e-01
3.126626626626626493e+00 1.448251431610653173e-01
3.136886886886886661e+00 1.448826543368437747e-01
3.147147147147146828e+00 1.449399580539141030e-01
3.157407407407407440e+00 1.449970549899370909e-01
3.167667667667667608e+00 1.450539458208463806e-01
3.177927927927927776e+00 1.451106312208473026e-01
3.188188188188187944e+00 1.451671118624168755e-01
3.198448448448448111e+00 1.452233884163027511e-01
3.208708708708708723e+00 1.452794615515235477e-01
3.218968968968968891e+00 1.453353319353679618e-01
3.229229229229229059e+00 1.453910002333945739e-01
3.239489489489489227e+00 1.454464671094317929e-01
3.249749749749749395e+00 1.455017332255776064e-01
3.260010010010010006e+00 1.455567992421991641e-01
3.270270270270270174e+00 1.456116658179331946e-01
3.280530530530530342e+00 1.456663336096855055e-01
3.290790790790790510e+00 1.457208032726313718e-01
3.301051051051051122e+00 1.457750754602153143e-01
3.311311311311311290e+00 1.458291508241515155e-01
3.321571571571571457e+00 1.458830300144235703e-01
3.331831831831831625e+00 1.459367136792850406e-01
3.342092092092091793e+00 1.459902024652596497e-01
3.352352352352352405e+00 1.460434970171413382e-01
3.362612612612612573e+00 1.460965979779949853e-01
3.372872872872872740e+00 1.461495059891566861e-01
3.383133133133132908e+00 1.462022216902339744e-01
3.393393393393393076e+00 1.462547457191065159e-01
3.403653653653653688e+00 1.463070787119265803e-01
3.413913913913913856e+00 1.463592213031197908e-01
3.424174174174174023e+00 1.464111741253852073e-01
3.434434434434434191e+00 1.464629378096966861e-01
3.444694694694694359e+00 1.465145129853029637e-01
3.454954954954954971e+00 1.465659002797291277e-01
3.465215215215215139e+00 1.466171003187762556e-01
3.475475475475475307e+00 1.466681137265234136e-01
3.485735735735735474e+00 1.467189411253278231e-01
3.495995995995995642e+00 1.467695831358261649e-01
3.506256256256256254e+00 1.468200403769350515e-01
3.516516516516516422e+00 1.468703134658524700e-01
3.526776776776776590e+00 1.469204030180586151e-01
3.537037037037036757e+00 1.469703096473166937e-01
3.547297297297296925e+00 1.470200339656744515e-01
3.557557557557557537e+00 1.470695765834650615e-01
3.567817817817817705e+00 1.471189381093084003e-01
3.578078078078077873e+00 1.471681191501119923e-01
3.588338338338338041e+00 1.472171203110725357e-01
3.598598598598598652e+00 1.472659421956772352e-01
3.608858858858858820e+00 1.473145854057047455e-01
3.619119119119118988e+00 1.473630505412266700e-01
3.629379379379379156e+00 1.474113382006091433e-01
3.639639639639639324e+00 1.474594489805138853e-01
3.649899899899899935e+00 1.475073834759000613e-01
3.660160160160160103e+00 1.475551422800253643e-01
3.670420420420420271e+00 1.476027259844476247e-01
3.680680680680680439e+00 1.476501351790266703e-01
3.690940940940940607e+00 1.476973704519251862e-01
3.701201201201201219e+00 1.477444323896112965e-01
3.711461461461461386e+00 1.477913215768591471e-01
3.721721721721721554e+00 1.478380385967514588e-01
3.731981981981981722e+00 1.478845840306804715e-01
3.742242242242241890e+00 1.479309584583504145e-01
3.752502502502502502e+00 1.479771624577785050e-01
3.762762762762762669e+00 1.480231966052973080e-01
3.773023023023022837e+00 1.480690614755562351e-01
3.783283283283283005e+00 1.481147576415233480e-01
3.793543543543543173e+00 1.481602856744876628e-01
3.803803803803803785e+00 1.482056461440603157e-01
3.814064064064063952e+00 1.482508396181770882e-01
3.824324324324324120e+00 1.482958666631001010e-01
3.834584584584584288e+00 1.483407278434198118e-01
3.844844844844844456e+00 1.483854237220568473e-01
3.855105105105105068e+00 1.484299548602644458e-01
3.865365365365365236e+00 1.484743218176300117e-01
3.875625625625625403e+00 1.485185251520774741e-01
3.885885885885885571e+00 1.485625654198692858e-01
3.896146146146146183e+00 1.486064431756088933e-01
3.906406406406406351e+00 1.486501589722419026e-01
3.916666666666666519e+00 1.486937133610594097e-01
3.926926926926926686e+00 1.487371068916994443e-01
3.937187187187186854e+00 1.487803401121494395e-01
3.947447447447447466e+00 1.488234135687485360e-01
3.957707707707707634e+00 1.488663278061895801e-01
3.967967967967967802e+00 1.489090833675215941e-01
3.978228228228227970e+00 1.489516807941521082e-01
3.988488488488488137e+00 1.489941206258491857e-01
3.998748748748748749e+00 1.490364034007441996e-01
4.009009009009009361e+00 1.490785296553339689e-01
4.019269269269269529e+00 1.491204999244827578e-01
4.029529529529529697e+00 1.491623147414257167e-01
4.039789789789789864e+00 1.492039746377699372e-01
4.050050050050050032e+00 1.492454801434981715e-01
4.060310310310310200e+00 1.492868317869701922e-01
4.070570570570570368e+00 1.493280300949263728e-01
4.080830830830830536e+00 1.493690755924889368e-01
4.091091091091090703e+00 1.494099688031656492e-01
4.101351351351350871e+00 1.494507102488517314e-01
4.111611611611611039e+00 1.494913004498322762e-01
4.121871871871871207e+00 1.495317399247854395e-01
4.132132132132131375e+00 1.495720291907841615e-01
4.142392392392391542e+00 1.496121687632995523e-01
4.152652652652652598e+00 1.496521591562031406e-01
4.162912912912912766e+00 1.496920008817695658e-01
4.173173173173172934e+00 1.497316944506792147e-01
4.183433433433433102e+00 1.497712403720208030e-01
4.193693693693694158e+00 1.498106391532943726e-01
4.203953953953954326e+00 1.498498913004134570e-01
4.214214214214214493e+00 1.498889973177082724e-01
4.224474474474474661e+00 1.499279577079281611e-01
4.234734734734734829e+00 1.499667729722447829e-01
4.244994994994994997e+00 1.500054436102541133e-01
4.255255255255255165e+00 1.500439701199797471e-01
4.265515515515515332e+00 1.500823529978754234e-01
4.275775775775775500e+00 1.501205927388283290e-01
4.286036036036035668e+00 1.501586898361612910e-01
4.296296296296295836e+00 1.501966447816357464e-01
4.306556556556556004e+00 1.502344580654547956e-01
4.316816816816816171e+00 1.502721301762659223e-01
4.327077077077076339e+00 1.503096616011637410e-01
4.337337337337336507e+00 1.503470528256930505e-01
4.347597597597597563e+00 1.503843043338517205e-01
4.357857857857857731e+00 1.504214166080934112e-01
4.368118118118117899e+00 1.504583901293305159e-01
4.378378378378378066e+00 1.504952253769373527e-01
4.388638638638638234e+00 1.505319228287525790e-01
4.398898898898899290e+00 1.505684829610827447e-01
4.409159159159159458e+00 1.506049062487047618e-01
4.419419419419419626e+00 1.506411931648689861e-01
4.429679679679679793e+00 1.506773441813022973e-01
4.439939939939939961e+00 1.507133597682111803e-01
4.450200200200200129e+00 1.507492403942840564e-01
4.460460460460460297e+00 1.507849865266953360e-01
4.470720720720720465e+00 1.508205986311076940e-01
4.480980980980980632e+00 1.508560771716748738e-01
4.491241241241240800e+00 1.508914226110457391e-01
4.501501501501500968e+00 1.509266354103662999e-01
4.511761761761761136e+00 1.509617160292830440e-01
4.522022022022022192e+00 1.509966649259462668e-01
4.532282282282282360e+00 1.510314825570128472e-01
4.542542542542542527e+00 1.510661693776494119e-01
4.552802802802802695e+00 1.511007258415354715e-01
4.563063063063062863e+00 1.511351524008663627e-01
4.573323323323323031e+00 1.511694495063564680e-01
4.583583583583583199e+00 1.512036176072421856e-01
4.593843843843843366e+00 1.512376571512851209e-01
4.604104104104103534e+00 1.512715685847752234e-01
4.614364364364364590e+00 1.513053523525339505e-01
4.624624624624624758e+00 1.513390088979170989e-01
4.634884884884884926e+00 1.513725386628184122e-01
4.645145145145145094e+00 1.514059420876721351e-01
4.655405405405405261e+00 1.514392196114567879e-01
4.665665665665665429e+00 1.514723716716978585e-01
4.675925925925925597e+00 1.515053987044709949e-01
4.686186186186185765e+00 1.515383011444055850e-01
4.696446446446445933e+00 1.515710794246873105e-01
4.706706706706706100e+00 1.516037339770617831e-01
4.716966966966967156e+00 1.516362652318375415e-01
4.727227227227227324e+00 1.516686736178891048e-01
4.737487487487487492e+00 1.517009595626605256e-01
4.747747747747747660e+00 1.517331234921683869e-01
4.758008008008007828e+00 1.517651658310046336e-01
4.768268268268267995e+00 1.517970870023403751e-01
4.778528528528528163e+00 1.518288874279287715e-01
4.788788788788788331e+00 1.518605675281083645e-01
4.799049049049048499e+00 1.518921277218061583e-01
4.809309309309308667e+00 1.519235684265407560e-01
4.819569569569569722e+00 1.519548900584258289e-01
4.829829829829829890e+00 1.519860930321733083e-01
4.840090090090090058e+00 1.520171777610965502e-01
4.850350350350350226e+00 1.520481446571131934e-01
4.860610610610610394e+00 1.520789941307490734e-01
4.870870870870870561e+00 1.521097265911411367e-01
4.881131131131130729e+00 1.521403424460403553e-01
4.891391391391390897e+00 1.521708421018156399e-01
4.901651651651651065e+00 1.522012259634564491e-01
4.911911911911912121e+00 1.522314944345763699e-01
4.922172172172172289e+00 1.522616479174161985e-01
4.932432432432432456e+00 1.522916868128475487e-01
4.942692692692692624e+00 1.523216115203757381e-01
4.952952952952952792e+00 1.523514224381426752e-01
4.963213213213212960e+00 1.523811199629313551e-01
4.973473473473473128e+00 1.524107044901676367e-01
4.983733733733733295e+00 1.524401764139246551e-01
4.993993993993993463e+00 1.524695361269254867e-01
5.004254254254253631e+00 1.524987840205463963e-01
5.014514514514514687e+00 1.525279204848204173e-01
5.024774774774774855e+00 1.525569459084401558e-01
5.035035035035035023e+00 1.525858606787617311e-01
5.045295295295295190e+00 1.526146651818073852e-01
5.055555555555555358e+00 1.526433598022689797e-01
5.065815815815815526e+00 1.526719449235114656e-01
5.076076076076075694e+00 1.527004209275757141e-01
5.086336336336335862e+00 1.527287881951823467e-01
5.096596596596596029e+00 1.527570471057342338e-01
5.106856856856856197e+00 1.527851980373206575e-01
5.117117117117117253e+00 1.528132413667197542e-01
5.127377377377377421e+00 1.528411774694023451e-01
5.137637637637637589e+00 1.528690067195349334e-01
5.147897897897897757e+00 1.528967294899832297e-01
5.158158158158157924e+00 1.529243461523147884e-01
5.168418418418418092e+00 1.529518570768030605e-01
5.178678678678678260e+00 1.529792626324301963e-01
5.188938938938938428e+00 1.530065631868903764e-01
5.199199199199198596e+00 1.530337591065931702e-01
5.209459459459459651e+00 1.530608507566666721e-01
5.219719719719719819e+00 1.530878385009607490e-01
5.229979979979979987e+00 1.531147227020504265e-01
5.240240240240240155e+00 1.531415037212391361e-01
5.250500500500500323e+00 1.531681819185616855e-01
5.260760760760760490e+00 1.531947576527882271e-01
5.271021021021020658e+00 1.532212312814263122e-01
5.281281281281280826e+00 1.532476031607254430e-01
5.291541541541540994e+00 1.532738736456794870e-01
5.301801801801801162e+00 1.533000430900300637e-01
5.312062062062062218e+00 1.533261118462700967e-01
5.322322322322322385e+00 1.533520802656468396e-01
5.332582582582582553e+00 1.533779486981648177e-01
5.342842842842842721e+00 1.534037174925896307e-01
5.353103103103102889e+00 1.534293869964510337e-01
5.363363363363363057e+00 1.534549575560456847e-01
5.373623623623623224e+00 1.534804295164410859e-01
5.383883883883883392e+00 1.535058032214784152e-01
5.394144144144143560e+00 1.535310790137757730e-01
5.404404404404403728e+00 1.535562572347314303e-01
5.414664664664664784e+00 1.535813382245271030e-01
5.424924924924924952e+00 1.536063223221310614e-01
5.435185185185185119e+00 1.536312098653016267e-01
5.445445445445445287e+00 1.536560011905900580e-01
5.455705705705705455e+00 1.536806966333437996e-01
5.465965965965965623e+00 1.537052965277098393e-01
5.476226226226225791e+00 1.537298012066379005e-01
5.486486486486485958e+00 1.537542110018835784e-01
5.496746746746746126e+00 1.537785262440115042e-01
5.507007007007007182e+00 1.538027472623986203e-01
5.517267267267267350e+00 1.538268743852372056e-01
5.527527527527527518e+00 1.538509079395383727e-01
5.537787787787787686e+00 1.538748482511349824e-01
5.548048048048047853e+00 1.538986956446848631e-01
5.558308308308308021e+00 1.539224504436740026e-01
5.568568568568568189e+00 1.539461129704199349e-01
5.578828828828828357e+00 1.539696835460747371e-01
5.589089089089088525e+00 1.539931624906277774e-01
5.599349349349348692e+00 1.540165501229097400e-01
5.609609609609609748e+00 1.540398467605950950e-01
5.619869869869869916e+00 1.540630527202055677e-01
5.630130130130130084e+00 1.540861683171131369e-01
5.640390390390390252e+00 1.541091938655432536e-01
5.650650650650650419e+00 1.541321296785780059e-01
5.660910910910910587e+00 1.541549760681591719e-01
5.671171171171170755e+00 1.541777333450914389e-01
5.681431431431430923e+00 1.542004018190454573e-01
5.691691691691691091e+00 1.542229817985609763e-01
5.701951951951951258e+00 1.542454735910501473e-01
5.712212212212212314e+00 1.542678775028001881e-01
5.722472472472472482e+00 1.542901938389772132e-01
5.732732732732732650e+00 1.543124229036284545e-01
5.742992992992992818e+00 1.543345649996860081e-01
5.753253253253252986e+00 1.543566204289697763e-01
5.763513513513513153e+00 1.543785894921904933e-01
5.773773773773773321e+00 1.544004724889527502e-01
5.784034034034033489e+00 1.544222697177583536e-01
5.794294294294293657e+00 1.544439814760089347e-01
5.804554554554554713e+00 1.544656080600096959e-01
5.814814814814814881e+00 1.544871497649716596e-01
5.825075075075075048e+00 1.545086068850152761e-01
5.835335335335335216e+00 1.545299797131737263e-01
5.845595595595595384e+00 1.545512685413948928e-01
5.855855855855855552e+00 1.545724736605457450e-01
5.866116116116115720e+00 1.545935953604145041e-01
5.876376376376375887e+00 1.546146339297139183e-01
5.886636636636636055e+00 1.546355896560842880e-01
5.896896896896896223e+00 1.546564628260965191e-01
5.907157157157157279e+00 1.546772537252552315e-01
5.917417417417417447e+00 1.546979626380015349e-01
5.927677677677677615e+00 1.547185898477161092e-01
5.937937937937937782e+00 1.547391356367225912e-01
5.948198198198197950e+00 1.547596002862898223e-01
5.958458458458458118e+00 1.547799840766355406e-01
5.968718718718718286e+00 1.548002872869290170e-01
5.978978978978978454e+00 1.548205101952941365e-01
5.989239239239238621e+00 1.548406530788124236e-01
5.999499499499498789e+00 1.548607162135257898e-01
6.009759759759759845e+00 1.548806998744396701e-01
6.020020020020020013e+00 1.549006043355261319e-01
6.030280280280280181e+00 1.549204298697263726e-01
6.040540540540540349e+00 1.549401767489542725e-01
6.050800800800800516e+00 1.549598452440986984e-01
6.061061061061060684e+00 1.549794356250268623e-01
6.071321321321320852e+00 1.549989481605872355e-01
6.081581581581581020e+00 1.550183831186122962e-01
6.091841841841841187e+00 1.550377407659214724e-01
6.102102102102102243e+00 1.550570213683241383e-01
6.112362362362362411e+00 1.550762251906225297e-01
6.122622622622622579e+00 1.550953524966145469e-01
6.132882882882882747e+00 1.551144035490966688e-01
6.143143143143142915e+00 1.551333786098669232e-01
6.153403403403403082e+00 1.551522779397275509e-01
6.163663663663663250e+00 1.551711017984882812e-01
6.173923923923923418e+00 1.551898504449687466e-01
6.184184184184183586e+00 1.552085241370018132e-01
6.194444444444443754e+00 1.552271231314357736e-01
6.204704704704704810e+00 1.552456476841378996e-01
6.214964964964964977e+00 1.552640980499968015e-01
6.225225225225225145e+00 1.552824744829256476e-01
6.235485485485485313e+00 1.553007772358644956e-01
6.245745745745745481e+00 1.553190065607836234e-01
6.256006006006005649e+00 1.553371627086860274e-01
6.266266266266265816e+00 1.553552459296105581e-01
6.276526526526525984e+00 1.553732564726340859e-01
6.286786786786786152e+00 1.553911945858750254e-01
6.297047047047046320e+00 1.554090605164956951e-01
6.307307307307307376e+00 1.554268545107051758e-01
6.317567567567567544e+00 1.554445768137622808e-01
6.327827827827827711e+00 1.554622276699778316e-01
6.338088088088087879e+00 1.554798073227182664e-01
6.348348348348348047e+00 1.554973160144074440e-01
6.358608608608608215e+00 1.555147539865300299e-01
6.368868868868868383e+00 1.555321214796339946e-01
6.379129129129128550e+00 1.555494187333336664e-01
6.389389389389388718e+00 1.555666459863117301e-01
6.399649649649649774e+00 1.555838034763228073e-01
6.409909909909909942e+00 1.556008914401955934e-01
6.420170170170170110e+00 1.556179101138357446e-01
6.430430430430430278e+00 1.556348597322287919e-01
6.440690690690690445e+00 1.556517405294425005e-01
6.450950950950950613e+00 1.556685527386297008e-01
6.461211211211210781e+00 1.556852965920310361e-01
6.471471471471470949e+00 1.557019723209774331e-01
6.481731731731731116e+00 1.557185801558930993e-01
6.491991991991991284e+00 1.557351203262979655e-01
6.502252252252252340e+00 1.557515930608101562e-01
6.512512512512512508e+00 1.557679985871492367e-01
6.522772772772772676e+00 1.557843371321380455e-01
6.533033033033032844e+00 1.558006089217061074e-01
6.543293293293293011e+00 1.558168141808917440e-01
6.553553553553553179e+00 1.558329531338448204e-01
6.563813813813813347e+00 1.558490260038294661e-01
6.574074074074073515e+00 1.558650330132266837e-01
6.584334334334333683e+00 1.558809743835367356e-01
6.594594594594593850e+00 1.558968503353819757e-01
6.604854854854854906e+00 1.559126610885092634e-01
6.615115115115115074e+00 1.559284068617926566e-01
6.625375375375375242e+00 1.559440878732359370e-01
6.635635635635635410e+00 1.559597043399750804e-01
6.645895895895895578e+00 1.559752564782811712e-01
6.656156156156155745e+00 1.559907445035624285e-01
6.666416416416415913e+00 1.560061686303671480e-01
6.676676676676676081e+00 1.560215290723858950e-01
6.686936936936936249e+00 1.560368260424545850e-01
6.697197197197197305e+00 1.560520597525565378e-01
6.707457457457457473e+00 1.560672304138249478e-01
6.717717717717717640e+00 1.560823382365456036e-01
6.727977977977977808e+00 1.560973834301593866e-01
6.738238238238237976e+00 1.561123662032649628e-01
6.748498498498498144e+00 1.561272867636205319e-01
6.758758758758758312e+00 1.561421453181472407e-01
6.769019019019018479e+00 1.561569420729308766e-01
6.779279279279278647e+00 1.561716772332249203e-01
6.789539539539538815e+00 1.561863510034526004e-01
6.799799799799799871e+00 1.562009635872095847e-01
6.810060060060060039e+00 1.562155151872662018e-01
6.820320320320320207e+00 1.562300060055701878e-01
6.830580580580580374e+00 1.562444362432486855e-01
6.840840840840840542e+00 1.562588061006111861e-01
6.851101101101100710e+00 1.562731157771514723e-01
6.861361361361360878e+00 1.562873654715503102e-01
6.871621621621621046e+00 1.563015553816776149e-01
6.881881881881881213e+00 1.563156857045951698e-01
6.892142142142141381e+00 1.563297566365586810e-01
6.902402402402402437e+00 1.563437683730204419e-01
6.912662662662662605e+00 1.563577211086313867e-01
6.922922922922922773e+00 1.563716150372438662e-01
6.933183183183182940e+00 1.563854503519134520e-01
6.943443443443443108e+00 1.563992272449017951e-01
6.953703703703703276e+00 1.564129459076787909e-01
6.963963963963963444e+00 1.564266065309248555e-01
6.974224224224223612e+00 1.564402093045330622e-01
6.984484484484483779e+00 1.564537544176120565e-01
6.994744744744744835e+00 1.564672420584877488e-01
7.005005005005005003e+00 1.564806724147059513e-01
7.015265265265265171e+00 1.564940456730345986e-01
7.025525525525525339e+00 1.565073620194659121e-01
7.035785785785785507e+00 1.565206216392190097e-01
7.046046046046045674e+00 1.565338247167417096e-01
7.056306306306305842e+00 1.565469714357133058e-01
7.066566566566566010e+00 1.565600619790463999e-01
7.076826826826826178e+00 1.565730965288894272e-01
7.087087087087086346e+00 1.565860752666288769e-01
7.097347347347347402e+00 1.565989983728912904e-01
7.107607607607607569e+00 1.566118660275456764e-01
7.117867867867867737e+00 1.566246784097060085e-01
7.128128128128127905e+00 1.566374356977327520e-01
7.138388388388388073e+00 1.566501380692358614e-01
7.148648648648648241e+00 1.566627857010761959e-01
7.158908908908908408e+00 1.566753787693687117e-01
7.169169169169168576e+00 1.566879174494833216e-01
7.179429429429428744e+00 1.567004019160484485e-01
7.189689689689688912e+00 1.567128323429521353e-01
7.199949949949949968e+00 1.567252089033449869e-01
7.210210210210210136e+00 1.567375317696416415e-01
7.220470470470470303e+00 1.567498011135234348e-01
7.230730730730730471e+00 1.567620171059404266e-01
7.240990990990990639e+00 1.567741799171133710e-01
7.251251251251250807e+00 1.567862897165359370e-01
7.261511511511510975e+00 1.567983466729769571e-01
7.271771771771771142e+00 1.568103509544823415e-01
7.282032032032031310e+00 1.568223027283773274e-01
7.292292292292292366e+00 1.568342021612683379e-01
7.302552552552552534e+00 1.568460494190457299e-01
7.312812812812812702e+00 1.568578446668849324e-01
7.323073073073072869e+00 1.568695880692493050e-01
7.333333333333333037e+00 1.568812797898916089e-01
7.343593593593593205e+00 1.568929199918566442e-01
7.353853853853853373e+00 1.569045088374829977e-01
7.364114114114113541e+00 1.569160464884050976e-01
7.374374374374373708e+00 1.569275331055551836e-01
7.384634634634633876e+00 1.569389688491655277e-01
7.394894894894894932e+00 1.569503538787704044e-01
7.405155155155155100e+00 1.569616883532080898e-01
7.415415415415415268e+00 1.569729724306228591e-01
7.425675675675675436e+00 1.569842062684668471e-01
7.435935935935935603e+00 1.569953900235024902e-01
7.446196196196195771e+00 1.570065238518039141e-01
7.456456456456455939e+00 1.570176079087595433e-01
7.466716716716716107e+00 1.570286423490734884e-01
7.476976976976976275e+00 1.570396273267680443e-01
7.487237237237236442e+00 1.570505629951851889e-01
7.497497497497497498e+00 1.570614495069888594e-01
7.507757757757757666e+00 1.570722870141667005e-01
7.518018018018017834e+00 1.570830756680322848e-01
7.528278278278278002e+00 1.570938156192267232e-01
7.538538538538538170e+00 1.571045070177207736e-01
7.548798798798798337e+00 1.571151500128165623e-01
7.559059059059058505e+00 1.571257447531498597e-01
7.569319319319318673e+00 1.571362913866916622e-01
7.579579579579578841e+00 1.571467900607500801e-01
7.589839839839839897e+00 1.571572409219726685e-01
7.600100100100100065e+00 1.571676441163477600e-01
7.610360360360360232e+00 1.571779997892064906e-01
7.620620620620620400e+00 1.571883080852249648e-01
7.630880880880880568e+00 1.571985691484257819e-01
7.641141141141140736e+00 1.572087831221799792e-01
7.651401401401400904e+00 1.572189501492089747e-01
7.661661661661661071e+00 1.572290703715862881e-01
7.671921921921921239e+00 1.572391439307394279e-01
7.682182182182181407e+00 1.572491709674518345e-01
7.692442442442442463e+00 1.572591516218642682e-01
7.702702702702702631e+00 1.572690860334773899e-01
7.712962962962962798e+00 1.572789743411527053e-01
7.723223223223222966e+00 1.572888166831150347e-01
7.733483483483483134e+00 1.572986131969538459e-01
7.743743743743743302e+00 1.573083640196252520e-01
7.754004004004003470e+00 1.573180692874540099e-01
7.764264264264263637e+00 1.573277291361345476e-01
7.774524524524523805e+00 1.573373437007337117e-01
7.784784784784783973e+00 1.573469131156918499e-01
7.795045045045045029e+00 1.573564375148245598e-01
7.805305305305305197e+00 1.573659170313248812e-01
7.815565565565565365e+00 1.573753517977646843e-01
7.825825825825825532e+00 1.573847419460963348e-01
7.836086086086085700e+00 1.573940876076546924e-01
7.846346346346345868e+00 1.574033889131586650e-01
7.856606606606606036e+00 1.574126459927127908e-01
7.866866866866866204e+00 1.574218589758092646e-01
7.877127127127126371e+00 1.574310279913293809e-01
7.887387387387387427e+00 1.574401531675452548e-01
7.897647647647647595e+00 1.574492346321215708e-01
7.907907907907907763e+00 1.574582725121170257e-01
7.918168168168167931e+00 1.574672669339863829e-01
7.928428428428428099e+00 1.574762180235818876e-01
7.938688688688688266e+00 1.574851259061549602e-01
7.948948948948948434e+00 1.574939907063576672e-01
7.959209209209208602e+00 1.575028125482447749e-01
7.969469469469468770e+00 1.575115915552748602e-01
7.979729729729728938e+00 1.575203278503123638e-01
7.989989989989989994e+00 1.575290215556290063e-01
8.000250250250250161e+00 1.575376727929054532e-01
8.010510510510510329e+00 1.575462816832328139e-01
8.020770770770770497e+00 1.575548483471142791e-01
8.031031031031030665e+00 1.575633729044670361e-01
8.041291291291290833e+00 1.575718554746231292e-01
8.051551551551551000e+00 1.575802961763317633e-01
8.061811811811811168e+00 1.575886951277604697e-01
8.072072072072071336e+00 1.575970524464967437e-01
8.082332332332331504e+00 1.576053682495497099e-01
8.092592592592591672e+00 1.576136426533514545e-01
8.102852852852851839e+00 1.576218757737588572e-01
8.113113113113112007e+00 1.576300677260546734e-01
8.123373373373372175e+00 1.576382186249497275e-01
8.133633633633632343e+00 1.576463285845837170e-01
8.143893893893892511e+00 1.576543977185272949e-01
8.154154154154152678e+00 1.576624261397830684e-01
8.164414414414412846e+00 1.576704139607876531e-01
8.174674674674673014e+00 1.576783612934126999e-01
8.184934934934934958e+00 1.576862682489666989e-01
8.195195195195195126e+00 1.576941349381960900e-01
8.205455455455455294e+00 1.577019614712872331e-01
8.215715715715715461e+00 1.577097479578674355e-01
8.225975975975975629e+00 1.577174945070065337e-01
8.236236236236235797e+00 1.577252012272186699e-01
8.246496496496495965e+00 1.577328682264631798e-01
8.256756756756756133e+00 1.577404956121463142e-01
8.267017017017016300e+00 1.577480834911228480e-01
8.277277277277276468e+00 1.577556319696971354e-01
8.287537537537538412e+00 1.577631411536248585e-01
8.297797797797798580e+00 1.577706111481142204e-01
8.308058058058058748e+00 1.577780420578273890e-01
8.318318318318318916e+00 1.577854339868821343e-01
8.328578578578579084e+00 1.577927870388528275e-01
8.338838838838839251e+00 1.578001013167719124e-01
8.349099099099099419e+00 1.578073769231316814e-01
8.359359359359359587e+00 1.578146139598851083e-01
8.369619619619619755e+00 1.578218125284475692e-01
8.379879879879879923e+00 1.578289727296981748e-01
8.390140140140140090e+00 1.578360946639808249e-01
8.400400400400400258e+00 1.578431784311059294e-01
8.410660660660660426e+00 1.578502241303516018e-01
8.420920920920920594e+00 1.578572318604647140e-01
8.431181181181180762e+00 1.578642017196628944e-01
8.441441441441440929e+00 1.578711338056350000e-01
8.451701701701701097e+00 1.578780282155433368e-01
8.461961961961961265e+00 1.578848850460240483e-01
8.472222222222221433e+00 1.578917043931890030e-01
8.482482482482481601e+00 1.578984863526270710e-01
8.492742742742741768e+00 1.579052310194052344e-01
8.503003003003001936e+00 1.579119384880699473e-01
8.513263263263262104e+00 1.579186088526480791e-01
8.523523523523522272e+00 1.579252422066488581e-01
8.533783783783784216e+00 1.579318386430646481e-01
8.544044044044044384e+00 1.579383982543720866e-01
8.554304304304304551e+00 1.579449211325339164e-01
8.564564564564564719e+00 1.579514073689995690e-01
8.574824824824824887e+00 1.579578570547068017e-01
8.585085085085085055e+00 1.579642702800830023e-01
8.595345345345345223e+00 1.579706471350457719e-01
8.605605605605605390e+00 1.579769877090049790e-01
8.615865865865865558e+00 1.579832920908635641e-01
8.626126126126125726e+00 1.579895603690186778e-01
8.636386386386385894e+00 1.579957926313627081e-01
8.646646646646646062e+00 1.580019889652852505e-01
8.656906906906906229e+00 1.580081494576733858e-01
8.667167167167166397e+00 1.580142741949133456e-01
8.677427427427426565e+00 1.580203632628915389e-01
8.687687687687686733e+00 1.580264167469958014e-01
8.697947947947946901e+00 1.580324347321164224e-01
8.708208208208207068e+00 1.580384173026474770e-01
8.718468468468467236e+00 1.580443645424879084e-01
8.728728728728729180e+00 1.580502765350423888e-01
8.738988988988989348e+00 1.580561533632229843e-01
8.749249249249249516e+00 1.580619951094497377e-01
8.759509509509509684e+00 1.580678018556522235e-01
8.769769769769769852e+00 1.580735736832704352e-01
8.780030030030030019e+00 1.580793106732559239e-01
8.790290290290290187e+00 1.580850129060728526e-01
8.800550550550550355e+00 1.580906804616991346e-01
8.810810810810810523e+00 1.580963134196277098e-01
8.821071071071070691e+00 1.581019118588672945e-01
8.831331331331330858e+00 1.581074758579437689e-01
8.841591591591591026e+00 1.581130054949008157e-01
8.851851851851851194e+00 1.581185008473016129e-01
8.862112112112111362e+00 1.581239619922292228e-01
8.872372372372371530e+00 1.581293890062882845e-01
8.882632632632631697e+00 1.581347819656054310e-01
8.892892892892891865e+00 1.581401409458308427e-01
8.903153153153152033e+00 1.581454660221389419e-01
8.913413413413412201e+00 1.581507572692296415e-01
8.923673673673672369e+00 1.581560147613291778e-01
8.933933933933934313e+00 1.581612385721914704e-01
8.944194194194194480e+00 1.581664287750984832e-01
8.954454454454454648e+00 1.581715854428618617e-01
8.964714714714714816e+00 1.581767086478236550e-01
8.974974974974974984e+00 1.581817984618574535e-01
8.985235235235235152e+00 1.581868549563690829e-01
8.995495495495495319e+00 1.581918782022977421e-01
9.005755755755755487e+00 1.581968682701171414e-01
9.016016016016015655e+00 1.582018252298362238e-01
9.026276276276275823e+00 1.582067491510003310e-01
9.036536536536535991e+00 1.582116401026917862e-01
9.046796796796796158e+00 1.582164981535313653e-01
9.057057057057056326e+00 1.582213233716787959e-01
9.067317317317316494e+00 1.582261158248339794e-01
9.077577577577576662e+00 1.582308755802377953e-01
9.087837837837836830e+00 1.582356027046728231e-01
9.098098098098096997e+00 1.582402972644648409e-01
9.108358358358357165e+00 1.582449593254831033e-01
9.118618618618617333e+00 1.582495889531414790e-01
9.128878878878879277e+00 1.582541862123996446e-01
9.139139139139139445e+00 1.582587511677633618e-01
9.149399399399399613e+00 1.582632838832859767e-01
9.159659659659659781e+00 1.582677844225689745e-01
9.169919919919919948e+00 1.582722528487628122e-01
9.180180180180180116e+00 1.582766892245680013e-01
9.190440440440440284e+00 1.582810936122358292e-01
9.200700700700700452e+00 1.582854660735692753e-01
9.210960960960960620e+00 1.582898066699237050e-01
9.221221221221220787e+00 1.582941154622081181e-01
9.231481481481480955e+00 1.582983925108853163e-01
9.241741741741741123e+00 1.583026378759734842e-01
9.252002002002001291e+00 1.583068516170464679e-01
9.262262262262261459e+00 1.583110337932348566e-01
9.272522522522521626e+00 1.583151844632268157e-01
9.282782782782781794e+00 1.583193036852687252e-01
9.293043043043041962e+00 1.583233915171658734e-01
9.303303303303302130e+00 1.583274480162837894e-01
9.313563563563562298e+00 1.583314732395486590e-01
9.323823823823824242e+00 1.583354672434478250e-01
9.334084084084084409e+00 1.583394300840313962e-01
9.344344344344344577e+00 1.583433618169119428e-01
9.354604604604604745e+00 1.583472624972662168e-01
9.364864864864864913e+00 1.583511321798355409e-01
9.375125125125125081e+00 1.583549709189263910e-01
9.385385385385385248e+00 1.583587787684113957e-01
9.395645645645645416e+00 1.583625557817299745e-01
9.405905905905905584e+00 1.583663020118890874e-01
9.416166166166165752e+00 1.583700175114639841e-01
9.426426426426425920e+00 1.583737023325990922e-01
9.436686686686686087e+00 1.583773565270083228e-01
9.446946946946946255e+00 1.583809801459761801e-01
9.457207207207206423e+00 1.583845732403582340e-01
9.467467467467466591e+00 1.583881358605820910e-01
9.477727727727726759e+00 1.583916680566477275e-01
9.487987987987986926e+00 1.583951698781285167e-01
9.498248248248247094e+00 1.583986413741716448e-01
9.508508508508507262e+00 1.584020825934988885e-01
9.518768768768767430e+00 1.584054935844077250e-01
9.529029029029029374e+00 1.584088743947710820e-01
9.539289289289289542e+00 1.584122250720387814e-01
9.549549549549549710e+00 1.584155456632378167e-01
9.559809809809809877e+00 1.584188362149733798e-01
9.570070070070070045e+00 1.584220967734288332e-01
9.580330330330330213e+00 1.584253273843670429e-01
9.590590590590590381e+00 1.584285280931308215e-01
9.600850850850850549e+00 1.584316989446431512e-01
9.611111111111110716e+00 1.584348399834084042e-01
9.621371371371370884e+00 1.584379512535124823e-01
9.631631631631631052e+00 1.584410327986239264e-01
9.641891891891891220e+00 1.584440846619938892e-01
9.652152152152151388e+00 1.584471068864573562e-01
9.662412412412411555e+00 1.584500995144332014e-01
9.672672672672671723e+00 1.584530625879251586e-01
9.682932932932931891e+00 1.584559961485222934e-01
9.693193193193192059e+00 1.584589002373996691e-01
9.703453453453452227e+00 1.584617748953185412e-01
9.713713713713712394e+00 1.584646201626274120e-01
9.723973973973974338e+00 1.584674360792624193e-01
9.734234234234234506e+00 1.584702226847476692e-01
9.744494494494494674e+00 1.584729800181959580e-01
9.754754754754754842e+00 1.584757081183097438e-01
9.765015015015015010e+00 1.584784070233806463e-01
9.775275275275275177e+00 1.584810767712910851e-01
9.785535535535535345e+00 1.584837173995141124e-01
9.795795795795795513e+00 1.584863289451140522e-01
9.806056056056055681e+00 1.584889114447474157e-01
9.816316316316315849e+00 1.584914649346627902e-01
9.826576576576576016e+00 1.584939894507020053e-01
9.836836836836836184e+00 1.584964850282997162e-01
9.847097097097096352e+00 1.584989517024852079e-01
9.857357357357356520e+00 1.585013895078815349e-01
9.867617617617616688e+00 1.585037984787068532e-01
9.877877877877876855e+00 1.585061786487746982e-01
9.888138138138137023e+00 1.585085300514942896e-01
9.898398398398397191e+00 1.585108527198712258e-01
9.908658658658657359e+00 1.585131466865078165e-01
9.918918918918919303e+00 1.585154119836034714e-01
9.929179179179179471e+00 1.585176486429552556e-01
9.939439439439439639e+00 1.585198566959584721e-01
9.949699699699699806e+00 1.585220361736066619e-01
9.959959959959959974e+00 1.585241871064925756e-01
9.970220220220220142e+00 1.585263095248082843e-01
9.980480480480480310e+00 1.585284034583454571e-01
9.990740740740740478e+00 1.585304689364961661e-01
1.000100100100100065e+01 1.585325059882531917e-01
1.001126126126126081e+01 1.585345146422102169e-01
1.002152152152152098e+01 1.585364949265622436e-01
1.003178178178178115e+01 1.585384468691060644e-01
1.004204204204204132e+01 1.585403704972410677e-01
1.005230230230230148e+01 1.585422658379688488e-01
1.006256256256256165e+01 1.585441329178941816e-01
1.007282282282282182e+01 1.585459717632250187e-01
1.008308308308308199e+01 1.585477823997730185e-01
1.009334334334334216e+01 1.585495648529542112e-01
1.010360360360360232e+01 1.585513191477885553e-01
1.011386386386386249e+01 1.585530453089012137e-01
1.012412412412412444e+01 1.585547433605222212e-01
1.013438438438438460e+01 1.585564133264871778e-01
1.014464464464464477e+01 1.585580552302372770e-01
1.015490490490490494e+01 1.585596690948201382e-01
1.016516516516516511e+01 1.585612549428896123e-01
1.017542542542542527e+01 1.585628127967062262e-01
1.018568568568568544e+01 1.585643426781377374e-01
1.019594594594594561e+01 1.585658446086592455e-01
1.020620620620620578e+01 1.585673186093534692e-01
1.021646646646646595e+01 1.585687647009111356e-01
1.022672672672672611e+01 1.585701829036310628e-01
1.023698698698698628e+01 1.585715732374209097e-01
1.024724724724724645e+01 1.585729357217968150e-01
1.025750750750750662e+01 1.585742703758842020e-01
1.026776776776776678e+01 1.585755772184179735e-01
1.027802802802802695e+01 1.585768562677422611e-01
1.028828828828828712e+01 1.585781075418113695e-01
1.029854854854854729e+01 1.585793310581896931e-01
1.030880880880880746e+01 1.585805268340520213e-01
1.031906906906906940e+01 1.585816948861834830e-01
1.032932932932932957e+01 1.585828352309805733e-01
1.033958958958958974e+01 1.585839478844502382e-01
1.034984984984984990e+01 1.585850328622111227e-01
1.036011011011011007e+01 1.585860901794933497e-01
1.037037037037037024e+01 1.585871198511387692e-01
1.038063063063063041e+01 1.585881218916010416e-01
1.039089089089089057e+01 1.585890963149460264e-01
1.040115115115115074e+01 1.585900431348520323e-01
1.041141141141141091e+01 1.585909623646097055e-01
1.042167167167167108e+01 1.585918540171226132e-01
1.043193193193193125e+01 1.585927181049071044e-01
1.044219219219219141e+01 1.585935546400924767e-01
1.045245245245245158e+01 1.585943636344216146e-01
1.046271271271271175e+01 1.585951450992504064e-01
1.047297297297297192e+01 1.585958990455485773e-01
1.048323323323323208e+01 1.585966254838994671e-01
1.049349349349349225e+01 1.585973244245002245e-01
1.050375375375375242e+01 1.585979958771622789e-01
1.051401401401401436e+01 1.585986398513108686e-01
1.052427427427427453e+01 1.585992563559856516e-01
1.053453453453453470e+01 1.585998453998407609e-01
1.054479479479479487e+01 1.586004069911448044e-01
1.055505505505505504e+01 1.586009411377806988e-01
1.056531531531531520e+01 1.586014478472468625e-01
1.057557557557557537e+01 1.586019271266559394e-01
1.058583583583583554e+01 1.586023789827357422e-01
1.059609609609609571e+01 1.586028034218290306e-01
1.060635635635635587e+01 1.586032004498939552e-01
1.061661661661661604e+01 1.586035700725035857e-01
1.062687687687687621e+01 1.586039122948466051e-01
1.063713713713713638e+01 1.586042271217266153e-01
1.064739739739739655e+01 1.586045145575631643e-01
1.065765765765765671e+01 1.586047746063911079e-01
1.066791791791791688e+01 1.586050072718606929e-01
1.067817817817817705e+01 1.586052125572380289e-01
1.068843843843843722e+01 1.586053904654046720e-01
1.069869869869869738e+01 1.586055409988580966e-01
1.070895895895895755e+01 1.586056641597113903e-01
1.071921921921921950e+01 1.586057599496933090e-01
1.072947947947947966e+01 1.586058283701484717e-01
1.073973973973973983e+01 1.586058694220374432e-01
1.075000000000000000e+01 1.586058831059364016e-01
