5.000000000000000000e-01 1.112342762158831135e+02
5.102602602602602788e-01 1.113366984364513570e+02
5.205205205205205576e-01 1.114391462146746079e+02
5.307807807807807254e-01 1.115416194810322139e+02
5.410410410410410043e-01 1.116441181654013945e+02
5.513013013013012831e-01 1.117466421970544985e+02
5.615615615615615619e-01 1.118491915046585348e+02
5.718218218218218407e-01 1.119517660162735666e+02
5.820820820820821195e-01 1.120543656593515323e+02
5.923423423423423984e-01 1.121569903607350369e+02
6.026026026026025662e-01 1.122596400466555906e+02
6.128628628628628450e-01 1.123623146427332813e+02
6.231231231231231238e-01 1.124650140739742596e+02
6.333833833833834026e-01 1.125677382647705684e+02
6.436436436436436814e-01 1.126704871388983094e+02
6.539039039039038492e-01 1.127732606195164209e+02
6.641641641641641280e-01 1.128760586291653283e+02
6.744244244244244069e-01 1.129788810897660767e+02
6.846846846846846857e-01 1.130817279226184837e+02
6.949449449449449645e-01 1.131845990484006279e+02
7.052052052052051323e-01 1.132874943871665465e+02
7.154654654654655221e-01 1.133904138583460224e+02
7.257257257257256899e-01 1.134933573807426939e+02
7.359859859859859688e-01 1.135963248725327048e+02
7.462462462462462476e-01 1.136993162512643210e+02
7.565065065065064154e-01 1.138023314338553433e+02
7.667667667667668052e-01 1.139053703365933217e+02
7.770270270270269730e-01 1.140084328751329679e+02
7.872872872872872518e-01 1.141115189644957297e+02
7.975475475475475307e-01 1.142146285190682704e+02
8.078078078078078095e-01 1.143177614526014736e+02
8.180680680680680883e-01 1.144209176782085819e+02
8.283283283283282561e-01 1.145240971083648418e+02
8.385885885885886459e-01 1.146272996549055705e+02
8.488488488488488137e-01 1.147305252290252042e+02
8.591091091091090926e-01 1.148337737412761044e+02
8.693693693693693714e-01 1.149370451015670938e+02
8.796296296296295392e-01 1.150403392191626466e+02
8.898898898898899290e-01 1.151436560026810270e+02
9.001501501501500968e-01 1.152469953600940329e+02
9.104104104104103756e-01 1.153503571987246801e+02
9.206706706706706544e-01 1.154537414252467897e+02
9.309309309309309333e-01 1.155571479456834396e+02
9.411911911911912121e-01 1.156605766654057135e+02
9.514514514514513799e-01 1.157640274891319052e+02
9.617117117117117697e-01 1.158675003209259131e+02
9.719719719719719375e-01 1.159709950641958471e+02
9.822322322322322163e-01 1.160745116216935315e+02
9.924924924924924952e-01 1.161780498955127428e+02
1.002752752752752663e+00 1.162816097870882714e+02
1.013013013013012831e+00 1.163851911971945441e+02
1.023273273273273221e+00 1.164887940259446850e+02
1.033533533533533610e+00 1.165924181727892233e+02
1.043793793793793778e+00 1.166960635365146004e+02
1.054054054054053946e+00 1.167997300152428579e+02
1.064314314314314336e+00 1.169034175064295056e+02
1.074574574574574504e+00 1.170071259068628251e+02
1.084834834834834894e+00 1.171108551126628186e+02
1.095095095095095061e+00 1.172146050192796309e+02
1.105355355355355229e+00 1.173183755214927828e+02
1.115615615615615619e+00 1.174221665134098629e+02
1.125875875875876009e+00 1.175259778884655759e+02
1.136136136136136177e+00 1.176298095394201653e+02
1.146396396396396344e+00 1.177336613583584892e+02
1.156656656656656512e+00 1.178375332366892536e+02
1.166916916916916902e+00 1.179414250651431644e+02
1.177177177177177292e+00 1.180453367337723591e+02
1.187437437437437460e+00 1.181492681319492988e+02
1.197697697697697627e+00 1.182532191483651474e+02
1.207957957957957795e+00 1.183571896710289764e+02
1.218218218218218185e+00 1.184611795872669262e+02
1.228478478478478575e+00 1.185651887837205294e+02
1.238738738738738743e+00 1.186692171463459573e+02
1.248998998998998911e+00 1.187732645604126560e+02
1.259259259259259078e+00 1.188773309105029767e+02
1.269519519519519468e+00 1.189814160805099732e+02
1.279779779779779858e+00 1.190855199536372169e+02
1.290040040040040026e+00 1.191896424123971059e+02
1.300300300300300194e+00 1.192937833386102682e+02
1.310560560560560361e+00 1.193979426134042114e+02
1.320820820820820751e+00 1.195021201172123995e+02
1.331081081081081141e+00 1.196063157297728452e+02
1.341341341341341309e+00 1.197105293301275850e+02
1.351601601601601477e+00 1.198147607966211723e+02
1.361861861861861867e+00 1.199190100068998674e+02
1.372122122122122034e+00 1.200232768379103589e+02
1.382382382382382424e+00 1.201275611658991380e+02
1.392642642642642592e+00 1.202318628664109497e+02
1.402902902902902760e+00 1.203361818142881390e+02
1.413163163163163150e+00 1.204405178836692727e+02
1.423423423423423539e+00 1.205448709479886134e+02
1.433683683683683707e+00 1.206492408799746556e+02
1.443943943943943875e+00 1.207536275516492879e+02
1.454204204204204043e+00 1.208580308343267262e+02
1.464464464464464433e+00 1.209624505986123495e+02
1.474724724724724823e+00 1.210668867144023295e+02
1.484984984984984990e+00 1.211713390508818406e+02
1.495245245245245158e+00 1.212758074765246050e+02
1.505505505505505548e+00 1.213802918590916704e+02
1.515765765765765716e+00 1.214847920656301596e+02
1.526026026026025884e+00 1.215893079624731286e+02
1.536286286286286273e+00 1.216938394152380596e+02
1.546546546546546441e+00 1.217983862888253839e+02
1.556806806806806831e+00 1.219029484474185381e+02
1.567067067067066999e+00 1.220075257544822591e+02
1.577327327327327167e+00 1.221121180727622288e+02
1.587587587587587556e+00 1.222167252642836388e+02
1.597847847847847724e+00 1.223213471903502949e+02
1.608108108108108114e+00 1.224259837115439353e+02
1.618368368368368282e+00 1.225306346877233779e+02
1.628628628628628672e+00 1.226352999780229140e+02
1.638888888888888840e+00 1.227399794408523945e+02
1.649149149149149007e+00 1.228446729338954668e+02
1.659409409409409397e+00 1.229493803141091632e+02
1.669669669669669565e+00 1.230541014377228208e+02
1.679929929929929955e+00 1.231588361602373851e+02
1.690190190190190123e+00 1.232635843364240316e+02
1.700450450450450290e+00 1.233683458203239240e+02
1.710710710710710680e+00 1.234731204652467511e+02
1.720970970970970848e+00 1.235779081237705270e+02
1.731231231231231238e+00 1.236827086477399718e+02
1.741491491491491406e+00 1.237875218882661699e+02
1.751751751751751796e+00 1.238923476957254337e+02
1.762012012012011963e+00 1.239971859197590049e+02
1.772272272272272131e+00 1.241020364092715766e+02
1.782532532532532521e+00 1.242068990124305259e+02
1.792792792792792689e+00 1.243117735766655159e+02
1.803053053053053079e+00 1.244166599486671743e+02
1.813313313313313246e+00 1.245215579743867664e+02
1.823573573573573414e+00 1.246264674990350585e+02
1.833833833833833804e+00 1.247313883670817773e+02
1.844094094094093972e+00 1.248363204222543459e+02
1.854354354354354362e+00 1.249412635075378120e+02
1.864614614614614529e+00 1.250462174651731573e+02
1.874874874874874697e+00 1.251511821366576527e+02
1.885135135135135087e+00 1.252561573627427123e+02
1.895395395395395255e+00 1.253611429834347462e+02
1.905655655655655645e+00 1.254661388379928582e+02
1.915915915915915813e+00 1.255711447649292438e+02
1.926176176176176202e+00 1.256761606020076982e+02
1.936436436436436370e+00 1.257811861862433602e+02
1.946696696696696538e+00 1.258862213539020161e+02
1.956956956956956928e+00 1.259912659404989199e+02
1.967217217217217096e+00 1.260963197807980976e+02
1.977477477477477485e+00 1.262013827088125879e+02
1.987737737737737653e+00 1.263064545578024536e+02
1.997997997997997821e+00 1.264115351602751360e+02
2.008258258258257989e+00 1.265166243479840631e+02
2.018518518518518157e+00 1.266217219519281088e+02
2.028778778778778769e+00 1.267268278023515791e+02
2.039039039039038936e+00 1.268319417287425495e+02
2.049299299299299548e+00 1.269370635598329216e+02
2.059559559559559716e+00 1.270421931235975279e+02
2.069819819819819884e+00 1.271473302472534357e+02
2.080080080080080052e+00 1.272524747572596340e+02
2.090340340340340219e+00 1.273576264793158401e+02
2.100600600600600387e+00 1.274627852383625708e+02
2.110860860860860555e+00 1.275679508585799340e+02
2.121121121121120723e+00 1.276731231633875154e+02
2.131381381381381335e+00 1.277783019754434122e+02
2.141641641641641503e+00 1.278834871166437637e+02
2.151901901901902114e+00 1.279886784081224107e+02
2.162162162162162282e+00 1.280938756702498722e+02
2.172422422422422450e+00 1.281990787226331179e+02
2.182682682682682618e+00 1.283042873841151561e+02
2.192942942942942786e+00 1.284095014727740818e+02
2.203203203203202953e+00 1.285147208059226500e+02
2.213463463463463121e+00 1.286199452001081056e+02
2.223723723723723733e+00 1.287251744711109325e+02
2.233983983983983901e+00 1.288304084339454505e+02
2.244244244244244069e+00 1.289356469028582239e+02
2.254504504504504681e+00 1.290408896913281751e+02
2.264764764764764848e+00 1.291461366120657317e+02
2.275025025025025016e+00 1.292513874770125142e+02
2.285285285285285184e+00 1.293566420973413074e+02
2.295545545545545352e+00 1.294619002834547530e+02
2.305805805805805520e+00 1.295671618449856908e+02
2.316066066066065687e+00 1.296724265907960500e+02
2.326326326326326299e+00 1.297776943289771054e+02
2.336586586586586467e+00 1.298829648668482548e+02
2.346846846846847079e+00 1.299882380109572182e+02
2.357107107107107247e+00 1.300935135670795262e+02
2.367367367367367414e+00 1.301987913402176957e+02
2.377627627627627582e+00 1.303040711346015144e+02
2.387887887887887750e+00 1.304093527536870738e+02
2.398148148148147918e+00 1.305146360001568269e+02
2.408408408408408086e+00 1.306199206759187916e+02
2.418668668668668253e+00 1.307252065821067504e+02
2.428928928928928865e+00 1.308304935190792548e+02
2.439189189189189033e+00 1.309357812864199673e+02
2.449449449449449645e+00 1.310410696829364952e+02
2.459709709709709813e+00 1.311463585066609596e+02
2.469969969969969981e+00 1.312516475548489723e+02
2.480230230230230148e+00 1.313569366239801752e+02
2.490490490490490316e+00 1.314622255097571042e+02
2.500750750750750484e+00 1.315675140071046201e+02
2.511011011011011096e+00 1.316728019101714438e+02
2.521271271271271264e+00 1.317780890123277970e+02
2.531531531531531432e+00 1.318833751061661985e+02
2.541791791791791599e+00 1.319886599835014636e+02
2.552052052052051767e+00 1.320939434353696811e+02
2.562312312312312379e+00 1.321992252520283841e+02
2.572572572572572547e+00 1.323045052229564931e+02
2.582832832832832715e+00 1.324097831368534912e+02
2.593093093093092882e+00 1.325150587816407892e+02
2.603353353353353050e+00 1.326203319444587407e+02
2.613613613613613662e+00 1.327256024116699109e+02
2.623873873873873830e+00 1.328308699688560353e+02
2.634134134134133998e+00 1.329361344008188155e+02
2.644394394394394165e+00 1.330413954915811416e+02
2.654654654654654333e+00 1.331466530243846194e+02
2.664914914914914945e+00 1.332519067816910479e+02
2.675175175175175113e+00 1.333571565451818230e+02
2.685435435435435281e+00 1.334624020957574260e+02
2.695695695695695449e+00 1.335676432135383322e+02
2.705955955955956060e+00 1.336728796778639889e+02
2.716216216216216228e+00 1.337781112672933830e+02
2.726476476476476396e+00 1.338833377596038758e+02
2.736736736736736564e+00 1.339885589317930510e+02
2.746996996996996732e+00 1.340937745600768380e+02
2.757257257257257343e+00 1.341989844198901096e+02
2.767517517517517511e+00 1.343041882858873635e+02
2.777777777777777679e+00 1.344093859319418698e+02
2.788038038038037847e+00 1.345145771311451881e+02
2.798298298298298015e+00 1.346197616558089578e+02
2.808558558558558627e+00 1.347249392774629086e+02
2.818818818818818794e+00 1.348301097668568787e+02
2.829079079079078962e+00 1.349352728939587962e+02
2.839339339339339130e+00 1.350404284279557316e+02
2.849599599599599298e+00 1.351455761372545794e+02
2.859859859859859910e+00 1.352507157894813474e+02
2.870120120120120077e+00 1.353558471514811572e+02
2.880380380380380245e+00 1.354609699893185848e+02
2.890640640640640413e+00 1.355660840682777462e+02
2.900900900900900581e+00 1.356711891528626666e+02
2.911161161161161193e+00 1.357762850067971954e+02
2.921421421421421361e+00 1.358813713930242955e+02
2.931681681681681528e+00 1.359864480737080328e+02
2.941941941941941696e+00 1.360915148102323258e+02
2.952202202202201864e+00 1.361965713632010875e+02
2.962462462462462476e+00 1.363016174924393340e+02
2.972722722722722644e+00 1.364066529569927582e+02
2.982982982982982811e+00 1.365116775151276727e+02
2.993243243243242979e+00 1.366166909243319765e+02
3.003503503503503591e+00 1.367216929413148705e+02
3.013763763763763759e+00 1.368266833220070566e+02
3.024024024024023927e+00 1.369316618215612777e+02
3.034284284284284094e+00 1.370366281943526019e+02
3.044544544544544262e+00 1.371415821939783655e+02
3.054804804804804874e+00 1.372465235732582585e+02
3.065065065065065042e+00 1.373514520842356319e+02
3.075325325325325210e+00 1.374563674781767020e+02
3.085585585585585378e+00 1.375612695055717722e+02
3.095845845845845545e+00 1.376661579161343241e+02
3.106106106106106157e+00 1.377710324588032051e+02
3.116366366366366325e+00 1.378758928817410094e+02
3.126626626626626493e+00 1.379807389323356972e+02
3.136886886886886661e+00 1.380855703572006519e+02
3.147147147147146828e+00 1.381903869021752200e+02
3.157407407407407440e+00 1.382951883123245125e+02
3.167667667667667608e+00 1.383999743319409106e+02
3.177927927927927776e+00 1.385047447045429863e+02
3.188188188188187944e+00 1.386094991728775483e+02
3.198448448448448111e+00 1.387142374789189603e+02
3.208708708708708723e+00 1.388189593638696238e+02
3.218968968968968891e+00 1.389236645681616267e+02
3.229229229229229059e+00 1.390283528314554928e+02
3.239489489489489227e+00 1.391330238926425125e+02
3.249749749749749395e+00 1.392376774898432359e+02
3.260010010010010006e+00 1.393423133604102588e+02
3.270270270270270174e+00 1.394469312409265456e+02
3.280530530530530342e+00 1.395515308672076742e+02
3.290790790790790510e+00 1.396561119743012966e+02
3.301051051051051122e+00 1.397606742964886735e+02
3.311311311311311290e+00 1.398652175672839064e+02
3.321571571571571457e+00 1.399697415194360417e+02
3.331831831831831625e+00 1.400742458849290415e+02
3.342092092092091793e+00 1.401787303949816987e+02
3.352352352352352405e+00 1.402831947800493992e+02
3.362612612612612573e+00 1.403876387698242070e+02
3.372872872872872740e+00 1.404920620932357735e+02
3.383133133133132908e+00 1.405964644784511393e+02
3.393393393393393076e+00 1.407008456528774616e+02
3.403653653653653688e+00 1.408052053431596562e+02
3.413913913913913856e+00 1.409095432751845181e+02
3.424174174174174023e+00 1.410138591740783056e+02
3.434434434434434191e+00 1.411181527642096682e+02
3.444694694694694359e+00 1.412224237691898736e+02
3.454954954954954971e+00 1.413266719118728361e+02
3.465215215215215139e+00 1.414308969143562535e+02
3.475475475475475307e+00 1.415350984979832276e+02
3.485735735735735474e+00 1.416392763833415529e+02
3.495995995995995642e+00 1.417434302902658771e+02
3.506256256256256254e+00 1.418475599378381560e+02
3.516516516516516422e+00 1.419516650443875676e+02
3.526776776776776590e+00 1.420557453274928719e+02
3.537037037037036757e+00 1.421598005039819554e+02
3.547297297297296925e+00 1.422638302899337930e+02
3.557557557557557537e+00 1.423678344006785892e+02
3.567817817817817705e+00 1.424718125507989726e+02
3.578078078078077873e+00 1.425757644541304785e+02
3.588338338338338041e+00 1.426796898237638516e+02
3.598598598598598652e+00 1.427835883720434822e+02
3.608858858858858820e+00 1.428874598105713289e+02
3.619119119119118988e+00 1.429913038502055826e+02
3.629379379379379156e+00 1.430951202010626275e+02
3.639639639639639324e+00 1.431989085725185760e+02
3.649899899899899935e+00 1.433026686732088422e+02
3.660160160160160103e+00 1.434064002110299612e+02
3.670420420420420271e+00 1.435101028931412088e+02
3.680680680680680439e+00 1.436137764259645735e+02
3.690940940940940607e+00 1.437174205151861202e+02
3.701201201201201219e+00 1.438210348657580937e+02
3.711461461461461386e+00 1.439246191818982652e+02
3.721721721721721554e+00 1.440281731670923762e+02
3.731981981981981722e+00 1.441316965240949344e+02
3.742242242242241890e+00 1.442351889549298107e+02
3.752502502502502502e+00 1.443386501608920867e+02
3.762762762762762669e+00 1.444420798425487931e+02
3.773023023023022837e+00 1.445454776997407862e+02
3.783283283283283005e+00 1.446488434315824350e+02
3.793543543543543173e+00 1.447521767364640368e+02
3.803803803803803785e+00 1.448554773120534378e+02
3.814064064064063952e+00 1.449587448552958335e+02
3.824324324324324120e+00 1.450619790624163841e+02
3.834584584584584288e+00 1.451651796289199012e+02
3.844844844844844456e+00 1.452683462495939750e+02
3.855105105105105068e+00 1.453714786185088883e+02
3.865365365365365236e+00 1.454745764290194927e+02
3.875625625625625403e+00 1.455776393737665160e+02
3.885885885885885571e+00 1.456806671446775283e+02
3.896146146146146183e+00 1.457836594329686761e+02
3.906406406406406351e+00 1.458866159291455062e+02
3.916666666666666519e+00 1.459895363230056660e+02
3.926926926926926686e+00 1.460924203036381073e+02
3.937187187187186854e+00 1.461952675594265543e+02
3.947447447447447466e+00 1.462980777780501001e+02
3.957707707707707634e+00 1.464008506464838035e+02
3.967967967967967802e+00 1.465035858510017874e+02
3.978228228228227970e+00 1.466062830771771530e+02
3.988488488488488137e+00 1.467089420098846517e+02
3.998748748748748749e+00 1.468115623333014810e+02
4.009009009009009361e+00 1.469141437309086484e+02
4.019269269269269529e+00 1.470166858854931036e+02
4.029529529529529697e+00 1.471191884791485904e+02
4.039789789789789864e+00 1.472216511932779497e+02
4.050050050050050032e+00 1.473240737085937724e+02
4.060310310310310200e+00 1.474264557051210716e+02
4.070570570570570368e+00 1.475287968621972254e+02
4.080830830830830536e+00 1.476310968584751890e+02
4.091091091091090703e+00 1.477333553719249153e+02
4.101351351351350871e+00 1.478355720798337245e+02
4.111611611611611039e+00 1.479377466588087486e+02
4.121871871871871207e+00 1.480398787847796882e+02
4.132132132132131375e+00 1.481419681329978175e+02
4.142392392392391542e+00 1.482440143780408164e+02
4.152652652652652598e+00 1.483460171938114343e+02
4.162912912912912766e+00 1.484479762535421798e+02
4.173173173173172934e+00 1.485498912297936442e+02
4.183433433433433102e+00 1.486517617944595884e+02
4.193693693693694158e+00 1.487535876187673125e+02
4.203953953953954326e+00 1.488553683732779689e+02
4.214214214214214493e+00 1.489571037278907113e+02
4.224474474474474661e+00 1.490587933518434625e+02
4.234734734734734829e+00 1.491604369137145056e+02
4.244994994994994997e+00 1.492620340814247015e+02
4.255255255255255165e+00 1.493635845222387957e+02
4.265515515515515332e+00 1.494650879027683175e+02
4.275775775775775500e+00 1.495665438889720349e+02
4.286036036036035668e+00 1.496679521461593083e+02
4.296296296296295836e+00 1.497693123389908294e+02
4.306556556556556004e+00 1.498706241314810654e+02
4.316816816816816171e+00 1.499718871870003341e+02
4.327077077077076339e+00 1.500731011682758833e+02
4.337337337337336507e+00 1.501742657373949896e+02
4.347597597597597563e+00 1.502753805558066063e+02
4.357857857857857731e+00 1.503764452843225570e+02
4.368118118118117899e+00 1.504774595831206057e+02
4.378378378378378066e+00 1.505784231117457637e+02
4.388638638638638234e+00 1.506793355291125636e+02
4.398898898898899290e+00 1.507801964935072760e+02
4.409159159159159458e+00 1.508810056625894163e+02
4.419419419419419626e+00 1.509817626933947565e+02
4.429679679679679793e+00 1.510824672423363211e+02
4.439939939939939961e+00 1.511831189652073988e+02
4.450200200200200129e+00 1.512837175171829074e+02
4.460460460460460297e+00 1.513842625528223493e+02
4.470720720720720465e+00 1.514847537260710624e+02
4.480980980980980632e+00 1.515851906902628343e+02
4.491241241241240800e+00 1.516855730981226031e+02
4.501501501501500968e+00 1.517859006017679349e+02
4.511761761761761136e+00 1.518861728527104731e+02
4.522022022022022192e+00 1.519863895018606001e+02
4.532282282282282360e+00 1.520865501995271813e+02
4.542542542542542527e+00 1.521866545954212313e+02
4.552802802802802695e+00 1.522867023386571077e+02
4.563063063063062863e+00 1.523866930777560071e+02
4.573323323323323031e+00 1.524866264606479263e+02
4.583583583583583199e+00 1.525865021346732817e+02
4.593843843843843366e+00 1.526863197465854682e+02
4.604104104104103534e+00 1.527860789425540418e+02
4.614364364364364590e+00 1.528857793681659416e+02
4.624624624624624758e+00 1.529854206684283611e+02
4.634884884884884926e+00 1.530850024877713622e+02
4.645145145145145094e+00 1.531845244700500075e+02
4.655405405405405261e+00 1.532839862585466335e+02
4.665665665665665429e+00 1.533833874959738068e+02
4.675925925925925597e+00 1.534827278244756315e+02
4.686186186186185765e+00 1.535820068856317278e+02
4.696446446446445933e+00 1.536812243204584547e+02
4.706706706706706100e+00 1.537803797694124626e+02
4.716966966966967156e+00 1.538794728723920286e+02
4.727227227227227324e+00 1.539785032687403543e+02
4.737487487487487492e+00 1.540774705972477818e+02
4.747747747747747660e+00 1.541763744961544944e+02
4.758008008008007828e+00 1.542752146031532448e+02
4.768268268268267995e+00 1.543739905553919129e+02
4.778528528528528163e+00 1.544727019894750129e+02
4.788788788788788331e+00 1.545713485414678701e+02
4.799049049049048499e+00 1.546699298468984693e+02
4.809309309309308667e+00 1.547684455407598136e+02
4.819569569569569722e+00 1.548668952575131925e+02
4.829829829829829890e+00 1.549652786310907970e+02
4.840090090090090058e+00 1.550635952948973966e+02
4.850350350350350226e+00 1.551618448818145737e+02
4.860610610610610394e+00 1.552600270242024578e+02
4.870870870870870561e+00 1.553581413539019707e+02
4.881131131131130729e+00 1.554561875022389188e+02
4.891391391391390897e+00 1.555541651000265233e+02
4.901651651651651065e+00 1.556520737775661303e+02
4.911911911911912121e+00 1.557499131646526678e+02
4.922172172172172289e+00 1.558476828905764364e+02
4.932432432432432456e+00 1.559453825841249284e+02
4.942692692692692624e+00 1.560430118735872327e+02
4.952952952952952792e+00 1.561405703867563375e+02
4.963213213213212960e+00 1.562380577509307500e+02
4.973473473473473128e+00 1.563354735929193566e+02
4.983733733733733295e+00 1.564328175390430715e+02
4.993993993993993463e+00 1.565300892151379628e+02
5.004254254254253631e+00 1.566272882465578675e+02
5.014514514514514687e+00 1.567244142581783990e+02
5.024774774774774855e+00 1.568214668743983395e+02
5.035035035035035023e+00 1.569184457191436195e+02
5.045295295295295190e+00 1.570153504158704152e+02
5.055555555555555358e+00 1.571121805875669111e+02
5.065815815815815526e+00 1.572089358567581598e+02
5.076076076076075694e+00 1.573056158455073898e+02
5.086336336336335862e+00 1.574022201754198420e+02
5.096596596596596029e+00 1.574987484676448162e+02
5.106856856856856197e+00 1.575952003428814692e+02
5.117117117117117253e+00 1.576915754213779053e+02
5.127377377377377421e+00 1.577878733229377417e+02
5.137637637637637589e+00 1.578840936669207906e+02
5.147897897897897757e+00 1.579802360722480898e+02
5.158158158158157924e+00 1.580763001574029545e+02
5.168418418418418092e+00 1.581722855404358938e+02
5.178678678678678260e+00 1.582681918389670841e+02
5.188938938938938428e+00 1.583640186701891253e+02
5.199199199199198596e+00 1.584597656508711907e+02
5.209459459459459651e+00 1.585554323973610451e+02
5.219719719719719819e+00 1.586510185255889382e+02
5.229979979979979987e+00 1.587465236510710724e+02
5.240240240240240155e+00 1.588419473889121321e+02
5.250500500500500323e+00 1.589372893538092057e+02
5.260760760760760490e+00 1.590325491600546002e+02
5.271021021021020658e+00 1.591277264215385969e+02
5.281281281281280826e+00 1.592228207517544831e+02
5.291541541541540994e+00 1.593178317637996031e+02
5.301801801801801162e+00 1.594127590703805311e+02
5.312062062062062218e+00 1.595076022838157712e+02
5.322322322322322385e+00 1.596023610160380883e+02
5.332582582582582553e+00 1.596970348785998510e+02
5.342842842842842721e+00 1.597916234826741118e+02
5.353103103103102889e+00 1.598861264390603480e+02
5.363363363363363057e+00 1.599805433581863667e+02
5.373623623623623224e+00 1.600748738501113451e+02
5.383883883883883392e+00 1.601691175245308045e+02
5.394144144144143560e+00 1.602632739907787709e+02
5.404404404404403728e+00 1.603573428578314406e+02
5.414664664664664784e+00 1.604513237343111030e+02
5.424924924924924952e+00 1.605452162284895508e+02
5.435185185185185119e+00 1.606390199482908656e+02
5.445445445445445287e+00 1.607327345012959938e+02
5.455705705705705455e+00 1.608263594947448212e+02
5.465965965965965623e+00 1.609198945355412889e+02
5.476226226226225791e+00 1.610133392302559230e+02
5.486486486486485958e+00 1.611066931851297284e+02
5.496746746746746126e+00 1.611999560060778833e+02
5.507007007007007182e+00 1.612931272986928093e+02
5.517267267267267350e+00 1.613862066682478371e+02
5.527527527527527518e+00 1.614791937197018399e+02
5.537787787787787686e+00 1.615720880577014213e+02
5.548048048048047853e+00 1.616648892865854350e+02
5.558308308308308021e+00 1.617575970103880820e+02
5.568568568568568189e+00 1.618502108328433735e+02
5.578828828828828357e+00 1.619427303573882000e+02
5.589089089089088525e+00 1.620351551871656000e+02
5.599349349349348692e+00 1.621274849250296768e+02
5.609609609609609748e+00 1.622197191735478157e+02
5.619869869869869916e+00 1.623118575350060837e+02
5.630130130130130084e+00 1.624038996114110205e+02
5.640390390390390252e+00 1.624958450044954930e+02
5.650650650650650419e+00 1.625876933157202018e+02
5.660910910910910587e+00 1.626794441462799057e+02
5.671171171171170755e+00 1.627710970971050415e+02
5.681431431431430923e+00 1.628626517688669537e+02
5.691691691691691091e+00 1.629541077619802252e+02
5.701951951951951258e+00 1.630454646766086455e+02
5.712212212212212314e+00 1.631367221126670870e+02
5.722472472472472482e+00 1.632278796698261090e+02
5.732732732732732650e+00 1.633189369475161357e+02
5.742992992992992818e+00 1.634098935449308669e+02
5.753253253253252986e+00 1.635007490610307173e+02
5.763513513513513153e+00 1.635915030945481305e+02
5.773773773773773321e+00 1.636821552439900245e+02
5.784034034034033489e+00 1.637727051076423663e+02
5.794294294294293657e+00 1.638631522835742942e+02
5.804554554554554713e+00 1.639534963696415844e+02
5.814814814814814881e+00 1.640437369634902609e+02
5.825075075075075048e+00 1.641338736625628201e+02
5.835335335335335216e+00 1.642239060640984860e+02
5.845595595595595384e+00 1.643138337651401173e+02
5.855855855855855552e+00 1.644036563625375891e+02
5.866116116116115720e+00 1.644933734529507774e+02
5.876376376376375887e+00 1.645829846328549024e+02
5.886636636636636055e+00 1.646724894985436833e+02
5.896896896896896223e+00 1.647618876461336299e+02
5.907157157157157279e+00 1.648511786715681353e+02
5.917417417417417447e+00 1.649403621706217677e+02
5.927677677677677615e+00 1.650294377389037379e+02
5.937937937937937782e+00 1.651184049718630149e+02
5.948198198198197950e+00 1.652072634647907137e+02
5.958458458458458118e+00 1.652960128128260635e+02
5.968718718718718286e+00 1.653846526109595061e+02
5.978978978978978454e+00 1.654731824540371861e+02
5.989239239239238621e+00 1.655616019367648732e+02
5.999499499499498789e+00 1.656499106537122827e+02
6.009759759759759845e+00 1.657381081993165424e+02
6.020020020020020013e+00 1.658261941678877349e+02
6.030280280280280181e+00 1.659141681536123940e+02
6.040540540540540349e+00 1.660020297505568578e+02
6.050800800800800516e+00 1.660897785526728399e+02
6.061061061061060684e+00 1.661774141538010383e+02
6.071321321321320852e+00 1.662649361476750585e+02
6.081581581581581020e+00 1.663523441279266137e+02
6.091841841841841187e+00 1.664396376880883679e+02
6.102102102102102243e+00 1.665268164215995910e+02
6.112362362362362411e+00 1.666138799218092004e+02
6.122622622622622579e+00 1.667008277819809052e+02
6.132882882882882747e+00 1.667876595952978391e+02
6.143143143143142915e+00 1.668743749548653454e+02
6.153403403403403082e+00 1.669609734537167185e+02
6.163663663663663250e+00 1.670474546848161879e+02
6.173923923923923418e+00 1.671338182410653701e+02
6.184184184184183586e+00 1.672200637153054572e+02
6.194444444444443754e+00 1.673061907003226452e+02
6.204704704704704810e+00 1.673921987888517151e+02
6.214964964964964977e+00 1.674780875735812060e+02
6.225225225225225145e+00 1.675638566471585307e+02
6.235485485485485313e+00 1.676495056021919083e+02
6.245745745745745481e+00 1.677350340312561343e+02
6.256006006006005649e+00 1.678204415268987191e+02
6.266266266266265816e+00 1.679057276816407693e+02
6.276526526526525984e+00 1.679908920879842071e+02
6.286786786786786152e+00 1.680759343384151236e+02
6.297047047047046320e+00 1.681608540254080992e+02
6.307307307307307376e+00 1.682456507414312910e+02
6.317567567567567544e+00 1.683303240789502979e+02
6.327827827827827711e+00 1.684148736304327372e+02
6.338088088088087879e+00 1.684992989883531038e+02
6.348348348348348047e+00 1.685835997451964943e+02
6.358608608608608215e+00 1.686677754934639779e+02
6.368868868868868383e+00 1.687518258256766615e+02
6.379129129129128550e+00 1.688357503343800090e+02
6.389389389389388718e+00 1.689195486121489864e+02
6.399649649649649774e+00 1.690032202515911592e+02
6.409909909909909942e+00 1.690867648453537981e+02
6.420170170170170110e+00 1.691701819861258116e+02
6.430430430430430278e+00 1.692534712666434302e+02
6.440690690690690445e+00 1.693366322796949248e+02
6.450950950950950613e+00 1.694196646181248127e+02
6.461211211211210781e+00 1.695025678748386895e+02
6.471471471471470949e+00 1.695853416428076343e+02
6.481731731731731116e+00 1.696679855150726439e+02
6.491991991991991284e+00 1.697504990847499187e+02
6.502252252252252340e+00 1.698328819450341314e+02
6.512512512512512508e+00 1.699151336892049926e+02
6.522772772772772676e+00 1.699972539106296949e+02
6.533033033033032844e+00 1.700792422027694499e+02
6.543293293293293011e+00 1.701610981591827851e+02
6.553553553553553179e+00 1.702428213735307452e+02
6.563813813813813347e+00 1.703244114395817519e+02
6.574074074074073515e+00 1.704058679512156402e+02
6.584334334334333683e+00 1.704871905024287173e+02
6.594594594594593850e+00 1.705683786873385941e+02
6.604854854854854906e+00 1.706494321001884202e+02
6.615115115115115074e+00 1.707303503353522558e+02
6.625375375375375242e+00 1.708111329873383966e+02
6.635635635635635410e+00 1.708917796507957121e+02
6.645895895895895578e+00 1.709722899205176532e+02
6.656156156156155745e+00 1.710526633914462877e+02
6.666416416416415913e+00 1.711328996586784683e+02
6.676676676676676081e+00 1.712129983174689869e+02
6.686936936936936249e+00 1.712929589632363729e+02
6.697197197197197305e+00 1.713727811915671282e+02
6.707457457457457473e+00 1.714524645982212405e+02
6.717717717717717640e+00 1.715320087791355661e+02
6.727977977977977808e+00 1.716114133304294569e+02
6.738238238238237976e+00 1.716906778484098197e+02
6.748498498498498144e+00 1.717698019295751521e+02
6.758758758758758312e+00 1.718487851706203173e+02
6.769019019019018479e+00 1.719276271684427115e+02
6.779279279279278647e+00 1.720063275201445663e+02
6.789539539539538815e+00 1.720848858230399117e+02
6.799799799799799871e+00 1.721633016746582427e+02
6.810060060060060039e+00 1.722415746727502892e+02
6.820320320320320207e+00 1.723197044152913691e+02
6.830580580580580374e+00 1.723976905004872719e+02
6.840840840840840542e+00 1.724755325267790909e+02
6.851101101101100710e+00 1.725532300928469169e+02
6.861361361361360878e+00 1.726307827976165470e+02
6.871621621621621046e+00 1.727081902402622404e+02
6.881881881881881213e+00 1.727854520202131994e+02
6.892142142142141381e+00 1.728625677371576330e+02
6.902402402402402437e+00 1.729395369910473335e+02
6.912662662662662605e+00 1.730163593821033601e+02
6.922922922922922773e+00 1.730930345108201607e+02
6.933183183183182940e+00 1.731695619779706021e+02
6.943443443443443108e+00 1.732459413846112000e+02
6.953703703703703276e+00 1.733221723320866090e+02
6.963963963963963444e+00 1.733982544220335740e+02
6.974224224224223612e+00 1.734741872563883192e+02
6.984484484484483779e+00 1.735499704373889074e+02
6.994744744744744835e+00 1.736256035675818055e+02
7.005005005005005003e+00 1.737010862498244990e+02
7.015265265265265171e+00 1.737764180872933650e+02
7.025525525525525339e+00 1.738515986834866567e+02
7.035785785785785507e+00 1.739266276422297040e+02
7.046046046046045674e+00 1.740015045676801435e+02
7.056306306306305842e+00 1.740762290643321535e+02
7.066566566566566010e+00 1.741508007370221378e+02
7.076826826826826178e+00 1.742252191909329895e+02
7.087087087087086346e+00 1.742994840315996896e+02
7.097347347347347402e+00 1.743735948649132297e+02
7.107607607607607569e+00 1.744475512971263527e+02
7.117867867867867737e+00 1.745213529348582426e+02
7.128128128128127905e+00 1.745949993850993849e+02
7.138388388388388073e+00 1.746684902552159997e+02
7.148648648648648241e+00 1.747418251529559257e+02
7.158908908908908408e+00 1.748150036864528829e+02
7.169169169169168576e+00 1.748880254642316743e+02
7.179429429429428744e+00 1.749608900952128181e+02
7.189689689689688912e+00 1.750335971887170956e+02
7.199949949949949968e+00 1.751061463544716901e+02
7.210210210210210136e+00 1.751785372026145922e+02
7.220470470470470303e+00 1.752507693436984653e+02
7.230730730730730471e+00 1.753228423886972962e+02
7.240990990990990639e+00 1.753947559490104311e+02
7.251251251251250807e+00 1.754665096364669807e+02
7.261511511511510975e+00 1.755381030633313344e+02
7.271771771771771142e+00 1.756095358423091568e+02
7.282032032032031310e+00 1.756808075865498893e+02
7.292292292292292366e+00 1.757519179096541109e+02
7.302552552552552534e+00 1.758228664256770060e+02
7.312812812812812702e+00 1.758936527491333663e+02
7.323073073073072869e+00 1.759642764950032756e+02
7.333333333333333037e+00 1.760347372787367703e+02
7.343593593593593205e+00 1.761050347162587286e+02
7.353853853853853373e+00 1.761751684239729343e+02
7.364114114114113541e+00 1.762451380187686993e+02
7.374374374374373708e+00 1.763149431180245017e+02
7.384634634634633876e+00 1.763845833396133571e+02
7.394894894894894932e+00 1.764540583019079349e+02
7.405155155155155100e+00 1.765233676237846225e+02
7.415415415415415268e+00 1.765925109246302043e+02
7.425675675675675436e+00 1.766614878243448175e+02
7.435935935935935603e+00 1.767302979433485177e+02
7.446196196196195771e+00 1.767989409025847465e+02
7.456456456456455939e+00 1.768674163235268963e+02
7.466716716716716107e+00 1.769357238281815228e+02
7.476976976976976275e+00 1.770038630390945968e+02
7.487237237237236442e+00 1.770718335793555696e+02
7.497497497497497498e+00 1.771396350726034257e+02
7.507757757757757666e+00 1.772072671430300090e+02
7.518018018018017834e+00 1.772747294153866164e+02
7.528278278278278002e+00 1.773420215149872945e+02
7.538538538538538170e+00 1.774091430677155472e+02
7.548798798798798337e+00 1.774760937000275476e+02
7.559059059059058505e+00 1.775428730389579641e+02
7.569319319319318673e+00 1.776094807121252757e+02
7.579579579579578841e+00 1.776759163477353525e+02
7.589839839839839897e+00 1.777421795745879933e+02
7.600100100100100065e+00 1.778082700220804497e+02
7.610360360360360232e+00 1.778741873202127692e+02
7.620620620620620400e+00 1.779399310995933945e+02
7.630880880880880568e+00 1.780055009914430855e+02
7.641141141141140736e+00 1.780708966276011438e+02
7.651401401401400904e+00 1.781361176405279991e+02
7.661661661661661071e+00 1.782011636633123430e+02
7.671921921921921239e+00 1.782660343296753922e+02
7.682182182182181407e+00 1.783307292739752938e+02
7.692442442442442463e+00 1.783952481312125258e+02
7.702702702702702631e+00 1.784595905370341313e+02
7.712962962962962798e+00 1.785237561277398015e+02
7.723223223223222966e+00 1.785877445402853425e+02
7.733483483483483134e+00 1.786515554122886442e+02
7.743743743743743302e+00 1.787151883820342562e+02
7.754004004004003470e+00 1.787786430884770823e+02
7.764264264264263637e+00 1.788419191712497138e+02
7.774524524524523805e+00 1.789050162706651008e+02
7.784784784784783973e+00 1.789679340277225776e+02
7.795045045045045029e+00 1.790306720841114725e+02
7.805305305305305197e+00 1.790932300822181276e+02
7.815565565565565365e+00 1.791556076651283149e+02
7.825825825825825532e+00 1.792178044766335177e+02
7.836086086086085700e+00 1.792798201612357616e+02
7.846346346346345868e+00 1.793416543641517933e+02
7.856606606606606036e+00 1.794033067313183381e+02
7.866866866866866204e+00 1.794647769093967327e+02
7.877127127127126371e+00 1.795260645457780129e+02
7.887387387387387427e+00 1.795871692885869493e+02
7.897647647647647595e+00 1.796480907866888685e+02
7.907907907907907763e+00 1.797088286896912450e+02
7.918168168168167931e+00 1.797693826479517725e+02
7.928428428428428099e+00 1.798297523125803536e+02
7.938688688688688266e+00 1.798899373354464046e+02
7.948948948948948434e+00 1.799499373691819812e+02
7.959209209209208602e+00 1.800097520671865823e+02
7.969469469469468770e+00 1.800693810836330613e+02
7.979729729729728938e+00 1.801288240734708950e+02
7.989989989989989994e+00 1.801880806924324077e+02
8.000250250250250161e+00 1.802471505970363239e+02
8.010510510510510329e+00 1.803060334445939930e+02
8.020770770770770497e+00 1.803647288932114634e+02
8.031031031031030665e+00 1.804232366017978109e+02
8.041291291291290833e+00 1.804815562300658200e+02
8.051551551551551000e+00 1.805396874385406818e+02
8.061811811811811168e+00 1.805976298885624090e+02
8.072072072072071336e+00 1.806553832422901280e+02
8.082332332332331504e+00 1.807129471627085593e+02
8.092592592592591672e+00 1.807703213136317686e+02
8.102852852852851839e+00 1.808275053597069757e+02
8.113113113113112007e+00 1.808844989664216314e+02
8.123373373373372175e+00 1.809413018001049238e+02
8.133633633633632343e+00 1.809979135279351397e+02
8.143893893893892511e+00 1.810543338179429611e+02
8.154154154154152678e+00 1.811105623390163828e+02
8.164414414414412846e+00 1.811665987609056856e+02
8.174674674674673014e+00 1.812224427542273588e+02
8.184934934934934958e+00 1.812780939904691877e+02
8.195195195195195126e+00 1.813335521419951704e+02
8.205455455455455294e+00 1.813888168820495252e+02
8.215715715715715461e+00 1.814438878847612386e+02
8.225975975975975629e+00 1.814987648251496353e+02
8.236236236236235797e+00 1.815534473791274195e+02
8.246496496496495965e+00 1.816079352235071269e+02
8.256756756756756133e+00 1.816622280360031141e+02
8.267017017017016300e+00 1.817163254952395732e+02
8.277277277277276468e+00 1.817702272807518113e+02
8.287537537537538412e+00 1.818239330729923608e+02
8.297797797797798580e+00 1.818774425533355270e+02
8.308058058058058748e+00 1.819307554040816797e+02
8.318318318318318916e+00 1.819838713084612323e+02
8.328578578578579084e+00 1.820367899506406957e+02
8.338838838838839251e+00 1.820895110157244403e+02
8.349099099099099419e+00 1.821420341897627111e+02
8.359359359359359587e+00 1.821943591597529064e+02
8.369619619619619755e+00 1.822464856136458593e+02
8.379879879879879923e+00 1.822984132403500439e+02
8.390140140140140090e+00 1.823501417297352134e+02
8.400400400400400258e+00 1.824016707726384254e+02
8.410660660660660426e+00 1.824530000608652358e+02
8.420920920920920594e+00 1.825041292871990208e+02
8.431181181181180762e+00 1.825550581454007215e+02
8.441441441441440929e+00 1.826057863302157784e+02
8.451701701701701097e+00 1.826563135373783950e+02
8.461961961961961265e+00 1.827066394636146924e+02
8.472222222222221433e+00 1.827567638066480527e+02
8.482482482482481601e+00 1.828066862652026145e+02
8.492742742742741768e+00 1.828564065390092992e+02
8.503003003003001936e+00 1.829059243288081404e+02
8.513263263263262104e+00 1.829552393363540830e+02
8.523523523523522272e+00 1.830043512644197392e+02
8.533783783783784216e+00 1.830532598168016420e+02
8.544044044044044384e+00 1.831019646983231723e+02
8.554304304304304551e+00 1.831504656148387369e+02
8.564564564564564719e+00 1.831987622732384011e+02
8.574824824824824887e+00 1.832468543814527777e+02
8.585085085085085055e+00 1.832947416484562950e+02
8.595345345345345223e+00 1.833424237842720856e+02
8.605605605605605390e+00 1.833899004999748854e+02
8.615865865865865558e+00 1.834371715076971157e+02
8.626126126126125726e+00 1.834842365206319812e+02
8.636386386386385894e+00 1.835310952530377904e+02
8.646646646646646062e+00 1.835777474202418773e+02
8.656906906906906229e+00 1.836241927386449788e+02
8.667167167167166397e+00 1.836704309257259524e+02
8.677427427427426565e+00 1.837164617000449880e+02
8.687687687687686733e+00 1.837622847812476721e+02
8.697947947947946901e+00 1.838078998900698764e+02
8.708208208208207068e+00 1.838533067483416517e+02
8.718468468468467236e+00 1.838985050789904108e+02
8.728728728728729180e+00 1.839434946060465847e+02
8.738988988988989348e+00 1.839882750546453565e+02
8.749249249249249516e+00 1.840328461510324587e+02
8.759509509509509684e+00 1.840772076225695741e+02
8.769769769769769852e+00 1.841213591977337387e+02
8.780030030030030019e+00 1.841653006061262943e+02
8.790290290290290187e+00 1.842090315784730876e+02
8.800550550550550355e+00 1.842525518466312064e+02
8.810810810810810523e+00 1.842958611435912530e+02
8.821071071071070691e+00 1.843389592034816076e+02
8.831331331331330858e+00 1.843818457615725777e+02
8.841591591591591026e+00 1.844245205542809742e+02
8.851851851851851194e+00 1.844669833191716464e+02
8.862112112112111362e+00 1.845092337949641603e+02
8.872372372372371530e+00 1.845512717215354712e+02
8.882632632632631697e+00 1.845930968399235041e+02
8.892892892892891865e+00 1.846347088923303659e+02
8.903153153153152033e+00 1.846761076221281144e+02
8.913413413413412201e+00 1.847172927738613737e+02
8.923673673673672369e+00 1.847582640932504887e+02
8.933933933933934313e+00 1.847990213271969253e+02
8.944194194194194480e+00 1.848395642237844640e+02
8.954454454454454648e+00 1.848798925322864193e+02
8.964714714714714816e+00 1.849200060031666339e+02
8.974974974974974984e+00 1.849599043880842544e+02
8.985235235235235152e+00 1.849995874398967430e+02
8.995495495495495319e+00 1.850390549126644828e+02
9.005755755755755487e+00 1.850783065616539886e+02
9.016016016016015655e+00 1.851173421433417445e+02
9.026276276276275823e+00 1.851561614154164204e+02
9.036536536536535991e+00 1.851947641367851816e+02
9.046796796796796158e+00 1.852331500675750817e+02
9.057057057057056326e+00 1.852713189691375533e+02
9.067317317317316494e+00 1.853092706040514202e+02
9.077577577577576662e+00 1.853470047361275022e+02
9.087837837837836830e+00 1.853845211304106897e+02
9.098098098098096997e+00 1.854218195531840365e+02
9.108358358358357165e+00 1.854588997719737620e+02
9.118618618618617333e+00 1.854957615555501604e+02
9.128878878878879277e+00 1.855324046739324046e+02
9.139139139139139445e+00 1.855688288983922405e+02
9.149399399399399613e+00 1.856050340014572839e+02
9.159659659659659781e+00 1.856410197569134652e+02
9.169919919919919948e+00 1.856767859398092355e+02
9.180180180180180116e+00 1.857123323264598014e+02
9.190440440440440284e+00 1.857476586944487735e+02
9.200700700700700452e+00 1.857827648226324584e+02
9.210960960960960620e+00 1.858176504911428992e+02
9.221221221221220787e+00 1.858523154813919405e+02
9.231481481481480955e+00 1.858867595760725635e+02
9.241741741741741123e+00 1.859209825591649405e+02
9.252002002002001291e+00 1.859549842159372588e+02
9.262262262262261459e+00 1.859887643329505806e+02
9.272522522522521626e+00 1.860223226980603499e+02
9.282782782782781794e+00 1.860556591004223321e+02
9.293043043043041962e+00 1.860887733304926996e+02
9.303303303303302130e+00 1.861216651800328918e+02
9.313563563563562298e+00 1.861543344421127415e+02
9.323823823823824242e+00 1.861867809111137717e+02
9.334084084084084409e+00 1.862190043827309296e+02
9.344344344344344577e+00 1.862510046539768496e+02
9.354604604604604745e+00 1.862827815231857471e+02
9.364864864864864913e+00 1.863143347900137030e+02
9.375125125125125081e+00 1.863456642554449729e+02
9.385385385385385248e+00 1.863767697217924706e+02
9.395645645645645416e+00 1.864076509927026279e+02
9.405905905905905584e+00 1.864383078731566741e+02
9.416166166166165752e+00 1.864687401694746995e+02
9.426426426426425920e+00 1.864989476893186406e+02
9.436686686686686087e+00 1.865289302416944679e+02
9.446946946946946255e+00 1.865586876369557388e+02
9.457207207207206423e+00 1.865882196868057576e+02
9.467467467467466591e+00 1.866175262043016403e+02
9.477727727727726759e+00 1.866466070038567864e+02
9.487987987987986926e+00 1.866754619012412491e+02
9.498248248248247094e+00 1.867040907135895509e+02
9.508508508508507262e+00 1.867324932593987512e+02
9.518768768768767430e+00 1.867606693585335620e+02
9.529029029029029374e+00 1.867886188322275984e+02
9.539289289289289542e+00 1.868163415030891485e+02
9.549549549549549710e+00 1.868438371951000647e+02
9.559809809809809877e+00 1.868711057336209649e+02
9.570070070070070045e+00 1.868981469453927673e+02
9.580330330330330213e+00 1.869249606585397032e+02
9.590590590590590381e+00 1.869515467025726991e+02
9.600850850850850549e+00 1.869779049083896609e+02
9.611111111111110716e+00 1.870040351082819257e+02
9.621371371371370884e+00 1.870299371359322720e+02
9.631631631631631052e+00 1.870556108264209172e+02
9.641891891891891220e+00 1.870810560162267109e+02
9.652152152152151388e+00 1.871062725432300056e+02
9.662412412412411555e+00 1.871312602467137935e+02
9.672672672672671723e+00 1.871560189673691639e+02
9.682932932932931891e+00 1.871805485472936255e+02
9.693193193193192059e+00 1.872048488299978999e+02
9.703453453453452227e+00 1.872289196604049550e+02
9.713713713713712394e+00 1.872527608848542684e+02
9.723973973973974338e+00 1.872763723511027649e+02
9.734234234234234506e+00 1.872997539083289382e+02
9.744494494494494674e+00 1.873229054071330779e+02
9.754754754754754842e+00 1.873458266995416466e+02
9.765015015015015010e+00 1.873685176390080755e+02
9.775275275275275177e+00 1.873909780804157208e+02
9.785535535535535345e+00 1.874132078800796251e+02
9.795795795795795513e+00 1.874352068957493884e+02
9.806056056056055681e+00 1.874569749866102200e+02
9.816316316316315849e+00 1.874785120132868883e+02
9.826576576576576016e+00 1.874998178378440059e+02
9.836836836836836184e+00 1.875208923237896101e+02
9.847097097097096352e+00 1.875417353360760160e+02
9.857357357357356520e+00 1.875623467411025160e+02
9.867617617617616688e+00 1.875827264067181090e+02
9.877877877877876855e+00 1.876028742022225231e+02
9.888138138138137023e+00 1.876227899983681482e+02
9.898398398398397191e+00 1.876424736673632196e+02
9.908658658658657359e+00 1.876619250828725001e+02
9.918918918918919303e+00 1.876811441200204342e+02
9.929179179179179471e+00 1.877001306553914048e+02
9.939439439439439639e+00 1.877188845670328590e+02
9.949699699699699806e+00 1.877374057344580649e+02
9.959959959959959974e+00 1.877556940386455437e+02
9.970220220220220142e+00 1.877737493620433042e+02
9.980480480480480310e+00 1.877915715885685302e+02
9.990740740740740478e+00 1.878091606036116445e+02
1.000100100100100065e+01 1.878265162940355708e+02
1.001126126126126081e+01 1.878436385481804791e+02
1.002152152152152098e+01 1.878605272558622232e+02
1.003178178178178115e+01 1.878771823083766890e+02
1.004204204204204132e+01 1.878936035985003059e+02
1.005230230230230148e+01 1.879097910204910136e+02
1.006256256256256165e+01 1.879257444700922974e+02
1.007282282282282182e+01 1.879414638445313699e+02
1.008308308308308199e+01 1.879569490425245135e+02
1.009334334334334216e+01 1.879721999642762569e+02
1.010360360360360232e+01 1.879872165114803977e+02
1.011386386386386249e+01 1.880019985873232997e+02
1.012412412412412444e+01 1.880165460964850013e+02
1.013438438438438460e+01 1.880308589451402383e+02
1.014464464464464477e+01 1.880449370409598657e+02
1.015490490490490494e+01 1.880587802931119654e+02
1.016516516516516511e+01 1.880723886122650299e+02
1.017542542542542527e+01 1.880857619105868253e+02
1.018568568568568544e+01 1.880989001017476028e+02
1.019594594594594561e+01 1.881118031009207243e+02
1.020620620620620578e+01 1.881244708247841970e+02
1.021646646646646595e+01 1.881369031915220091e+02
1.022672672672672611e+01 1.881491001208247837e+02
1.023698698698698628e+01 1.881610615338914556e+02
1.024724724724724645e+01 1.881727873534315449e+02
1.025750750750750662e+01 1.881842775036640489e+02
1.026776776776776678e+01 1.881955319103209945e+02
1.027802802802802695e+01 1.882065505006467845e+02
1.028828828828828712e+01 1.882173332034006705e+02
1.029854854854854729e+01 1.882278799488567529e+02
1.030880880880880746e+01 1.882381906688061406e+02
1.031906906906906940e+01 1.882482652965567240e+02
1.032932932932932957e+01 1.882581037669355624e+02
1.033958958958958974e+01 1.882677060162890825e+02
1.034984984984984990e+01 1.882770719824843582e+02
1.036011011011011007e+01 1.882862016049096781e+02
1.037037037037037024e+01 1.882950948244763367e+02
1.038063063063063041e+01 1.883037515836184355e+02
1.039089089089089057e+01 1.883121718262947013e+02
1.040115115115115074e+01 1.883203554979890271e+02
1.041141141141141091e+01 1.883283025457109261e+02
1.042167167167167108e+01 1.883360129179975502e+02
1.043193193193193125e+01 1.883434865649126948e+02
1.044219219219219141e+01 1.883507234380498971e+02
1.045245245245245158e+01 1.883577234905300770e+02
1.046271271271271175e+01 1.883644866770058570e+02
1.047297297297297192e+01 1.883710129536592035e+02
1.048323323323323208e+01 1.883773022782034445e+02
1.049349349349349225e+01 1.883833546098848899e+02
1.050375375375375242e+01 1.883891699094818080e+02
1.051401401401401436e+01 1.883947481393053351e+02
1.052427427427427453e+01 1.884000892632007265e+02
1.053453453453453470e+01 1.884051932465479808e+02
1.054479479479479487e+01 1.884100600562611874e+02
1.055505505505505504e+01 1.884146896607903727e+02
1.056531531531531520e+01 1.884190820301211886e+02
1.057557557557557537e+01 1.884232371357761906e+02
1.058583583583583554e+01 1.884271549508141277e+02
1.059609609609609571e+01 1.884308354498313349e+02
1.060635635635635587e+01 1.884342786089613924e+02
1.061661661661661604e+01 1.884374844058764324e+02
1.062687687687687621e+01 1.884404528197869979e+02
1.063713713713713638e+01 1.884431838314414165e+02
1.064739739739739655e+01 1.884456774231281031e+02
1.065765765765765671e+01 1.884479335786735135e+02
1.066791791791791688e+01 1.884499522834448157e+02
1.067817817817817705e+01 1.884517335243487253e+02
1.068843843843843722e+01 1.884532772898309076e+02
1.069869869869869738e+01 1.884545835698783947e+02
1.070895895895895755e+01 1.884556523560173957e+02
1.071921921921921950e+01 1.884564836413151170e+02
1.072947947947947966e+01 1.884570774203798749e+02
1.073973973973973983e+01 1.884574336893590214e+02
1.075000000000000000e+01 1.884575524459423832e+02
