1.000000000000000021e-02 7.891228718754317260e-63
5.003003003003003712e-02 7.215470302552399218e-37
9.006006006006006537e-02 3.644568113540166879e-29
1.300900900900901214e-01 7.903619623881242351e-25
1.701201201201201496e-01 6.708640561555627097e-22
2.101501501501501779e-01 9.870460030978767378e-20
2.501801801801802339e-01 4.903563985810081451e-18
2.902102102102102621e-01 1.170994239794995066e-16
3.302402402402402903e-01 1.655582316724187200e-15
3.702702702702703186e-01 1.582197584856693471e-14
4.103003003003003468e-01 1.117418911913106901e-13
4.503303303303303751e-01 6.209210855154153552e-13
4.903603603603604588e-01 2.841365247890193173e-12
5.303903903903904871e-01 1.107931909959724864e-11
5.704204204204205153e-01 3.778828670910101838e-11
6.104504504504505435e-01 1.150653553801520441e-10
6.504804804804805718e-01 3.179385823303004678e-10
6.905105105105106000e-01 8.077184805386546690e-10
7.305405405405406283e-01 1.907055183596971177e-09
7.705705705705706565e-01 4.221977857157527739e-09
8.106006006006006848e-01 8.829733792143433415e-09
8.506306306306307130e-01 1.755428098155199940e-08
8.906606606606607413e-01 3.335341556122190630e-08
9.306906906906907695e-01 6.084238901144261247e-08
9.707207207207209088e-01 1.069782447424766612e-07
1.010750750750750937e+00 1.819268608286575536e-07
1.050780780780780965e+00 3.001308404296596905e-07
1.090810810810810993e+00 4.815910855131338613e-07
1.130840840840841022e+00 7.533683712833810093e-07
1.170870870870871050e+00 1.151303835811728754e-06
1.210900900900901078e+00 1.721949387353832433e-06
1.250930930930931106e+00 2.524691003292944885e-06
1.290960960960961135e+00 3.634040131016601264e-06
1.330990990990991163e+00 5.142061249412495522e-06
1.371021021021021191e+00 7.160897405399387181e-06
1.411051051051051219e+00 9.825350435249644189e-06
1.451081081081081248e+00 1.329546877900032732e-05
1.491111111111111276e+00 1.775909339233265239e-05
1.531141141141141304e+00 2.343431128253469747e-05
1.571171171171171332e+00 3.057176661298502954e-05
1.611201201201201361e+00 3.945678105289324286e-05
1.651231231231231389e+00 5.041123797394801096e-05
1.691261261261261417e+00 6.379518906057885983e-05
1.731291291291291445e+00 8.000814673263768819e-05
1.771321321321321474e+00 9.949003129390195652e-05
1.811351351351351502e+00 1.227217477291917480e-04
1.851381381381381530e+00 1.502253733931737268e-04
1.891411411411411558e+00 1.825639442907731318e-04
1.931441441441441809e+00 2.203408340821464979e-04
1.971471471471471837e+00 2.641987262112301962e-04
2.011501501501501643e+00 3.148181855320100774e-04
2.051531531531531449e+00 3.729158413872065195e-04
2.091561561561561700e+00 4.392421991970234122e-04
2.131591591591591506e+00 5.145791021778170233e-04
2.171621621621621756e+00 5.997368687882062175e-04
2.211651651651651562e+00 6.955511348667372260e-04
2.251681681681681813e+00 8.028794321705358438e-04
2.291711711711711619e+00 9.225975371518021400e-04
2.331741741741741869e+00 1.055595625334471155e-03
2.371771771771771675e+00 1.202774267602315294e-03
2.411801801801801926e+00 1.365040305116478831e-03
2.451831831831831732e+00 1.543302639484799184e-03
2.491861861861861982e+00 1.738467974252383679e-03
2.531891891891891788e+00 1.951436542820583157e-03
2.571921921921922038e+00 2.183097856579595177e-03
2.611951951951952289e+00 2.434326505408261360e-03
2.651981981981982095e+00 2.705978040803367138e-03
2.692012012012012345e+00 2.998884969797762333e-03
2.732042042042042151e+00 3.313852885558434685e-03
2.772072072072072402e+00 3.651656758165884760e-03
2.812102102102102208e+00 4.013037406605318540e-03
2.852132132132132458e+00 4.398698170485783841e-03
2.892162162162162264e+00 4.809301797478976286e-03
2.932192192192192515e+00 5.245467559965816956e-03
2.972222222222222321e+00 5.707768611922108687e-03
3.012252252252252571e+00 6.196729594687968787e-03
3.052282282282282377e+00 6.712824497969516364e-03
3.092312312312312628e+00 7.256474780230789436e-03
3.132342342342342434e+00 7.828047750563348756e-03
3.172372372372372684e+00 8.427855212180724101e-03
3.212402402402402490e+00 9.056152365881775870e-03
3.252432432432432741e+00 9.713136970167833908e-03
3.292462462462462547e+00 1.039894875318464820e-02
3.332492492492492797e+00 1.111366907029450422e-02
3.372522522522522603e+00 1.185732079986419503e-02
3.412552552552552854e+00 1.262986846878032775e-02
3.452582582582582660e+00 1.343121859826931948e-02
3.492612612612612910e+00 1.426122025980366276e-02
3.532642642642642716e+00 1.511966583020974385e-02
3.572672672672672967e+00 1.600629193455327740e-02
3.612702702702702773e+00 1.692078056495589441e-02
3.652732732732733023e+00 1.786276036318678109e-02
3.692762762762762829e+00 1.883180805466661348e-02
3.732792792792793080e+00 1.982745002141059892e-02
3.772822822822822886e+00 2.084916400141641549e-02
3.812852852852853136e+00 2.189638090206177251e-02
3.852882882882883386e+00 2.296848671520882942e-02
3.892912912912913193e+00 2.406482452191185256e-02
3.932942942942943443e+00 2.518469657488028174e-02
3.972972972972973249e+00 2.632736644715920685e-02
4.013003003003003499e+00 2.749206123584213915e-02
4.053033033033033306e+00 2.867797381002303025e-02
4.093063063063063112e+00 2.988426509261968636e-02
4.133093093093093806e+00 3.111006636615122958e-02
4.173123123123123612e+00 3.235448159302607013e-02
4.213153153153153418e+00 3.361658974138637124e-02
4.253183183183183225e+00 3.489544710805629613e-02
4.293213213213213919e+00 3.619008963065105389e-02
4.333243243243243725e+00 3.749953518141773551e-02
4.373273273273273531e+00 3.882278583589273552e-02
4.413303303303303338e+00 4.015883010997234326e-02
4.453333333333334032e+00 4.150664515949942235e-02
4.493363363363363838e+00 4.286519893696766337e-02
4.533393393393393644e+00 4.423345230043315007e-02
4.573423423423423451e+00 4.561036107019947328e-02
4.613453453453454145e+00 4.699487802930593650e-02
4.653483483483483951e+00 4.838595486429564385e-02
4.693513513513513757e+00 4.978254404317324772e-02
4.733543543543543564e+00 5.118360062787499776e-02
4.773573573573574258e+00 5.258808401897275414e-02
4.813603603603604064e+00 5.399495963071027083e-02
4.853633633633633870e+00 5.540320049483167530e-02
4.893663663663663677e+00 5.681178879199971776e-02
4.933693693693694371e+00 5.821971730992658162e-02
4.973723723723724177e+00 5.962599082763840597e-02
5.013753753753753983e+00 6.102962742558186438e-02
5.053783783783783790e+00 6.242965972154106841e-02
5.093813813813814484e+00 6.382513603258270496e-02
5.133843843843844290e+00 6.521512146347288597e-02
5.173873873873874096e+00 6.659869892221979837e-02
5.213903903903904791e+00 6.797497006358738103e-02
5.253933933933934597e+00 6.934305616160446606e-02
5.293963963963964403e+00 7.070209891224892018e-02
5.333993993993994209e+00 7.205126116763543864e-02
5.374024024024024904e+00 7.338972760316074539e-02
5.414054054054054710e+00 7.471670531917748437e-02
5.454084084084084516e+00 7.603142437886929728e-02
5.494114114114114322e+00 7.733313828408684698e-02
5.534144144144145017e+00 7.862112439098181693e-02
5.574174174174174823e+00 7.989468426734053219e-02
5.614204204204204629e+00 8.115314399357204111e-02
5.654234234234234435e+00 8.239585440934887872e-02
5.694264264264265130e+00 8.362219130793377420e-02
5.734294294294294936e+00 8.483155558024740861e-02
5.774324324324324742e+00 8.602337331075267379e-02
5.814354354354354548e+00 8.719709582723539354e-02
5.854384384384385243e+00 8.835219970656628397e-02
5.894414414414415049e+00 8.948818673851979821e-02
5.934444444444444855e+00 9.060458384971914469e-02
5.974474474474474661e+00 9.170094298975318969e-02
6.014504504504505356e+00 9.277684098149556469e-02
6.054534534534535162e+00 9.383187933762336674e-02
6.094564564564564968e+00 9.486568404530681953e-02
6.134594594594594774e+00 9.587790532100265439e-02
6.174624624624625469e+00 9.686821733724877703e-02
6.214654654654655275e+00 9.783631792331413946e-02
6.254684684684685081e+00 9.878192824151676987e-02
6.294714714714714887e+00 9.970479244097502081e-02
6.334744744744745581e+00 1.006046772905090925e-01
6.374774774774775388e+00 1.014813717923634395e-01
6.414804804804805194e+00 1.023346867783650749e-01
6.454834834834835888e+00 1.031644544900862659e-01
6.494864864864865694e+00 1.039705281445224422e-01
6.534894894894895501e+00 1.047527814867473817e-01
6.574924924924925307e+00 1.055111083309505926e-01
6.614954954954956001e+00 1.062454220912100455e-01
6.654984984984985807e+00 1.069556553032987994e-01
6.695015015015015614e+00 1.076417591387711647e-01
6.735045045045045420e+00 1.083037029125189926e-01
6.775075075075076114e+00 1.089414735849384003e-01
6.815105105105105920e+00 1.095550752597920507e-01
6.855135135135135727e+00 1.101445286788030331e-01
6.895165165165165533e+00 1.107098707139637511e-01
6.935195195195196227e+00 1.112511538584939758e-01
6.975225225225226033e+00 1.117684457173331869e-01
7.015255255255255840e+00 1.122618284980042846e-01
7.055285285285285646e+00 1.127313985026386217e-01
7.095315315315316340e+00 1.131772656219067752e-01
7.135345345345346146e+00 1.135995528315546788e-01
7.175375375375375953e+00 1.139983956922017289e-01
7.215405405405405759e+00 1.143739418530146379e-01
7.255435435435436453e+00 1.147263505598304367e-01
7.295465465465466259e+00 1.150557921682629492e-01
7.335495495495496066e+00 1.153624476622871764e-01
7.375525525525525872e+00 1.156465081787610011e-01
7.415555555555556566e+00 1.159081745383064993e-01
7.455585585585586372e+00 1.161476567829393264e-01
7.495615615615616179e+00 1.163651737208021425e-01
7.535645645645645985e+00 1.165609524783254997e-01
7.575675675675676679e+00 1.167352280601085535e-01
7.615705705705706485e+00 1.168882429167853593e-01
7.655735735735736291e+00 1.170202465211115372e-01
7.695765765765766986e+00 1.171314949524815685e-01
7.735795795795796792e+00 1.172222504900594098e-01
7.775825825825826598e+00 1.172927812146842275e-01
7.815855855855856404e+00 1.173433606196853524e-01
7.855885885885887099e+00 1.173742672307232227e-01
7.895915915915916905e+00 1.173857842347481167e-01
7.935945945945946711e+00 1.173781991181523932e-01
7.975975975975976517e+00 1.173518033141697642e-01
8.016006006006007212e+00 1.173068918595602944e-01
8.056036036036037018e+00 1.172437630606017051e-01
8.096066066066066824e+00 1.171627181683912167e-01
8.136096096096096630e+00 1.170640610634497841e-01
8.176126126126126437e+00 1.169480979496034939e-01
8.216156156156156243e+00 1.168151370571068742e-01
8.256186186186187825e+00 1.166654883549582272e-01
8.296216216216217632e+00 1.164994632723478779e-01
8.336246246246247438e+00 1.163173744291679246e-01
8.376276276276277244e+00 1.161195353755032633e-01
8.416306306306307050e+00 1.159062603400146524e-01
8.456336336336336856e+00 1.156778639871151176e-01
8.496366366366366663e+00 1.154346611828346997e-01
8.536396396396396469e+00 1.151769667692606747e-01
8.576426426426428051e+00 1.149050953474334003e-01
8.616456456456457857e+00 1.146193610685738301e-01
8.656486486486487664e+00 1.143200774335111081e-01
8.696516516516517470e+00 1.140075571001755023e-01
8.736546546546547276e+00 1.136821116990175545e-01
8.776576576576577082e+00 1.133440516562090744e-01
8.816606606606606888e+00 1.129936860244805941e-01
8.856636636636636695e+00 1.126313223214444464e-01
8.896666666666668277e+00 1.122572663752521710e-01
8.936696696696698083e+00 1.118718221774318428e-01
8.976726726726727890e+00 1.114752917427492551e-01
9.016756756756757696e+00 1.110679749759354157e-01
9.056786786786787502e+00 1.106501695451227035e-01
9.096816816816817308e+00 1.102221707618294133e-01
9.136846846846847114e+00 1.097842714673341602e-01
9.176876876876878697e+00 1.093367619252792883e-01
9.216906906906908503e+00 1.088799297203444510e-01
9.256936936936938309e+00 1.084140596628301867e-01
9.296966966966968116e+00 1.079394336989929898e-01
9.336996996996997922e+00 1.074563308269735340e-01
9.377027027027027728e+00 1.069650270181608798e-01
9.417057057057057534e+00 1.064657951438362921e-01
9.457087087087087340e+00 1.059589049069423611e-01
9.497117117117118923e+00 1.054446227788232299e-01
9.537147147147148729e+00 1.049232119407849939e-01
9.577177177177178535e+00 1.043949322303254212e-01
9.617207207207208342e+00 1.038600400918850003e-01
9.657237237237238148e+00 1.033187885319731547e-01
9.697267267267267954e+00 1.027714270785250184e-01
9.737297297297297760e+00 1.022182017443467594e-01
9.777327327327327566e+00 1.016593549945096070e-01
9.817357357357359149e+00 1.010951257175545098e-01
9.857387387387388955e+00 1.005257492003727993e-01
9.897417417417418761e+00 9.995145710662915739e-02
9.937447447447448567e+00 9.937247745859702219e-02
9.977477477477478374e+00 9.878903462227831000e-02
1.001750750750750818e+01 9.820134929568172244e-02
1.005753753753753799e+01 9.760963850013740228e-02
1.009756756756756779e+01 9.701411557452700729e-02
1.013759759759759937e+01 9.641499017231185131e-02
1.017762762762762918e+01 9.581246826124417693e-02
1.021765765765765899e+01 9.520675212564869150e-02
1.025768768768768879e+01 9.459804037116512077e-02
1.029771771771771860e+01 9.398652793184403276e-02
1.033774774774774841e+01 9.337240607949177928e-02
1.037777777777777821e+01 9.275586243516252549e-02
1.041780780780780979e+01 9.213708098269780822e-02
1.045783783783783960e+01 9.151624208421753337e-02
1.049786786786786941e+01 9.089352249746686374e-02
1.053789789789789921e+01 9.026909539492913859e-02
1.057792792792792902e+01 8.964313038461460548e-02
1.061795795795795883e+01 8.901579353243828374e-02
1.065798798798798863e+01 8.838724738610358178e-02
1.069801801801801844e+01 8.775765100040949784e-02
1.073804804804805002e+01 8.712715996390195394e-02
1.077807807807807983e+01 8.649592642679332366e-02
1.081810810810810963e+01 8.586409913007408967e-02
1.085813813813813944e+01 8.523182343574613185e-02
1.089816816816816925e+01 8.459924135810649448e-02
1.093819819819819905e+01 8.396649159601424217e-02
1.097822822822822886e+01 8.333370956607530355e-02
1.101825825825825866e+01 8.270102743668147904e-02
1.105828828828829025e+01 8.206857416284255025e-02
1.109831831831832005e+01 8.143647552175259374e-02
1.113834834834834986e+01 8.080485414903292030e-02
1.117837837837837967e+01 8.017382957559723855e-02
1.121840840840840947e+01 7.954351826508507251e-02
1.125843843843843928e+01 7.891403365181311191e-02
1.129846846846846908e+01 7.828548617919431352e-02
1.133849849849849889e+01 7.765798333857786007e-02
1.137852852852853047e+01 7.703162970846406943e-02
1.141855855855856028e+01 7.640652699405021953e-02
1.145858858858859008e+01 7.578277406706471209e-02
1.149861861861861989e+01 7.516046700584989859e-02
1.153864864864864970e+01 7.453969913565366978e-02
1.157867867867867950e+01 7.392056106909278279e-02
1.161870870870870931e+01 7.330314074675223224e-02
1.165873873873874089e+01 7.268752347788579038e-02
1.169876876876877070e+01 7.207379198118595010e-02
1.173879879879880050e+01 7.146202642558986684e-02
1.177882882882883031e+01 7.085230447109350238e-02
1.181885885885886012e+01 7.024470130954375835e-02
1.185888888888888992e+01 6.963928970538126040e-02
1.189891891891891973e+01 6.903614003630836882e-02
1.193894894894894954e+01 6.843532033385683888e-02
1.197897897897898112e+01 6.783689632383156642e-02
1.201900900900901092e+01 6.724093146660833908e-02
1.205903903903904073e+01 6.664748699726283365e-02
1.209906906906907054e+01 6.605662196551258247e-02
1.213909909909910034e+01 6.546839327545020404e-02
1.217912912912913015e+01 6.488285572505196608e-02
1.221915915915915996e+01 6.430006204544239101e-02
1.225918918918918976e+01 6.372006293989990189e-02
1.229921921921922134e+01 6.314290712258793792e-02
1.233924924924925115e+01 6.256864135699610752e-02
1.237927927927928096e+01 6.199731049407904843e-02
1.241930930930931076e+01 6.142895751007929755e-02
1.245933933933934057e+01 6.086362354402258951e-02
1.249936936936937038e+01 6.030134793487407219e-02
1.253939939939940018e+01 5.974216825834544053e-02
1.257942942942942999e+01 5.918612036334285759e-02
1.261945945945946157e+01 5.863323840804681580e-02
1.265948948948949138e+01 5.808355489561538992e-02
1.269951951951952118e+01 5.753710070950357469e-02
1.273954954954955099e+01 5.699390514839126204e-02
1.277957957957958079e+01 5.645399596071339066e-02
1.281960960960961060e+01 5.591739937878670297e-02
1.285963963963964041e+01 5.538414015252744738e-02
1.289966966966967199e+01 5.485424158275516160e-02
1.293969969969970180e+01 5.432772555407870685e-02
1.297972972972973160e+01 5.380461256735997316e-02
1.301975975975976141e+01 5.328492177175284811e-02
1.305978978978979121e+01 5.276867099631369490e-02
1.309981981981982102e+01 5.225587678118157053e-02
1.313984984984985083e+01 5.174655440832575531e-02
1.317987987987988063e+01 5.124071793185897700e-02
1.321990990990991222e+01 5.073838020791530262e-02
1.325993993993994202e+01 5.023955292409174739e-02
1.329996996996997183e+01 4.974424662845240014e-02
1.334000000000000163e+01 4.925247075809639080e-02
1.338003003003003144e+01 4.876423366728788872e-02
1.342006006006006125e+01 4.827954265514997068e-02
1.346009009009009105e+01 4.779840399292240721e-02
1.350012012012012086e+01 4.732082295078447048e-02
1.354015015015015244e+01 4.684680382424401962e-02
1.358018018018018225e+01 4.637634996009400851e-02
1.362021021021021205e+01 4.590946378193865030e-02
1.366024024024024186e+01 4.544614681529093869e-02
1.370027027027027167e+01 4.498639971224307338e-02
1.374030030030030147e+01 4.453022227571324515e-02
1.378033033033033128e+01 4.407761348327021711e-02
1.382036036036036108e+01 4.362857151053913668e-02
1.386039039039039267e+01 4.318309375419080581e-02
1.390042042042042247e+01 4.274117685451805232e-02
1.394045045045045228e+01 4.230281671760179052e-02
1.398048048048048209e+01 4.186800853707052517e-02
1.402051051051051189e+01 4.143674681545615052e-02
1.406054054054054170e+01 4.100902538515049239e-02
1.410057057057057150e+01 4.058483742896510510e-02
1.414060060060060309e+01 4.016417550029890982e-02
1.418063063063063289e+01 3.974703154291748392e-02
1.422066066066066270e+01 3.933339691034716534e-02
1.426069069069069251e+01 3.892326238488913459e-02
1.430072072072072231e+01 3.851661819625681188e-02
1.434075075075075212e+01 3.811345403984050390e-02
1.438078078078078192e+01 3.771375909460468467e-02
1.442081081081081173e+01 3.731752204062079720e-02
1.446084084084084331e+01 3.692473107624087703e-02
1.450087087087087312e+01 3.653537393491611968e-02
1.454090090090090293e+01 3.614943790166442322e-02
1.458093093093093273e+01 3.576690982919204786e-02
1.462096096096096254e+01 3.538777615367338231e-02
1.466099099099099234e+01 3.501202291019353541e-02
1.470102102102102215e+01 3.463963574785795113e-02
1.474105105105105196e+01 3.427059994457449382e-02
1.478108108108108354e+01 3.390490042151109856e-02
1.482111111111111335e+01 3.354252175723516916e-02
1.486114114114114315e+01 3.318344820153823482e-02
1.490117117117117296e+01 3.282766368895044529e-02
1.494120120120120276e+01 3.247515185195045534e-02
1.498123123123123257e+01 3.212589603387402959e-02
1.502126126126126238e+01 3.177987930152683521e-02
1.506129129129129218e+01 3.143708445750550973e-02
1.510132132132132377e+01 3.109749405223179858e-02
1.514135135135135357e+01 3.076109039570417911e-02
1.518138138138138338e+01 3.042785556897129040e-02
1.522141141141141318e+01 3.009777143533233848e-02
1.526144144144144299e+01 2.977081965126807117e-02
1.530147147147147280e+01 2.944698167710711398e-02
1.534150150150150260e+01 2.912623878743277051e-02
1.538153153153153418e+01 2.880857208123313584e-02
1.542156156156156399e+01 2.849396249180068813e-02
1.546159159159159380e+01 2.818239079638411651e-02
1.550162162162162360e+01 2.787383762559791922e-02
1.554165165165165341e+01 2.756828347259304007e-02
1.558168168168168322e+01 2.726570870199341440e-02
1.562171171171171302e+01 2.696609355860264332e-02
1.566174174174174283e+01 2.666941817588418945e-02
1.570177177177177441e+01 2.637566258422027743e-02
1.574180180180180422e+01 2.608480671895264946e-02
1.578183183183183402e+01 2.579683042820989786e-02
1.582186186186186383e+01 2.551171348052483703e-02
1.586189189189189364e+01 2.522943557224607836e-02
1.590192192192192344e+01 2.494997633474806131e-02
1.594195195195195325e+01 2.467331534144258376e-02
1.598198198198198305e+01 2.439943211459649763e-02
1.602201201201201641e+01 2.412830613195876550e-02
1.606204204204204444e+01 2.385991683320102391e-02
1.610207207207207603e+01 2.359424362617476567e-02
1.614210210210210406e+01 2.333126589298960274e-02
1.618213213213213564e+01 2.307096299591519795e-02
1.622216216216216722e+01 2.281331428311146950e-02
1.626219219219219525e+01 2.255829909418971893e-02
1.630222222222222683e+01 2.230589676560830459e-02
1.634225225225225486e+01 2.205608663590694768e-02
1.638228228228228645e+01 2.180884805078172825e-02
1.642231231231231448e+01 2.156416036800552771e-02
1.646234234234234606e+01 2.132200296219594754e-02
1.650237237237237764e+01 2.108235522943472870e-02
1.654240240240240567e+01 2.084519659174154799e-02
1.658243243243243725e+01 2.061050650140505008e-02
1.662246246246246528e+01 2.037826444517477908e-02
1.666249249249249686e+01 2.014844994831638605e-02
1.670252252252252489e+01 1.992104257853371044e-02
1.674255255255255648e+01 1.969602194976000087e-02
1.678258258258258806e+01 1.947336772582191830e-02
1.682261261261261609e+01 1.925305962397836149e-02
1.686264264264264767e+01 1.903507741833749059e-02
1.690267267267267570e+01 1.881940094315459958e-02
1.694270270270270728e+01 1.860601009601312722e-02
1.698273273273273531e+01 1.839488484089223108e-02
1.702276276276276690e+01 1.818600521112256896e-02
1.706279279279279493e+01 1.797935131223377808e-02
1.710282282282282651e+01 1.777490332469554984e-02
1.714285285285285809e+01 1.757264150655508603e-02
1.718288288288288612e+01 1.737254619597324024e-02
1.722291291291291770e+01 1.717459781366175928e-02
1.726294294294294573e+01 1.697877686522412943e-02
1.730297297297297732e+01 1.678506394340188029e-02
1.734300300300300535e+01 1.659343973022954152e-02
1.738303303303303693e+01 1.640388499909908523e-02
1.742306306306306851e+01 1.621638061673762177e-02
1.746309309309309654e+01 1.603090754509909135e-02
1.750312312312312812e+01 1.584744684317295968e-02
1.754315315315315615e+01 1.566597966871183939e-02
1.758318318318318774e+01 1.548648727987952424e-02
1.762321321321321577e+01 1.530895103682215937e-02
1.766324324324324735e+01 1.513335240316411069e-02
1.770327327327327538e+01 1.495967294743031674e-02
1.774330330330330696e+01 1.478789434439750465e-02
1.778333333333333854e+01 1.461799837637551940e-02
1.782336336336336657e+01 1.444996693442104040e-02
1.786339339339339816e+01 1.428378201948501090e-02
1.790342342342342619e+01 1.411942574349627638e-02
1.794345345345345777e+01 1.395688033038191937e-02
1.798348348348348580e+01 1.379612811702739250e-02
1.802351351351351738e+01 1.363715155417675150e-02
1.806354354354354896e+01 1.347993320727557467e-02
1.810357357357357699e+01 1.332445575725766176e-02
1.814360360360360858e+01 1.317070200127700048e-02
1.818363363363363661e+01 1.301865485338690731e-02
1.822366366366366819e+01 1.286829734516716471e-02
1.826369369369369622e+01 1.271961262630152446e-02
1.830372372372372780e+01 1.257258396510591361e-02
1.834375375375375938e+01 1.242719474900951665e-02
1.838378378378378741e+01 1.228342848498998642e-02
1.842381381381381900e+01 1.214126879996347760e-02
1.846384384384384703e+01 1.200069944113183774e-02
1.850387387387387861e+01 1.186170427628717786e-02
1.854390390390390664e+01 1.172426729407589734e-02
1.858393393393393822e+01 1.158837260422275646e-02
1.862396396396396625e+01 1.145400443771666700e-02
1.866399399399399783e+01 1.132114714695893823e-02
1.870402402402402942e+01 1.118978520587552740e-02
1.874405405405405745e+01 1.105990320999403372e-02
1.878408408408408903e+01 1.093148587648667784e-02
1.882411411411411706e+01 1.080451804418053156e-02
1.886414414414414864e+01 1.067898467353561170e-02
1.890417417417417667e+01 1.055487084659216361e-02
1.894420420420420825e+01 1.043216176688806229e-02
1.898423423423423984e+01 1.031084275934728185e-02
1.902426426426426787e+01 1.019089927014024503e-02
1.906429429429429945e+01 1.007231686651727590e-02
1.910432432432432748e+01 9.955081236615785298e-03
1.914435435435435906e+01 9.839178189242139827e-03
1.918438438438438709e+01 9.724593653629225523e-03
1.922441441441441867e+01 9.611313679170294458e-03
1.926444444444445026e+01 9.499324435130154093e-03
1.930447447447447828e+01 9.388612210334259731e-03
1.934450450450450987e+01 9.279163412836787320e-03
1.938453453453453790e+01 9.170964569568179278e-03
1.942456456456456948e+01 9.064002325962930082e-03
1.946459459459459751e+01 8.958263445568714900e-03
1.950462462462462909e+01 8.853734809636939346e-03
1.954465465465465712e+01 8.750403416695973213e-03
1.958468468468468870e+01 8.648256382107338824e-03
1.962471471471472029e+01 8.547280937605873999e-03
1.966474474474474832e+01 8.447464430824121184e-03
1.970477477477477990e+01 8.348794324801922864e-03
1.974480480480480793e+01 8.251258197481526821e-03
1.978483483483483951e+01 8.154843741189077289e-03
1.982486486486486754e+01 8.059538762102944759e-03
1.986489489489489912e+01 7.965331179709177201e-03
1.990492492492493071e+01 7.872209026245371999e-03
1.994495495495495874e+01 7.780160446132541874e-03
1.998498498498499032e+01 7.689173695396320056e-03
2.002501501501501835e+01 7.599237141077529872e-03
2.006504504504504993e+01 7.510339260632753651e-03
2.010507507507507796e+01 7.422468641325436108e-03
2.014510510510510954e+01 7.335613979607926403e-03
2.018513513513513757e+01 7.249764080494952405e-03
2.022516516516516916e+01 7.164907856928823780e-03
2.026519519519520074e+01 7.081034329137147164e-03
2.030522522522522877e+01 6.998132623983015221e-03
2.034525525525526035e+01 6.916191974308484071e-03
2.038528528528528838e+01 6.835201718271460489e-03
2.042531531531531996e+01 6.755151298676523655e-03
2.046534534534534799e+01 6.676030262300074354e-03
2.050537537537537958e+01 6.597828259209949538e-03
2.054540540540541116e+01 6.520535042080323647e-03
2.058543543543543919e+01 6.444140465501633011e-03
2.062546546546547077e+01 6.368634485286420177e-03
2.066549549549549880e+01 6.294007157771052199e-03
2.070552552552553038e+01 6.220248639113775194e-03
2.074555555555555841e+01 6.147349184589461640e-03
2.078558558558559000e+01 6.075299147881160593e-03
2.082561561561562158e+01 6.004088980368980748e-03
2.086564564564564961e+01 5.933709230416389646e-03
2.090567567567568119e+01 5.864150542654284620e-03
2.094570570570570922e+01 5.795403657263184169e-03
2.098573573573574080e+01 5.727459409253520678e-03
2.102576576576576883e+01 5.660308727744662455e-03
2.106579579579580042e+01 5.593942635242568802e-03
2.110582582582582845e+01 5.528352246916565585e-03
2.114585585585586003e+01 5.463528769875217010e-03
2.118588588588589161e+01 5.399463502441806222e-03
2.122591591591591964e+01 5.336147833429337982e-03
2.126594594594595122e+01 5.273573241415519669e-03
2.130597597597597925e+01 5.211731294017713650e-03
2.134600600600601084e+01 5.150613647168235734e-03
2.138603603603603887e+01 5.090212044390074290e-03
2.142606606606607045e+01 5.030518316073150607e-03
2.146609609609610203e+01 4.971524378751512527e-03
2.150612612612613006e+01 4.913222234381386770e-03
2.154615615615616164e+01 4.855603969620413476e-03
2.158618618618618967e+01 4.798661755108151426e-03
2.162621621621622126e+01 4.742387844747973646e-03
2.166624624624624929e+01 4.686774574990655237e-03
2.170627627627628087e+01 4.631814364119512910e-03
2.174630630630630890e+01 4.577499711537587161e-03
2.178633633633634048e+01 4.523823197056666724e-03
2.182636636636637206e+01 4.470777480188449331e-03
2.186639639639640009e+01 4.418355299438053024e-03
2.190642642642643168e+01 4.366549471599662918e-03
2.194645645645645970e+01 4.315352891054848559e-03
2.198648648648649129e+01 4.264758529073296896e-03
2.202651651651651932e+01 4.214759433116334678e-03
2.206654654654655090e+01 4.165348726143102386e-03
2.210657657657658248e+01 4.116519605919709279e-03
2.214660660660661051e+01 4.068265344331227322e-03
2.218663663663664209e+01 4.020579286696862251e-03
2.222666666666667012e+01 3.973454851088123116e-03
2.226669669669670171e+01 3.926885527650263510e-03
2.230672672672672974e+01 3.880864877927053900e-03
2.234675675675676132e+01 3.835386534188775769e-03
2.238678678678679290e+01 3.790444198763823561e-03
2.242681681681682093e+01 3.746031643373613426e-03
2.246684684684685251e+01 3.702142708471193450e-03
2.250687687687688054e+01 3.658771302583412651e-03
2.254690690690691213e+01 3.615911401656743320e-03
2.258693693693694016e+01 3.573557048406922777e-03
2.262696696696697174e+01 3.531702351672243254e-03
2.266699699699699977e+01 3.490341485770816470e-03
2.270702702702703135e+01 3.449468689861588232e-03
2.274705705705706293e+01 3.409078267309373703e-03
2.278708708708709096e+01 3.369164585053817038e-03
2.282711711711712255e+01 3.329722072982284949e-03
2.286714714714715058e+01 3.290745223306970439e-03
2.290717717717718216e+01 3.252228589945858894e-03
2.294720720720721019e+01 3.214166787907952929e-03
2.298723723723724177e+01 3.176554492682588573e-03
2.302726726726727335e+01 3.139386439632861885e-03
2.306729729729730138e+01 3.102657423393309979e-03
2.310732732732733297e+01 3.066362297271768827e-03
2.314735735735736100e+01 3.030495972655478099e-03
2.318738738738739258e+01 2.995053418421394879e-03
2.322741741741742061e+01 2.960029660350873247e-03
2.326744744744745219e+01 2.925419780548501551e-03
2.330747747747748377e+01 2.891218916865354125e-03
2.334750750750751180e+01 2.857422262326484406e-03
2.338753753753754339e+01 2.824025064562758758e-03
2.342756756756757142e+01 2.791022625247066135e-03
2.346759759759760300e+01 2.758410299534792571e-03
2.350762762762763103e+01 2.726183495508723541e-03
2.354765765765766261e+01 2.694337673628241069e-03
2.358768768768769064e+01 2.662868346182910989e-03
2.362771771771772222e+01 2.631771076750408309e-03
2.366774774774775381e+01 2.601041479658848781e-03
2.370777777777778184e+01 2.570675219453424313e-03
2.374780780780781342e+01 2.540668010367417694e-03
2.378783783783784145e+01 2.511015615797622651e-03
2.382786786786787303e+01 2.481713847784026983e-03
2.386789789789790106e+01 2.452758566493969984e-03
2.390792792792793264e+01 2.424145679710496167e-03
2.394795795795796423e+01 2.395871142325196271e-03
2.398798798798799226e+01 2.367930955835253690e-03
2.402801801801802384e+01 2.340321167844903582e-03
2.406804804804805187e+01 2.313037871571176334e-03
2.410807807807808345e+01 2.286077205353889783e-03
2.414810810810811148e+01 2.259435352170041135e-03
2.418813813813814306e+01 2.233108539152382603e-03
2.422816816816817109e+01 2.207093037112316941e-03
2.426819819819820268e+01 2.181385160067033941e-03
2.430822822822823426e+01 2.155981264770868815e-03
2.434825825825826229e+01 2.130877750250922791e-03
2.438828828828829387e+01 2.106071057346858323e-03
2.442831831831832190e+01 2.081557668254905343e-03
2.446834834834835348e+01 2.057334106076040385e-03
2.450837837837838151e+01 2.033396934368344663e-03
2.454840840840841310e+01 2.009742756703451760e-03
2.458843843843844468e+01 1.986368216227181634e-03
2.462846846846847271e+01 1.963269995224241685e-03
2.466849849849850429e+01 1.940444814687002474e-03
2.470852852852853232e+01 1.917889433888388204e-03
2.474855855855856390e+01 1.895600649958767902e-03
2.478858858858859193e+01 1.873575297466870517e-03
2.482861861861862351e+01 1.851810248004740833e-03
2.486864864864865510e+01 1.830302409776626490e-03
2.490867867867868313e+01 1.809048727191875459e-03
2.494870870870871471e+01 1.788046180461723205e-03
2.498873873873874274e+01 1.767291785200033293e-03
2.502876876876877432e+01 1.746782592027895133e-03
2.506879879879880235e+01 1.726515686182126825e-03
2.510882882882883393e+01 1.706488187127588527e-03
2.514885885885886196e+01 1.686697248173342359e-03
2.518888888888889355e+01 1.667140056092587938e-03
2.522891891891892513e+01 1.647813830746387839e-03
2.526894894894895316e+01 1.628715824711138120e-03
2.530897897897898474e+01 1.609843322909750279e-03
2.534900900900901277e+01 1.591193642246547038e-03
2.538903903903904435e+01 1.572764131245823821e-03
2.542906906906907238e+01 1.554552169694055526e-03
2.546909909909910397e+01 1.536555168285739723e-03
2.550912912912913555e+01 1.518770568272817490e-03
2.554915915915916358e+01 1.501195841117689911e-03
2.558918918918919516e+01 1.483828488149746506e-03
2.562921921921922319e+01 1.466666040225459832e-03
2.566924924924925477e+01 1.449706057391925238e-03
2.570927927927928280e+01 1.432946128553903463e-03
2.574930930930931439e+01 1.416383871144290827e-03
2.578933933933934597e+01 1.400016930798011388e-03
2.582936936936937400e+01 1.383842981029295488e-03
2.586939939939940558e+01 1.367859722912296346e-03
2.590942942942943361e+01 1.352064884765107793e-03
2.594945945945946519e+01 1.336456221837012707e-03
2.598948948948949322e+01 1.321031515999087930e-03
2.602951951951952481e+01 1.305788575437993697e-03
2.606954954954955284e+01 1.290725234353071182e-03
2.610957957957958442e+01 1.275839352656580336e-03
2.614960960960961600e+01 1.261128815677156276e-03
2.618963963963964403e+01 1.246591533866388182e-03
2.622966966966967561e+01 1.232225442508548454e-03
2.626969969969970364e+01 1.218028501433405988e-03
2.630972972972973523e+01 1.203998694732119450e-03
2.634975975975976326e+01 1.190134030476161986e-03
2.638978978978979484e+01 1.176432540439289716e-03
2.642981981981982642e+01 1.162892279822490054e-03
2.646984984984985445e+01 1.149511326981896616e-03
2.650987987987988603e+01 1.136287783159634513e-03
2.654990990990991406e+01 1.123219772217624651e-03
2.658993993993994565e+01 1.110305440374218010e-03
2.662996996996997368e+01 1.097542955943752287e-03
2.667000000000000526e+01 1.084930509078889729e-03
2.671003003003003329e+01 1.072466311515823988e-03
2.675006006006006487e+01 1.060148596322225229e-03
2.679009009009009645e+01 1.047975617647976636e-03
2.683012012012012448e+01 1.035945650478641358e-03
2.687015015015015607e+01 1.024056990391628702e-03
2.691018018018018410e+01 1.012307953315062792e-03
2.695021021021021568e+01 1.000696875289297776e-03
2.699024024024024371e+01 9.892221122310758830e-04
2.703027027027027529e+01 9.778820397002968828e-04
2.707030030030030687e+01 9.666750526693708824e-04
2.711033033033033490e+01 9.555995652951339552e-04
2.715036036036036649e+01 9.446540106932974426e-04
2.719039039039039451e+01 9.338368407154170507e-04
2.723042042042042610e+01 9.231465257283468298e-04
2.727045045045045413e+01 9.125815543961542922e-04
2.731048048048048571e+01 9.021404334644832256e-04
2.735051051051051729e+01 8.918216875473293980e-04
2.739054054054054532e+01 8.816238589162092056e-04
2.743057057057057690e+01 8.715455072916890615e-04
2.747060060060060493e+01 8.615852096372959108e-04
2.751063063063063652e+01 8.517415599556938353e-04
2.755066066066066455e+01 8.420131690872216176e-04
2.759069069069069613e+01 8.323986645106537866e-04
2.763072072072072416e+01 8.228966901462608221e-04
2.767075075075075574e+01 8.135059061610653034e-04
2.771078078078078732e+01 8.042249887763337898e-04
2.775081081081081535e+01 7.950526300772405757e-04
2.779084084084084694e+01 7.859875378246954048e-04
2.783087087087087497e+01 7.770284352693301562e-04
2.787090090090090655e+01 7.681740609675780400e-04
2.791093093093093458e+01 7.594231685998920327e-04
2.795096096096096616e+01 7.507745267909955418e-04
2.799099099099099774e+01 7.422269189322255791e-04
2.803102102102102577e+01 7.337791430058900576e-04
2.807105105105105736e+01 7.254300114116525458e-04
2.811108108108108539e+01 7.171783507948926561e-04
2.815111111111111697e+01 7.090230018770610383e-04
2.819114114114114500e+01 7.009628192879736874e-04
2.823117117117117658e+01 6.929966714000231195e-04
2.827120120120120816e+01 6.851234401643350406e-04
2.831123123123123619e+01 6.773420209487883252e-04
2.835126126126126778e+01 6.696513223779117490e-04
2.839129129129129581e+01 6.620502661746374175e-04
2.843132132132132739e+01 6.545377870038816175e-04
2.847135135135135542e+01 6.471128323179420327e-04
2.851138138138138700e+01 6.397743622036754360e-04
2.855141141141141503e+01 6.325213492314681095e-04
2.859144144144144661e+01 6.253527783059415314e-04
2.863147147147147820e+01 6.182676465184151196e-04
2.867150150150150623e+01 6.112649630010593554e-04
2.871153153153153781e+01 6.043437487827710546e-04
2.875156156156156584e+01 5.975030366467168992e-04
2.879159159159159742e+01 5.907418709895415456e-04
2.883162162162162545e+01 5.840593076822289242e-04
2.887165165165165703e+01 5.774544139325650137e-04
2.891168168168168862e+01 5.709262681492379777e-04
2.895171171171171665e+01 5.644739598075167912e-04
2.899174174174174823e+01 5.580965893164935038e-04
2.903177177177177626e+01 5.517932678879038837e-04
2.907180180180180784e+01 5.455631174064606327e-04
2.911183183183183587e+01 5.394052703017408051e-04
2.915186186186186745e+01 5.333188694215452476e-04
2.919189189189189548e+01 5.273030679067742957e-04
2.923192192192192707e+01 5.213570290677625903e-04
2.927195195195195865e+01 5.154799262620642303e-04
2.931198198198198668e+01 5.096709427737004068e-04
2.935201201201201826e+01 5.039292716938041389e-04
2.939204204204204629e+01 4.982541158026951821e-04
2.943207207207207787e+01 4.926446874533320884e-04
2.947210210210210590e+01 4.871002084561519389e-04
2.951213213213213749e+01 4.816199099652626169e-04
2.955216216216216907e+01 4.762030323659949423e-04
2.959219219219219710e+01 4.708488251637620828e-04
2.963222222222222868e+01 4.655565468742704229e-04
2.967225225225225671e+01 4.603254649149939623e-04
2.971228228228228829e+01 4.551548554979611950e-04
2.975231231231231632e+01 4.500440035238114809e-04
2.979234234234234791e+01 4.449922024770950517e-04
2.983237237237237949e+01 4.399987543228317207e-04
2.987240240240240752e+01 4.350629694042945791e-04
2.991243243243243910e+01 4.301841663420016555e-04
2.995246246246246713e+01 4.253616719339284964e-04
2.999249249249249871e+01 4.205948210568849076e-04
3.003252252252252674e+01 4.158829565690833432e-04
3.007255255255255832e+01 4.112254292138642462e-04
3.011258258258258635e+01 4.066215975245691797e-04
3.015261261261261794e+01 4.020708277305428302e-04
3.019264264264264952e+01 3.975724936642685428e-04
3.023267267267267755e+01 3.931259766696047569e-04
3.027270270270270913e+01 3.887306655111152378e-04
3.031273273273273716e+01 3.843859562844970101e-04
3.035276276276276874e+01 3.800912523280605086e-04
3.039279279279279677e+01 3.758459641352832514e-04
3.043282282282282836e+01 3.716495092684035900e-04
3.047285285285285994e+01 3.675013122730519301e-04
3.051288288288288797e+01 3.634008045939011587e-04
3.055291291291291955e+01 3.593474244913326962e-04
3.059294294294294758e+01 3.553406169590947569e-04
3.063297297297297916e+01 3.513798336429575873e-04
3.067300300300300719e+01 3.474645327603390651e-04
3.071303303303303878e+01 3.435941790208909023e-04
3.075306306306307036e+01 3.397682435480487025e-04
3.079309309309309839e+01 3.359862038015177404e-04
3.083312312312312997e+01 3.322475435006873594e-04
3.087315315315315800e+01 3.285517525489775126e-04
3.091318318318318958e+01 3.248983269590831314e-04
3.095321321321321761e+01 3.212867687791223391e-04
3.099324324324324920e+01 3.177165860196751743e-04
3.103327327327327723e+01 3.141872925816989459e-04
3.107330330330330881e+01 3.106984081853133347e-04
3.111333333333334039e+01 3.072494582994366483e-04
3.115336336336336842e+01 3.038399740722822276e-04
3.119339339339340000e+01 3.004694922626793894e-04
3.123342342342342803e+01 2.971375551722340289e-04
3.127345345345345962e+01 2.938437105782951641e-04
3.131348348348348765e+01 2.905875116677476421e-04
3.135351351351351923e+01 2.873685169715816225e-04
3.139354354354355081e+01 2.841862903002727726e-04
3.143357357357357884e+01 2.810404006799300776e-04
3.147360360360361042e+01 2.779304222892183679e-04
3.151363363363363845e+01 2.748559343970431485e-04
3.155366366366367004e+01 2.718165213009879192e-04
3.159369369369369807e+01 2.688117722665013835e-04
3.163372372372372965e+01 2.658412814668048921e-04
3.167375375375375768e+01 2.629046479235466857e-04
3.171378378378378926e+01 2.600014754481564240e-04
3.175381381381382084e+01 2.571313725839218466e-04
3.179384384384384887e+01 2.542939525487568310e-04
3.183387387387388046e+01 2.514888331786702775e-04
3.187390390390390849e+01 2.487156368719153866e-04
3.191393393393394007e+01 2.459739905338143386e-04
3.195396396396396810e+01 2.432635255222531201e-04
3.199399399399399968e+01 2.405838775938380918e-04
3.203402402402402771e+01 2.379346868507039193e-04
3.207405405405405929e+01 2.353155976879614530e-04
3.211408408408408377e+01 2.327262587417914413e-04
3.215411411411411535e+01 2.301663228381598696e-04
3.219414414414414694e+01 2.276354469421617318e-04
3.223417417417417852e+01 2.251332921079735527e-04
3.227420420420420299e+01 2.226595234294139857e-04
3.231423423423423458e+01 2.202138099911106429e-04
3.235426426426426616e+01 2.177958248202496283e-04
3.239429429429429774e+01 2.154052448389191061e-04
3.243432432432432933e+01 2.130417508170255180e-04
3.247435435435435380e+01 2.107050273257848872e-04
3.251438438438438538e+01 2.083947626917790198e-04
3.255441441441441697e+01 2.061106489515660857e-04
3.259444444444444855e+01 2.038523818068466360e-04
3.263447447447448013e+01 2.016196605801734833e-04
3.267450450450450461e+01 1.994121881711949829e-04
3.271453453453453619e+01 1.972296710134374871e-04
3.275456456456456777e+01 1.950718190316071056e-04
3.279459459459459936e+01 1.929383455994144309e-04
3.283462462462462383e+01 1.908289674979093801e-04
3.287465465465465542e+01 1.887434048743196499e-04
3.291468468468468700e+01 1.866813812013997211e-04
3.295471471471471858e+01 1.846426232372610598e-04
3.299474474474475016e+01 1.826268609857027052e-04
3.303477477477477464e+01 1.806338276570157073e-04
3.307480480480480622e+01 1.786632596292662132e-04
3.311483483483483781e+01 1.767148964100547621e-04
3.315486486486486939e+01 1.747884805987344687e-04
3.319489489489489387e+01 1.728837578490895048e-04
3.323492492492492545e+01 1.710004768324712766e-04
3.327495495495495703e+01 1.691383892013815647e-04
3.331498498498498861e+01 1.672972495534969070e-04
3.335501501501502020e+01 1.654768153961308909e-04
3.339504504504504467e+01 1.636768471111344359e-04
3.343507507507507626e+01 1.618971079202137931e-04
3.347510510510510784e+01 1.601373638506796762e-04
3.351513513513513942e+01 1.583973837016075504e-04
3.355516516516517100e+01 1.566769390104121127e-04
3.359519519519519548e+01 1.549758040198295143e-04
3.363522522522522706e+01 1.532937556452973222e-04
3.367525525525525865e+01 1.516305734427377222e-04
3.371528528528529023e+01 1.499860395767273766e-04
3.375531531531531471e+01 1.483599387890590846e-04
3.379534534534534629e+01 1.467520583676819106e-04
3.383537537537537787e+01 1.451621881160239283e-04
3.387540540540540945e+01 1.435901203226853538e-04
3.391543543543544104e+01 1.420356497315032639e-04
3.395546546546546551e+01 1.404985735119761321e-04
3.399549549549549710e+01 1.389786912300543925e-04
3.403552552552552868e+01 1.374758048192821220e-04
3.407555555555556026e+01 1.359897185522936634e-04
3.411558558558558474e+01 1.345202390126531001e-04
3.415561561561561632e+01 1.330671750670417333e-04
3.419564564564564790e+01 1.316303378377791939e-04
3.423567567567567949e+01 1.302095406756824478e-04
3.427570570570571107e+01 1.288045991332551832e-04
3.431573573573573555e+01 1.274153309382011041e-04
3.435576576576576713e+01 1.260415559672618336e-04
3.439579579579579871e+01 1.246830962203734645e-04
3.443582582582583029e+01 1.233397757951370404e-04
3.447585585585585477e+01 1.220114208616004470e-04
3.451588588588588635e+01 1.206978596373452754e-04
3.455591591591591794e+01 1.193989223628809626e-04
3.459594594594594952e+01 1.181144412773337394e-04
3.463597597597598110e+01 1.168442505944370958e-04
3.467600600600600558e+01 1.155881864788080543e-04
3.471603603603603716e+01 1.143460870225180767e-04
3.475606606606606874e+01 1.131177922219450492e-04
3.479609609609610033e+01 1.119031439549109824e-04
3.483612612612613191e+01 1.107019859580927942e-04
3.487615615615615638e+01 1.095141638047133326e-04
3.491618618618618797e+01 1.083395248824996134e-04
3.495621621621621955e+01 1.071779183719126906e-04
3.499624624624625113e+01 1.060291952246413411e-04
3.503627627627627561e+01 1.048932081423545754e-04
3.507630630630630719e+01 1.037698115557181375e-04
3.511633633633633877e+01 1.026588616036612934e-04
3.515636636636637036e+01 1.015602161128995046e-04
3.519639639639640194e+01 1.004737345777036628e-04
3.523642642642642642e+01 9.939927813991710555e-05
3.527645645645645800e+01 9.833670956921443591e-05
3.531648648648648958e+01 9.728589324360160419e-05
3.535651651651652116e+01 9.624669513015265770e-05
3.539654654654654564e+01 9.521898276598086768e-05
3.543657657657657722e+01 9.420262523943977498e-05
3.547660660660660881e+01 9.319749317155637692e-05
3.551663663663664039e+01 9.220345869768687373e-05
3.555666666666667197e+01 9.122039544939576075e-05
3.559669669669669645e+01 9.024817853655716835e-05
3.563672672672672803e+01 8.928668452967111801e-05
3.567675675675675961e+01 8.833579144239783840e-05
3.571678678678679120e+01 8.739537871430088538e-05
3.575681681681682278e+01 8.646532719380281974e-05
3.579684684684684726e+01 8.554551912134662588e-05
3.583687687687687884e+01 8.463583811276163815e-05
3.587690690690691042e+01 8.373616914283183354e-05
3.591693693693694200e+01 8.284639852906429511e-05
3.595696696696696648e+01 8.196641391565444464e-05
3.599699699699699806e+01 8.109610425764461562e-05
3.603702702702702965e+01 8.023535980527753868e-05
3.607705705705706123e+01 7.938407208853820712e-05
3.611708708708709281e+01 7.854213390188343141e-05
3.615711711711711729e+01 7.770943928915723955e-05
3.619714714714714887e+01 7.688588352868927706e-05
3.623717717717718045e+01 7.607136311857386234e-05
3.627720720720721204e+01 7.526577576212845023e-05
3.631723723723723651e+01 7.446902035352648958e-05
3.635726726726726810e+01 7.368099696360792730e-05
3.639729729729729968e+01 7.290160682585810259e-05
3.643732732732733126e+01 7.213075232255973404e-05
3.647735735735736284e+01 7.136833697111187385e-05
3.651738738738738732e+01 7.061426541051277986e-05
3.655741741741741890e+01 6.986844338801109647e-05
3.659744744744745049e+01 6.913077774591321479e-05
3.663747747747748207e+01 6.840117640855631254e-05
3.667750750750751365e+01 6.767954836943507950e-05
3.671753753753753813e+01 6.696580367848599120e-05
3.675756756756756971e+01 6.625985342952560699e-05
3.679759759759760129e+01 6.556160974784109013e-05
3.683762762762763288e+01 6.487098577793128291e-05
3.687765765765765735e+01 6.418789567139532813e-05
3.691768768768768894e+01 6.351225457496862011e-05
3.695771771771772052e+01 6.284397861870357795e-05
3.699774774774775210e+01 6.218298490429396725e-05
3.703777777777778368e+01 6.152919149353982924e-05
3.707780780780780816e+01 6.088251739695164856e-05
3.711783783783783974e+01 6.024288256249327189e-05
3.715786786786787133e+01 5.961020786446117844e-05
3.719789789789790291e+01 5.898441509249726327e-05
3.723792792792792739e+01 5.836542694073608873e-05
3.727795795795795897e+01 5.775316699708102044e-05
3.731798798798799055e+01 5.714755973261166015e-05
3.735801801801802213e+01 5.654853049112043421e-05
3.739804804804805372e+01 5.595600547877238124e-05
3.743807807807807819e+01 5.536991175389371596e-05
3.747810810810810978e+01 5.479017721687940454e-05
3.751813813813814136e+01 5.421673060022774059e-05
3.755816816816817294e+01 5.364950145869143238e-05
3.759819819819820452e+01 5.308842015954818932e-05
3.763822822822822900e+01 5.253341787299123486e-05
3.767825825825826058e+01 5.198442656263214267e-05
3.771828828828829216e+01 5.144137897612239299e-05
3.775831831831832375e+01 5.090420863588393871e-05
3.779834834834834822e+01 5.037284982995500861e-05
3.783837837837837981e+01 4.984723760294397846e-05
3.787840840840841139e+01 4.932730774709500975e-05
3.791843843843844297e+01 4.881299679345765672e-05
3.795846846846847455e+01 4.830424200316707549e-05
3.799849849849849903e+01 4.780098135882606016e-05
3.803852852852853061e+01 4.730315355599280889e-05
3.807855855855856220e+01 4.681069799477095741e-05
3.811858858858859378e+01 4.632355477150049074e-05
3.815861861861861826e+01 4.584166467054861833e-05
3.819864864864864984e+01 4.536496915620071431e-05
3.823867867867868142e+01 4.489341036464702668e-05
3.827870870870871300e+01 4.442693109606855032e-05
3.831873873873874459e+01 4.396547480681476581e-05
3.835876876876876906e+01 4.350898560167840758e-05
3.839879879879880065e+01 4.305740822626189456e-05
3.843882882882883223e+01 4.261068805943561986e-05
3.847885885885886381e+01 4.216877110588719828e-05
3.851888888888889539e+01 4.173160398876037049e-05
3.855891891891891987e+01 4.129913394238201902e-05
3.859894894894895145e+01 4.087130880507723499e-05
3.863897897897898304e+01 4.044807701206994875e-05
3.867900900900901462e+01 4.002938758846965971e-05
3.871903903903903910e+01 3.961519014234209015e-05
3.875906906906907068e+01 3.920543485786278737e-05
3.879909909909910226e+01 3.880007248855299636e-05
3.883912912912913384e+01 3.839905435059783701e-05
3.887915915915916543e+01 3.800233231624295050e-05
3.891918918918918990e+01 3.760985880727117322e-05
3.895921921921922149e+01 3.722158678855847961e-05
3.899924924924925307e+01 3.683746976170529722e-05
3.903927927927928465e+01 3.645746175874552526e-05
3.907930930930930913e+01 3.608151733593124405e-05
3.911933933933934071e+01 3.570959156759030305e-05
3.915936936936937229e+01 3.534164004005959991e-05
3.919939939939940388e+01 3.497761884568934758e-05
3.923942942942943546e+01 3.461748457692024044e-05
3.927945945945945994e+01 3.426119432043108685e-05
3.931948948948949152e+01 3.390870565135677931e-05
3.935951951951952310e+01 3.355997662757496909e-05
3.939954954954955468e+01 3.321496578406198081e-05
3.943957957957957916e+01 3.287363212731581199e-05
3.947960960960961074e+01 3.253593512984506562e-05
3.951963963963964233e+01 3.220183472472573351e-05
3.955966966966967391e+01 3.187129130022119534e-05
3.959969969969970549e+01 3.154426569446745966e-05
3.963972972972972997e+01 3.122071919022205422e-05
3.967975975975976155e+01 3.090061350967497346e-05
3.971978978978979313e+01 3.058391080932205557e-05
3.975981981981982472e+01 3.027057367490015920e-05
3.979984984984985630e+01 2.996056511638146638e-05
3.983987987987988078e+01 2.965384856302938509e-05
3.987990990990991236e+01 2.935038785851085407e-05
3.991993993993994394e+01 2.905014725607065040e-05
3.995996996996997552e+01 2.875309141375906023e-05
4.000000000000000000e+01 2.845918538972049176e-05
