5.000000000000000000e-01 2.819662367307920547e+01
5.102602602602602788e-01 2.823899222214511440e+01
5.205205205205205576e-01 2.828134870280181090e+01
5.307807807807807254e-01 2.832369313571962266e+01
5.410410410410410043e-01 2.836602554171336621e+01
5.513013013013012831e-01 2.840834594174098271e+01
5.615615615615615619e-01 2.845065435690225542e+01
5.718218218218218407e-01 2.849295080843744543e+01
5.820820820820821195e-01 2.853523531772611221e+01
5.923423423423423984e-01 2.857750790628560367e+01
6.026026026026025662e-01 2.861976859577000454e+01
6.128628628628628450e-01 2.866201740796864783e+01
6.231231231231231238e-01 2.870425436480491754e+01
6.333833833833834026e-01 2.874647948833502298e+01
6.436436436436436814e-01 2.878869280074658832e+01
6.539039039039038492e-01 2.883089432435752286e+01
6.641641641641641280e-01 2.887308408161469586e+01
6.744244244244244069e-01 2.891526209509270373e+01
6.846846846846846857e-01 2.895742838749259107e+01
6.949449449449449645e-01 2.899958298164062498e+01
7.052052052052051323e-01 2.904172590048709424e+01
7.154654654654655221e-01 2.908385716710505520e+01
7.257257257257256899e-01 2.912597680468902794e+01
7.359859859859859688e-01 2.916808483655391981e+01
7.462462462462462476e-01 2.921018128613367182e+01
7.565065065065064154e-01 2.925226617698015730e+01
7.667667667667668052e-01 2.929433953276184965e+01
7.770270270270269730e-01 2.933640137726285957e+01
7.872872872872872518e-01 2.937845173438135760e+01
7.975475475475475307e-01 2.942049062812880678e+01
8.078078078078078095e-01 2.946251808262845273e+01
8.180680680680680883e-01 2.950453412211428983e+01
8.283283283283282561e-01 2.954653877092987813e+01
8.385885885885886459e-01 2.958853205352718163e+01
8.488488488488488137e-01 2.963051399446530709e+01
8.591091091091090926e-01 2.967248461840943818e+01
8.693693693693693714e-01 2.971444395012969508e+01
8.796296296296295392e-01 2.975639201449984839e+01
8.898898898898899290e-01 2.979832883649638120e+01
9.001501501501500968e-01 2.984025444119712134e+01
9.104104104104103756e-01 2.988216885378021104e+01
9.206706706706706544e-01 2.992407209952305180e+01
9.309309309309309333e-01 2.996596420380098991e+01
9.411911911911912121e-01 3.000784519208637491e+01
9.514514514514513799e-01 3.004971508994727714e+01
9.617117117117117697e-01 3.009157392304650358e+01
9.719719719719719375e-01 3.013342171714044326e+01
9.822322322322322163e-01 3.017525849807789484e+01
9.924924924924924952e-01 3.021708429179899369e+01
1.002752752752752663e+00 3.025889912433420648e+01
1.013013013013012831e+00 3.030070302180310549e+01
1.023273273273273221e+00 3.034249601041331346e+01
1.033533533533533610e+00 3.038427811645944132e+01
1.043793793793793778e+00 3.042604936632206147e+01
1.054054054054053946e+00 3.046780978646644655e+01
1.064314314314314336e+00 3.050955940344163864e+01
1.074574574574574504e+00 3.055129824387936566e+01
1.084834834834834894e+00 3.059302633449294717e+01
1.095095095095095061e+00 3.063474370207615749e+01
1.105355355355355229e+00 3.067645037350229131e+01
1.115615615615615619e+00 3.071814637572302686e+01
1.125875875875876009e+00 3.075983173576740626e+01
1.136136136136136177e+00 3.080150648074076614e+01
1.146396396396396344e+00 3.084317063782362922e+01
1.156656656656656512e+00 3.088482423427080548e+01
1.166916916916916902e+00 3.092646729741019129e+01
1.177177177177177292e+00 3.096809985464185289e+01
1.187437437437437460e+00 3.100972193343695338e+01
1.197697697697697627e+00 3.105133356133665501e+01
1.207957957957957795e+00 3.109293476595114925e+01
1.218218218218218185e+00 3.113452557495874728e+01
1.228478478478478575e+00 3.117610601610455134e+01
1.238738738738738743e+00 3.121767611719979385e+01
1.248998998998998911e+00 3.125923590612053360e+01
1.259259259259259078e+00 3.130078541080684218e+01
1.269519519519519468e+00 3.134232465926168842e+01
1.279779779779779858e+00 3.138385367954993299e+01
1.290040040040040026e+00 3.142537249979739400e+01
1.300300300300300194e+00 3.146688114818971371e+01
1.310560560560560361e+00 3.150837965297159116e+01
1.320820820820820751e+00 3.154986804244553511e+01
1.331081081081081141e+00 3.159134634497100080e+01
1.341341341341341309e+00 3.163281458896334541e+01
1.351601601601601477e+00 3.167427280289301450e+01
1.361861861861861867e+00 3.171572101528424170e+01
1.372122122122122034e+00 3.175715925471435952e+01
1.382382382382382424e+00 3.179858754981267310e+01
1.392642642642642592e+00 3.184000592925947259e+01
1.402902902902902760e+00 3.188141442178519114e+01
1.413163163163163150e+00 3.192281305616926090e+01
1.423423423423423539e+00 3.196420186123926754e+01
1.433683683683683707e+00 3.200558086586995188e+01
1.443943943943943875e+00 3.204695009898223645e+01
1.454204204204204043e+00 3.208830958954218460e+01
1.464464464464464433e+00 3.212965936656028276e+01
1.474724724724724823e+00 3.217099945909012604e+01
1.484984984984984990e+00 3.221232989622785681e+01
1.495245245245245158e+00 3.225365070711077209e+01
1.505505505505505548e+00 3.229496192091696116e+01
1.515765765765765716e+00 3.233626356686361447e+01
1.526026026026025884e+00 3.237755567420678204e+01
1.536286286286286273e+00 3.241883827223988845e+01
1.546546546546546441e+00 3.246011139029327808e+01
1.556806806806806831e+00 3.250137505773277269e+01
1.567067067067066999e+00 3.254262930395913855e+01
1.577327327327327167e+00 3.258387415840686430e+01
1.587587587587587556e+00 3.262510965054350009e+01
1.597847847847847724e+00 3.266633580986848528e+01
1.608108108108108114e+00 3.270755266591235255e+01
1.618368368368368282e+00 3.274876024823566922e+01
1.628628628628628672e+00 3.278995858642831962e+01
1.638888888888888840e+00 3.283114771010837529e+01
1.649149149149149007e+00 3.287232764892128500e+01
1.659409409409409397e+00 3.291349843253896523e+01
1.669669669669669565e+00 3.295466009065872015e+01
1.679929929929929955e+00 3.299581265300257371e+01
1.690190190190190123e+00 3.303695614931609725e+01
1.700450450450450290e+00 3.307809060936777712e+01
1.710710710710710680e+00 3.311921606294771436e+01
1.720970970970970848e+00 3.316033253986714158e+01
1.731231231231231238e+00 3.320144006995721497e+01
1.741491491491491406e+00 3.324253868306816884e+01
1.751751751751751796e+00 3.328362840906852682e+01
1.762012012012011963e+00 3.332470927784402903e+01
1.772272272272272131e+00 3.336578131929687174e+01
1.782532532532532521e+00 3.340684456334467001e+01
1.792792792792792689e+00 3.344789903991965474e+01
1.803053053053053079e+00 3.348894477896771349e+01
1.813313313313313246e+00 3.352998181044743831e+01
1.823573573573573414e+00 3.357101016432950047e+01
1.833833833833833804e+00 3.361202987059542124e+01
1.844094094094093972e+00 3.365304095923669792e+01
1.854354354354354362e+00 3.369404346025430641e+01
1.864614614614614529e+00 3.373503740365724468e+01
1.874874874874874697e+00 3.377602281946198559e+01
1.885135135135135087e+00 3.381699973769168821e+01
1.895395395395395255e+00 3.385796818837481936e+01
1.905655655655655645e+00 3.389892820154479836e+01
1.915915915915915813e+00 3.393987980723881037e+01
1.926176176176176202e+00 3.398082303549697514e+01
1.936436436436436370e+00 3.402175791636147295e+01
1.946696696696696538e+00 3.406268447987572756e+01
1.956956956956956928e+00 3.410360275608333325e+01
1.967217217217217096e+00 3.414451277502740112e+01
1.977477477477477485e+00 3.418541456674945067e+01
1.987737737737737653e+00 3.422630816128872056e+01
1.997997997997997821e+00 3.426719358868113829e+01
2.008258258258257989e+00 3.430807087895849605e+01
2.018518518518518157e+00 3.434894006214764772e+01
2.028778778778778769e+00 3.438980116826947864e+01
2.039039039039038936e+00 3.443065422733806002e+01
2.049299299299299548e+00 3.447149926935998110e+01
2.059559559559559716e+00 3.451233632433310561e+01
2.069819819819819884e+00 3.455316542224591814e+01
2.080080080080080052e+00 3.459398659307667856e+01
2.090340340340340219e+00 3.463479986679237754e+01
2.100600600600600387e+00 3.467560527334810416e+01
2.110860860860860555e+00 3.471640284268588772e+01
2.121121121121120723e+00 3.475719260473390193e+01
2.131381381381381335e+00 3.479797458940585386e+01
2.141641641641641503e+00 3.483874882659972627e+01
2.151901901901902114e+00 3.487951534619709548e+01
2.162162162162162282e+00 3.492027417806224321e+01
2.172422422422422450e+00 3.496102535204128969e+01
2.182682682682682618e+00 3.500176889796117052e+01
2.192942942942942786e+00 3.504250484562911794e+01
2.203203203203202953e+00 3.508323322483131790e+01
2.213463463463463121e+00 3.512395406533239139e+01
2.223723723723723733e+00 3.516466739687442100e+01
2.233983983983983901e+00 3.520537324917595612e+01
2.244244244244244069e+00 3.524607165193133085e+01
2.254504504504504681e+00 3.528676263480958397e+01
2.264764764764764848e+00 3.532744622745389762e+01
2.275025025025025016e+00 3.536812245948025435e+01
2.285285285285285184e+00 3.540879136047711739e+01
2.295545545545545352e+00 3.544945296000398116e+01
2.305805805805805520e+00 3.549010728759098754e+01
2.316066066066065687e+00 3.553075437273776060e+01
2.326326326326326299e+00 3.557139424491263213e+01
2.336586586586586467e+00 3.561202693355173921e+01
2.346846846846847079e+00 3.565265246805817867e+01
2.357107107107107247e+00 3.569327087780111185e+01
2.367367367367367414e+00 3.573388219211492611e+01
2.377627627627627582e+00 3.577448644029824720e+01
2.387887887887887750e+00 3.581508365161322160e+01
2.398148148148147918e+00 3.585567385528446493e+01
2.408408408408408086e+00 3.589625708049824482e+01
2.418668668668668253e+00 3.593683335640191245e+01
2.428928928928928865e+00 3.597740271210239626e+01
2.439189189189189033e+00 3.601796517666589637e+01
2.449449449449449645e+00 3.605852077911668374e+01
2.459709709709709813e+00 3.609906954843634708e+01
2.469969969969969981e+00 3.613961151356291168e+01
2.480230230230230148e+00 3.618014670338988736e+01
2.490490490490490316e+00 3.622067514676551525e+01
2.500750750750750484e+00 3.626119687249167356e+01
2.511011011011011096e+00 3.630171190932330205e+01
2.521271271271271264e+00 3.634222028596707332e+01
2.531531531531531432e+00 3.638272203108114411e+01
2.541791791791791599e+00 3.642321717327361341e+01
2.552052052052051767e+00 3.646370574110207485e+01
2.562312312312312379e+00 3.650418776307247981e+01
2.572572572572572547e+00 3.654466326763850503e+01
2.582832832832832715e+00 3.658513228320042288e+01
2.593093093093092882e+00 3.662559483810420602e+01
2.603353353353353050e+00 3.666605096064105140e+01
2.613613613613613662e+00 3.670650067904589520e+01
2.623873873873873830e+00 3.674694402149686567e+01
2.634134134134133998e+00 3.678738101611443767e+01
2.644394394394394165e+00 3.682781169096048046e+01
2.654654654654654333e+00 3.686823607403697167e+01
2.664914914914914945e+00 3.690865419328595465e+01
2.675175175175175113e+00 3.694906607658770525e+01
2.685435435435435281e+00 3.698947175176055424e+01
2.695695695695695449e+00 3.702987124655964379e+01
2.705955955955956060e+00 3.707026458867588303e+01
2.716216216216216228e+00 3.711065180573561406e+01
2.726476476476476396e+00 3.715103292529914114e+01
2.736736736736736564e+00 3.719140797486005567e+01
2.746996996996996732e+00 3.723177698184438356e+01
2.757257257257257343e+00 3.727213997360953357e+01
2.767517517517517511e+00 3.731249697744358684e+01
2.777777777777777679e+00 3.735284802056415288e+01
2.788038038038037847e+00 3.739319313011777268e+01
2.798298298298298015e+00 3.743353233317863982e+01
2.808558558558558627e+00 3.747386565674796799e+01
2.818818818818818794e+00 3.751419312775303183e+01
2.829079079079078962e+00 3.755451477304610819e+01
2.839339339339339130e+00 3.759483061940376558e+01
2.849599599599599298e+00 3.763514069352567759e+01
2.859859859859859910e+00 3.767544502203416101e+01
2.870120120120120077e+00 3.771574363147273345e+01
2.880380380380380245e+00 3.775603654830552358e+01
2.890640640640640413e+00 3.779632379891624794e+01
2.900900900900900581e+00 3.783660540960723750e+01
2.911161161161161193e+00 3.787688140659869163e+01
2.921421421421421361e+00 3.791715181602751983e+01
2.931681681681681528e+00 3.795741666394663127e+01
2.941941941941941696e+00 3.799767597632379790e+01
2.952202202202201864e+00 3.803792977904089412e+01
2.962462462462462476e+00 3.807817809789293051e+01
2.972722722722722644e+00 3.811842095858694535e+01
2.982982982982982811e+00 3.815865838674139354e+01
2.993243243243242979e+00 3.819889040788484635e+01
3.003503503503503591e+00 3.823911704745528795e+01
3.013763763763763759e+00 3.827933833079919879e+01
3.024024024024023927e+00 3.831955428317043300e+01
3.034284284284284094e+00 3.835976492972944385e+01
3.044544544544544262e+00 3.839997029554213270e+01
3.054804804804804874e+00 3.844017040557912424e+01
3.065065065065065042e+00 3.848036528471476458e+01
3.075325325325325210e+00 3.852055495772599158e+01
3.085585585585585378e+00 3.856073944929163844e+01
3.095845845845845545e+00 3.860091878399128973e+01
3.106106106106106157e+00 3.864109298630437195e+01
3.116366366366366325e+00 3.868126208060921556e+01
3.126626626626626493e+00 3.872142609118206735e+01
3.136886886886886661e+00 3.876158504219617384e+01
3.147147147147146828e+00 3.880173895772076520e+01
3.157407407407407440e+00 3.884188786172006758e+01
3.167667667667667608e+00 3.888203177805242916e+01
3.177927927927927776e+00 3.892217073046919751e+01
3.188188188188187944e+00 3.896230474261390953e+01
3.198448448448448111e+00 3.900243383802116171e+01
3.208708708708708723e+00 3.904255804011572195e+01
3.218968968968968891e+00 3.908267737221153482e+01
3.229229229229229059e+00 3.912279185751073385e+01
3.239489489489489227e+00 3.916290151910261841e+01
3.249749749749749395e+00 3.920300637996271576e+01
3.260010010010010006e+00 3.924310646295170812e+01
3.270270270270270174e+00 3.928320179081460140e+01
3.280530530530530342e+00 3.932329238617955980e+01
3.290790790790790510e+00 3.936337827155690405e+01
3.301051051051051122e+00 3.940345946933825871e+01
3.311311311311311290e+00 3.944353600179546504e+01
3.321571571571571457e+00 3.948360789107952229e+01
3.331831831831831625e+00 3.952367515921969954e+01
3.342092092092091793e+00 3.956373782812225670e+01
3.352352352352352405e+00 3.960379591956993295e+01
3.362612612612612573e+00 3.964384945522044035e+01
3.372872872872872740e+00 3.968389845660554727e+01
3.383133133133132908e+00 3.972394294513025415e+01
3.393393393393393076e+00 3.976398294207162820e+01
3.403653653653653688e+00 3.980401846857774473e+01
3.413913913913913856e+00 3.984404954566677048e+01
3.424174174174174023e+00 3.988407619422576289e+01
3.434434434434434191e+00 3.992409843500988131e+01
3.444694694694694359e+00 3.996411628864101573e+01
3.454954954954954971e+00 4.000412977560711170e+01
3.465215215215215139e+00 4.004413891626074928e+01
3.475475475475475307e+00 4.008414373081836146e+01
3.485735735735735474e+00 4.012414423935922514e+01
3.495995995995995642e+00 4.016414046182404718e+01
3.506256256256256254e+00 4.020413241801436754e+01
3.516516516516516422e+00 4.024412012759109558e+01
3.526776776776776590e+00 4.028410361007378526e+01
3.537037037037036757e+00 4.032408288483926384e+01
3.547297297297296925e+00 4.036405797112077920e+01
3.557557557557557537e+00 4.040402888800685588e+01
3.567817817817817705e+00 4.044399565444025768e+01
3.578078078078077873e+00 4.048395828921663053e+01
3.588338338338338041e+00 4.052391681098394116e+01
3.598598598598598652e+00 4.056387123824089258e+01
3.608858858858858820e+00 4.060382158933612118e+01
3.619119119119118988e+00 4.064376788246709538e+01
3.629379379379379156e+00 4.068371013567880823e+01
3.639639639639639324e+00 4.072364836686287504e+01
3.649899899899899935e+00 4.076358259375632542e+01
3.660160160160160103e+00 4.080351283394057305e+01
3.670420420420420271e+00 4.084343910484030005e+01
3.680680680680680439e+00 4.088336142372214255e+01
3.690940940940940607e+00 4.092327980769395168e+01
3.701201201201201219e+00 4.096319427370328015e+01
3.711461461461461386e+00 4.100310483853652954e+01
3.721721721721721554e+00 4.104301151881770693e+01
3.731981981981981722e+00 4.108291433100715295e+01
3.742242242242241890e+00 4.112281329140080999e+01
3.752502502502502502e+00 4.116270841612858078e+01
3.762762762762762669e+00 4.120259972115359659e+01
3.773023023023022837e+00 4.124248722227078900e+01
3.783283283283283005e+00 4.128237093510579570e+01
3.793543543543543173e+00 4.132225087511408645e+01
3.803803803803803785e+00 4.136212705757915131e+01
3.814064064064063952e+00 4.140199949761214526e+01
3.824324324324324120e+00 4.144186821015013322e+01
3.834584584584584288e+00 4.148173320995492475e+01
3.844844844844844456e+00 4.152159451161247006e+01
3.855105105105105068e+00 4.156145212953082790e+01
3.865365365365365236e+00 4.160130607793968238e+01
3.875625625625625403e+00 4.164115637088890765e+01
3.885885885885885571e+00 4.168100302224711129e+01
3.896146146146146183e+00 4.172084604570088118e+01
3.906406406406406351e+00 4.176068545475326488e+01
3.916666666666666519e+00 4.180052126272271096e+01
3.926926926926926686e+00 4.184035348274165500e+01
3.937187187187186854e+00 4.188018212775566695e+01
3.947447447447447466e+00 4.192000721052175294e+01
3.957707707707707634e+00 4.195982874360763049e+01
3.967967967967967802e+00 4.199964673939008009e+01
3.978228228228227970e+00 4.203946121005376568e+01
3.988488488488488137e+00 4.207927216759016886e+01
3.998748748748748749e+00 4.211907962379638803e+01
4.009009009009009361e+00 4.215888359027352550e+01
4.019269269269269529e+00 4.219868407842571401e+01
4.029529529529529697e+00 4.223848109945876672e+01
4.039789789789789864e+00 4.227827466437899062e+01
4.050050050050050032e+00 4.231806478399169436e+01
4.060310310310310200e+00 4.235785146890015085e+01
4.070570570570570368e+00 4.239763472950418333e+01
4.080830830830830536e+00 4.243741457599880107e+01
4.091091091091090703e+00 4.247719101837307676e+01
4.101351351351350871e+00 4.251696406640871118e+01
4.111611611611611039e+00 4.255673372967879686e+01
4.121871871871871207e+00 4.259650001754639703e+01
4.132132132132131375e+00 4.263626293916330923e+01
4.142392392392391542e+00 4.267602250346868686e+01
4.152652652652652598e+00 4.271577871918777447e+01
4.162912912912912766e+00 4.275553159483052923e+01
4.173173173173172934e+00 4.279528113869023542e+01
4.183433433433433102e+00 4.283502735884206913e+01
4.193693693693694158e+00 4.287477026314206086e+01
4.203953953953954326e+00 4.291450985922528361e+01
4.214214214214214493e+00 4.295424615450487238e+01
4.224474474474474661e+00 4.299397915617032595e+01
4.234734734734734829e+00 4.303370887118648369e+01
4.244994994994994997e+00 4.307343530629170658e+01
4.255255255255255165e+00 4.311315846799670481e+01
4.265515515515515332e+00 4.315287836258323750e+01
4.275775775775775500e+00 4.319259499610238606e+01
4.286036036036035668e+00 4.323230837437344576e+01
4.296296296296295836e+00 4.327201850298229147e+01
4.306556556556556004e+00 4.331172538728004895e+01
4.316816816816816171e+00 4.335142903238157430e+01
4.327077077077076339e+00 4.339112944316394760e+01
4.337337337337336507e+00 4.343082662426535734e+01
4.347597597597597563e+00 4.347052058008310382e+01
4.357857857857857731e+00 4.351021131477244097e+01
4.368118118118117899e+00 4.354989883224511260e+01
4.378378378378378066e+00 4.358958313616776792e+01
4.388638638638638234e+00 4.362926422996036280e+01
4.398898898898899290e+00 4.366894211679495896e+01
4.409159159159159458e+00 4.370861679959384105e+01
4.419419419419419626e+00 4.374828828102817369e+01
4.429679679679679793e+00 4.378795656351662302e+01
4.439939939939939961e+00 4.382762164922335302e+01
4.450200200200200129e+00 4.386728354005703778e+01
4.460460460460460297e+00 4.390694223766877968e+01
4.470720720720720465e+00 4.394659774345091563e+01
4.480980980980980632e+00 4.398625005853526915e+01
4.491241241241240800e+00 4.402589918379159428e+01
4.501501501501500968e+00 4.406554511982592715e+01
4.511761761761761136e+00 4.410518786697890192e+01
4.522022022022022192e+00 4.414482742532453585e+01
4.532282282282282360e+00 4.418446379466797680e+01
4.542542542542542527e+00 4.422409697454445165e+01
4.552802802802802695e+00 4.426372696421719155e+01
4.563063063063062863e+00 4.430335376267588288e+01
4.573323323323323031e+00 4.434297736863517514e+01
4.583583583583583199e+00 4.438259778053293303e+01
4.593843843843843366e+00 4.442221499652819716e+01
4.604104104104103534e+00 4.446182901449990510e+01
4.614364364364364590e+00 4.450143983204510789e+01
4.624624624624624758e+00 4.454104744647697345e+01
4.634884884884884926e+00 4.458065185482332993e+01
4.645145145145145094e+00 4.462025305382485385e+01
4.655405405405405261e+00 4.465985103993315164e+01
4.665665665665665429e+00 4.469944580930911116e+01
4.675925925925925597e+00 4.473903735782115376e+01
4.686186186186185765e+00 4.477862568104330876e+01
4.696446446446445933e+00 4.481821077425354360e+01
4.706706706706706100e+00 4.485779263243180992e+01
4.716966966966967156e+00 4.489737125025821740e+01
4.727227227227227324e+00 4.493694662211121482e+01
4.737487487487487492e+00 4.497651874206572131e+01
4.747747747747747660e+00 4.501608760389127184e+01
4.758008008008007828e+00 4.505565320105019111e+01
4.768268268268267995e+00 4.509521552669525590e+01
4.778528528528528163e+00 4.513477457366848711e+01
4.788788788788788331e+00 4.517433033449857760e+01
4.799049049049048499e+00 4.521388280139924376e+01
4.809309309309308667e+00 4.525343196626728570e+01
4.819569569569569722e+00 4.529297782068039879e+01
4.829829829829829890e+00 4.533252035589529072e+01
4.840090090090090058e+00 4.537205956284564934e+01
4.850350350350350226e+00 4.541159543214031657e+01
4.860610610610610394e+00 4.545112795406080863e+01
4.870870870870870561e+00 4.549065711855961780e+01
4.881131131131130729e+00 4.553018291525802397e+01
4.891391391391390897e+00 4.556970533344382801e+01
4.901651651651651065e+00 4.560922436206961805e+01
4.911911911911912121e+00 4.564873998975018310e+01
4.922172172172172289e+00 4.568825220476070825e+01
4.932432432432432456e+00 4.572776099503445124e+01
4.942692692692692624e+00 4.576726634816057526e+01
4.952952952952952792e+00 4.580676825138198893e+01
4.963213213213212960e+00 4.584626669159298729e+01
4.973473473473473128e+00 4.588576165533717699e+01
4.983733733733733295e+00 4.592525312880513155e+01
4.993993993993993463e+00 4.596474109783207496e+01
5.004254254254253631e+00 4.600422554789566476e+01
5.014514514514514687e+00 4.604370646411360468e+01
5.024774774774774855e+00 4.608318383124118611e+01
5.035035035035035023e+00 4.612265763366923466e+01
5.045295295295295190e+00 4.616212785542143138e+01
5.055555555555555358e+00 4.620159448015194670e+01
5.065815815815815526e+00 4.624105749114318087e+01
5.076076076076075694e+00 4.628051687130310654e+01
5.086336336336335862e+00 4.631997260316285292e+01
5.096596596596596029e+00 4.635942466887436098e+01
5.106856856856856197e+00 4.639887305020747732e+01
5.117117117117117253e+00 4.643831772854786522e+01
5.127377377377377421e+00 4.647775868489425477e+01
5.137637637637637589e+00 4.651719589985551551e+01
5.147897897897897757e+00 4.655662935364861710e+01
5.158158158158157924e+00 4.659605902609553851e+01
5.168418418418418092e+00 4.663548489662067453e+01
5.178678678678678260e+00 4.667490694424843412e+01
5.188938938938938428e+00 4.671432514760003585e+01
5.199199199199198596e+00 4.675373948489122000e+01
5.209459459459459651e+00 4.679314993392898714e+01
5.219719719719719819e+00 4.683255647210928885e+01
5.229979979979979987e+00 4.687195907641386583e+01
5.240240240240240155e+00 4.691135772340737731e+01
5.250500500500500323e+00 4.695075238923472227e+01
5.260760760760760490e+00 4.699014304961783495e+01
5.271021021021020658e+00 4.702952967985302735e+01
5.281281281281280826e+00 4.706891225480779184e+01
5.291541541541540994e+00 4.710829074891781687e+01
5.301801801801801162e+00 4.714766513618398847e+01
5.312062062062062218e+00 4.718703539016932069e+01
5.322322322322322385e+00 4.722640148399580795e+01
5.332582582582582553e+00 4.726576339034134833e+01
5.342842842842842721e+00 4.730512108143628325e+01
5.353103103103102889e+00 4.734447452906062637e+01
5.363363363363363057e+00 4.738382370454054637e+01
5.373623623623623224e+00 4.742316857874510561e+01
5.383883883883883392e+00 4.746250912208299866e+01
5.394144144144143560e+00 4.750184530449910625e+01
5.404404404404403728e+00 4.754117709547129778e+01
5.414664664664664784e+00 4.758050446400682887e+01
5.424924924924924952e+00 4.761982737863901605e+01
5.435185185185185119e+00 4.765914580742349926e+01
5.445445445445445287e+00 4.769845971793495920e+01
5.455705705705705455e+00 4.773776907726352192e+01
5.465965965965965623e+00 4.777707385201092194e+01
5.476226226226225791e+00 4.781637400828713425e+01
5.486486486486485958e+00 4.785566951170638816e+01
5.496746746746746126e+00 4.789496032738371412e+01
5.507007007007007182e+00 4.793424641993091484e+01
5.517267267267267350e+00 4.797352775345291320e+01
5.527527527527527518e+00 4.801280429154385132e+01
5.537787787787787686e+00 4.805207599728313994e+01
5.548048048048047853e+00 4.809134283323140835e+01
5.558308308308308021e+00 4.813060476142680244e+01
5.568568568568568189e+00 4.816986174338074278e+01
5.578828828828828357e+00 4.820911374007373240e+01
5.589089089089088525e+00 4.824836071195142750e+01
5.599349349349348692e+00 4.828760261892043104e+01
5.609609609609609748e+00 4.832683942034388025e+01
5.619869869869869916e+00 4.836607107503749603e+01
5.630130130130130084e+00 4.840529754126483652e+01
5.640390390390390252e+00 4.844451877673326834e+01
5.650650650650650419e+00 4.848373473858941196e+01
5.660910910910910587e+00 4.852294538341464403e+01
5.671171171171170755e+00 4.856215066722069196e+01
5.681431431431430923e+00 4.860135054544468858e+01
5.691691691691691091e+00 4.864054497294510782e+01
5.701951951951951258e+00 4.867973390399662748e+01
5.712212212212212314e+00 4.871891729228549650e+01
5.722472472472472482e+00 4.875809509090498750e+01
5.732732732732732650e+00 4.879726725235012452e+01
5.742992992992992818e+00 4.883643372851297215e+01
5.753253253253252986e+00 4.887559447067783935e+01
5.763513513513513153e+00 4.891474942951599303e+01
5.773773773773773321e+00 4.895389855508079080e+01
5.784034034034033489e+00 4.899304179680227378e+01
5.794294294294293657e+00 4.903217910348226383e+01
5.804554554554554713e+00 4.907131042328899184e+01
5.814814814814814881e+00 4.911043570375156975e+01
5.825075075075075048e+00 4.914955489175502379e+01
5.835335335335335216e+00 4.918866793353444677e+01
5.845595595595595384e+00 4.922777477466974005e+01
5.855855855855855552e+00 4.926687536008006418e+01
5.866116116116115720e+00 4.930596963401783484e+01
5.876376376376375887e+00 4.934505754006352163e+01
5.886636636636636055e+00 4.938413902111960141e+01
5.896896896896896223e+00 4.942321401940464654e+01
5.907157157157157279e+00 4.946228247644765474e+01
5.917417417417417447e+00 4.950134433308198112e+01
5.927677677677677615e+00 4.954039952943922032e+01
5.937937937937937782e+00 4.957944800494310300e+01
5.948198198198197950e+00 4.961848969830356282e+01
5.958458458458458118e+00 4.965752454751014255e+01
5.968718718718718286e+00 4.969655248982578399e+01
5.978978978978978454e+00 4.973557346178058935e+01
5.989239239239238621e+00 4.977458739916511377e+01
5.999499499499498789e+00 4.981359423702414091e+01
6.009759759759759845e+00 4.985259390964953496e+01
6.020020020020020013e+00 4.989158635057411573e+01
6.030280280280280181e+00 4.993057149256463845e+01
6.040540540540540349e+00 4.996954926761479499e+01
6.050800800800800516e+00 5.000851960693866260e+01
6.061061061061060684e+00 5.004748244096327880e+01
6.071321321321320852e+00 5.008643769932180589e+01
6.081581581581581020e+00 5.012538531084641846e+01
6.091841841841841187e+00 5.016432520356082136e+01
6.102102102102102243e+00 5.020325730467327219e+01
6.112362362362362411e+00 5.024218154056870134e+01
6.122622622622622579e+00 5.028109783680164924e+01
6.132882882882882747e+00 5.032000611808847879e+01
6.143143143143142915e+00 5.035890630829987202e+01
6.153403403403403082e+00 5.039779833045272284e+01
6.163663663663663250e+00 5.043668210670282548e+01
6.173923923923923418e+00 5.047555755833668201e+01
6.184184184184183586e+00 5.051442460576325288e+01
6.194444444444443754e+00 5.055328316850640391e+01
6.204704704704704810e+00 5.059213316519641523e+01
6.214964964964964977e+00 5.063097451356168932e+01
6.225225225225225145e+00 5.066980713042028839e+01
6.235485485485485313e+00 5.070863093167209001e+01
6.245745745745745481e+00 5.074744583228928718e+01
6.256006006006005649e+00 5.078625174630877126e+01
6.266266266266265816e+00 5.082504858682263205e+01
6.276526526526525984e+00 5.086383626596969521e+01
6.286786786786786152e+00 5.090261469492654101e+01
6.297047047047046320e+00 5.094138378389853727e+01
6.307307307307307376e+00 5.098014344211074445e+01
6.317567567567567544e+00 5.101889357779862166e+01
6.327827827827827711e+00 5.105763409819887499e+01
6.338088088088087879e+00 5.109636490954001431e+01
6.348348348348348047e+00 5.113508591703281070e+01
6.358608608608608215e+00 5.117379702486075388e+01
6.368868868868868383e+00 5.121249813617050961e+01
6.379129129129128550e+00 5.125118915306205025e+01
6.389389389389388718e+00 5.128986997657856506e+01
6.399649649649649774e+00 5.132854050669677548e+01
6.409909909909909942e+00 5.136720064231698046e+01
6.420170170170170110e+00 5.140585028125236278e+01
6.430430430430430278e+00 5.144448932021923326e+01
6.440690690690690445e+00 5.148311765482636559e+01
6.450950950950950613e+00 5.152173517956465787e+01
6.461211211211210781e+00 5.156034178779635369e+01
6.471471471471470949e+00 5.159893737174483164e+01
6.481731731731731116e+00 5.163752182248312295e+01
6.491991991991991284e+00 5.167609502992374360e+01
6.502252252252252340e+00 5.171465688280707695e+01
6.512512512512512508e+00 5.175320726869084353e+01
6.522772772772772676e+00 5.179174607393846230e+01
6.533033033033032844e+00 5.183027318370800884e+01
6.543293293293293011e+00 5.186878848194068325e+01
6.553553553553553179e+00 5.190729185134932777e+01
6.563813813813813347e+00 5.194578317340700835e+01
6.574074074074073515e+00 5.198426232833483596e+01
6.584334334334333683e+00 5.202272919509083948e+01
6.594594594594593850e+00 5.206118365135731807e+01
6.604854854854854906e+00 5.209962557352920243e+01
6.615115115115115074e+00 5.213805483670187613e+01
6.625375375375375242e+00 5.217647131465906796e+01
6.635635635635635410e+00 5.221487487986003373e+01
6.645895895895895578e+00 5.225326540342769732e+01
6.656156156156155745e+00 5.229164275513584670e+01
6.666416416416415913e+00 5.233000680339619493e+01
6.676676676676676081e+00 5.236835741524603804e+01
6.686936936936936249e+00 5.240669445633536583e+01
6.697197197197197305e+00 5.244501779091352489e+01
6.707457457457457473e+00 5.248332728181647155e+01
6.717717717717717640e+00 5.252162279045349891e+01
6.727977977977977808e+00 5.255990417679395676e+01
6.738238238238237976e+00 5.259817129935382241e+01
6.748498498498498144e+00 5.263642401518234237e+01
6.758758758758758312e+00 5.267466217984824794e+01
6.769019019019018479e+00 5.271288564742627614e+01
6.779279279279278647e+00 5.275109427048325728e+01
6.789539539539538815e+00 5.278928790006408178e+01
6.799799799799799871e+00 5.282746638567816433e+01
6.810060060060060039e+00 5.286562957528470719e+01
6.820320320320320207e+00 5.290377731527913596e+01
6.830580580580580374e+00 5.294190945047839136e+01
6.840840840840840542e+00 5.298002582410674677e+01
6.851101101101100710e+00 5.301812627778119946e+01
6.861361361361360878e+00 5.305621065149689741e+01
6.871621621621621046e+00 5.309427878361262287e+01
6.881881881881881213e+00 5.313233051083580705e+01
6.892142142142141381e+00 5.317036566820792842e+01
6.902402402402402437e+00 5.320838408908913664e+01
6.912662662662662605e+00 5.324638560514379293e+01
6.922922922922922773e+00 5.328437004632473162e+01
6.933183183183182940e+00 5.332233724085850923e+01
6.943443443443443108e+00 5.336028701522968021e+01
6.953703703703703276e+00 5.339821919416575469e+01
6.963963963963963444e+00 5.343613360062156659e+01
6.974224224224223612e+00 5.347403005576347113e+01
6.984484484484483779e+00 5.351190837895428842e+01
6.994744744744744835e+00 5.354976838773686865e+01
7.005005005005005003e+00 5.358760989781865902e+01
7.015265265265265171e+00 5.362543272305571662e+01
7.025525525525525339e+00 5.366323667543692011e+01
7.035785785785785507e+00 5.370102156506754909e+01
7.046046046046045674e+00 5.373878720015351007e+01
7.056306306306305842e+00 5.377653338698483765e+01
7.066566566566566010e+00 5.381425992991986362e+01
7.076826826826826178e+00 5.385196663136820661e+01
7.087087087087086346e+00 5.388965329177507613e+01
7.097347347347347402e+00 5.392731970960439725e+01
7.107607607607607569e+00 5.396496568132226201e+01
7.117867867867867737e+00 5.400259100138060830e+01
7.128128128128127905e+00 5.404019546220031600e+01
7.138388388388388073e+00 5.407777885415470109e+01
7.148648648648648241e+00 5.411534096555241291e+01
7.158908908908908408e+00 5.415288158262107743e+01
7.169169169169168576e+00 5.419040048949013055e+01
7.179429429429428744e+00 5.422789746817387169e+01
7.189689689689688912e+00 5.426537229855469491e+01
7.199949949949949968e+00 5.430282475836608569e+01
7.210210210210210136e+00 5.434025462317529076e+01
7.220470470470470303e+00 5.437766166636670562e+01
7.230730730730730471e+00 5.441504565912420333e+01
7.240990990990990639e+00 5.445240637041458598e+01
7.251251251251250807e+00 5.448974356696971455e+01
7.261511511511510975e+00 5.452705701327016641e+01
7.271771771771771142e+00 5.456434647152723016e+01
7.282032032032031310e+00 5.460161170166601607e+01
7.292292292292292366e+00 5.463885246130809037e+01
7.302552552552552534e+00 5.467606850575447197e+01
7.312812812812812702e+00 5.471325958796803235e+01
7.323073073073072869e+00 5.475042545855602327e+01
7.333333333333333037e+00 5.478756586575340037e+01
7.343593593593593205e+00 5.482468055540503116e+01
7.353853853853853373e+00 5.486176927094840039e+01
7.364114114114113541e+00 5.489883175339659971e+01
7.374374374374373708e+00 5.493586774132072037e+01
7.384634634634633876e+00 5.497287697083289970e+01
7.394894894894894932e+00 5.500985917556864280e+01
7.405155155155155100e+00 5.504681408667019582e+01
7.415415415415415268e+00 5.508374143276849821e+01
7.425675675675675436e+00 5.512064093996691838e+01
7.435935935935935603e+00 5.515751233182341196e+01
7.446196196196195771e+00 5.519435532933367483e+01
7.456456456456455939e+00 5.523116965091389119e+01
7.466716716716716107e+00 5.526795501238419206e+01
7.476976976976976275e+00 5.530471112695088465e+01
7.487237237237236442e+00 5.534143770519020222e+01
7.497497497497497498e+00 5.537813445503121557e+01
7.507757757757757666e+00 5.541480108173871599e+01
7.518018018018017834e+00 5.545143728789685156e+01
7.528278278278278002e+00 5.548804277339230850e+01
7.538538538538538170e+00 5.552461723539773431e+01
7.548798798798798337e+00 5.556116036835513938e+01
7.559059059059058505e+00 5.559767186395942673e+01
7.569319319319318673e+00 5.563415141114223417e+01
7.579579579579578841e+00 5.567059869605542133e+01
7.589839839839839897e+00 5.570701340205530983e+01
7.600100100100100065e+00 5.574339520968580075e+01
7.610360360360360232e+00 5.577974379666347460e+01
7.620620620620620400e+00 5.581605883786105693e+01
7.630880880880880568e+00 5.585234000529181486e+01
7.641141141141140736e+00 5.588858696809425908e+01
7.651401401401400904e+00 5.592479939251619214e+01
7.661661661661661071e+00 5.596097694189967342e+01
7.671921921921921239e+00 5.599711927666609057e+01
7.682182182182181407e+00 5.603322605430059156e+01
7.692442442442442463e+00 5.606929692933722720e+01
7.702702702702702631e+00 5.610533155334488242e+01
7.712962962962962798e+00 5.614132957491180065e+01
7.723223223223222966e+00 5.617729063963169978e+01
7.733483483483483134e+00 5.621321439008954712e+01
7.743743743743743302e+00 5.624910046584712831e+01
7.754004004004003470e+00 5.628494850342970324e+01
7.764264264264263637e+00 5.632075813631181660e+01
7.774524524524523805e+00 5.635652899490415280e+01
7.784784784784783973e+00 5.639226070653998590e+01
7.795045045045045029e+00 5.642795289546246806e+01
7.805305305305305197e+00 5.646360518281115759e+01
7.815565565565565365e+00 5.649921718661028081e+01
7.825825825825825532e+00 5.653478852175526015e+01
7.836086086086085700e+00 5.657031880000132418e+01
7.846346346346345868e+00 5.660580762995121518e+01
7.856606606606606036e+00 5.664125461704367837e+01
7.866866866866866204e+00 5.667665936354167400e+01
7.877127127127126371e+00 5.671202146852152026e+01
7.887387387387387427e+00 5.674734052786178751e+01
7.897647647647647595e+00 5.678261613423271825e+01
7.907907907907907763e+00 5.681784787708571116e+01
7.918168168168167931e+00 5.685303534264334502e+01
7.928428428428428099e+00 5.688817811388955192e+01
7.938688688688688266e+00 5.692327577056006760e+01
7.948948948948948434e+00 5.695832788913322986e+01
7.959209209209208602e+00 5.699333404282089788e+01
7.969469469469468770e+00 5.702829380156020278e+01
7.979729729729728938e+00 5.706320673200492166e+01
7.989989989989989994e+00 5.709807239751771846e+01
8.000250250250250161e+00 5.713289035816254824e+01
8.010510510510510329e+00 5.716766017069737416e+01
8.020770770770770497e+00 5.720238138856697674e+01
8.031031031031030665e+00 5.723705356189703508e+01
8.041291291291290833e+00 5.727167623748684377e+01
8.051551551551551000e+00 5.730624895880469438e+01
8.061811811811811168e+00 5.734077126598175056e+01
8.072072072072071336e+00 5.737524269580668346e+01
8.082332332332331504e+00 5.740966278172168558e+01
8.092592592592591672e+00 5.744403105381774566e+01
8.102852852852851839e+00 5.747834703883069096e+01
8.113113113113112007e+00 5.751261026013796140e+01
8.123373373373372175e+00 5.754682023775532684e+01
8.133633633633632343e+00 5.758097648833405202e+01
8.143893893893892511e+00 5.761507852515924810e+01
8.154154154154152678e+00 5.764912585814752077e+01
8.164414414414412846e+00 5.768311799384566285e+01
8.174674674674673014e+00 5.771705443543016401e+01
8.184934934934934958e+00 5.775093468270596730e+01
8.195195195195195126e+00 5.778475823210752083e+01
8.205455455455455294e+00 5.781852457669840817e+01
8.215715715715715461e+00 5.785223320617237874e+01
8.225975975975975629e+00 5.788588360685513123e+01
8.236236236236235797e+00 5.791947526170594074e+01
8.246496496496495965e+00 5.795300765032026646e+01
8.256756756756756133e+00 5.798648024893208941e+01
8.267017017017016300e+00 5.801989253041828221e+01
8.277277277277276468e+00 5.805324396430150813e+01
8.287537537537538412e+00 5.808653401675507411e+01
8.297797797797798580e+00 5.811976215060835216e+01
8.308058058058058748e+00 5.815292782535120608e+01
8.318318318318318916e+00 5.818603049714099029e+01
8.328578578578579084e+00 5.821906961880841891e+01
8.338838838838839251e+00 5.825204463986494829e+01
8.349099099099099419e+00 5.828495500651084171e+01
8.359359359359359587e+00 5.831780016164212554e+01
8.369619619619619755e+00 5.835057954486107690e+01
8.379879879879879923e+00 5.838329259248391878e+01
8.390140140140140090e+00 5.841593873755189037e+01
8.400400400400400258e+00 5.844851740984160671e+01
8.410660660660660426e+00 5.848102803587489262e+01
8.420920920920920594e+00 5.851347003893257437e+01
8.431181181181180762e+00 5.854584283906486064e+01
8.441441441441440929e+00 5.857814585310524080e+01
8.451701701701701097e+00 5.861037849468393546e+01
8.461961961961961265e+00 5.864254017424165966e+01
8.472222222222221433e+00 5.867463029904376270e+01
8.482482482482481601e+00 5.870664827319711065e+01
8.492742742742741768e+00 5.873859349766492244e+01
8.503003003003001936e+00 5.877046537028356710e+01
8.513263263263262104e+00 5.880226328577973050e+01
8.523523523523522272e+00 5.883398663578856258e+01
8.533783783783784216e+00 5.886563480887179622e+01
8.544044044044044384e+00 5.889720719053768505e+01
8.554304304304304551e+00 5.892870316325960545e+01
8.564564564564564719e+00 5.896012210649740837e+01
8.574824824824824887e+00 5.899146339671843720e+01
8.585085085085085055e+00 5.902272640741932719e+01
8.595345345345345223e+00 5.905391050914825968e+01
8.605605605605605390e+00 5.908501506952807603e+01
8.615865865865865558e+00 5.911603945328032950e+01
8.626126126126125726e+00 5.914698302224950055e+01
8.636386386386385894e+00 5.917784513542866165e+01
8.646646646646646062e+00 5.920862514898507811e+01
8.656906906906906229e+00 5.923932241628595818e+01
8.667167167167166397e+00 5.926993628792708080e+01
8.677427427427426565e+00 5.930046611176004490e+01
8.687687687687686733e+00 5.933091123292017954e+01
8.697947947947946901e+00 5.936127099385738148e+01
8.708208208208207068e+00 5.939154473436466475e+01
8.718468468468467236e+00 5.942173179161004271e+01
8.728728728728729180e+00 5.945183150016706719e+01
8.738988988988989348e+00 5.948184319204726478e+01
8.749249249249249516e+00 5.951176619673301360e+01
8.759509509509509684e+00 5.954159984121135807e+01
8.769769769769769852e+00 5.957134345000732623e+01
8.780030030030030019e+00 5.960099634522019585e+01
8.790290290290290187e+00 5.963055784655760050e+01
8.800550550550550355e+00 5.966002727137356487e+01
8.810810810810810523e+00 5.968940393470416694e+01
8.821071071071070691e+00 5.971868714930586464e+01
8.831331331331330858e+00 5.974787622569443357e+01
8.841591591591591026e+00 5.977697047218359216e+01
8.851851851851851194e+00 5.980596919492472807e+01
8.862112112112111362e+00 5.983487169794832283e+01
8.872372372372371530e+00 5.986367728320468728e+01
8.882632632632631697e+00 5.989238525060616780e+01
8.892892892892891865e+00 5.992099489806966517e+01
8.903153153153152033e+00 5.994950552156061008e+01
8.913413413413412201e+00 5.997791641513683203e+01
8.923673673673672369e+00 6.000622687099293273e+01
8.933933933933934313e+00 6.003443617950695455e+01
8.944194194194194480e+00 6.006254362928530099e+01
8.954454454454454648e+00 6.009054850721124552e+01
8.964714714714714816e+00 6.011845009849118782e+01
8.974974974974974984e+00 6.014624768670327626e+01
8.985235235235235152e+00 6.017394055384737328e+01
8.995495495495495319e+00 6.020152798039362096e+01
9.005755755755755487e+00 6.022900924533366407e+01
9.016016016016015655e+00 6.025638362623099908e+01
9.026276276276275823e+00 6.028365039927315649e+01
9.036536536536535991e+00 6.031080883932443726e+01
9.046796796796796158e+00 6.033785821997857113e+01
9.057057057057056326e+00 6.036479781361239105e+01
9.067317317317316494e+00 6.039162689144004048e+01
9.077577577577576662e+00 6.041834472356887886e+01
9.087837837837836830e+00 6.044495057905519531e+01
9.098098098098096997e+00 6.047144372595852957e+01
9.108358358358357165e+00 6.049782343140212504e+01
9.118618618618617333e+00 6.052408896162761209e+01
9.128878878878879277e+00 6.055023958205407553e+01
9.139139139139139445e+00 6.057627455733768329e+01
9.149399399399399613e+00 6.060219315143122287e+01
9.159659659659659781e+00 6.062799462764189684e+01
9.169919919919919948e+00 6.065367824869595381e+01
9.180180180180180116e+00 6.067924327679639873e+01
9.190440440440440284e+00 6.070468897368690619e+01
9.200700700700700452e+00 6.073001460071347424e+01
9.210960960960960620e+00 6.075521941888784738e+01
9.221221221221220787e+00 6.078030268895117416e+01
9.231481481481480955e+00 6.080526367143712463e+01
9.241741741741741123e+00 6.083010162673855348e+01
9.252002002002001291e+00 6.085481581517166205e+01
9.262262262262261459e+00 6.087940549704104143e+01
9.272522522522521626e+00 6.090386993270686844e+01
9.282782782782781794e+00 6.092820838265257777e+01
9.293043043043041962e+00 6.095242010755043083e+01
9.303303303303302130e+00 6.097650436833092158e+01
9.313563563563562298e+00 6.100046042624918385e+01
9.323823823823824242e+00 6.102428754295640800e+01
9.334084084084084409e+00 6.104798498056700851e+01
9.344344344344344577e+00 6.107155200172951481e+01
9.354604604604604745e+00 6.109498786969589190e+01
9.364864864864864913e+00 6.111829184839266560e+01
9.375125125125125081e+00 6.114146320249268030e+01
9.385385385385385248e+00 6.116450119748452607e+01
9.395645645645645416e+00 6.118740509974704622e+01
9.405905905905905584e+00 6.121017417661948201e+01
9.416166166166165752e+00 6.123280769647557520e+01
9.426426426426425920e+00 6.125530492879450151e+01
9.436686686686686087e+00 6.127766514423722555e+01
9.446946946946946255e+00 6.129988761471871328e+01
9.457207207207206423e+00 6.132197161348043579e+01
9.467467467467466591e+00 6.134391641516789662e+01
9.477727727727726759e+00 6.136572129590331315e+01
9.487987987987986926e+00 6.138738553336067127e+01
9.498248248248247094e+00 6.140890840684171081e+01
9.508508508508507262e+00 6.143028919735136384e+01
9.518768768768767430e+00 6.145152718767340616e+01
9.529029029029029374e+00 6.147262166244571802e+01
9.539289289289289542e+00 6.149357190823791797e+01
9.549549549549549710e+00 6.151437721362868416e+01
9.559809809809809877e+00 6.153503686927817995e+01
9.570070070070070045e+00 6.155555016801122292e+01
9.580330330330330213e+00 6.157591640488789864e+01
9.590590590590590381e+00 6.159613487728686465e+01
9.600850850850850549e+00 6.161620488497779036e+01
9.611111111111110716e+00 6.163612573020278518e+01
9.621371371371370884e+00 6.165589671775060054e+01
9.631631631631631052e+00 6.167551715503756071e+01
9.641891891891891220e+00 6.169498635218263871e+01
9.652152152152151388e+00 6.171430362208743503e+01
9.662412412412411555e+00 6.173346828051426627e+01
9.672672672672671723e+00 6.175247964616174556e+01
9.682932932932931891e+00 6.177133704074536524e+01
9.693193193193192059e+00 6.179003978907488914e+01
9.703453453453452227e+00 6.180858721913185860e+01
9.713713713713712394e+00 6.182697866214942906e+01
9.723973973973974338e+00 6.184521345268682069e+01
9.734234234234234506e+00 6.186329092871154955e+01
9.744494494494494674e+00 6.188121043167429036e+01
9.754754754754754842e+00 6.189897130658901858e+01
9.765015015015015010e+00 6.191657290210889641e+01
9.775275275275275177e+00 6.193401457060397064e+01
9.785535535535535345e+00 6.195129566824117973e+01
9.795795795795795513e+00 6.196841555505891819e+01
9.806056056056055681e+00 6.198537359504504707e+01
9.816316316316315849e+00 6.200216915621499680e+01
9.826576576576576016e+00 6.201880161068798714e+01
9.836836836836836184e+00 6.203527033476288466e+01
9.847097097097096352e+00 6.205157470899614225e+01
9.857357357357356520e+00 6.206771411827651974e+01
9.867617617617616688e+00 6.208368795190266098e+01
9.877877877877876855e+00 6.209949560365745214e+01
9.888138138138137023e+00 6.211513647188363052e+01
9.898398398398397191e+00 6.213060995955880372e+01
9.908658658658657359e+00 6.214591547437242980e+01
9.918918918918919303e+00 6.216105242879634574e+01
9.929179179179179471e+00 6.217602024016149898e+01
9.939439439439439639e+00 6.219081833073153120e+01
9.949699699699699806e+00 6.220544612777484161e+01
9.959959959959959974e+00 6.221990306363907308e+01
9.970220220220220142e+00 6.223418857582257147e+01
9.980480480480480310e+00 6.224830210704637068e+01
9.990740740740740478e+00 6.226224310532712991e+01
1.000100100100100065e+01 6.227601102404634759e+01
1.001126126126126081e+01 6.228960532202297884e+01
1.002152152152152098e+01 6.230302546358240079e+01
1.003178178178178115e+01 6.231627091862601020e+01
1.004204204204204132e+01 6.232934116270163827e+01
1.005230230230230148e+01 6.234223567707103797e+01
1.006256256256256165e+01 6.235495394877766984e+01
1.007282282282282182e+01 6.236749547071536881e+01
1.008308308308308199e+01 6.237985974169446024e+01
1.009334334334334216e+01 6.239204626650782615e+01
1.010360360360360232e+01 6.240405455599711360e+01
1.011386386386386249e+01 6.241588412711708855e+01
1.012412412412412444e+01 6.242753450300102713e+01
1.013438438438438460e+01 6.243900521302307283e+01
1.014464464464464477e+01 6.245029579286236299e+01
1.015490490490490494e+01 6.246140578456489578e+01
1.016516516516516511e+01 6.247233473660485004e+01
1.017542542542542527e+01 6.248308220394543611e+01
1.018568568568568544e+01 6.249364774810046441e+01
1.019594594594594561e+01 6.250403093719155834e+01
1.020620620620620578e+01 6.251423134600741349e+01
1.021646646646646595e+01 6.252424855606395226e+01
1.022672672672672611e+01 6.253408215565671213e+01
1.023698698698698628e+01 6.254373173992063784e+01
1.024724724724724645e+01 6.255319691088625689e+01
1.025750750750750662e+01 6.256247727752962362e+01
1.026776776776776678e+01 6.257157245583113081e+01
1.027802802802802695e+01 6.258048206882458686e+01
1.028828828828828712e+01 6.258920574665166470e+01
1.029854854854854729e+01 6.259774312661071605e+01
1.030880880880880746e+01 6.260609385321057374e+01
1.031906906906906940e+01 6.261425757821503169e+01
1.032932932932932957e+01 6.262223396069369841e+01
1.033958958958958974e+01 6.263002266707076160e+01
1.034984984984984990e+01 6.263762337116907730e+01
1.036011011011011007e+01 6.264503575425602833e+01
1.037037037037037024e+01 6.265225950508922637e+01
1.038063063063063041e+01 6.265929431995860455e+01
1.039089089089089057e+01 6.266613990273018686e+01
1.040115115115115074e+01 6.267279596488615567e+01
1.041141141141141091e+01 6.267926222556756244e+01
1.042167167167167108e+01 6.268553841161128304e+01
1.043193193193193125e+01 6.269162425759078872e+01
1.044219219219219141e+01 6.269751950585185085e+01
1.045245245245245158e+01 6.270322390654766309e+01
1.046271271271271175e+01 6.270873721768059283e+01
1.047297297297297192e+01 6.271405920512662391e+01
1.048323323323323208e+01 6.271918964267715779e+01
1.049349349349349225e+01 6.272412831206634820e+01
1.050375375375375242e+01 6.272887500300348051e+01
1.051401401401401436e+01 6.273342951320174166e+01
1.052427427427427453e+01 6.273779164841014477e+01
1.053453453453453470e+01 6.274196122243604634e+01
1.054479479479479487e+01 6.274593805717697848e+01
1.055505505505505504e+01 6.274972198264204337e+01
1.056531531531531520e+01 6.275331283697735785e+01
1.057557557557557537e+01 6.275671046649111418e+01
1.058583583583583554e+01 6.275991472567294238e+01
1.059609609609609571e+01 6.276292547721522652e+01
1.060635635635635587e+01 6.276574259203364647e+01
1.061661661661661604e+01 6.276836594928516178e+01
1.062687687687687621e+01 6.277079543638524228e+01
1.063713713713713638e+01 6.277303094902393354e+01
1.064739739739739655e+01 6.277507239118041582e+01
1.065765765765765671e+01 6.277691967513844418e+01
1.066791791791791688e+01 6.277857272149665846e+01
1.067817817817817705e+01 6.278003145918184202e+01
1.068843843843843722e+01 6.278129582545770404e+01
1.069869869869869738e+01 6.278236576593494789e+01
1.070895895895895755e+01 6.278324123457885975e+01
1.071921921921921950e+01 6.278392219371436056e+01
1.072947947947947966e+01 6.278440861403477413e+01
1.073973973973973983e+01 6.278470047460233872e+01
1.075000000000000000e+01 6.278479776285477953e+01
