2.500000000000000000e+01 -3.880698335853443037e+00
5.000000000000000000e+01 4.095499937200888674e+00
7.500000000000000000e+01 1.363253387302884256e+01
1.000000000000000000e+02 2.558706802805334846e+01
1.250000000000000000e+02 3.927400993453681366e+01
1.500000000000000000e+02 5.327098823016032014e+01
1.750000000000000000e+02 6.240172484025060839e+01
2.000000000000000000e+02 7.520336776102213605e+01
2.250000000000000000e+02 7.326820684921574411e+01
2.500000000000000000e+02 8.341591380041711545e+01
2.750000000000000000e+02 8.449922772725587095e+01
3.000000000000000000e+02 8.285644222657964519e+01
3.250000000000000000e+02 8.425734832228100402e+01
3.500000000000000000e+02 8.308636843645878400e+01
3.750000000000000000e+02 7.943997150115446004e+01
4.000000000000000000e+02 7.199481085473594533e+01
4.250000000000000000e+02 6.878062983269404640e+01
4.500000000000000000e+02 6.644041893758239326e+01
4.750000000000000000e+02 6.153348618615697774e+01
5.000000000000000000e+02 5.491692091953002119e+01
5.250000000000000000e+02 5.236758746257863351e+01
5.500000000000000000e+02 4.859605143911642244e+01
5.750000000000000000e+02 4.322819788151471698e+01
6.000000000000000000e+02 3.768332382309741746e+01
6.500000000000000000e+02 3.097386829642641359e+01
7.250000000000000000e+02 2.652065287533040205e+01
8.000000000000000000e+02 2.225382134235730902e+01
8.750000000000000000e+02 1.555089850466477941e+01
9.500000000000000000e+02 1.247929861025095200e+01
1.025000000000000000e+03 1.424612026874818582e+01
1.100000000000000000e+03 8.687509832295049250e+00
1.175000000000000000e+03 5.875916399801393020e+00
1.250000000000000000e+03 1.912211111517112094e+00
