5.000000000000000000e-01 6.460558382352586193e+01
6.523437500000000000e-01 6.652649219550792736e+01
8.046875000000000000e-01 6.876431317145505773e+01
9.570312500000000000e-01 6.995613659924508454e+01
1.109375000000000000e+00 7.424608685583690715e+01
1.261718750000000000e+00 7.456989917636403220e+01
1.414062500000000000e+00 7.741576847415285556e+01
1.566406250000000000e+00 8.006560639698453485e+01
1.718750000000000000e+00 8.479340047178850170e+01
1.871093750000000000e+00 8.714007615457951772e+01
2.023437500000000000e+00 9.151816590599308654e+01
2.175781250000000000e+00 9.305100130521346102e+01
2.328125000000000000e+00 9.841175568821743980e+01
2.480468750000000000e+00 1.009754233741289369e+02
2.632812500000000000e+00 1.057026033786668222e+02
2.785156250000000000e+00 1.079319135641185312e+02
2.937500000000000000e+00 1.117007292583300426e+02
3.089843750000000000e+00 1.138769250267210822e+02
3.242187500000000000e+00 1.192804646858765665e+02
3.394531250000000000e+00 1.248968344070535892e+02
3.546875000000000000e+00 1.280545203486148296e+02
3.699218750000000000e+00 1.334488776216743418e+02
3.851562500000000000e+00 1.354386116894276881e+02
4.003906250000000000e+00 1.406379458455403437e+02
4.156250000000000000e+00 1.435841087485167122e+02
4.308593750000000000e+00 1.456960346292909207e+02
4.460937500000000000e+00 1.509784272427076246e+02
4.613281250000000000e+00 1.517469921231619594e+02
4.765625000000000000e+00 1.542811594002187690e+02
4.917968750000000000e+00 1.548494316754483862e+02
5.070312500000000000e+00 1.587918249434517008e+02
5.222656250000000000e+00 1.584145343240654995e+02
5.375000000000000000e+00 1.572367842917034579e+02
