5.000000000000000000e-01 1.544123903019684860e+02
5.102602602602602788e-01 1.544154749388835626e+02
5.205205205205205576e-01 1.544185564101860848e+02
5.307807807807807254e-01 1.544216347189812382e+02
5.410410410410410043e-01 1.544247098683241859e+02
5.513013013013012831e-01 1.544277818612190458e+02
5.615615615615615619e-01 1.544308507006208231e+02
5.718218218218218407e-01 1.544339163894369165e+02
5.820820820820821195e-01 1.544369789305273457e+02
5.923423423423423984e-01 1.544400383267079917e+02
6.026026026026025662e-01 1.544430945807498574e+02
6.128628628628628450e-01 1.544461476953802617e+02
6.231231231231231238e-01 1.544491976732837202e+02
6.333833833833834026e-01 1.544522445171039351e+02
6.436436436436436814e-01 1.544552882294434255e+02
6.539039039039038492e-01 1.544583288128656875e+02
6.641641641641641280e-01 1.544613662698945404e+02
6.744244244244244069e-01 1.544644006030171965e+02
6.846846846846846857e-01 1.544674318146803671e+02
6.949449449449449645e-01 1.544704599072975952e+02
7.052052052052051323e-01 1.544734848832446232e+02
7.154654654654655221e-01 1.544765067448626894e+02
7.257257257257256899e-01 1.544795254944586134e+02
7.359859859859859688e-01 1.544825411343041139e+02
7.462462462462462476e-01 1.544855536666401008e+02
7.565065065065064154e-01 1.544885630936726386e+02
7.667667667667668052e-01 1.544915694175760166e+02
7.770270270270269730e-01 1.544945726404943684e+02
7.872872872872872518e-01 1.544975727645401662e+02
7.975475475475475307e-01 1.545005697917954137e+02
8.078078078078078095e-01 1.545035637243118458e+02
8.180680680680680883e-01 1.545065545641125482e+02
8.283283283283282561e-01 1.545095423131928101e+02
8.385885885885886459e-01 1.545125269735173106e+02
8.488488488488488137e-01 1.545155085470231882e+02
8.591091091091090926e-01 1.545184870356233944e+02
8.693693693693693714e-01 1.545214624411990201e+02
8.796296296296295392e-01 1.545244347656083050e+02
8.898898898898899290e-01 1.545274040106825453e+02
9.001501501501500968e-01 1.545303701782256098e+02
9.104104104104103756e-01 1.545333332700180051e+02
9.206706706706706544e-01 1.545362932878154254e+02
9.309309309309309333e-01 1.545392502333478149e+02
9.411911911911912121e-01 1.545422041083211866e+02
9.514514514514513799e-01 1.545451549144191574e+02
9.617117117117117697e-01 1.545481026533004183e+02
9.719719719719719375e-01 1.545510473266008944e+02
9.822322322322322163e-01 1.545539889359338019e+02
9.924924924924924952e-01 1.545569274828905861e+02
1.002752752752752663e+00 1.545598629690414043e+02
1.013013013013012831e+00 1.545627953959313743e+02
1.023273273273273221e+00 1.545657247650875945e+02
1.033533533533533610e+00 1.545686510780147955e+02
1.043793793793793778e+00 1.545715743361964769e+02
1.054054054054053946e+00 1.545744945410962146e+02
1.064314314314314336e+00 1.545774116941580871e+02
1.074574574574574504e+00 1.545803257968038338e+02
1.084834834834834894e+00 1.545832368504378564e+02
1.095095095095095061e+00 1.545861448564446619e+02
1.105355355355355229e+00 1.545890498161883784e+02
1.115615615615615619e+00 1.545919517310163371e+02
1.125875875875876009e+00 1.545948506022547519e+02
1.136136136136136177e+00 1.545977464312140341e+02
1.146396396396396344e+00 1.546006392191843588e+02
1.156656656656656512e+00 1.546035289674394733e+02
1.166916916916916902e+00 1.546064156772345086e+02
1.177177177177177292e+00 1.546092993498072019e+02
1.187437437437437460e+00 1.546121799863794877e+02
1.197697697697697627e+00 1.546150575881544285e+02
1.207957957957957795e+00 1.546179321563196538e+02
1.218218218218218185e+00 1.546208036920457403e+02
1.228478478478478575e+00 1.546236721964860976e+02
1.238738738738738743e+00 1.546265376707806354e+02
1.248998998998998911e+00 1.546294001160496521e+02
1.259259259259259078e+00 1.546322595334015944e+02
1.269519519519519468e+00 1.546351159239256106e+02
1.279779779779779858e+00 1.546379692886988551e+02
1.290040040040040026e+00 1.546408196287807186e+02
1.300300300300300194e+00 1.546436669452174044e+02
1.310560560560560361e+00 1.546465112390394268e+02
1.320820820820820751e+00 1.546493525112627765e+02
1.331081081081081141e+00 1.546521907628894610e+02
1.341341341341341309e+00 1.546550259949069925e+02
1.351601601601601477e+00 1.546578582082880189e+02
1.361861861861861867e+00 1.546606874039923412e+02
1.372122122122122034e+00 1.546635135829665160e+02
1.382382382382382424e+00 1.546663367461410417e+02
1.392642642642642592e+00 1.546691568944356163e+02
1.402902902902902760e+00 1.546719740287547324e+02
1.413163163163163150e+00 1.546747881499918549e+02
1.423423423423423539e+00 1.546775992590250439e+02
1.433683683683683707e+00 1.546804073567209343e+02
1.443943943943943875e+00 1.546832124439332006e+02
1.454204204204204043e+00 1.546860145215028695e+02
1.464464464464464433e+00 1.546888135902590875e+02
1.474724724724724823e+00 1.546916096510178420e+02
1.484984984984984990e+00 1.546944027045831831e+02
1.495245245245245158e+00 1.546971927517481902e+02
1.505505505505505548e+00 1.546999797932926981e+02
1.515765765765765716e+00 1.547027638299850025e+02
1.526026026026025884e+00 1.547055448625832241e+02
1.536286286286286273e+00 1.547083228918318127e+02
1.546546546546546441e+00 1.547110979184656401e+02
1.556806806806806831e+00 1.547138699432072428e+02
1.567067067067066999e+00 1.547166389667693238e+02
1.577327327327327167e+00 1.547194049898511992e+02
1.587587587587587556e+00 1.547221680131436301e+02
1.597847847847847724e+00 1.547249280373255260e+02
1.608108108108108114e+00 1.547276850630660476e+02
1.618368368368368282e+00 1.547304390910218217e+02
1.628628628628628672e+00 1.547331901218415169e+02
1.638888888888888840e+00 1.547359381561612679e+02
1.649149149149149007e+00 1.547386831946093650e+02
1.659409409409409397e+00 1.547414252378006836e+02
1.669669669669669565e+00 1.547441642863435618e+02
1.679929929929929955e+00 1.547469003408347419e+02
1.690190190190190123e+00 1.547496334018593984e+02
1.700450450450450290e+00 1.547523634699972206e+02
1.710710710710710680e+00 1.547550905458143689e+02
1.720970970970970848e+00 1.547578146298696140e+02
1.731231231231231238e+00 1.547605357227113245e+02
1.741491491491491406e+00 1.547632538248782623e+02
1.751751751751751796e+00 1.547659689369021692e+02
1.762012012012011963e+00 1.547686810593023949e+02
1.772272272272272131e+00 1.547713901925913831e+02
1.782532532532532521e+00 1.547740963372726242e+02
1.792792792792792689e+00 1.547767994938395759e+02
1.803053053053053079e+00 1.547794996627774538e+02
1.813313313313313246e+00 1.547821968445626339e+02
1.823573573573573414e+00 1.547848910396626252e+02
1.833833833833833804e+00 1.547875822485374897e+02
1.844094094094093972e+00 1.547902704716379105e+02
1.854354354354354362e+00 1.547929557094056179e+02
1.864614614614614529e+00 1.547956379622752650e+02
1.874874874874874697e+00 1.547983172306723816e+02
1.885135135135135087e+00 1.548009935150154490e+02
1.895395395395395255e+00 1.548036668157126030e+02
1.905655655655655645e+00 1.548063371331666929e+02
1.915915915915915813e+00 1.548090044677716151e+02
1.926176176176176202e+00 1.548116688199115742e+02
1.936436436436436370e+00 1.548143301899666255e+02
1.946696696696696538e+00 1.548169885783052564e+02
1.956956956956956928e+00 1.548196439852908668e+02
1.967217217217217096e+00 1.548222964112787281e+02
1.977477477477477485e+00 1.548249458566174042e+02
1.987737737737737653e+00 1.548275923216446017e+02
1.997997997997997821e+00 1.548302358066947022e+02
2.008258258258257989e+00 1.548328763120929068e+02
2.018518518518518157e+00 1.548355138381572829e+02
2.028778778778778769e+00 1.548381483851999008e+02
2.039039039039038936e+00 1.548407799535232243e+02
2.049299299299299548e+00 1.548434085434248573e+02
2.059559559559559716e+00 1.548460341551947295e+02
2.069819819819819884e+00 1.548486567891158359e+02
2.080080080080080052e+00 1.548512764454645492e+02
2.090340340340340219e+00 1.548538931245091703e+02
2.100600600600600387e+00 1.548565068265140781e+02
2.110860860860860555e+00 1.548591175517329646e+02
2.121121121121120723e+00 1.548617253004171346e+02
2.131381381381381335e+00 1.548643300728087127e+02
2.141641641641641503e+00 1.548669318691440253e+02
2.151901901901902114e+00 1.548695306896524642e+02
2.162162162162162282e+00 1.548721265345578217e+02
2.172422422422422450e+00 1.548747194040764157e+02
2.182682682682682618e+00 1.548773092984203572e+02
2.192942942942942786e+00 1.548798962177930889e+02
2.203203203203202953e+00 1.548824801623933354e+02
2.213463463463463121e+00 1.548850611324135400e+02
2.223723723723723733e+00 1.548876391280394671e+02
2.233983983983983901e+00 1.548902141494520208e+02
2.244244244244244069e+00 1.548927861968241757e+02
2.254504504504504681e+00 1.548953552703256094e+02
2.264764764764764848e+00 1.548979213701182687e+02
2.275025025025025016e+00 1.549004844963584162e+02
2.285285285285285184e+00 1.549030446491971134e+02
2.295545545545545352e+00 1.549056018287795098e+02
2.305805805805805520e+00 1.549081560352451845e+02
2.316066066066065687e+00 1.549107072687273217e+02
2.326326326326326299e+00 1.549132555293552116e+02
2.336586586586586467e+00 1.549158008172507550e+02
2.346846846846847079e+00 1.549183431325322147e+02
2.357107107107107247e+00 1.549208824753094120e+02
2.367367367367367414e+00 1.549234188456908612e+02
2.377627627627627582e+00 1.549259522437769476e+02
2.387887887887887750e+00 1.549284826696626567e+02
2.398148148148147918e+00 1.549310101234397905e+02
2.408408408408408086e+00 1.549335346051926479e+02
2.418668668668668253e+00 1.549360561150018896e+02
2.428928928928928865e+00 1.549385746529422079e+02
2.439189189189189033e+00 1.549410902190837760e+02
2.449449449449449645e+00 1.549436028134912249e+02
2.459709709709709813e+00 1.549461124362251212e+02
2.469969969969969981e+00 1.549486190873396652e+02
2.480230230230230148e+00 1.549511227668846232e+02
2.490490490490490316e+00 1.549536234749057826e+02
2.500750750750750484e+00 1.549561212114434170e+02
2.511011011011011096e+00 1.549586159765319735e+02
2.521271271271271264e+00 1.549611077702038244e+02
2.531531531531531432e+00 1.549635965924826735e+02
2.541791791791791599e+00 1.549660824433923665e+02
2.552052052052051767e+00 1.549685653229476543e+02
2.562312312312312379e+00 1.549710452311611277e+02
2.572572572572572547e+00 1.549735221680408586e+02
2.582832832832832715e+00 1.549759961335887510e+02
2.593093093093092882e+00 1.549784671278039809e+02
2.603353353353353050e+00 1.549809351506807786e+02
2.613613613613613662e+00 1.549834002022072070e+02
2.623873873873873830e+00 1.549858622823703627e+02
2.634134134134133998e+00 1.549883213911490714e+02
2.644394394394394165e+00 1.549907775285218179e+02
2.654654654654654333e+00 1.549932306944590437e+02
2.664914914914914945e+00 1.549956808889302238e+02
2.675175175175175113e+00 1.549981281118973868e+02
2.685435435435435281e+00 1.550005723633211971e+02
2.695695695695695449e+00 1.550030136431573453e+02
2.705955955955956060e+00 1.550054519513565481e+02
2.716216216216216228e+00 1.550078872878656853e+02
2.726476476476476396e+00 1.550103196526281693e+02
2.736736736736736564e+00 1.550127490455837460e+02
2.746996996996996732e+00 1.550151754666667046e+02
2.757257257257257343e+00 1.550175989158089465e+02
2.767517517517517511e+00 1.550200193929366890e+02
2.777777777777777679e+00 1.550224368979740746e+02
2.788038038038037847e+00 1.550248514308411814e+02
2.798298298298298015e+00 1.550272629914518916e+02
2.808558558558558627e+00 1.550296715797202012e+02
2.818818818818818794e+00 1.550320771955528301e+02
2.829079079079078962e+00 1.550344798388545655e+02
2.839339339339339130e+00 1.550368795095263579e+02
2.849599599599599298e+00 1.550392762074644679e+02
2.859859859859859910e+00 1.550416699325626553e+02
2.870120120120120077e+00 1.550440606847110416e+02
2.880380380380380245e+00 1.550464484637949170e+02
2.890640640640640413e+00 1.550488332696971270e+02
2.900900900900900581e+00 1.550512151022973057e+02
2.911161161161161193e+00 1.550535939614709946e+02
2.921421421421421361e+00 1.550559698470888748e+02
2.931681681681681528e+00 1.550583427590208601e+02
2.941941941941941696e+00 1.550607126971314358e+02
2.952202202202201864e+00 1.550630796612828135e+02
2.962462462462462476e+00 1.550654436513333394e+02
2.972722722722722644e+00 1.550678046671377786e+02
2.982982982982982811e+00 1.550701627085478549e+02
2.993243243243242979e+00 1.550725177754121944e+02
3.003503503503503591e+00 1.550748698675766093e+02
3.013763763763763759e+00 1.550772189848818243e+02
3.024024024024023927e+00 1.550795651271675410e+02
3.034284284284284094e+00 1.550819082942686578e+02
3.044544544544544262e+00 1.550842484860181685e+02
3.054804804804804874e+00 1.550865857022453156e+02
3.065065065065065042e+00 1.550889199427749645e+02
3.075325325325325210e+00 1.550912512074319238e+02
3.085585585585585378e+00 1.550935794960354031e+02
3.095845845845845545e+00 1.550959048084023948e+02
3.106106106106106157e+00 1.550982271443465947e+02
3.116366366366366325e+00 1.551005465036793964e+02
3.126626626626626493e+00 1.551028628862084133e+02
3.136886886886886661e+00 1.551051762917395536e+02
3.147147147147146828e+00 1.551074867200739504e+02
3.157407407407407440e+00 1.551097941710109467e+02
3.167667667667667608e+00 1.551120986443475260e+02
3.177927927927927776e+00 1.551144001398769774e+02
3.188188188188187944e+00 1.551166986573900033e+02
3.198448448448448111e+00 1.551189941966734409e+02
3.208708708708708723e+00 1.551212867575141559e+02
3.218968968968968891e+00 1.551235763396939262e+02
3.229229229229229059e+00 1.551258629429920859e+02
3.239489489489489227e+00 1.551281465671853539e+02
3.249749749749749395e+00 1.551304272120486587e+02
3.260010010010010006e+00 1.551327048773530635e+02
3.270270270270270174e+00 1.551349795628675849e+02
3.280530530530530342e+00 1.551372512683583977e+02
3.290790790790790510e+00 1.551395199935891185e+02
3.301051051051051122e+00 1.551417857383214027e+02
3.311311311311311290e+00 1.551440485023134954e+02
3.321571571571571457e+00 1.551463082853208562e+02
3.331831831831831625e+00 1.551485650870974098e+02
3.342092092092091793e+00 1.551508189073943811e+02
3.352352352352352405e+00 1.551530697459600390e+02
3.362612612612612573e+00 1.551553176025402081e+02
3.372872872872872740e+00 1.551575624768783825e+02
3.383133133133132908e+00 1.551598043687161237e+02
3.393393393393393076e+00 1.551620432777927192e+02
3.403653653653653688e+00 1.551642792038430230e+02
3.413913913913913856e+00 1.551665121466025994e+02
3.424174174174174023e+00 1.551687421058017264e+02
3.434434434434434191e+00 1.551709690811704832e+02
3.444694694694694359e+00 1.551731930724369022e+02
3.454954954954954971e+00 1.551754140793239856e+02
3.465215215215215139e+00 1.551776321015559006e+02
3.475475475475475307e+00 1.551798471388516418e+02
3.485735735735735474e+00 1.551820591909288964e+02
3.495995995995995642e+00 1.551842682575055790e+02
3.506256256256256254e+00 1.551864743382934932e+02
3.516516516516516422e+00 1.551886774330050400e+02
3.526776776776776590e+00 1.551908775413488399e+02
3.537037037037036757e+00 1.551930746630315809e+02
3.547297297297296925e+00 1.551952687977603489e+02
3.557557557557557537e+00 1.551974599452367158e+02
3.567817817817817705e+00 1.551996481051617991e+02
3.578078078078077873e+00 1.552018332772337601e+02
3.588338338338338041e+00 1.552040154611505045e+02
3.598598598598598652e+00 1.552061946566056179e+02
3.608858858858858820e+00 1.552083708632931405e+02
3.619119119119118988e+00 1.552105440809027925e+02
3.629379379379379156e+00 1.552127143091232711e+02
3.639639639639639324e+00 1.552148815476422499e+02
3.649899899899899935e+00 1.552170457961443333e+02
3.660160160160160103e+00 1.552192070543120508e+02
3.670420420420420271e+00 1.552213653218258571e+02
3.680680680680680439e+00 1.552235205983661217e+02
3.690940940940940607e+00 1.552256728836095760e+02
3.701201201201201219e+00 1.552278221772307063e+02
3.711461461461461386e+00 1.552299684789049650e+02
3.721721721721721554e+00 1.552321117883024897e+02
3.731981981981981722e+00 1.552342521050932760e+02
3.742242242242241890e+00 1.552363894289463246e+02
3.752502502502502502e+00 1.552385237595265153e+02
3.762762762762762669e+00 1.552406550965001486e+02
3.773023023023022837e+00 1.552427834395291200e+02
3.783283283283283005e+00 1.552449087882738183e+02
3.793543543543543173e+00 1.552470311423949454e+02
3.803803803803803785e+00 1.552491505015485131e+02
3.814064064064063952e+00 1.552512668653918411e+02
3.824324324324324120e+00 1.552533802335790938e+02
3.834584584584584288e+00 1.552554906057617359e+02
3.844844844844844456e+00 1.552575979815920277e+02
3.855105105105105068e+00 1.552597023607183928e+02
3.865365365365365236e+00 1.552618037427893967e+02
3.875625625625625403e+00 1.552639021274508480e+02
3.885885885885885571e+00 1.552659975143466511e+02
3.896146146146146183e+00 1.552680899031204262e+02
3.906406406406406351e+00 1.552701792934137472e+02
3.916666666666666519e+00 1.552722656848653742e+02
3.926926926926926686e+00 1.552743490771152324e+02
3.937187187187186854e+00 1.552764294697989271e+02
3.947447447447447466e+00 1.552785068625524048e+02
3.957707707707707634e+00 1.552805812550093094e+02
3.967967967967967802e+00 1.552826526468020063e+02
3.978228228228227970e+00 1.552847210375614679e+02
3.988488488488488137e+00 1.552867864269175300e+02
3.998748748748748749e+00 1.552888488144972996e+02
4.009009009009009361e+00 1.552909081999282819e+02
4.019269269269269529e+00 1.552929645828354523e+02
4.029529529529529697e+00 1.552950179628423939e+02
4.039789789789789864e+00 1.552970683395718936e+02
4.050050050050050032e+00 1.552991157126448343e+02
4.060310310310310200e+00 1.553011600816810756e+02
4.070570570570570368e+00 1.553032014462994255e+02
4.080830830830830536e+00 1.553052398061164183e+02
4.091091091091090703e+00 1.553072751607476789e+02
4.101351351351350871e+00 1.553093075098082920e+02
4.111611611611611039e+00 1.553113368529111256e+02
4.121871871871871207e+00 1.553133631896688200e+02
4.132132132132131375e+00 1.553153865196904064e+02
4.142392392392391542e+00 1.553174068425866778e+02
4.152652652652652598e+00 1.553194241579651873e+02
4.162912912912912766e+00 1.553214384654340279e+02
4.173173173173172934e+00 1.553234497645982231e+02
4.183433433433433102e+00 1.553254580550612332e+02
4.193693693693694158e+00 1.553274633364285080e+02
4.203953953953954326e+00 1.553294656083003531e+02
4.214214214214214493e+00 1.553314648702788361e+02
4.224474474474474661e+00 1.553334611219646604e+02
4.234734734734734829e+00 1.553354543629545219e+02
4.244994994994994997e+00 1.553374445928480441e+02
4.255255255255255165e+00 1.553394318112407575e+02
4.265515515515515332e+00 1.553414160177284487e+02
4.275775775775775500e+00 1.553433972119050566e+02
4.286036036036035668e+00 1.553453753933644919e+02
4.296296296296295836e+00 1.553473505616990451e+02
4.306556556556556004e+00 1.553493227164987616e+02
4.316816816816816171e+00 1.553512918573547381e+02
4.327077077077076339e+00 1.553532579838554284e+02
4.337337337337336507e+00 1.553552210955901103e+02
4.347597597597597563e+00 1.553571811921446795e+02
4.357857857857857731e+00 1.553591382731053727e+02
4.368118118118117899e+00 1.553610923380579720e+02
4.378378378378378066e+00 1.553630433865857867e+02
4.388638638638638234e+00 1.553649914182726093e+02
4.398898898898899290e+00 1.553669364326999585e+02
4.409159159159159458e+00 1.553688784294496656e+02
4.419419419419419626e+00 1.553708174081019706e+02
4.429679679679679793e+00 1.553727533682364026e+02
4.439939939939939961e+00 1.553746863094311550e+02
4.450200200200200129e+00 1.553766162312644781e+02
4.460460460460460297e+00 1.553785431333119220e+02
4.470720720720720465e+00 1.553804670151501739e+02
4.480980980980980632e+00 1.553823878763546986e+02
4.491241241241240800e+00 1.553843057164988011e+02
4.501501501501500968e+00 1.553862205351555019e+02
4.511761761761761136e+00 1.553881323318983334e+02
4.522022022022022192e+00 1.553900411062985825e+02
4.532282282282282360e+00 1.553919468579263992e+02
4.542542542542542527e+00 1.553938495863521325e+02
4.552802802802802695e+00 1.553957492911463305e+02
4.563063063063062863e+00 1.553976459718752210e+02
4.573323323323323031e+00 1.553995396281085277e+02
4.583583583583583199e+00 1.554014302594115975e+02
4.593843843843843366e+00 1.554033178653509992e+02
4.604104104104103534e+00 1.554052024454930461e+02
4.614364364364364590e+00 1.554070839994019764e+02
4.624624624624624758e+00 1.554089625266413748e+02
4.634884884884884926e+00 1.554108380267745417e+02
4.645145145145145094e+00 1.554127104993650619e+02
4.655405405405405261e+00 1.554145799439729672e+02
4.665665665665665429e+00 1.554164463601607054e+02
4.675925925925925597e+00 1.554183097474893032e+02
4.686186186186185765e+00 1.554201701055175988e+02
4.696446446446445933e+00 1.554220274338049421e+02
4.706706706706706100e+00 1.554238817319102566e+02
4.716966966966967156e+00 1.554257329993911867e+02
4.727227227227227324e+00 1.554275812358054907e+02
4.737487487487487492e+00 1.554294264407094488e+02
4.747747747747747660e+00 1.554312686136591708e+02
4.758008008008007828e+00 1.554331077542092316e+02
4.768268268268267995e+00 1.554349438619165653e+02
4.778528528528528163e+00 1.554367769363344962e+02
4.788788788788788331e+00 1.554386069770164625e+02
4.799049049049048499e+00 1.554404339835153905e+02
4.809309309309308667e+00 1.554422579553850028e+02
4.819569569569569722e+00 1.554440788921760941e+02
4.829829829829829890e+00 1.554458967934415057e+02
4.840090090090090058e+00 1.554477116587316914e+02
4.850350350350350226e+00 1.554495234875968777e+02
4.860610610610610394e+00 1.554513322795876036e+02
4.870870870870870561e+00 1.554531380342535272e+02
4.881131131131130729e+00 1.554549407511426864e+02
4.891391391391390897e+00 1.554567404298053361e+02
4.901651651651651065e+00 1.554585370697876670e+02
4.911911911911912121e+00 1.554603306706381431e+02
4.922172172172172289e+00 1.554621212319041206e+02
4.932432432432432456e+00 1.554639087531320740e+02
4.942692692692692624e+00 1.554656932338678246e+02
4.952952952952952792e+00 1.554674746736583018e+02
4.963213213213212960e+00 1.554692530720481614e+02
4.973473473473473128e+00 1.554710284285820592e+02
4.983733733733733295e+00 1.554728007428059868e+02
4.993993993993993463e+00 1.554745700142628380e+02
5.004254254254253631e+00 1.554763362424968705e+02
5.014514514514514687e+00 1.554780994270517738e+02
5.024774774774774855e+00 1.554798595674710384e+02
5.035035035035035023e+00 1.554816166632959096e+02
5.045295295295295190e+00 1.554833707140691672e+02
5.055555555555555358e+00 1.554851217193343871e+02
5.065815815815815526e+00 1.554868696786316207e+02
5.076076076076075694e+00 1.554886145915029658e+02
5.086336336336335862e+00 1.554903564574882466e+02
5.096596596596596029e+00 1.554920952761303568e+02
5.106856856856856197e+00 1.554938310469678981e+02
5.117117117117117253e+00 1.554955637695414907e+02
5.127377377377377421e+00 1.554972934433911291e+02
5.137637637637637589e+00 1.554990200680562680e+02
5.147897897897897757e+00 1.555007436430757934e+02
5.158158158158157924e+00 1.555024641679897854e+02
5.168418418418418092e+00 1.555041816423358512e+02
5.178678678678678260e+00 1.555058960656521947e+02
5.188938938938938428e+00 1.555076074374788675e+02
5.199199199199198596e+00 1.555093157573514873e+02
5.209459459459459651e+00 1.555110210248099349e+02
5.219719719719719819e+00 1.555127232393900272e+02
5.229979979979979987e+00 1.555144224006299680e+02
5.240240240240240155e+00 1.555161185080675637e+02
5.250500500500500323e+00 1.555178115612380623e+02
5.260760760760760490e+00 1.555195015596800374e+02
5.271021021021020658e+00 1.555211885029279699e+02
5.281281281281280826e+00 1.555228723905196659e+02
5.291541541541540994e+00 1.555245532219917379e+02
5.301801801801801162e+00 1.555262309968790362e+02
5.312062062062062218e+00 1.555279057147178037e+02
5.322322322322322385e+00 1.555295773750439992e+02
5.332582582582582553e+00 1.555312459773927856e+02
5.342842842842842721e+00 1.555329115213003774e+02
5.353103103103102889e+00 1.555345740063017388e+02
5.363363363363363057e+00 1.555362334319310662e+02
5.373623623623623224e+00 1.555378897977249437e+02
5.383883883883883392e+00 1.555395431032179090e+02
5.394144144144143560e+00 1.555411933479442439e+02
5.404404404404403728e+00 1.555428405314396798e+02
5.414664664664664784e+00 1.555444846532382144e+02
5.424924924924924952e+00 1.555461257128745842e+02
5.435185185185185119e+00 1.555477637098843502e+02
5.445445445445445287e+00 1.555493986438005436e+02
5.455705705705705455e+00 1.555510305141579011e+02
5.465965965965965623e+00 1.555526593204919834e+02
5.476226226226225791e+00 1.555542850623348841e+02
5.486486486486485958e+00 1.555559077392233291e+02
5.496746746746746126e+00 1.555575273506903500e+02
5.507007007007007182e+00 1.555591438962707684e+02
5.517267267267267350e+00 1.555607573754981843e+02
5.527527527527527518e+00 1.555623677879073341e+02
5.537787787787787686e+00 1.555639751330318745e+02
5.548048048048047853e+00 1.555655794104062011e+02
5.558308308308308021e+00 1.555671806195656188e+02
5.568568568568568189e+00 1.555687787600432159e+02
5.578828828828828357e+00 1.555703738313728763e+02
5.589089089089088525e+00 1.555719658330897630e+02
5.599349349349348692e+00 1.555735547647276178e+02
5.609609609609609748e+00 1.555751406258220015e+02
5.619869869869869916e+00 1.555767234159056613e+02
5.630130130130130084e+00 1.555783031345147833e+02
5.640390390390390252e+00 1.555798797811823988e+02
5.650650650650650419e+00 1.555814533554433581e+02
5.660910910910910587e+00 1.555830238568337052e+02
5.671171171171170755e+00 1.555845912848860166e+02
5.681431431431430923e+00 1.555861556391370755e+02
5.691691691691691091e+00 1.555877169191211351e+02
5.701951951951951258e+00 1.555892751243726195e+02
5.712212212212212314e+00 1.555908302544272601e+02
5.722472472472472482e+00 1.555923823088203335e+02
5.732732732732732650e+00 1.555939312870864910e+02
5.742992992992992818e+00 1.555954771887624872e+02
5.753253253253252986e+00 1.555970200133826324e+02
5.763513513513513153e+00 1.555985597604831412e+02
5.773773773773773321e+00 1.556000964295999154e+02
5.784034034034033489e+00 1.556016300202687432e+02
5.794294294294293657e+00 1.556031605320264077e+02
5.804554554554554713e+00 1.556046879644086687e+02
5.814814814814814881e+00 1.556062123169523943e+02
5.825075075075075048e+00 1.556077335891939413e+02
5.835335335335335216e+00 1.556092517806700357e+02
5.845595595595595384e+00 1.556107668909178301e+02
5.855855855855855552e+00 1.556122789194745053e+02
5.866116116116115720e+00 1.556137878658775833e+02
5.876376376376375887e+00 1.556152937296646428e+02
5.886636636636636055e+00 1.556167965103727511e+02
5.896896896896896223e+00 1.556182962075418743e+02
5.907157157157157279e+00 1.556197928207075734e+02
5.917417417417417447e+00 1.556212863494102692e+02
5.927677677677677615e+00 1.556227767931876542e+02
5.937937937937937782e+00 1.556242641515786147e+02
5.948198198198197950e+00 1.556257484241226905e+02
5.958458458458458118e+00 1.556272296103598478e+02
5.968718718718718286e+00 1.556287077098279497e+02
5.978978978978978454e+00 1.556301827220687244e+02
5.989239239239238621e+00 1.556316546466205750e+02
5.999499499499498789e+00 1.556331234830247467e+02
6.009759759759759845e+00 1.556345892308231953e+02
6.020020020020020013e+00 1.556360518895547784e+02
6.030280280280280181e+00 1.556375114587620772e+02
6.040540540540540349e+00 1.556389679379849724e+02
6.050800800800800516e+00 1.556404213267670116e+02
6.061061061061060684e+00 1.556418716246492977e+02
6.071321321321320852e+00 1.556433188311749518e+02
6.081581581581581020e+00 1.556447629458857875e+02
6.091841841841841187e+00 1.556462039683254091e+02
6.102102102102102243e+00 1.556476418980377332e+02
6.112362362362362411e+00 1.556490767345644883e+02
6.122622622622622579e+00 1.556505084774517513e+02
6.132882882882882747e+00 1.556519371262425011e+02
6.143143143143142915e+00 1.556533626804822461e+02
6.153403403403403082e+00 1.556547851397151021e+02
6.163663663663663250e+00 1.556562045034870891e+02
6.173923923923923418e+00 1.556576207713438578e+02
6.184184184184183586e+00 1.556590339428312859e+02
6.194444444444443754e+00 1.556604440174956494e+02
6.204704704704704810e+00 1.556618509948843609e+02
6.214964964964964977e+00 1.556632548745435827e+02
6.225225225225225145e+00 1.556646556560218073e+02
6.235485485485485313e+00 1.556660533388663623e+02
6.245745745745745481e+00 1.556674479226253993e+02
6.256006006006005649e+00 1.556688394068488890e+02
6.266266266266265816e+00 1.556702277910846419e+02
6.276526526526525984e+00 1.556716130748828846e+02
6.286786786786786152e+00 1.556729952577926213e+02
6.297047047047046320e+00 1.556743743393654995e+02
6.307307307307307376e+00 1.556757503191514047e+02
6.317567567567567544e+00 1.556771231967011602e+02
6.327827827827827711e+00 1.556784929715672661e+02
6.338088088088087879e+00 1.556798596433012563e+02
6.348348348348348047e+00 1.556812232114558583e+02
6.358608608608608215e+00 1.556825836755837145e+02
6.368868868868868383e+00 1.556839410352384903e+02
6.379129129129128550e+00 1.556852952899739364e+02
6.389389389389388718e+00 1.556866464393436331e+02
6.399649649649649774e+00 1.556879944829044291e+02
6.409909909909909942e+00 1.556893394202084266e+02
6.420170170170170110e+00 1.556906812508132418e+02
6.430430430430430278e+00 1.556920199742743876e+02
6.440690690690690445e+00 1.556933555901493378e+02
6.450950950950950613e+00 1.556946880979945149e+02
6.461211211211210781e+00 1.556960174973669950e+02
6.471471471471470949e+00 1.556973437878266395e+02
6.481731731731731116e+00 1.556986669689297571e+02
6.491991991991991284e+00 1.556999870402366355e+02
6.502252252252252340e+00 1.557013040013066814e+02
6.512512512512512508e+00 1.557026178517003814e+02
6.522772772772772676e+00 1.557039285909777959e+02
6.533033033033032844e+00 1.557052362186999233e+02
6.543293293293293011e+00 1.557065407344293533e+02
6.553553553553553179e+00 1.557078421377280506e+02
6.563813813813813347e+00 1.557091404281574114e+02
6.574074074074073515e+00 1.557104356052820151e+02
6.584334334334333683e+00 1.557117276686650769e+02
6.594594594594593850e+00 1.557130166178720003e+02
6.604854854854854906e+00 1.557143024524659722e+02
6.615115115115115074e+00 1.557155851720135331e+02
6.625375375375375242e+00 1.557168647760809108e+02
6.635635635635635410e+00 1.557181412642339353e+02
6.645895895895895578e+00 1.557194146360391755e+02
6.656156156156155745e+00 1.557206848910664121e+02
6.666416416416415913e+00 1.557219520288827255e+02
6.676676676676676081e+00 1.557232160490565605e+02
6.686936936936936249e+00 1.557244769511572429e+02
6.697197197197197305e+00 1.557257347347557186e+02
6.707457457457457473e+00 1.557269893994221661e+02
6.717717717717717640e+00 1.557282409447279861e+02
6.727977977977977808e+00 1.557294893702449485e+02
6.738238238238237976e+00 1.557307346755456479e+02
6.748498498498498144e+00 1.557319768602030763e+02
6.758758758758758312e+00 1.557332159237898281e+02
6.769019019019018479e+00 1.557344518658813399e+02
6.779279279279278647e+00 1.557356846860527355e+02
6.789539539539538815e+00 1.557369143838783145e+02
6.799799799799799871e+00 1.557381409589357020e+02
6.810060060060060039e+00 1.557393644107997375e+02
6.820320320320320207e+00 1.557405847390497797e+02
6.830580580580580374e+00 1.557418019432622032e+02
6.840840840840840542e+00 1.557430160230175318e+02
6.851101101101100710e+00 1.557442269778939021e+02
6.861361361361360878e+00 1.557454348074720940e+02
6.871621621621621046e+00 1.557466395113314093e+02
6.881881881881881213e+00 1.557478410890539067e+02
6.892142142142141381e+00 1.557490395402217871e+02
6.902402402402402437e+00 1.557502348644174219e+02
6.912662662662662605e+00 1.557514270612243479e+02
6.922922922922922773e+00 1.557526161302265564e+02
6.933183183183182940e+00 1.557538020710082378e+02
6.943443443443443108e+00 1.557549848831553447e+02
6.953703703703703276e+00 1.557561645662535454e+02
6.963963963963963444e+00 1.557573411198900430e+02
6.974224224224223612e+00 1.557585145436515859e+02
6.984484484484483779e+00 1.557596848371268834e+02
6.994744744744744835e+00 1.557608519999039913e+02
7.005005005005005003e+00 1.557620160315735802e+02
7.015265265265265171e+00 1.557631769317250985e+02
7.025525525525525339e+00 1.557643346999499556e+02
7.035785785785785507e+00 1.557654893358387085e+02
7.046046046046045674e+00 1.557666408389842161e+02
7.056306306306305842e+00 1.557677892089809006e+02
7.066566566566566010e+00 1.557689344454218769e+02
7.076826826826826178e+00 1.557700765479005440e+02
7.087087087087086346e+00 1.557712155160139105e+02
7.097347347347347402e+00 1.557723513493569953e+02
7.107607607607607569e+00 1.557734840475267220e+02
7.117867867867867737e+00 1.557746136101209231e+02
7.128128128128127905e+00 1.557757400367372043e+02
7.138388388388388073e+00 1.557768633269750751e+02
7.148648648648648241e+00 1.557779834804341306e+02
7.158908908908908408e+00 1.557791004967158415e+02
7.169169169169168576e+00 1.557802143754200017e+02
7.179429429429428744e+00 1.557813251161498158e+02
7.189689689689688912e+00 1.557824327185074651e+02
7.199949949949949968e+00 1.557835371820973478e+02
7.210210210210210136e+00 1.557846385065232369e+02
7.220470470470470303e+00 1.557857366913899568e+02
7.230730730730730471e+00 1.557868317363038102e+02
7.240990990990990639e+00 1.557879236408718953e+02
7.251251251251250807e+00 1.557890124047017650e+02
7.261511511511510975e+00 1.557900980274010863e+02
7.271771771771771142e+00 1.557911805085795720e+02
7.282032032032031310e+00 1.557922598478468785e+02
7.292292292292292366e+00 1.557933360448132589e+02
7.302552552552552534e+00 1.557944090990908137e+02
7.312812812812812702e+00 1.557954790102922971e+02
7.323073073073072869e+00 1.557965457780298948e+02
7.333333333333333037e+00 1.557976094019180664e+02
7.343593593593593205e+00 1.557986698815713851e+02
7.353853853853853373e+00 1.557997272166059304e+02
7.364114114114113541e+00 1.558007814066372418e+02
7.374374374374373708e+00 1.558018324512839854e+02
7.384634634634633876e+00 1.558028803501627806e+02
7.394894894894894932e+00 1.558039251028931176e+02
7.405155155155155100e+00 1.558049667090947707e+02
7.415415415415415268e+00 1.558060051683886513e+02
7.425675675675675436e+00 1.558070404803961821e+02
7.435935935935935603e+00 1.558080726447388145e+02
7.446196196196195771e+00 1.558091016610404438e+02
7.456456456456455939e+00 1.558101275289248804e+02
7.466716716716716107e+00 1.558111502480170145e+02
7.476976976976976275e+00 1.558121698179431007e+02
7.487237237237236442e+00 1.558131862383281998e+02
7.497497497497497498e+00 1.558141995088012379e+02
7.507757757757757666e+00 1.558152096289903454e+02
7.518018018018017834e+00 1.558162165985240790e+02
7.528278278278278002e+00 1.558172204170327575e+02
7.538538538538538170e+00 1.558182210841470408e+02
7.548798798798798337e+00 1.558192185994998056e+02
7.559059059059058505e+00 1.558202129627221666e+02
7.569319319319318673e+00 1.558212041734491606e+02
7.579579579579578841e+00 1.558221922313148298e+02
7.589839839839839897e+00 1.558231771359537845e+02
7.600100100100100065e+00 1.558241588870031933e+02
7.610360360360360232e+00 1.558251374841005941e+02
7.620620620620620400e+00 1.558261129268815637e+02
7.630880880880880568e+00 1.558270852149886139e+02
7.641141141141140736e+00 1.558280543480589984e+02
7.651401401401400904e+00 1.558290203257356268e+02
7.661661661661661071e+00 1.558299831476576003e+02
7.671921921921921239e+00 1.558309428134693633e+02
7.682182182182181407e+00 1.558318993228141096e+02
7.692442442442442463e+00 1.558328526753364258e+02
7.702702702702702631e+00 1.558338028706814669e+02
7.712962962962962798e+00 1.558347499084953256e+02
7.723223223223222966e+00 1.558356937884253171e+02
7.733483483483483134e+00 1.558366345101201489e+02
7.743743743743743302e+00 1.558375720732284435e+02
7.754004004004003470e+00 1.558385064774002160e+02
7.764264264264263637e+00 1.558394377222864478e+02
7.774524524524523805e+00 1.558403658075389444e+02
7.784784784784783973e+00 1.558412907328112738e+02
7.795045045045045029e+00 1.558422124977570036e+02
7.805305305305305197e+00 1.558431311020306396e+02
7.815565565565565365e+00 1.558440465452873980e+02
7.825825825825825532e+00 1.558449588271853372e+02
7.836086086086085700e+00 1.558458679473808388e+02
7.846346346346345868e+00 1.558467739055329275e+02
7.856606606606606036e+00 1.558476767013008839e+02
7.866866866866866204e+00 1.558485763343461485e+02
7.877127127127126371e+00 1.558494728043296220e+02
7.887387387387387427e+00 1.558503661109134555e+02
7.897647647647647595e+00 1.558512562537623296e+02
7.907907907907907763e+00 1.558521432325387366e+02
7.918168168168167931e+00 1.558530270469094035e+02
7.928428428428428099e+00 1.558539076965411994e+02
7.938688688688688266e+00 1.558547851810999703e+02
7.948948948948948434e+00 1.558556595002552285e+02
7.959209209209208602e+00 1.558565306536762307e+02
7.969469469469468770e+00 1.558573986410325460e+02
7.979729729729728938e+00 1.558582634619966996e+02
7.989989989989989994e+00 1.558591251162399658e+02
8.000250250250250161e+00 1.558599836034357224e+02
8.010510510510510329e+00 1.558608389232595357e+02
8.020770770770770497e+00 1.558616910753852949e+02
8.031031031031030665e+00 1.558625400594908967e+02
8.041291291291290833e+00 1.558633858752519643e+02
8.051551551551551000e+00 1.558642285223473323e+02
8.061811811811811168e+00 1.558650680004575975e+02
8.072072072072071336e+00 1.558659043092620777e+02
8.082332332332331504e+00 1.558667374484425352e+02
8.092592592592591672e+00 1.558675674176808172e+02
8.102852852852851839e+00 1.558683942166613861e+02
8.113113113113112007e+00 1.558692178450679933e+02
8.123373373373372175e+00 1.558700383025867495e+02
8.133633633633632343e+00 1.558708555889035665e+02
8.143893893893892511e+00 1.558716697037061749e+02
8.154154154154152678e+00 1.558724806466844370e+02
8.164414414414412846e+00 1.558732884175267657e+02
8.174674674674673014e+00 1.558740930159237905e+02
8.184934934934934958e+00 1.558748944415669371e+02
8.195195195195195126e+00 1.558756926941501035e+02
8.205455455455455294e+00 1.558764877733663923e+02
8.215715715715715461e+00 1.558772796789116626e+02
8.225975975975975629e+00 1.558780684104799548e+02
8.236236236236235797e+00 1.558788539677702261e+02
8.246496496496495965e+00 1.558796363504796716e+02
8.256756756756756133e+00 1.558804155583062823e+02
8.267017017017016300e+00 1.558811915909527954e+02
8.277277277277276468e+00 1.558819644481193052e+02
8.287537537537538412e+00 1.558827341295067868e+02
8.297797797797798580e+00 1.558835006348197680e+02
8.308058058058058748e+00 1.558842639637631464e+02
8.318318318318318916e+00 1.558850241160418761e+02
8.328578578578579084e+00 1.558857810913615367e+02
8.338838838838839251e+00 1.558865348894308340e+02
8.349099099099099419e+00 1.558872855099592982e+02
8.359359359359359587e+00 1.558880329526547541e+02
8.369619619619619755e+00 1.558887772172299435e+02
8.379879879879879923e+00 1.558895183033961302e+02
8.390140140140140090e+00 1.558902562108654593e+02
8.400400400400400258e+00 1.558909909393533155e+02
8.410660660660660426e+00 1.558917224885742314e+02
8.420920920920920594e+00 1.558924508582454962e+02
8.431181181181180762e+00 1.558931760480828643e+02
8.441441441441440929e+00 1.558938980578056430e+02
8.451701701701701097e+00 1.558946168871339069e+02
8.461961961961961265e+00 1.558953325357886399e+02
8.472222222222221433e+00 1.558960450034904284e+02
8.482482482482481601e+00 1.558967542899630416e+02
8.492742742742741768e+00 1.558974603949297659e+02
8.503003003003001936e+00 1.558981633181163318e+02
8.513263263263262104e+00 1.558988630592492655e+02
8.523523523523522272e+00 1.558995596180556333e+02
8.533783783783784216e+00 1.559002529942628428e+02
8.544044044044044384e+00 1.559009431876021381e+02
8.554304304304304551e+00 1.559016301978029446e+02
8.564564564564564719e+00 1.559023140245985246e+02
8.574824824824824887e+00 1.559029946677196392e+02
8.585085085085085055e+00 1.559036721269019381e+02
8.595345345345345223e+00 1.559043464018805309e+02
8.605605605605605390e+00 1.559050174923911243e+02
8.615865865865865558e+00 1.559056853981712436e+02
8.626126126126125726e+00 1.559063501189597218e+02
8.636386386386385894e+00 1.559070116544955908e+02
8.646646646646646062e+00 1.559076700045213784e+02
8.656906906906906229e+00 1.559083251687767131e+02
8.667167167167166397e+00 1.559089771470061407e+02
8.677427427427426565e+00 1.559096259389540080e+02
8.687687687687686733e+00 1.559102715443647469e+02
8.697947947947946901e+00 1.559109139629864558e+02
8.708208208208207068e+00 1.559115531945649025e+02
8.718468468468467236e+00 1.559121892388492654e+02
8.728728728728729180e+00 1.559128220955908546e+02
8.738988988988989348e+00 1.559134517645396727e+02
8.749249249249249516e+00 1.559140782454482803e+02
8.759509509509509684e+00 1.559147015380699202e+02
8.769769769769769852e+00 1.559153216421591424e+02
8.780030030030030019e+00 1.559159385574716339e+02
8.790290290290290187e+00 1.559165522837645597e+02
8.800550550550550355e+00 1.559171628207956815e+02
8.810810810810810523e+00 1.559177701683247790e+02
8.821071071071070691e+00 1.559183743261112625e+02
8.831331331331330858e+00 1.559189752939169296e+02
8.841591591591591026e+00 1.559195730715055106e+02
8.851851851851851194e+00 1.559201676586383201e+02
8.862112112112111362e+00 1.559207590550837210e+02
8.872372372372371530e+00 1.559213472606055575e+02
8.882632632632631697e+00 1.559219322749721357e+02
8.892892892892891865e+00 1.559225140979511934e+02
8.903153153153152033e+00 1.559230927293139928e+02
8.913413413413412201e+00 1.559236681688300337e+02
8.923673673673672369e+00 1.559242404162718856e+02
8.933933933933934313e+00 1.559248094714116633e+02
8.944194194194194480e+00 1.559253753340258015e+02
8.954454454454454648e+00 1.559259380038886320e+02
8.964714714714714816e+00 1.559264974807782380e+02
8.974974974974974984e+00 1.559270537644702870e+02
8.985235235235235152e+00 1.559276068547460739e+02
8.995495495495495319e+00 1.559281567513848188e+02
9.005755755755755487e+00 1.559287034541691526e+02
9.016016016016015655e+00 1.559292469628811659e+02
9.026276276276275823e+00 1.559297872773040297e+02
9.036536536536535991e+00 1.559303243972240693e+02
9.046796796796796158e+00 1.559308583224273548e+02
9.057057057057056326e+00 1.559313890527002968e+02
9.067317317317316494e+00 1.559319165878332853e+02
9.077577577577576662e+00 1.559324409276156871e+02
9.087837837837836830e+00 1.559329620718384604e+02
9.098098098098096997e+00 1.559334800202938709e+02
9.108358358358357165e+00 1.559339947727752360e+02
9.118618618618617333e+00 1.559345063290779478e+02
9.128878878878879277e+00 1.559350146889972564e+02
9.139139139139139445e+00 1.559355198523315380e+02
9.149399399399399613e+00 1.559360218188770091e+02
9.159659659659659781e+00 1.559365205884352008e+02
9.169919919919919948e+00 1.559370161608062801e+02
9.180180180180180116e+00 1.559375085357924604e+02
9.190440440440440284e+00 1.559379977131966371e+02
9.200700700700700452e+00 1.559384836928230129e+02
9.210960960960960620e+00 1.559389664744781498e+02
9.221221221221220787e+00 1.559394460579676718e+02
9.231481481481480955e+00 1.559399224431015227e+02
9.241741741741741123e+00 1.559403956296867477e+02
9.252002002002001291e+00 1.559408656175357066e+02
9.262262262262261459e+00 1.559413324064592530e+02
9.272522522522521626e+00 1.559417959962704856e+02
9.282782782782781794e+00 1.559422563867838392e+02
9.293043043043041962e+00 1.559427135778148568e+02
9.303303303303302130e+00 1.559431675691812416e+02
9.313563563563562298e+00 1.559436183606979682e+02
9.323823823823824242e+00 1.559440659521862074e+02
9.334084084084084409e+00 1.559445103434667033e+02
9.344344344344344577e+00 1.559449515343604276e+02
9.354604604604604745e+00 1.559453895246893467e+02
9.364864864864864913e+00 1.559458243142798892e+02
9.375125125125125081e+00 1.559462559029549027e+02
9.385385385385385248e+00 1.559466842905423221e+02
9.395645645645645416e+00 1.559471094768694286e+02
9.405905905905905584e+00 1.559475314617652373e+02
9.416166166166165752e+00 1.559479502450610937e+02
9.426426426426425920e+00 1.559483658265869508e+02
9.436686686686686087e+00 1.559487782061756036e+02
9.446946946946946255e+00 1.559491873836625189e+02
9.457207207207206423e+00 1.559495933588827086e+02
9.467467467467466591e+00 1.559499961316709573e+02
9.477727727727726759e+00 1.559503957018673930e+02
9.487987987987986926e+00 1.559507920693090455e+02
9.498248248248247094e+00 1.559511852338373217e+02
9.508508508508507262e+00 1.559515751952930884e+02
9.518768768768767430e+00 1.559519619535194295e+02
9.529029029029029374e+00 1.559523455083610770e+02
9.539289289289289542e+00 1.559527258596615411e+02
9.549549549549549710e+00 1.559531030072692772e+02
9.559809809809809877e+00 1.559534769510303533e+02
9.570070070070070045e+00 1.559538476907951292e+02
9.580330330330330213e+00 1.559542152264127708e+02
9.590590590590590381e+00 1.559545795577363947e+02
9.600850850850850549e+00 1.559549406846171848e+02
9.611111111111110716e+00 1.559552986069099632e+02
9.621371371371370884e+00 1.559556533244698073e+02
9.631631631631631052e+00 1.559560048371539551e+02
9.641891891891891220e+00 1.559563531448199853e+02
9.652152152152151388e+00 1.559566982473268126e+02
9.662412412412411555e+00 1.559570401445347159e+02
9.672672672672671723e+00 1.559573788363056792e+02
9.682932932932931891e+00 1.559577143225026816e+02
9.693193193193192059e+00 1.559580466029895831e+02
9.703453453453452227e+00 1.559583756776317216e+02
9.713713713713712394e+00 1.559587015462971635e+02
9.723973973973974338e+00 1.559590242088524974e+02
9.734234234234234506e+00 1.559593436651678928e+02
9.744494494494494674e+00 1.559596599151130079e+02
9.754754754754754842e+00 1.559599729585596890e+02
9.765015015015015010e+00 1.559602827953827102e+02
9.775275275275275177e+00 1.559605894254541738e+02
9.785535535535535345e+00 1.559608928486513832e+02
9.795795795795795513e+00 1.559611930648507894e+02
9.806056056056055681e+00 1.559614900739303778e+02
9.816316316316315849e+00 1.559617838757694130e+02
9.826576576576576016e+00 1.559620744702503430e+02
9.836836836836836184e+00 1.559623618572531996e+02
9.847097097097096352e+00 1.559626460366619085e+02
9.857357357357356520e+00 1.559629270083619303e+02
9.867617617617616688e+00 1.559632047722378445e+02
9.877877877877876855e+00 1.559634793281781810e+02
9.888138138138137023e+00 1.559637506760713279e+02
9.898398398398397191e+00 1.559640188158045930e+02
9.908658658658657359e+00 1.559642837472721908e+02
9.918918918918919303e+00 1.559645454703645555e+02
9.929179179179179471e+00 1.559648039849768963e+02
9.939439439439439639e+00 1.559650592910022056e+02
9.949699699699699806e+00 1.559653113883378523e+02
9.959959959959959974e+00 1.559655602768813480e+02
9.970220220220220142e+00 1.559658059565302608e+02
9.980480480480480310e+00 1.559660484271862799e+02
9.990740740740740478e+00 1.559662876887496168e+02
1.000100100100100065e+01 1.559665237411238081e+02
1.001126126126126081e+01 1.559667565842120496e+02
1.002152152152152098e+01 1.559669862179199242e+02
1.003178178178178115e+01 1.559672126421535268e+02
1.004204204204204132e+01 1.559674358568213108e+02
1.005230230230230148e+01 1.559676558618319575e+02
1.006256256256256165e+01 1.559678726570955405e+02
1.007282282282282182e+01 1.559680862425244356e+02
1.008308308308308199e+01 1.559682966180315589e+02
1.009334334334334216e+01 1.559685037835305650e+02
1.010360360360360232e+01 1.559687077389380363e+02
1.011386386386386249e+01 1.559689084841704698e+02
1.012412412412412444e+01 1.559691060191448457e+02
1.013438438438438460e+01 1.559693003437822938e+02
1.014464464464464477e+01 1.559694914580027501e+02
1.015490490490490494e+01 1.559696793617287369e+02
1.016516516516516511e+01 1.559698640548837432e+02
1.017542542542542527e+01 1.559700455373914281e+02
1.018568568568568544e+01 1.559702238091789752e+02
1.019594594594594561e+01 1.559703988701725734e+02
1.020620620620620578e+01 1.559705707203011968e+02
1.021646646646646595e+01 1.559707393594963207e+02
1.022672672672672611e+01 1.559709047876862940e+02
1.023698698698698628e+01 1.559710670048052918e+02
1.024724724724724645e+01 1.559712260107874613e+02
1.025750750750750662e+01 1.559713818055670060e+02
1.026776776776776678e+01 1.559715343890800625e+02
1.027802802802802695e+01 1.559716837612656946e+02
1.028828828828828712e+01 1.559718299220616586e+02
1.029854854854854729e+01 1.559719728714084397e+02
1.030880880880880746e+01 1.559721126092486543e+02
1.031906906906906940e+01 1.559722491355248621e+02
1.032932932932932957e+01 1.559723824501798788e+02
1.033958958958958974e+01 1.559725125531604988e+02
1.034984984984984990e+01 1.559726394444142556e+02
1.036011011011011007e+01 1.559727631238880292e+02
1.037037037037037024e+01 1.559728835915318541e+02
1.038063063063063041e+01 1.559730008472963618e+02
1.039089089089089057e+01 1.559731148911331502e+02
1.040115115115115074e+01 1.559732257229964887e+02
1.041141141141141091e+01 1.559733333428407605e+02
1.042167167167167108e+01 1.559734377506223382e+02
1.043193193193193125e+01 1.559735389462980777e+02
1.044219219219219141e+01 1.559736369298267107e+02
1.045245245245245158e+01 1.559737317011676794e+02
1.046271271271271175e+01 1.559738232602835524e+02
1.047297297297297192e+01 1.559739116071351077e+02
1.048323323323323208e+01 1.559739967416882394e+02
1.049349349349349225e+01 1.559740786639067380e+02
1.050375375375375242e+01 1.559741573737572651e+02
1.051401401401401436e+01 1.559742328712076187e+02
1.052427427427427453e+01 1.559743051562275582e+02
1.053453453453453470e+01 1.559743742287870134e+02
1.054479479479479487e+01 1.559744400888579889e+02
1.055505505505505504e+01 1.559745027364139958e+02
1.056531531531531520e+01 1.559745621714282606e+02
1.057557557557557537e+01 1.559746183938764830e+02
1.058583583583583554e+01 1.559746714037369202e+02
1.059609609609609571e+01 1.559747212009868633e+02
1.060635635635635587e+01 1.559747677856063319e+02
1.061661661661661604e+01 1.559748111575762834e+02
1.062687687687687621e+01 1.559748513168787838e+02
1.063713713713713638e+01 1.559748882634980873e+02
1.064739739739739655e+01 1.559749219974180789e+02
1.065765765765765671e+01 1.559749525186251446e+02
1.066791791791791688e+01 1.559749798271078873e+02
1.067817817817817705e+01 1.559750039228536025e+02
1.068843843843843722e+01 1.559750248058527688e+02
1.069869869869869738e+01 1.559750424760981105e+02
1.070895895895895755e+01 1.559750569335812429e+02
1.071921921921921950e+01 1.559750681782961124e+02
1.072947947947947966e+01 1.559750762102393651e+02
1.073973973973973983e+01 1.559750810294057146e+02
1.075000000000000000e+01 1.559750826357952747e+02
