5.000000000000000000e-01 1.666902345148711662e-01
8.203125000000000000e-01 1.747788603808952679e-01
1.140625000000000000e+00 1.754805315309977409e-01
1.460937500000000000e+00 1.869123115048493267e-01
1.781250000000000000e+00 1.897142596536372516e-01
2.101562500000000000e+00 1.922304609589753632e-01
2.421875000000000000e+00 1.911145951630771334e-01
2.742187500000000000e+00 2.026591957370957320e-01
3.062500000000000000e+00 2.138696413891040538e-01
3.382812500000000000e+00 2.177977236728593780e-01
3.703125000000000000e+00 2.256430168305862960e-01
4.023437500000000000e+00 2.269005631434350134e-01
4.343750000000000000e+00 2.379055639343515272e-01
4.664062500000000000e+00 2.454371524178600161e-01
4.984375000000000000e+00 2.475077343340293390e-01
5.304687500000000000e+00 2.523899394149183850e-01
5.625000000000000000e+00 2.646584690785347971e-01
5.945312500000000000e+00 2.750175976283565360e-01
6.265625000000000000e+00 2.800837410662543325e-01
6.585937500000000000e+00 2.820943473188705641e-01
6.906250000000000000e+00 2.982276677945837617e-01
7.226562500000000000e+00 2.973992947198274006e-01
7.546875000000000000e+00 3.044606488504438824e-01
7.867187500000000000e+00 3.001891923124384576e-01
8.187500000000000000e+00 3.058950215063698796e-01
8.507812500000000000e+00 3.172601390185459946e-01
8.828125000000000000e+00 3.108943609565270605e-01
9.148437500000000000e+00 3.134395617109933529e-01
9.468750000000000000e+00 3.216166859840953740e-01
9.789062500000000000e+00 3.293174245689448609e-01
1.010937500000000000e+01 3.340553910815030614e-01
1.042968750000000000e+01 3.326145960304033866e-01
1.075000000000000000e+01 3.224115671844404729e-01
