7.629622379651479605e+03 5.540457593452595120e+01
5.843526250923830048e+03 6.590693352503268443e+01
4.474525456735130319e+03 7.755690689856265863e+01
3.342521927189250164e+03 8.798970772858957901e+01
2.425542437866709861e+03 1.039080543205779463e+02
1.701613764348029918e+03 1.198105538995069566e+02
1.148762682213739936e+03 1.363419416573172782e+02
7.450159670443659934e+02 1.470202106034283815e+02
4.684003944204320078e+02 1.509640366217310259e+02
3.408829242719870081e+02 1.571161244091757112e+02
2.884361775485659791e+02 1.583555424440575052e+02
2.746712224468880095e+02 1.609602159876275209e+02
2.707458897980159804e+02 1.628656979300053536e+02
2.695503493105520079e+02 1.597991489517679895e+02
