7.629622379651479605e+03 5.013375822395286008e+01
5.843526250923830048e+03 6.610138687182966066e+01
4.474525456735130319e+03 7.424044466323928759e+01
3.342521927189250164e+03 8.554772594952919462e+01
2.425542437866709861e+03 1.047884512691904604e+02
1.701613764348029918e+03 1.189608639413458206e+02
1.148762682213739936e+03 1.322509993035252194e+02
7.450159670443659934e+02 1.440441187806368077e+02
4.684003944204320078e+02 1.490072337157712354e+02
3.408829242719870081e+02 1.505681616491616523e+02
2.884361775485659791e+02 1.557166398191288863e+02
2.746712224468880095e+02 1.565755072479078365e+02
2.707458897980159804e+02 1.537563341801479453e+02
2.695503493105520079e+02 1.546728216868532400e+02
