5.000000000000000000e-01 3.205668016639731377e+01
5.102602602602602788e-01 3.210619332693858752e+01
5.205205205205205576e-01 3.215567848439832943e+01
5.307807807807807254e-01 3.220513565417576984e+01
5.410410410410410043e-01 3.225456485191310207e+01
5.513013013013012831e-01 3.230396609349293158e+01
5.615615615615615619e-01 3.235333939503606615e+01
5.718218218218218407e-01 3.240268477289915694e+01
5.820820820820821195e-01 3.245200224367243180e+01
5.923423423423423984e-01 3.250129182417733631e+01
6.026026026026025662e-01 3.255055353146438080e+01
6.128628628628628450e-01 3.259978738281076716e+01
6.231231231231231238e-01 3.264899339571811510e+01
6.333833833833834026e-01 3.269817158791038736e+01
6.436436436436436814e-01 3.274732197733148809e+01
6.539039039039038492e-01 3.279644458214313119e+01
6.641641641641641280e-01 3.284553942072258081e+01
6.744244244244244069e-01 3.289460651166054816e+01
6.846846846846846857e-01 3.294364587375896747e+01
6.949449449449449645e-01 3.299265752602875068e+01
7.052052052052051323e-01 3.304164148768781928e+01
7.154654654654655221e-01 3.309059777815873815e+01
7.257257257257256899e-01 3.313952641706666924e+01
7.359859859859859688e-01 3.318842742423740333e+01
7.462462462462462476e-01 3.323730081969495131e+01
7.565065065065064154e-01 3.328614662365970389e+01
7.667667667667668052e-01 3.333496485654619335e+01
7.770270270270269730e-01 3.338375553896109693e+01
7.872872872872872518e-01 3.343251869170111235e+01
7.975475475475475307e-01 3.348125433575091847e+01
8.078078078078078095e-01 3.352996249228107928e+01
8.180680680680680883e-01 3.357864318264622483e+01
8.283283283283282561e-01 3.362729642838269228e+01
8.385885885885886459e-01 3.367592225120677796e+01
8.488488488488488137e-01 3.372452067301254885e+01
8.591091091091090926e-01 3.377309171586996683e+01
8.693693693693693714e-01 3.382163540202298435e+01
8.796296296296295392e-01 3.387015175388730626e+01
8.898898898898899290e-01 3.391864079404863475e+01
9.001501501501500968e-01 3.396710254526063721e+01
9.104104104104103756e-01 3.401553703044304910e+01
9.206706706706706544e-01 3.406394427267965597e+01
9.309309309309309333e-01 3.411232429521646026e+01
9.411911911911912121e-01 3.416067712145972735e+01
9.514514514514513799e-01 3.420900277497403152e+01
9.617117117117117697e-01 3.425730127948042991e+01
9.719719719719719375e-01 3.430557265885460083e+01
9.822322322322322163e-01 3.435381693712480455e+01
9.924924924924924952e-01 3.440203413847015668e+01
1.002752752752752663e+00 3.445022428721875940e+01
1.013013013013012831e+00 3.449838740784576885e+01
1.023273273273273221e+00 3.454652352497164713e+01
1.033533533533533610e+00 3.459463266336027942e+01
1.043793793793793778e+00 3.464271484791711231e+01
1.054054054054053946e+00 3.469077010368741298e+01
1.064314314314314336e+00 3.473879845585436499e+01
1.074574574574574504e+00 3.478679992973739843e+01
1.084834834834834894e+00 3.483477455079033547e+01
1.095095095095095061e+00 3.488272234459942212e+01
1.105355355355355229e+00 3.493064333688199952e+01
1.115615615615615619e+00 3.497853755348421601e+01
1.125875875875876009e+00 3.502640502037971970e+01
1.136136136136136177e+00 3.507424576366755531e+01
1.146396396396396344e+00 3.512205980957065776e+01
1.156656656656656512e+00 3.516984718443399061e+01
1.166916916916916902e+00 3.521760791472289043e+01
1.177177177177177292e+00 3.526534202702131893e+01
1.187437437437437460e+00 3.531304954803012208e+01
1.197697697697697627e+00 3.536073050456537459e+01
1.207957957957957795e+00 3.540838492355667455e+01
1.218218218218218185e+00 3.545601283204540977e+01
1.228478478478478575e+00 3.550361425718310926e+01
1.238738738738738743e+00 3.555118922622988720e+01
1.248998998998998911e+00 3.559873776655249600e+01
1.259259259259259078e+00 3.564625990562292657e+01
1.269519519519519468e+00 3.569375567101666036e+01
1.279779779779779858e+00 3.574122509041096407e+01
1.290040040040040026e+00 3.578866819158339752e+01
1.300300300300300194e+00 3.583608500241003014e+01
1.310560560560560361e+00 3.588347555086396312e+01
1.320820820820820751e+00 3.593083986501353877e+01
1.331081081081081141e+00 3.597817797302091236e+01
1.341341341341341309e+00 3.602548990314027577e+01
1.351601601601601477e+00 3.607277568371644350e+01
1.361861861861861867e+00 3.612003534318312603e+01
1.372122122122122034e+00 3.616726891006130984e+01
1.382382382382382424e+00 3.621447641295790731e+01
1.392642642642642592e+00 3.626165788056393069e+01
1.402902902902902760e+00 3.630881334165302832e+01
1.413163163163163150e+00 3.635594282507996411e+01
1.423423423423423539e+00 3.640304635977904724e+01
1.433683683683683707e+00 3.645012397476251920e+01
1.443943943943943875e+00 3.649717569911913273e+01
1.454204204204204043e+00 3.654420156201248915e+01
1.464464464464464433e+00 3.659120159267960304e+01
1.474724724724724823e+00 3.663817582042933196e+01
1.484984984984984990e+00 3.668512427464089853e+01
1.495245245245245158e+00 3.673204698476236985e+01
1.505505505505505548e+00 3.677894398030910850e+01
1.515765765765765716e+00 3.682581529086233729e+01
1.526026026026025884e+00 3.687266094606761868e+01
1.536286286286286273e+00 3.691948097563334130e+01
1.546546546546546441e+00 3.696627540932930600e+01
1.556806806806806831e+00 3.701304427698517685e+01
1.567067067067066999e+00 3.705978760848914533e+01
1.577327327327327167e+00 3.710650543378613264e+01
1.587587587587587556e+00 3.715319778287681629e+01
1.597847847847847724e+00 3.719986468581578976e+01
1.608108108108108114e+00 3.724650617271023378e+01
1.618368368368368282e+00 3.729312227371855215e+01
1.628628628628628672e+00 3.733971301904876583e+01
1.638888888888888840e+00 3.738627843895728375e+01
1.649149149149149007e+00 3.743281856374730410e+01
1.659409409409409397e+00 3.747933342376742161e+01
1.669669669669669565e+00 3.752582304941032731e+01
1.679929929929929955e+00 3.757228747111125955e+01
1.690190190190190123e+00 3.761872671934661838e+01
1.700450450450450290e+00 3.766514082463262270e+01
1.710710710710710680e+00 3.771152981752390332e+01
1.720970970970970848e+00 3.775789372861193272e+01
1.731231231231231238e+00 3.780423258852397339e+01
1.741491491491491406e+00 3.785054642792139390e+01
1.751751751751751796e+00 3.789683527749833303e+01
1.762012012012011963e+00 3.794309916798048476e+01
1.772272272272272131e+00 3.798933813012359906e+01
1.782532532532532521e+00 3.803555219471216731e+01
1.792792792792792689e+00 3.808174139255788759e+01
1.803053053053053079e+00 3.812790575449857755e+01
1.813313313313313246e+00 3.817404531139667512e+01
1.823573573573573414e+00 3.822016009413791693e+01
1.833833833833833804e+00 3.826625013362988170e+01
1.844094094094093972e+00 3.831231546080074679e+01
1.854354354354354362e+00 3.835835610659811579e+01
1.864614614614614529e+00 3.840437210198729190e+01
1.874874874874874697e+00 3.845036347795029741e+01
1.885135135135135087e+00 3.849633026548440995e+01
1.895395395395395255e+00 3.854227249560077695e+01
1.905655655655655645e+00 3.858819019932320060e+01
1.915915915915915813e+00 3.863408340768682336e+01
1.926176176176176202e+00 3.867995215173668555e+01
1.936436436436436370e+00 3.872579646252667374e+01
1.946696696696696538e+00 3.877161637111788650e+01
1.956956956956956928e+00 3.881741190857758284e+01
1.967217217217217096e+00 3.886318310597782499e+01
1.977477477477477485e+00 3.890892999439410715e+01
1.987737737737737653e+00 3.895465260490420434e+01
1.997997997997997821e+00 3.900035096858669448e+01
2.008258258258257989e+00 3.904602511651980734e+01
2.018518518518518157e+00 3.909167507978025213e+01
2.028778778778778769e+00 3.913730088944170404e+01
2.039039039039038936e+00 3.918290257657361053e+01
2.049299299299299548e+00 3.922848017224004735e+01
2.059559559559559716e+00 3.927403370749819089e+01
2.069819819819819884e+00 3.931956321339743710e+01
2.080080080080080052e+00 3.936506872097783116e+01
2.090340340340340219e+00 3.941055026126871752e+01
2.100600600600600387e+00 3.945600786528801507e+01
2.110860860860860555e+00 3.950144156404032003e+01
2.121121121121120723e+00 3.954685138851613857e+01
2.131381381381381335e+00 3.959223736969035912e+01
2.141641641641641503e+00 3.963759953852110129e+01
2.151901901901902114e+00 3.968293792594859326e+01
2.162162162162162282e+00 3.972825256289374352e+01
2.172422422422422450e+00 3.977354348025696851e+01
2.182682682682682618e+00 3.981881070891706997e+01
2.192942942942942786e+00 3.986405427972981386e+01
2.203203203203202953e+00 3.990927422352687870e+01
2.213463463463463121e+00 3.995447057111461220e+01
2.223723723723723733e+00 3.999964335327253195e+01
2.233983983983983901e+00 4.004479260075261493e+01
2.244244244244244069e+00 4.008991834427762768e+01
2.254504504504504681e+00 4.013502061454016712e+01
2.264764764764764848e+00 4.018009944220129626e+01
2.275025025025025016e+00 4.022515485788942158e+01
2.285285285285285184e+00 4.027018689219926983e+01
2.295545545545545352e+00 4.031519557569006906e+01
2.305805805805805520e+00 4.036018093888512226e+01
2.316066066066065687e+00 4.040514301227018734e+01
2.326326326326326299e+00 4.045008182629228344e+01
2.336586586586586467e+00 4.049499741135841901e+01
2.346846846846847079e+00 4.053988979783482449e+01
2.357107107107107247e+00 4.058475901604527536e+01
2.367367367367367414e+00 4.062960509627020400e+01
2.377627627627627582e+00 4.067442806874526440e+01
2.387887887887887750e+00 4.071922796366038000e+01
2.398148148148147918e+00 4.076400481115860686e+01
2.408408408408408086e+00 4.080875864133449227e+01
2.418668668668668253e+00 4.085348948423359872e+01
2.428928928928928865e+00 4.089819736985066356e+01
2.439189189189189033e+00 4.094288232812878903e+01
2.449449449449449645e+00 4.098754438895833374e+01
2.459709709709709813e+00 4.103218358217537798e+01
2.469969969969969981e+00 4.107679993756091363e+01
2.480230230230230148e+00 4.112139348483945867e+01
2.490490490490490316e+00 4.116596425367803391e+01
2.500750750750750484e+00 4.121051227368496939e+01
2.511011011011011096e+00 4.125503757440854713e+01
2.521271271271271264e+00 4.129954018533614857e+01
2.531531531531531432e+00 4.134402013589284053e+01
2.541791791791791599e+00 4.138847745544041601e+01
2.552052052052051767e+00 4.143291217327602993e+01
2.562312312312312379e+00 4.147732431863128255e+01
2.572572572572572547e+00 4.152171392067080546e+01
2.582832832832832715e+00 4.156608100849140186e+01
2.593093093093092882e+00 4.161042561112048332e+01
2.603353353353353050e+00 4.165474775751544456e+01
2.613613613613613662e+00 4.169904747656219968e+01
2.623873873873873830e+00 4.174332479707380372e+01
2.634134134134133998e+00 4.178757974778992690e+01
2.644394394394394165e+00 4.183181235737512083e+01
2.654654654654654333e+00 4.187602265441811511e+01
2.664914914914914945e+00 4.192021066743034652e+01
2.675175175175175113e+00 4.196437642484489317e+01
2.685435435435435281e+00 4.200851995501553660e+01
2.695695695695695449e+00 4.205264128621544018e+01
2.705955955955956060e+00 4.209674044663601222e+01
2.716216216216216228e+00 4.214081746438579756e+01
2.726476476476476396e+00 4.218487236748939750e+01
2.736736736736736564e+00 4.222890518388626901e+01
2.746996996996996732e+00 4.227291594142958076e+01
2.757257257257257343e+00 4.231690466788511173e+01
2.767517517517517511e+00 4.236087139093022103e+01
2.777777777777777679e+00 4.240481613815251194e+01
2.788038038038037847e+00 4.244873893704883017e+01
2.798298298298298015e+00 4.249263981502404164e+01
2.808558558558558627e+00 4.253651879939000935e+01
2.818818818818818794e+00 4.258037591736459859e+01
2.829079079079078962e+00 4.262421119607020614e+01
2.839339339339339130e+00 4.266802466253274417e+01
2.849599599599599298e+00 4.271181634368076629e+01
2.859859859859859910e+00 4.275558626634403936e+01
2.870120120120120077e+00 4.279933445725249186e+01
2.880380380380380245e+00 4.284306094303531864e+01
2.890640640640640413e+00 4.288676575021951010e+01
2.900900900900900581e+00 4.293044890522902080e+01
2.911161161161161193e+00 4.297411043438335554e+01
2.921421421421421361e+00 4.301775036389680196e+01
2.931681681681681528e+00 4.306136871987702364e+01
2.941941941941941696e+00 4.310496552832408668e+01
2.952202202202201864e+00 4.314854081512920914e+01
2.962462462462462476e+00 4.319209460607391549e+01
2.972722722722722644e+00 4.323562692682853026e+01
2.982982982982982811e+00 4.327913780295140356e+01
2.993243243243242979e+00 4.332262725988768182e+01
3.003503503503503591e+00 4.336609532296799330e+01
3.013763763763763759e+00 4.340954201740760254e+01
3.024024024024023927e+00 4.345296736830533746e+01
3.034284284284284094e+00 4.349637140064205454e+01
3.044544544544544262e+00 4.353975413928009885e+01
3.054804804804804874e+00 4.358311560896166270e+01
3.065065065065065042e+00 4.362645583430798268e+01
3.075325325325325210e+00 4.366977483981825259e+01
3.085585585585585378e+00 4.371307264986821650e+01
3.095845845845845545e+00 4.375634928870935170e+01
3.106106106106106157e+00 4.379960478046775307e+01
3.116366366366366325e+00 4.384283914914270497e+01
3.126626626626626493e+00 4.388605241860582851e+01
3.136886886886886661e+00 4.392924461260000157e+01
3.147147147147146828e+00 4.397241575473817932e+01
3.157407407407407440e+00 4.401556586850212227e+01
3.167667667667667608e+00 4.405869497724167871e+01
3.177927927927927776e+00 4.410180310417316463e+01
3.188188188188187944e+00 4.414489027237861052e+01
3.198448448448448111e+00 4.418795650480461035e+01
3.208708708708708723e+00 4.423100182426114202e+01
3.218968968968968891e+00 4.427402625342033105e+01
3.229229229229229059e+00 4.431702981481566184e+01
3.239489489489489227e+00 4.436001253084052109e+01
3.249749749749749395e+00 4.440297442374745174e+01
3.260010010010010006e+00 4.444591551564665366e+01
3.270270270270270174e+00 4.448883582850500318e+01
3.280530530530530342e+00 4.453173538414526433e+01
3.290790790790790510e+00 4.457461420424458254e+01
3.301051051051051122e+00 4.461747231033331218e+01
3.311311311311311290e+00 4.466030972379441977e+01
3.321571571571571457e+00 4.470312646586174310e+01
3.331831831831831625e+00 4.474592255761947968e+01
3.342092092092091793e+00 4.478869802000058087e+01
3.352352352352352405e+00 4.483145287378594901e+01
3.362612612612612573e+00 4.487418713960310868e+01
3.372872872872872740e+00 4.491690083792536115e+01
3.383133133133132908e+00 4.495959398907041304e+01
3.393393393393393076e+00 4.500226661319949528e+01
3.403653653653653688e+00 4.504491873031595617e+01
3.413913913913913856e+00 4.508755036026452245e+01
3.424174174174174023e+00 4.513016152272980719e+01
3.434434434434434191e+00 4.517275223723553523e+01
3.444694694694694359e+00 4.521532252314327138e+01
3.454954954954954971e+00 4.525787239965131192e+01
3.465215215215215139e+00 4.530040188579340565e+01
3.475475475475475307e+00 4.534291100043813572e+01
3.485735735735735474e+00 4.538539976228724271e+01
3.495995995995995642e+00 4.542786818987487152e+01
3.506256256256256254e+00 4.547031630156640603e+01
3.516516516516516422e+00 4.551274411555726118e+01
3.526776776776776590e+00 4.555515164987171772e+01
3.537037037037036757e+00 4.559753892236211925e+01
3.547297297297296925e+00 4.563990595070728773e+01
3.557557557557557537e+00 4.568225275241190531e+01
3.567817817817817705e+00 4.572457934480511454e+01
3.578078078078077873e+00 4.576688574503939577e+01
3.588338338338338041e+00 4.580917197008962916e+01
3.598598598598598652e+00 4.585143803675180862e+01
3.608858858858858820e+00 4.589368396164201869e+01
3.619119119119118988e+00 4.593590976119536862e+01
3.629379379379379156e+00 4.597811545166473479e+01
3.639639639639639324e+00 4.602030104911975883e+01
3.649899899899899935e+00 4.606246656944573203e+01
3.660160160160160103e+00 4.610461202834248695e+01
3.670420420420420271e+00 4.614673744132325339e+01
3.680680680680680439e+00 4.618884282371340078e+01
3.690940940940940607e+00 4.623092819064975600e+01
3.701201201201201219e+00 4.627299355707903317e+01
3.711461461461461386e+00 4.631503893775693825e+01
3.721721721721721554e+00 4.635706434724702518e+01
3.731981981981981722e+00 4.639906979991969393e+01
3.742242242242241890e+00 4.644105530995079789e+01
3.752502502502502502e+00 4.648302089132075565e+01
3.762762762762762669e+00 4.652496655781352075e+01
3.773023023023022837e+00 4.656689232301521741e+01
3.783283283283283005e+00 4.660879820031310317e+01
3.793543543543543173e+00 4.665068420289469486e+01
3.803803803803803785e+00 4.669255034374626234e+01
3.814064064064063952e+00 4.673439663565209656e+01
3.824324324324324120e+00 4.677622309119318800e+01
3.834584584584584288e+00 4.681802972274606844e+01
3.844844844844844456e+00 4.685981654248189443e+01
3.855105105105105068e+00 4.690158356236522508e+01
3.865365365365365236e+00 4.694333079415288523e+01
3.875625625625625403e+00 4.698505824939286413e+01
3.885885885885885571e+00 4.702676593942346273e+01
3.896146146146146183e+00 4.706845387537167369e+01
3.906406406406406351e+00 4.711012206815247083e+01
3.916666666666666519e+00 4.715177052846776462e+01
3.926926926926926686e+00 4.719339926680477504e+01
3.937187187187186854e+00 4.723500829343560525e+01
3.947447447447447466e+00 4.727659761841565000e+01
3.957707707707707634e+00 4.731816725158273584e+01
3.967967967967967802e+00 4.735971720255588480e+01
3.978228228228227970e+00 4.740124748073416328e+01
3.988488488488488137e+00 4.744275809529585786e+01
3.998748748748748749e+00 4.748424905519709682e+01
4.009009009009009361e+00 4.752572036917074882e+01
4.019269269269269529e+00 4.756717204572566970e+01
4.029529529529529697e+00 4.760860409314502562e+01
4.039789789789789864e+00 4.765001651948573169e+01
4.050050050050050032e+00 4.769140933257709491e+01
4.060310310310310200e+00 4.773278254001976251e+01
4.070570570570570368e+00 4.777413614918450691e+01
4.080830830830830536e+00 4.781547016721135890e+01
4.091091091091090703e+00 4.785678460100842813e+01
4.101351351351350871e+00 4.789807945725072358e+01
4.111611611611611039e+00 4.793935474237917305e+01
4.121871871871871207e+00 4.798061046259932283e+01
4.132132132132131375e+00 4.802184662388057035e+01
4.142392392392391542e+00 4.806306323195486385e+01
4.152652652652652598e+00 4.810426029231554423e+01
4.162912912912912766e+00 4.814543781021663449e+01
4.173173173173172934e+00 4.818659579067126941e+01
4.183433433433433102e+00 4.822773423845074348e+01
4.193693693693694158e+00 4.826885315808396371e+01
4.203953953953954326e+00 4.830995255385546017e+01
4.214214214214214493e+00 4.835103242980503069e+01
4.224474474474474661e+00 4.839209278972625583e+01
4.234734734734734829e+00 4.843313363716575992e+01
4.244994994994994997e+00 4.847415497542188945e+01
4.255255255255255165e+00 4.851515680754361881e+01
4.265515515515515332e+00 4.855613913632962664e+01
4.275775775775775500e+00 4.859710196432720863e+01
4.286036036036035668e+00 4.863804529383115494e+01
4.296296296296295836e+00 4.867896912688268429e+01
4.306556556556556004e+00 4.871987346526847773e+01
4.316816816816816171e+00 4.876075831051947063e+01
4.327077077077076339e+00 4.880162366390982243e+01
4.337337337337336507e+00 4.884246952645625584e+01
4.347597597597597563e+00 4.888329589891605309e+01
4.357857857857857731e+00 4.892410278178721228e+01
4.368118118118117899e+00 4.896489017530650045e+01
4.378378378378378066e+00 4.900565807944879282e+01
4.388638638638638234e+00 4.904640649392593588e+01
4.398898898898899290e+00 4.908713541818568160e+01
4.409159159159159458e+00 4.912784485141089164e+01
4.419419419419419626e+00 4.916853479251804515e+01
4.429679679679679793e+00 4.920920524015665620e+01
4.439939939939939961e+00 4.924985619270812265e+01
4.450200200200200129e+00 4.929048764828445428e+01
4.460460460460460297e+00 4.933109960472756939e+01
4.470720720720720465e+00 4.937169205960807972e+01
4.480980980980980632e+00 4.941226501022449469e+01
4.491241241241240800e+00 4.945281845360207029e+01
4.501501501501500968e+00 4.949335238649163671e+01
4.511761761761761136e+00 4.953386680536883802e+01
4.522022022022022192e+00 4.957436170643316586e+01
4.532282282282282360e+00 4.961483708560685102e+01
4.542542542542542527e+00 4.965529293853371229e+01
4.552802802802802695e+00 4.969572926057864493e+01
4.563063063063062863e+00 4.973614604682602902e+01
4.573323323323323031e+00 4.977654329207931738e+01
4.583583583583583199e+00 4.981692099085971392e+01
4.593843843843843366e+00 4.985727913740534234e+01
4.604104104104103534e+00 4.989761772567012343e+01
4.614364364364364590e+00 4.993793674932308591e+01
4.624624624624624758e+00 4.997823620174725789e+01
4.634884884884884926e+00 5.001851607603870775e+01
4.645145145145145094e+00 5.005877636500564165e+01
4.655405405405405261e+00 5.009901706116738040e+01
4.665665665665665429e+00 5.013923815675360629e+01
4.675925925925925597e+00 5.017943964370322618e+01
4.686186186186185765e+00 5.021962151366360416e+01
4.696446446446445933e+00 5.025978375798965914e+01
4.706706706706706100e+00 5.029992636774282033e+01
4.716966966966967156e+00 5.034004933369020307e+01
4.727227227227227324e+00 5.038015264630369217e+01
4.737487487487487492e+00 5.042023629575901822e+01
4.747747747747747660e+00 5.046030027193511813e+01
4.758008008008007828e+00 5.050034456441284192e+01
4.768268268268267995e+00 5.054036916247441980e+01
4.778528528528528163e+00 5.058037405510246032e+01
4.788788788788788331e+00 5.062035923097902668e+01
4.799049049049048499e+00 5.066032467848495457e+01
4.809309309309308667e+00 5.070027038569894273e+01
4.819569569569569722e+00 5.074019634039657944e+01
4.829829829829829890e+00 5.078010253004970309e+01
4.840090090090090058e+00 5.081998894182554949e+01
4.850350350350350226e+00 5.085985556258584950e+01
4.860610610610610394e+00 5.089970237888605453e+01
4.870870870870870561e+00 5.093952937697457628e+01
4.881131131131130729e+00 5.097933654279193405e+01
4.891391391391390897e+00 5.101912386197008686e+01
4.901651651651651065e+00 5.105889131983156659e+01
4.911911911911912121e+00 5.109863890138863241e+01
4.922172172172172289e+00 5.113836659134272367e+01
4.932432432432432456e+00 5.117807437408366411e+01
4.942692692692692624e+00 5.121776223368865999e+01
4.952952952952952792e+00 5.125743015392193058e+01
4.963213213213212960e+00 5.129707811823378449e+01
4.973473473473473128e+00 5.133670610975990911e+01
4.983733733733733295e+00 5.137631411132085901e+01
4.993993993993993463e+00 5.141590210542109673e+01
5.004254254254253631e+00 5.145547007424843144e+01
5.014514514514514687e+00 5.149501799967343629e+01
5.024774774774774855e+00 5.153454586324852471e+01
5.035035035035035023e+00 5.157405364620773724e+01
5.045295295295295190e+00 5.161354132946561890e+01
5.055555555555555358e+00 5.165300889361684256e+01
5.065815815815815526e+00 5.169245631893571158e+01
5.076076076076075694e+00 5.173188358537517928e+01
5.086336336336335862e+00 5.177129067256657180e+01
5.096596596596596029e+00 5.181067755981894152e+01
5.106856856856856197e+00 5.185004422611827124e+01
5.117117117117117253e+00 5.188939065012730367e+01
5.127377377377377421e+00 5.192871681018455376e+01
5.137637637637637589e+00 5.196802268430413818e+01
5.147897897897897757e+00 5.200730825017497949e+01
5.158158158158157924e+00 5.204657348516048643e+01
5.168418418418418092e+00 5.208581836629777939e+01
5.178678678678678260e+00 5.212504287029767625e+01
5.188938938938938428e+00 5.216424697354361228e+01
5.199199199199198596e+00 5.220343065209158340e+01
5.209459459459459651e+00 5.224259388166966289e+01
5.219719719719719819e+00 5.228173663767729096e+01
5.229979979979979987e+00 5.232085889518518940e+01
5.240240240240240155e+00 5.235996062893472214e+01
5.250500500500500323e+00 5.239904181333749023e+01
5.260760760760760490e+00 5.243810242247506892e+01
5.271021021021020658e+00 5.247714243009856006e+01
5.281281281281280826e+00 5.251616180962816571e+01
5.291541541541540994e+00 5.255516053415298217e+01
5.301801801801801162e+00 5.259413857643046697e+01
5.312062062062062218e+00 5.263309590888635370e+01
5.322322322322322385e+00 5.267203250361409772e+01
5.332582582582582553e+00 5.271094833237487620e+01
5.342842842842842721e+00 5.274984336659697703e+01
5.353103103103102889e+00 5.278871757737572779e+01
5.363363363363363057e+00 5.282757093547314753e+01
5.373623623623623224e+00 5.286640341131796816e+01
5.383883883883883392e+00 5.290521497500498782e+01
5.394144144144143560e+00 5.294400559629522007e+01
5.404404404404403728e+00 5.298277524461539656e+01
5.414664664664664784e+00 5.302152388905818015e+01
5.424924924924924952e+00 5.306025149838151833e+01
5.435185185185185119e+00 5.309895804100901273e+01
5.445445445445445287e+00 5.313764348502925117e+01
5.455705705705705455e+00 5.317630779819621267e+01
5.465965965965965623e+00 5.321495094792872749e+01
5.476226226226225791e+00 5.325357290131050547e+01
5.486486486486485958e+00 5.329217362509030664e+01
5.496746746746746126e+00 5.333075308568159301e+01
5.507007007007007182e+00 5.336931124916260671e+01
5.517267267267267350e+00 5.340784808127614269e+01
5.527527527527527518e+00 5.344636354742992523e+01
5.537787787787787686e+00 5.348485761269630245e+01
5.548048048048047853e+00 5.352333024181234578e+01
5.558308308308308021e+00 5.356178139917981440e+01
5.568568568568568189e+00 5.360021104886526899e+01
5.578828828828828357e+00 5.363861915460019958e+01
5.589089089089088525e+00 5.367700567978091186e+01
5.599349349349348692e+00 5.371537058746881854e+01
5.609609609609609748e+00 5.375371384039033984e+01
5.619869869869869916e+00 5.379203540093726588e+01
5.630130130130130084e+00 5.383033523116656482e+01
5.640390390390390252e+00 5.386861329280075950e+01
5.650650650650650419e+00 5.390686954722817603e+01
5.660910910910910587e+00 5.394510395550277337e+01
5.671171171171170755e+00 5.398331647834475433e+01
5.681431431431430923e+00 5.402150707614027425e+01
5.691691691691691091e+00 5.405967570894215157e+01
5.701951951951951258e+00 5.409782233646983229e+01
5.712212212212212314e+00 5.413594691810950366e+01
5.722472472472472482e+00 5.417404941291476206e+01
5.732732732732732650e+00 5.421212977960642831e+01
5.742992992992992818e+00 5.425018797657319425e+01
5.753253253253252986e+00 5.428822396187154453e+01
5.763513513513513153e+00 5.432623769322658092e+01
5.773773773773773321e+00 5.436422912803161012e+01
5.784034034034033489e+00 5.440219822334924515e+01
5.794294294294293657e+00 5.444014493591114245e+01
5.804554554554554713e+00 5.447806922211878344e+01
5.814814814814814881e+00 5.451597103804341060e+01
5.825075075075075048e+00 5.455385033942676642e+01
5.835335335335335216e+00 5.459170708168130659e+01
5.845595595595595384e+00 5.462954121989063339e+01
5.855855855855855552e+00 5.466735270880966624e+01
5.866116116116115720e+00 5.470514150286548016e+01
5.876376376376375887e+00 5.474290755615738391e+01
5.886636636636636055e+00 5.478065082245736761e+01
5.896896896896896223e+00 5.481837125521066412e+01
5.907157157157157279e+00 5.485606880753601899e+01
5.917417417417417447e+00 5.489374343222637975e+01
5.927677677677677615e+00 5.493139508174900953e+01
5.937937937937937782e+00 5.496902370824610529e+01
5.948198198198197950e+00 5.500662926353536619e+01
5.958458458458458118e+00 5.504421169911017842e+01
5.968718718718718286e+00 5.508177096614018353e+01
5.978978978978978454e+00 5.511930701547196065e+01
5.989239239239238621e+00 5.515681979762904064e+01
5.999499499499498789e+00 5.519430926281282268e+01
6.009759759759759845e+00 5.523177536090267381e+01
6.020020020020020013e+00 5.526921804145657546e+01
6.030280280280280181e+00 5.530663725371150008e+01
6.040540540540540349e+00 5.534403294658395822e+01
6.050800800800800516e+00 5.538140506867037516e+01
6.061061061061060684e+00 5.541875356824747456e+01
6.071321321321320852e+00 5.545607839327279720e+01
6.081581581581581020e+00 5.549337949138516279e+01
6.091841841841841187e+00 5.553065680990500397e+01
6.102102102102102243e+00 5.556791029583494179e+01
6.112362362362362411e+00 5.560513989585976447e+01
6.122622622622622579e+00 5.564234555634753576e+01
6.132882882882882747e+00 5.567952722334926108e+01
6.143143143143142915e+00 5.571668484259971166e+01
6.153403403403403082e+00 5.575381835951748855e+01
6.163663663663663250e+00 5.579092771920566207e+01
6.173923923923923418e+00 5.582801286645183581e+01
6.184184184184183586e+00 5.586507374572856577e+01
6.194444444444443754e+00 5.590211030119365176e+01
6.204704704704704810e+00 5.593912247669031501e+01
6.214964964964964977e+00 5.597611021574753210e+01
6.225225225225225145e+00 5.601307346158012734e+01
6.235485485485485313e+00 5.605001215708919204e+01
6.245745745745745481e+00 5.608692624486199918e+01
6.256006006006005649e+00 5.612381566717232317e+01
6.266266266266265816e+00 5.616068036598046120e+01
6.276526526526525984e+00 5.619752028293321899e+01
6.286786786786786152e+00 5.623433535936420213e+01
6.297047047047046320e+00 5.627112553629355318e+01
6.307307307307307376e+00 5.630789075442812219e+01
6.317567567567567544e+00 5.634463095416125356e+01
6.327827827827827711e+00 5.638134607557286415e+01
6.338088088088087879e+00 5.641803605842896729e+01
6.348348348348348047e+00 5.645470084218197826e+01
6.358608608608608215e+00 5.649134036596988295e+01
6.368868868868868383e+00 5.652795456861652212e+01
6.379129129129128550e+00 5.656454338863090925e+01
6.389389389389388718e+00 5.660110676420674736e+01
6.399649649649649774e+00 5.663764463322240061e+01
6.409909909909909942e+00 5.667415693324004877e+01
6.420170170170170110e+00 5.671064360150519690e+01
6.430430430430430278e+00 5.674710457494623483e+01
6.440690690690690445e+00 5.678353979017355613e+01
6.450950950950950613e+00 5.681994918347880485e+01
6.461211211211210781e+00 5.685633269083431429e+01
6.471471471471470949e+00 5.689269024789197005e+01
6.481731731731731116e+00 5.692902178998229346e+01
6.491991991991991284e+00 5.696532725211355341e+01
6.502252252252252340e+00 5.700160656897050160e+01
6.512512512512512508e+00 5.703785967491330666e+01
6.522772772772772676e+00 5.707408650397625394e+01
6.533033033033032844e+00 5.711028698986635987e+01
6.543293293293293011e+00 5.714646106596204334e+01
6.553553553553553179e+00 5.718260866531125686e+01
6.563813813813813347e+00 5.721872972063037111e+01
6.574074074074073515e+00 5.725482416430208588e+01
6.584334334334333683e+00 5.729089192837382427e+01
6.594594594594593850e+00 5.732693294455568633e+01
6.604854854854854906e+00 5.736294714421836005e+01
6.615115115115115074e+00 5.739893445839116026e+01
6.625375375375375242e+00 5.743489481775976913e+01
6.635635635635635410e+00 5.747082815266375633e+01
6.645895895895895578e+00 5.750673439309423429e+01
6.656156156156155745e+00 5.754261346869122207e+01
6.666416416416415913e+00 5.757846530874088842e+01
6.676676676676676081e+00 5.761428984217279492e+01
6.686936936936936249e+00 5.765008699755684063e+01
6.697197197197197305e+00 5.768585670310017122e+01
6.707457457457457473e+00 5.772159888664421601e+01
6.717717717717717640e+00 5.775731347566063079e+01
6.727977977977977808e+00 5.779300039724856930e+01
6.738238238238237976e+00 5.782865957813059055e+01
6.748498498498498144e+00 5.786429094464882894e+01
6.758758758758758312e+00 5.789989442276120002e+01
6.769019019019018479e+00 5.793546993803710166e+01
6.779279279279278647e+00 5.797101741565332134e+01
6.789539539539538815e+00 5.800653678038934657e+01
6.799799799799799871e+00 5.804202795662290981e+01
6.810060060060060039e+00 5.807749086832524199e+01
6.820320320320320207e+00 5.811292543905610586e+01
6.830580580580580374e+00 5.814833159195828216e+01
6.840840840840840542e+00 5.818370924975296532e+01
6.851101101101100710e+00 5.821905833473339698e+01
6.861361361361360878e+00 5.825437876875994192e+01
6.871621621621621046e+00 5.828967047325370743e+01
6.881881881881881213e+00 5.832493336919056048e+01
6.892142142142141381e+00 5.836016737709510949e+01
6.902402402402402437e+00 5.839537241703366988e+01
6.912662662662662605e+00 5.843054840860816057e+01
6.922922922922922773e+00 5.846569527094853669e+01
6.933183183183182940e+00 5.850081292270640887e+01
6.943443443443443108e+00 5.853590128204699994e+01
6.953703703703703276e+00 5.857096026664189736e+01
6.963963963963963444e+00 5.860598979366138650e+01
6.974224224224223612e+00 5.864098977976590987e+01
6.984484484484483779e+00 5.867596014109832225e+01
6.994744744744744835e+00 5.871090079327503730e+01
7.005005005005005003e+00 5.874581165137749394e+01
7.015265265265265171e+00 5.878069262994287669e+01
7.025525525525525339e+00 5.881554364295502779e+01
7.035785785785785507e+00 5.885036460383501122e+01
7.046046046046045674e+00 5.888515542543115089e+01
7.056306306306305842e+00 5.891991602000901906e+01
7.066566566566566010e+00 5.895464629924128275e+01
7.076826826826826178e+00 5.898934617419672577e+01
7.087087087087086346e+00 5.902401555533005251e+01
7.097347347347347402e+00 5.905865435247005735e+01
7.107607607607607569e+00 5.909326247480866101e+01
7.117867867867867737e+00 5.912783983088885975e+01
7.128128128128127905e+00 5.916238632859323587e+01
7.138388388388388073e+00 5.919690187513096191e+01
7.148648648648648241e+00 5.923138637702582088e+01
7.158908908908908408e+00 5.926583974010308253e+01
7.169169169169168576e+00 5.930026186947603151e+01
7.179429429429428744e+00 5.933465266953307804e+01
7.189689689689688912e+00 5.936901204392315634e+01
7.199949949949949968e+00 5.940333989554245164e+01
7.210210210210210136e+00 5.943763612651913775e+01
7.220470470470470303e+00 5.947190063819896721e+01
7.230730730730730471e+00 5.950613333113018655e+01
7.240990990990990639e+00 5.954033410504816715e+01
7.251251251251250807e+00 5.957450285885924757e+01
7.261511511511510975e+00 5.960863949062500922e+01
7.271771771771771142e+00 5.964274389754571359e+01
7.282032032032031310e+00 5.967681597594324217e+01
7.292292292292292366e+00 5.971085562124441992e+01
7.302552552552552534e+00 5.974486272796330155e+01
7.312812812812812702e+00 5.977883718968337234e+01
7.323073073073072869e+00 5.981277889903880407e+01
7.333333333333333037e+00 5.984668774769694011e+01
7.343593593593593205e+00 5.988056362633859919e+01
7.353853853853853373e+00 5.991440642463921762e+01
7.364114114114113541e+00 5.994821603124874798e+01
7.374374374374373708e+00 5.998199233377211925e+01
7.384634634634633876e+00 6.001573521874865946e+01
7.394894894894894932e+00 6.004944457163122706e+01
7.405155155155155100e+00 6.008312027676547018e+01
7.415415415415415268e+00 6.011676221736781400e+01
7.425675675675675436e+00 6.015037027550407345e+01
7.435935935935935603e+00 6.018394433206692185e+01
7.446196196196195771e+00 6.021748426675321753e+01
7.456456456456455939e+00 6.025098995804135171e+01
7.466716716716716107e+00 6.028446128316740982e+01
7.476976976976976275e+00 6.031789811810173063e+01
7.487237237237236442e+00 6.035130033752432155e+01
7.497497497497497498e+00 6.038466781480115486e+01
7.507757757757757666e+00 6.041800042195836085e+01
7.518018018018017834e+00 6.045129802965691113e+01
7.528278278278278002e+00 6.048456050716796994e+01
7.538538538538538170e+00 6.051778772234550274e+01
7.548798798798798337e+00 6.055097954160080320e+01
7.559059059059058505e+00 6.058413582987485313e+01
7.569319319319318673e+00 6.061725645061164869e+01
7.579579579579578841e+00 6.065034126573051765e+01
7.589839839839839897e+00 6.068339013559764794e+01
7.600100100100100065e+00 6.071640291899796438e+01
7.610360360360360232e+00 6.074937947310675668e+01
7.620620620620620400e+00 6.078231965345951693e+01
7.630880880880880568e+00 6.081522331392393710e+01
7.641141141141140736e+00 6.084809030666806251e+01
7.651401401401400904e+00 6.088092048213186303e+01
7.661661661661661071e+00 6.091371368899479677e+01
7.671921921921921239e+00 6.094646977414645761e+01
7.682182182182181407e+00 6.097918858265460784e+01
7.692442442442442463e+00 6.101186995773191768e+01
7.702702702702702631e+00 6.104451374070638536e+01
7.712962962962962798e+00 6.107711977098679057e+01
7.723223223223222966e+00 6.110968788603096158e+01
7.733483483483483134e+00 6.114221792131211686e+01
7.743743743743743302e+00 6.117470971028529902e+01
7.754004004004003470e+00 6.120716308435378750e+01
7.764264264264263637e+00 6.123957787283417531e+01
7.774524524524523805e+00 6.127195390292298782e+01
7.784784784784783973e+00 6.130429099966026740e+01
7.795045045045045029e+00 6.133658898589607844e+01
7.805305305305305197e+00 6.136884768225251463e+01
7.815565565565565365e+00 6.140106690709100690e+01
7.825825825825825532e+00 6.143324647647352776e+01
7.836086086086085700e+00 6.146538620412702159e+01
7.846346346346345868e+00 6.149748590140670501e+01
7.856606606606606036e+00 6.152954537725942430e+01
7.866866866866866204e+00 6.156156443818554891e+01
7.877127127127126371e+00 6.159354288820137668e+01
7.887387387387387427e+00 6.162548052880160299e+01
7.897647647647647595e+00 6.165737715892211668e+01
7.907907907907907763e+00 6.168923257489853995e+01
7.918168168168167931e+00 6.172104657043153964e+01
7.928428428428428099e+00 6.175281893654520360e+01
7.938688688688688266e+00 6.178454946154865723e+01
7.948948948948948434e+00 6.181623793099739572e+01
7.959209209209208602e+00 6.184788412765316679e+01
7.969469469469468770e+00 6.187948783144374687e+01
7.979729729729728938e+00 6.191104881942448657e+01
7.989989989989989994e+00 6.194256686573659465e+01
8.000250250250250161e+00 6.197404174156816481e+01
8.010510510510510329e+00 6.200547321511346865e+01
8.020770770770770497e+00 6.203686105153164476e+01
8.031031031031030665e+00 6.206820501290751935e+01
8.041291291291290833e+00 6.209950485820834132e+01
8.051551551551551000e+00 6.213076034324620878e+01
8.061811811811811168e+00 6.216197122063478986e+01
8.072072072072071336e+00 6.219313723974843100e+01
8.082332332332331504e+00 6.222425814668177679e+01
8.092592592592591672e+00 6.225533368420752112e+01
8.102852852852851839e+00 6.228636359173730597e+01
8.113113113113112007e+00 6.231734760527736938e+01
8.123373373373372175e+00 6.234828545739028272e+01
8.133633633633632343e+00 6.237917687715100357e+01
8.143893893893892511e+00 6.241002159010812278e+01
8.154154154154152678e+00 6.244081931824077714e+01
8.164414414414412846e+00 6.247156977991791393e+01
8.174674674674673014e+00 6.250227268985808138e+01
8.184934934934934958e+00 6.253292775908602863e+01
8.195195195195195126e+00 6.256353469489629049e+01
8.205455455455455294e+00 6.259409320080705896e+01
8.215715715715715461e+00 6.262460297652367558e+01
8.225975975975975629e+00 6.265506371789327744e+01
8.236236236236235797e+00 6.268547511687180673e+01
8.246496496496495965e+00 6.271583686147590697e+01
8.256756756756756133e+00 6.274614863574721824e+01
8.267017017017016300e+00 6.277641011971355312e+01
8.277277277277276468e+00 6.280662098934585913e+01
8.287537537537538412e+00 6.283678091651960784e+01
8.297797797797798580e+00 6.286688956897950220e+01
8.308058058058058748e+00 6.289694661029592737e+01
8.318318318318318916e+00 6.292695169982960834e+01
8.328578578578579084e+00 6.295690449269132216e+01
8.338838838838839251e+00 6.298680463970612919e+01
8.349099099099099419e+00 6.301665178737646755e+01
8.359359359359359587e+00 6.304644557783945658e+01
8.369619619619619755e+00 6.307618564884026569e+01
8.379879879879879923e+00 6.310587163368619201e+01
8.390140140140140090e+00 6.313550316121673234e+01
8.400400400400400258e+00 6.316507985576680539e+01
8.410660660660660426e+00 6.319460133713141659e+01
8.420920920920920594e+00 6.322406722053302275e+01
8.431181181181180762e+00 6.325347711658420735e+01
8.441441441441440929e+00 6.328283063125998353e+01
8.451701701701701097e+00 6.331212736586236645e+01
8.461961961961961265e+00 6.334136691698768118e+01
8.472222222222221433e+00 6.337054887649354384e+01
8.482482482482481601e+00 6.339967283147493049e+01
8.492742742742741768e+00 6.342873836422723599e+01
8.503003003003001936e+00 6.345774505222085082e+01
8.513263263263262104e+00 6.348669246807111222e+01
8.523523523523522272e+00 6.351558017951057167e+01
8.533783783783784216e+00 6.354440774936123404e+01
8.544044044044044384e+00 6.357317473551120912e+01
8.554304304304304551e+00 6.360188069088500384e+01
8.564564564564564719e+00 6.363052516342202836e+01
8.574824824824824887e+00 6.365910769604909802e+01
8.585085085085085055e+00 6.368762782666409095e+01
8.595345345345345223e+00 6.371608508810790994e+01
8.605605605605605390e+00 6.374447900814403312e+01
8.615865865865865558e+00 6.377280910944001846e+01
8.626126126126125726e+00 6.380107490954856075e+01
8.636386386386385894e+00 6.382927592088739743e+01
8.646646646646646062e+00 6.385741165072604986e+01
8.656906906906906229e+00 6.388548160116108932e+01
8.667167167167166397e+00 6.391348526911163930e+01
8.677427427427426565e+00 6.394142214629813736e+01
8.687687687687686733e+00 6.396929171923029855e+01
8.697947947947946901e+00 6.399709346920030839e+01
8.708208208208207068e+00 6.402482687226256530e+01
8.718468468468467236e+00 6.405249139923435564e+01
8.728728728728729180e+00 6.408008651568262337e+01
8.738988988988989348e+00 6.410761168191500303e+01
8.749249249249249516e+00 6.413506635297707703e+01
8.759509509509509684e+00 6.416244997864772870e+01
8.769769769769769852e+00 6.418976200343379901e+01
8.780030030030030019e+00 6.421700186657024290e+01
8.790290290290290187e+00 6.424416900201589442e+01
8.800550550550550355e+00 6.427126283846021693e+01
8.810810810810810523e+00 6.429828279931878399e+01
8.821071071071070691e+00 6.432522830273893533e+01
8.831331331331330858e+00 6.435209876160564590e+01
8.841591591591591026e+00 6.437889358355047875e+01
8.851851851851851194e+00 6.440561217094702329e+01
8.862112112112111362e+00 6.443225392093933124e+01
8.872372372372371530e+00 6.445881822543344697e+01
8.882632632632631697e+00 6.448530447112240438e+01
8.892892892892891865e+00 6.451171203949276389e+01
8.903153153153152033e+00 6.453804030684396764e+01
8.913413413413412201e+00 6.456428864430061765e+01
8.923673673673672369e+00 6.459045641783590952e+01
8.933933933933934313e+00 6.461654298828513276e+01
8.944194194194194480e+00 6.464254771137649414e+01
8.954454454454454648e+00 6.466846993774338159e+01
8.964714714714714816e+00 6.469430901295714875e+01
8.974974974974974984e+00 6.472006427754277524e+01
8.985235235235235152e+00 6.474573506702563463e+01
8.995495495495495319e+00 6.477132071194105833e+01
9.005755755755755487e+00 6.479682053787939822e+01
9.016016016016015655e+00 6.482223386550931821e+01
9.026276276276275823e+00 6.484756001061830943e+01
9.036536536536535991e+00 6.487279828415167060e+01
9.046796796796796158e+00 6.489794799224412714e+01
9.057057057057056326e+00 6.492300843626074425e+01
9.067317317317316494e+00 6.494797891284416380e+01
9.077577577577576662e+00 6.497285871395150991e+01
9.087837837837836830e+00 6.499764712690624435e+01
9.098098098098096997e+00 6.502234343443370790e+01
9.108358358358357165e+00 6.504694691472701606e+01
9.118618618618617333e+00 6.507145684148341047e+01
9.128878878878879277e+00 6.509587248396015013e+01
9.139139139139139445e+00 6.512019310703327335e+01
9.149399399399399613e+00 6.514441797124729305e+01
9.159659659659659781e+00 6.516854633287890408e+01
9.169919919919919948e+00 6.519257744399423871e+01
9.180180180180180116e+00 6.521651055250747220e+01
9.190440440440440284e+00 6.524034490224815386e+01
9.200700700700700452e+00 6.526407973302455900e+01
9.210960960960960620e+00 6.528771428069190108e+01
9.221221221221220787e+00 6.531124777721980479e+01
9.231481481481480955e+00 6.533467945076253613e+01
9.241741741741741123e+00 6.535800852573180464e+01
9.252002002002001291e+00 6.538123422287804942e+01
9.262262262262261459e+00 6.540435575935234169e+01
9.272522522522521626e+00 6.542737234879413677e+01
9.282782782782781794e+00 6.545028320141223332e+01
9.293043043043041962e+00 6.547308752406181043e+01
9.303303303303302130e+00 6.549578452033188114e+01
9.313563563563562298e+00 6.551837339061626153e+01
9.323823823823824242e+00 6.554085333222677434e+01
9.334084084084084409e+00 6.556322353946254111e+01
9.344344344344344577e+00 6.558548320370354645e+01
9.354604604604604745e+00 6.560763151350269595e+01
9.364864864864864913e+00 6.562966765469084862e+01
9.375125125125125081e+00 6.565159081045423761e+01
9.385385385385385248e+00 6.567340016144679282e+01
9.395645645645645416e+00 6.569509488588370516e+01
9.405905905905905584e+00 6.571667415964049042e+01
9.416166166166165752e+00 6.573813715636595134e+01
9.426426426426425920e+00 6.575948304756303742e+01
9.436686686686686087e+00 6.578071100272491378e+01
9.446946946946946255e+00 6.580182018942628019e+01
9.457207207207206423e+00 6.582280977342831818e+01
9.467467467467466591e+00 6.584367891879583112e+01
9.477727727727726759e+00 6.586442678801829231e+01
9.487987987987986926e+00 6.588505254210545559e+01
9.498248248248247094e+00 6.590555534071661725e+01
9.508508508508507262e+00 6.592593434227163129e+01
9.518768768768767430e+00 6.594618870407585121e+01
9.529029029029029374e+00 6.596631758243174204e+01
9.539289289289289542e+00 6.598632013275882002e+01
9.549549549549549710e+00 6.600619550973833327e+01
9.559809809809809877e+00 6.602594286740038854e+01
9.570070070070070045e+00 6.604556135929044558e+01
9.580330330330330213e+00 6.606505013855633024e+01
9.590590590590590381e+00 6.608440835811478564e+01
9.600850850850850549e+00 6.610363517074793549e+01
9.611111111111110716e+00 6.612272972925933345e+01
9.621371371371370884e+00 6.614169118658827529e+01
9.631631631631631052e+00 6.616051869595683854e+01
9.641891891891891220e+00 6.617921141099010640e+01
9.652152152152151388e+00 6.619776848585996731e+01
9.662412412412411555e+00 6.621618907543053467e+01
9.672672672672671723e+00 6.623447233537470424e+01
9.682932932932931891e+00 6.625261742233071516e+01
9.693193193193192059e+00 6.627062349403065866e+01
9.703453453453452227e+00 6.628848970944756047e+01
9.713713713713712394e+00 6.630621522894375630e+01
9.723973973973974338e+00 6.632379921438818826e+01
9.734234234234234506e+00 6.634124082932663669e+01
9.744494494494494674e+00 6.635853923911017205e+01
9.754754754754754842e+00 6.637569361104999643e+01
9.765015015015015010e+00 6.639270311455693729e+01
9.775275275275275177e+00 6.640956692127488736e+01
9.785535535535535345e+00 6.642628420526148147e+01
9.795795795795795513e+00 6.644285414310104443e+01
9.806056056056055681e+00 6.645927591406953638e+01
9.816316316316315849e+00 6.647554870027433083e+01
9.826576576576576016e+00 6.649167168682501483e+01
9.836836836836836184e+00 6.650764406194318212e+01
9.847097097097096352e+00 6.652346501714627891e+01
9.857357357357356520e+00 6.653913374738858977e+01
9.867617617617616688e+00 6.655464945120070297e+01
9.877877877877876855e+00 6.657001133085270794e+01
9.888138138138137023e+00 6.658521859250225816e+01
9.898398398398397191e+00 6.660027044632411730e+01
9.908658658658657359e+00 6.661516610671212391e+01
9.918918918918919303e+00 6.662990479236748342e+01
9.929179179179179471e+00 6.664448572649902758e+01
9.939439439439439639e+00 6.665890813694069550e+01
9.949699699699699806e+00 6.667317125632534669e+01
9.959959959959959974e+00 6.668727432222148366e+01
9.970220220220220142e+00 6.670121657728694231e+01
9.980480480480480310e+00 6.671499726942562347e+01
9.990740740740740478e+00 6.672861565192586397e+01
1.000100100100100065e+01 6.674207098361719659e+01
1.001126126126126081e+01 6.675536252901510181e+01
1.002152152152152098e+01 6.676848955847614775e+01
1.003178178178178115e+01 6.678145134833336272e+01
1.004204204204204132e+01 6.679424718106520231e+01
1.005230230230230148e+01 6.680687634542059072e+01
1.006256256256256165e+01 6.681933813656860366e+01
1.007282282282282182e+01 6.683163185626187897e+01
1.008308308308308199e+01 6.684375681296103267e+01
1.009334334334334216e+01 6.685571232197989389e+01
1.010360360360360232e+01 6.686749770564841810e+01
1.011386386386386249e+01 6.687911229343049513e+01
1.012412412412412444e+01 6.689055542207691474e+01
1.013438438438438460e+01 6.690182643576841315e+01
1.014464464464464477e+01 6.691292468624558865e+01
1.015490490490490494e+01 6.692384953295865557e+01
1.016516516516516511e+01 6.693460034319136298e+01
1.017542542542542527e+01 6.694517649219886835e+01
1.018568568568568544e+01 6.695557736336137111e+01
1.019594594594594561e+01 6.696580234828790879e+01
1.020620620620620578e+01 6.697585084696142133e+01
1.021646646646646595e+01 6.698572226789035255e+01
1.022672672672672611e+01 6.699541602818635511e+01
1.023698698698698628e+01 6.700493155374030607e+01
1.024724724724724645e+01 6.701426827933622121e+01
1.025750750750750662e+01 6.702342564875155517e+01
1.026776776776776678e+01 6.703240311491011028e+01
1.027802802802802695e+01 6.704120013998992533e+01
1.028828828828828712e+01 6.704981619553750249e+01
1.029854854854854729e+01 6.705825076259142747e+01
1.030880880880880746e+01 6.706650333181170254e+01
1.031906906906906940e+01 6.707457340356415898e+01
1.032932932932932957e+01 6.708246048804242889e+01
1.033958958958958974e+01 6.709016410540270670e+01
1.034984984984984990e+01 6.709768378584526261e+01
1.036011011011011007e+01 6.710501906971758501e+01
1.037037037037037024e+01 6.711216950764229239e+01
1.038063063063063041e+01 6.711913466059385769e+01
1.039089089089089057e+01 6.712591410001186887e+01
1.040115115115115074e+01 6.713250740790246596e+01
1.041141141141141091e+01 6.713891417692335040e+01
1.042167167167167108e+01 6.714513401047554453e+01
1.043193193193193125e+01 6.715116652281115250e+01
1.044219219219219141e+01 6.715701133909639964e+01
1.045245245245245158e+01 6.716266809551171946e+01
1.046271271271271175e+01 6.716813643935589084e+01
1.047297297297297192e+01 6.717341602907315234e+01
1.048323323323323208e+01 6.717850653439754183e+01
1.049349349349349225e+01 6.718340763637763757e+01
1.050375375375375242e+01 6.718811902747206943e+01
1.051401401401401436e+01 6.719264041161974887e+01
1.052427427427427453e+01 6.719697150431882449e+01
1.053453453453453470e+01 6.720111203266088751e+01
1.054479479479479487e+01 6.720506173543060413e+01
1.055505505505505504e+01 6.720882036314860386e+01
1.056531531531531520e+01 6.721238767811792059e+01
1.057557557557557537e+01 6.721576345450675660e+01
1.058583583583583554e+01 6.721894747839269257e+01
1.059609609609609571e+01 6.722193954779747571e+01
1.060635635635635587e+01 6.722473947274650641e+01
1.061661661661661604e+01 6.722734707531516563e+01
1.062687687687687621e+01 6.722976218966515205e+01
1.063713713713713638e+01 6.723198466209029789e+01
1.064739739739739655e+01 6.723401435103529877e+01
1.065765765765765671e+01 6.723585112715218770e+01
1.066791791791791688e+01 6.723749487332294450e+01
1.067817817817817705e+01 6.723894548467013976e+01
1.068843843843843722e+01 6.724020286860709916e+01
1.069869869869869738e+01 6.724126694484806421e+01
1.070895895895895755e+01 6.724213764542631111e+01
1.071921921921921950e+01 6.724281491470023298e+01
1.072947947947947966e+01 6.724329870939722298e+01
1.073973973973973983e+01 6.724358899858110306e+01
1.075000000000000000e+01 6.724368576371020367e+01
