1.000000000000000021e-02 1.089496603067521829e-03
5.003003003003003712e-02 1.365920812040689186e-02
9.006006006006006537e-02 2.621786809658181033e-02
1.300900900900901214e-01 3.661878110590797986e-02
1.701201201201201496e-01 4.508201516857993779e-02
2.101501501501501779e-01 5.198647890202891947e-02
2.501801801801802339e-01 5.765309613413420464e-02
2.902102102102102621e-01 6.233090150881791941e-02
3.302402402402402903e-01 6.621073482184768044e-02
3.702702702702703186e-01 6.943970057343751279e-02
4.103003003003003468e-01 7.213244473128417600e-02
4.503303303303303751e-01 7.437939989383329786e-02
4.903603603603604588e-01 7.625273959215905784e-02
5.303903903903904871e-01 7.781069670483309331e-02
5.704204204204205153e-01 7.910072766536287159e-02
6.104504504504505435e-01 8.016185943992731877e-02
6.504804804804805718e-01 8.102645232590237334e-02
6.905105105105106000e-01 8.172154021353428277e-02
7.305405405405406283e-01 8.226986141905034966e-02
7.705705705705706565e-01 8.269066013100474788e-02
8.106006006006006848e-01 8.300031579853942021e-02
8.506306306306307130e-01 8.321284202131459806e-02
8.906606606606607413e-01 8.334028542494285874e-02
9.306906906906907695e-01 8.339304713371477329e-02
9.707207207207209088e-01 8.338014379221152239e-02
1.010750750750750937e+00 8.330942097184208806e-02
1.050780780780780965e+00 8.318772877381076791e-02
1.090810810810810993e+00 8.302106719467890195e-02
1.130840840840841022e+00 8.281470713777260018e-02
1.170870870870871050e+00 8.257329168086979809e-02
1.210900900900901078e+00 8.230092123971038953e-02
1.250930930930931106e+00 8.200122552030190970e-02
1.290960960960961135e+00 8.167742457454597871e-02
1.330990990990991163e+00 8.133238082229402033e-02
1.371021021021021191e+00 8.096864354826885379e-02
1.411051051051051219e+00 8.058848710182819897e-02
1.451081081081081248e+00 8.019394380442311510e-02
1.491111111111111276e+00 7.978683239106572345e-02
1.531141141141141304e+00 7.936878266847903485e-02
1.571171171171171332e+00 7.894125695643089413e-02
1.611201201201201361e+00 7.850556878433462282e-02
1.651231231231231389e+00 7.806289923809899001e-02
1.691261261261261417e+00 7.761431128896593978e-02
1.731291291291291445e+00 7.716076238397633069e-02
1.771321321321321474e+00 7.670311553460920639e-02
1.811351351351351502e+00 7.624214910435522796e-02
1.851381381381381530e+00 7.577856546615731326e-02
1.891411411411411558e+00 7.531299867570022399e-02
1.931441441441441809e+00 7.484602128558799639e-02
1.971471471471471837e+00 7.437815040780987319e-02
2.011501501501501643e+00 7.390985311699557747e-02
2.051531531531531449e+00 7.344155127433332764e-02
2.091561561561561700e+00 7.297362584129361840e-02
2.131591591591591506e+00 7.250642074315528929e-02
2.171621621621621756e+00 7.204024633451569515e-02
2.211651651651651562e+00 7.157538251226912285e-02
2.251681681681681813e+00 7.111208151578612968e-02
2.291711711711711619e+00 7.065057044907387118e-02
2.331741741741741869e+00 7.019105355542139268e-02
2.371771771771771675e+00 6.973371427133857881e-02
2.411801801801801926e+00 6.927871708338877166e-02
2.451831831831831732e+00 6.882620920873344650e-02
2.491861861861861982e+00 6.837632211778026103e-02
2.531891891891891788e+00 6.792917291521304024e-02
2.571921921921922038e+00 6.748486559383330696e-02
2.611951951951952289e+00 6.704349217402573446e-02
2.651981981981982095e+00 6.660513374023951938e-02
2.692012012012012345e+00 6.616986138463226697e-02
2.732042042042042151e+00 6.573773706692433161e-02
2.772072072072072402e+00 6.530881439854399617e-02
2.812102102102102208e+00 6.488313935829098655e-02
2.852132132132132458e+00 6.446075094598799349e-02
2.892162162162162264e+00 6.404168177992287936e-02
2.932192192192192515e+00 6.362595864328934869e-02
2.972222222222222321e+00 6.321360298430750424e-02
3.012252252252252571e+00 6.280463137423590581e-02
3.052282282282282377e+00 6.239905592707017945e-02
3.092312312312312628e+00 6.199688468434973870e-02
3.132342342342342434e+00 6.159812196816234070e-02
3.172372372372372684e+00 6.120276870513830653e-02
3.212402402402402490e+00 6.081082272396053090e-02
3.252432432432432741e+00 6.042227902867719491e-02
3.292462462462462547e+00 6.003713004989099516e-02
3.332492492492492797e+00 5.965536587570528793e-02
3.372522522522522603e+00 5.927697446413583010e-02
3.412552552552552854e+00 5.890194183854034760e-02
3.452582582582582660e+00 5.853025226747825965e-02
3.492612612612612910e+00 5.816188843028662764e-02
3.532642642642642716e+00 5.779683156954352335e-02
3.572672672672672967e+00 5.743506163148762861e-02
3.612702702702702773e+00 5.707655739536907774e-02
3.652732732732733023e+00 5.672129659262176854e-02
3.692762762762762829e+00 5.636925601667151092e-02
3.732792792792793080e+00 5.602041162412409181e-02
3.772822822822822886e+00 5.567473862801484985e-02
3.812852852852853136e+00 5.533221158374371229e-02
3.852882882882883386e+00 5.499280446826764618e-02
3.892912912912913193e+00 5.465649075307515287e-02
3.932942942942943443e+00 5.432324347142402504e-02
3.972972972972973249e+00 5.399303528028424892e-02
4.013003003003003499e+00 5.366583851739242794e-02
4.053033033033033306e+00 5.334162525379074205e-02
4.093063063063063112e+00 5.302036734219398029e-02
4.133093093093093806e+00 5.270203646150044968e-02
4.173123123123123612e+00 5.238660415773802731e-02
4.213153153153153418e+00 5.207404188171313453e-02
4.253183183183183225e+00 5.176432102360995630e-02
4.293213213213213919e+00 5.145741294476765398e-02
4.333243243243243725e+00 5.115328900684593810e-02
4.373273273273273531e+00 5.085192059857280428e-02
4.413303303303303338e+00 5.055327916025401797e-02
4.453333333333334032e+00 5.025733620620964626e-02
4.493363363363363838e+00 4.996406334529077814e-02
4.533393393393393644e+00 4.967343229961795198e-02
4.573423423423423451e+00 4.938541492167207447e-02
4.613453453453454145e+00 4.909998320985915765e-02
4.653483483483483951e+00 4.881710932266077746e-02
4.693513513513513757e+00 4.853676559147421937e-02
4.733543543543543564e+00 4.825892453223839390e-02
4.773573573573574258e+00 4.798355885593486719e-02
4.813603603603604064e+00 4.771064147804628119e-02
4.853633633633633870e+00 4.744014552704910875e-02
4.893663663663663677e+00 4.717204435201161755e-02
4.933693693693694371e+00 4.690631152936287906e-02
4.973723723723724177e+00 4.664292086889437056e-02
5.013753753753753983e+00 4.638184641905044453e-02
5.053783783783783790e+00 4.612306247156083838e-02
5.093813813813814484e+00 4.586654356546393529e-02
5.133843843843844290e+00 4.561226449056634408e-02
5.173873873873874096e+00 4.536020029038104889e-02
5.213903903903904791e+00 4.511032626458345157e-02
5.253933933933934597e+00 4.486261797102174265e-02
5.293963963963964403e+00 4.461705122731540740e-02
5.333993993993994209e+00 4.437360211207384136e-02
5.374024024024024904e+00 4.413224696576380918e-02
5.414054054054054710e+00 4.389296239125356491e-02
5.454084084084084516e+00 4.365572525405866933e-02
5.494114114114114322e+00 4.342051268231323508e-02
5.534144144144145017e+00 4.318730206648847131e-02
5.574174174174174823e+00 4.295607105887912225e-02
5.614204204204204629e+00 4.272679757287654867e-02
5.654234234234234435e+00 4.249945978204636154e-02
5.694264264264265130e+00 4.227403611902686570e-02
5.734294294294294936e+00 4.205050527426380802e-02
5.774324324324324742e+00 4.182884619459535658e-02
5.814354354354354548e+00 4.160903808170102885e-02
5.854384384384385243e+00 4.139106039042629581e-02
5.894414414414415049e+00 4.117489282699486608e-02
5.934444444444444855e+00 4.096051534711898923e-02
5.974474474474474661e+00 4.074790815401766603e-02
6.014504504504505356e+00 4.053705169635222344e-02
6.054534534534535162e+00 4.032792666608765036e-02
6.094564564564564968e+00 4.012051399628754900e-02
6.134594594594594774e+00 3.991479485885039008e-02
6.174624624624625469e+00 3.971075066219365013e-02
6.214654654654655275e+00 3.950836304889245032e-02
6.254684684684685081e+00 3.930761389327843552e-02
6.294714714714714887e+00 3.910848529900443071e-02
6.334744744744745581e+00 3.891095959658016218e-02
6.374774774774775388e+00 3.871501934088349139e-02
6.414804804804805194e+00 3.852064730865172038e-02
6.454834834834835888e+00 3.832782649595693064e-02
6.494864864864865694e+00 3.813654011566929014e-02
6.534894894894895501e+00 3.794677159491153390e-02
6.574924924924925307e+00 3.775850457250810172e-02
6.614954954954956001e+00 3.757172289643170154e-02
6.654984984984985807e+00 3.738641062125017123e-02
6.695015015015015614e+00 3.720255200557606723e-02
6.735045045045045420e+00 3.702013150952140202e-02
6.775075075075076114e+00 3.683913379215957018e-02
6.815105105105105920e+00 3.665954370899657949e-02
6.855135135135135727e+00 3.648134630945317619e-02
6.895165165165165533e+00 3.630452683435975159e-02
6.935195195195196227e+00 3.612907071346538324e-02
6.975225225225226033e+00 3.595496356296249557e-02
7.015255255255255840e+00 3.578219118302829183e-02
7.055285285285285646e+00 3.561073955538421321e-02
7.095315315315316340e+00 3.544059484087439676e-02
7.135345345345346146e+00 3.527174337706415197e-02
7.175375375375375953e+00 3.510417167585914988e-02
7.215405405405405759e+00 3.493786642114621310e-02
7.255435435435436453e+00 3.477281446645647672e-02
7.295465465465466259e+00 3.460900283265121169e-02
7.335495495495496066e+00 3.444641870563115715e-02
7.375525525525525872e+00 3.428504943406972261e-02
7.415555555555556566e+00 3.412488252717041370e-02
7.455585585585586372e+00 3.396590565244892584e-02
7.495615615615616179e+00 3.380810663354016921e-02
7.535645645645645985e+00 3.365147344803044033e-02
7.575675675675676679e+00 3.349599422531505943e-02
7.615705705705706485e+00 3.334165724448150819e-02
7.655735735735736291e+00 3.318845093221824832e-02
7.695765765765766986e+00 3.303636386074941533e-02
7.735795795795796792e+00 3.288538474579527637e-02
7.775825825825826598e+00 3.273550244455855629e-02
7.815855855855856404e+00 3.258670595373665269e-02
7.855885885885887099e+00 3.243898440755973306e-02
7.895915915915916905e+00 3.229232707585451972e-02
7.935945945945946711e+00 3.214672336213398457e-02
7.975975975975976517e+00 3.200216280171240546e-02
8.016006006006007212e+00 3.185863505984615207e-02
8.056036036036037018e+00 3.171612992989979868e-02
8.096066066066066824e+00 3.157463733153739738e-02
8.136096096096096630e+00 3.143414730893892561e-02
8.176126126126126437e+00 3.129465002904160964e-02
8.216156156156156243e+00 3.115613577980587412e-02
8.256186186186187825e+00 3.101859496850598030e-02
8.296216216216217632e+00 3.088201812004482544e-02
8.336246246246247438e+00 3.074639587529293117e-02
8.376276276276277244e+00 3.061171898945121844e-02
8.416306306306307050e+00 3.047797833043753082e-02
8.456336336336336856e+00 3.034516487729646897e-02
8.496366366366366663e+00 3.021326971863244268e-02
8.536396396396396469e+00 3.008228405106559353e-02
8.576426426426428051e+00 2.995219917771038687e-02
8.616456456456457857e+00 2.982300650667665115e-02
8.656486486486487664e+00 2.969469754959268293e-02
8.696516516516517470e+00 2.956726392015027530e-02
8.736546546546547276e+00 2.944069733267135405e-02
8.776576576576577082e+00 2.931498960069597523e-02
8.816606606606606888e+00 2.919013263559135096e-02
8.856636636636636695e+00 2.906611844518175100e-02
8.896666666666668277e+00 2.894293913239888091e-02
8.936696696696698083e+00 2.882058689395261206e-02
8.976726726726727890e+00 2.869905401902158801e-02
9.016756756756757696e+00 2.857833288796368665e-02
9.056786786786787502e+00 2.845841597104584522e-02
9.096816816816817308e+00 2.833929582719315471e-02
9.136846846846847114e+00 2.822096510275680717e-02
9.176876876876878697e+00 2.810341653030072953e-02
9.216906906906908503e+00 2.798664292740664708e-02
9.256936936936938309e+00 2.787063719549717419e-02
9.296966966966968116e+00 2.775539231867688028e-02
9.336996996996997922e+00 2.764090136259087990e-02
9.377027027027027728e+00 2.752715747330083257e-02
9.417057057057057534e+00 2.741415387617795671e-02
9.457087087087087340e+00 2.730188387481296414e-02
9.497117117117118923e+00 2.719034084994249867e-02
9.537147147147148729e+00 2.707951825839201299e-02
9.577177177177178535e+00 2.696940963203458066e-02
9.617207207207208342e+00 2.686000857676571971e-02
9.657237237237238148e+00 2.675130877149368633e-02
9.697267267267267954e+00 2.664330396714523208e-02
9.737297297297297760e+00 2.653598798568640449e-02
9.777327327327327566e+00 2.642935471915828713e-02
9.817357357357359149e+00 2.632339812872740159e-02
9.857387387387388955e+00 2.621811224375054927e-02
9.897417417417418761e+00 2.611349116085379812e-02
9.937447447447448567e+00 2.600952904302554144e-02
9.977477477477478374e+00 2.590622011872329919e-02
1.001750750750750818e+01 2.580355868099402233e-02
1.005753753753753799e+01 2.570153908660779973e-02
1.009756756756756779e+01 2.560015575520463785e-02
1.013759759759759937e+01 2.549940316845418845e-02
1.017762762762762918e+01 2.539927586922820918e-02
1.021765765765765899e+01 2.529976846078547600e-02
1.025768768768768879e+01 2.520087560596902948e-02
1.029771771771771860e+01 2.510259202641557455e-02
1.033774774774774841e+01 2.500491250177676664e-02
1.037777777777777821e+01 2.490783186895221060e-02
1.041780780780780979e+01 2.481134502133405112e-02
1.045783783783783960e+01 2.471544690806288039e-02
1.049786786786786941e+01 2.462013253329484522e-02
1.053789789789789921e+01 2.452539695547971757e-02
1.057792792792792902e+01 2.443123528664983488e-02
1.061795795795795883e+01 2.433764269171962910e-02
1.065798798798798863e+01 2.424461438779567865e-02
1.069801801801801844e+01 2.415214564349702983e-02
1.073804804804805002e+01 2.406023177828565257e-02
1.077807807807807983e+01 2.396886816180691937e-02
1.081810810810810963e+01 2.387805021323984728e-02
1.085813813813813944e+01 2.378777340065700921e-02
1.089816816816816925e+01 2.369803324039395157e-02
1.093819819819819905e+01 2.360882529642797240e-02
1.097822822822822886e+01 2.352014517976604505e-02
1.101825825825825866e+01 2.343198854784184909e-02
1.105828828828829025e+01 2.334435110392167959e-02
1.109831831831832005e+01 2.325722859651908545e-02
1.113834834834834986e+01 2.317061681881817103e-02
1.117837837837837967e+01 2.308451160810531463e-02
1.121840840840840947e+01 2.299890884520932113e-02
1.125843843843843928e+01 2.291380445394967935e-02
1.129846846846846908e+01 2.282919440059295174e-02
1.133849849849849889e+01 2.274507469331709872e-02
1.137852852852853047e+01 2.266144138168360231e-02
1.141855855855856028e+01 2.257829055611730931e-02
1.145858858858859008e+01 2.249561834739379623e-02
1.149861861861861989e+01 2.241342092613422474e-02
1.153864864864864970e+01 2.233169450230750377e-02
1.157867867867867950e+01 2.225043532473963692e-02
1.161870870870870931e+01 2.216963968063022025e-02
1.165873873873874089e+01 2.208930389507582359e-02
1.169876876876877070e+01 2.200942433060038353e-02
1.173879879879880050e+01 2.192999738669215368e-02
1.177882882882883031e+01 2.185101949934751056e-02
1.181885885885886012e+01 2.177248714062115023e-02
1.185888888888888992e+01 2.169439681818280397e-02
1.189891891891891973e+01 2.161674507488025102e-02
1.193894894894894954e+01 2.153952848830858677e-02
1.197897897897898112e+01 2.146274367038559713e-02
1.201900900900901092e+01 2.138638726693323222e-02
1.205903903903904073e+01 2.131045595726493297e-02
1.209906906906907054e+01 2.123494645377886972e-02
1.213909909909910034e+01 2.115985550155694006e-02
1.217912912912913015e+01 2.108517987796935250e-02
1.221915915915915996e+01 2.101091639228491043e-02
1.225918918918918976e+01 2.093706188528664247e-02
1.229921921921922134e+01 2.086361322889292852e-02
1.233924924924925115e+01 2.079056732578394781e-02
1.237927927927928096e+01 2.071792110903323061e-02
1.241930930930931076e+01 2.064567154174454938e-02
1.245933933933934057e+01 2.057381561669369141e-02
1.249936936936937038e+01 2.050235035597535588e-02
1.253939939939940018e+01 2.043127281065489423e-02
1.257942942942942999e+01 2.036058006042488697e-02
1.261945945945946157e+01 2.029026921326650829e-02
1.265948948948949138e+01 2.022033740511553282e-02
1.269951951951952118e+01 2.015078179953297757e-02
1.273954954954955099e+01 2.008159958738030618e-02
1.277957957957958079e+01 2.001278798649901852e-02
1.281960960960961060e+01 1.994434424139475762e-02
1.285963963963964041e+01 1.987626562292562488e-02
1.289966966966967199e+01 1.980854942799484958e-02
1.293969969969970180e+01 1.974119297924761471e-02
1.297972972972973160e+01 1.967419362477202532e-02
1.301975975975976141e+01 1.960754873780413271e-02
1.305978978978979121e+01 1.954125571643698656e-02
1.309981981981982102e+01 1.947531198333360414e-02
1.313984984984985083e+01 1.940971498544386692e-02
1.317987987987988063e+01 1.934446219372520231e-02
1.321990990990991222e+01 1.927955110286700552e-02
1.325993993993994202e+01 1.921497923101890201e-02
1.329996996996997183e+01 1.915074411952246217e-02
1.334000000000000163e+01 1.908684333264668714e-02
1.338003003003003144e+01 1.902327445732693648e-02
1.342006006006006125e+01 1.896003510290739449e-02
1.346009009009009105e+01 1.889712290088693333e-02
1.350012012012012086e+01 1.883453550466837947e-02
1.354015015015015244e+01 1.877227058931112483e-02
1.358018018018018225e+01 1.871032585128699216e-02
1.362021021021021205e+01 1.864869900823934099e-02
1.366024024024024186e+01 1.858738779874535840e-02
1.370027027027027167e+01 1.852638998208150367e-02
1.374030030030030147e+01 1.846570333799200936e-02
1.378033033033033128e+01 1.840532566646043214e-02
1.382036036036036108e+01 1.834525478748424282e-02
1.386039039039039267e+01 1.828548854085227521e-02
1.390042042042042247e+01 1.822602478592521419e-02
1.394045045045045228e+01 1.816686140141880734e-02
1.398048048048048209e+01 1.810799628519000476e-02
1.402051051051051189e+01 1.804942735402583279e-02
1.406054054054054170e+01 1.799115254343500864e-02
1.410057057057057150e+01 1.793316980744227851e-02
1.414060060060060309e+01 1.787547711838535086e-02
1.418063063063063289e+01 1.781807246671456707e-02
1.422066066066066270e+01 1.776095386079499724e-02
1.426069069069069251e+01 1.770411932671121444e-02
1.430072072072072231e+01 1.764756690807451484e-02
1.434075075075075212e+01 1.759129466583260817e-02
1.438078078078078192e+01 1.753530067808172985e-02
1.442081081081081173e+01 1.747958303988118856e-02
1.446084084084084331e+01 1.742413986307025583e-02
1.450087087087087312e+01 1.736896927608737318e-02
1.454090090090090293e+01 1.731406942379165939e-02
1.458093093093093273e+01 1.725943846728668352e-02
1.462096096096096254e+01 1.720507458374648593e-02
1.466099099099099234e+01 1.715097596624374013e-02
1.470102102102102215e+01 1.709714082358013143e-02
1.474105105105105196e+01 1.704356738011887293e-02
1.478108108108108354e+01 1.699025387561924061e-02
1.482111111111111335e+01 1.693719856507331506e-02
1.486114114114114315e+01 1.688439971854462790e-02
1.490117117117117296e+01 1.683185562100893151e-02
1.494120120120120276e+01 1.677956457219687697e-02
1.498123123123123257e+01 1.672752488643870772e-02
1.502126126126126238e+01 1.667573489251082328e-02
1.506129129129129218e+01 1.662419293348429278e-02
1.510132132132132377e+01 1.657289736657522120e-02
1.514135135135135357e+01 1.652184656299696131e-02
1.518138138138138338e+01 1.647103890781415406e-02
1.522141141141141318e+01 1.642047279979854182e-02
1.526144144144144299e+01 1.637014665128661353e-02
1.530147147147147280e+01 1.632005888803892205e-02
1.534150150150150260e+01 1.627020794910114670e-02
1.538153153153153418e+01 1.622059228666689057e-02
1.542156156156156399e+01 1.617121036594208749e-02
1.546159159159159380e+01 1.612206066501112312e-02
1.550162162162162360e+01 1.607314167470450667e-02
1.554165165165165341e+01 1.602445189846824630e-02
1.558168168168168322e+01 1.597598985223469201e-02
1.562171171171171302e+01 1.592775406429504381e-02
1.566174174174174283e+01 1.587974307517332415e-02
1.570177177177177441e+01 1.583195543750188367e-02
1.574180180180180422e+01 1.578438971589846140e-02
1.578183183183183402e+01 1.573704448684460147e-02
1.582186186186186383e+01 1.568991833856565876e-02
1.586189189189189364e+01 1.564300987091213346e-02
1.590192192192192344e+01 1.559631769524246619e-02
1.594195195195195325e+01 1.554984043430725216e-02
1.598198198198198305e+01 1.550357672213477540e-02
1.602201201201201641e+01 1.545752520391793783e-02
1.606204204204204444e+01 1.541168453590253604e-02
1.610207207207207603e+01 1.536605338527682538e-02
1.614210210210210406e+01 1.532063043006241104e-02
1.618213213213213564e+01 1.527541435900640551e-02
1.622216216216216722e+01 1.523040387147489745e-02
1.626219219219219525e+01 1.518559767734762971e-02
1.630222222222222683e+01 1.514099449691389335e-02
1.634225225225225486e+01 1.509659306076972102e-02
1.638228228228228645e+01 1.505239210971618530e-02
1.642231231231231448e+01 1.500839039465894954e-02
1.646234234234234606e+01 1.496458667650896884e-02
1.650237237237237764e+01 1.492097972608431335e-02
1.654240240240240567e+01 1.487756832401319375e-02
1.658243243243243725e+01 1.483435126063804149e-02
1.662246246246246528e+01 1.479132733592074429e-02
1.666249249249249686e+01 1.474849535934895026e-02
1.670252252252252489e+01 1.470585414984347181e-02
1.674255255255255648e+01 1.466340253566671657e-02
1.678258258258258806e+01 1.462113935433223197e-02
1.682261261261261609e+01 1.457906345251521948e-02
1.686264264264264767e+01 1.453717368596408981e-02
1.690267267267267570e+01 1.449546891941307786e-02
1.694270270270270728e+01 1.445394802649576857e-02
1.698273273273273531e+01 1.441260988965969297e-02
1.702276276276276690e+01 1.437145340008181248e-02
1.706279279279279493e+01 1.433047745758503355e-02
1.710282282282282651e+01 1.428968097055561930e-02
1.714285285285285809e+01 1.424906285586154120e-02
1.718288288288288612e+01 1.420862203877178154e-02
1.722291291291291770e+01 1.416835745287649446e-02
1.726294294294294573e+01 1.412826804000812467e-02
1.730297297297297732e+01 1.408835275016333440e-02
1.734300300300300535e+01 1.404861054142589501e-02
1.738303303303303693e+01 1.400904037989036260e-02
1.742306306306306851e+01 1.396964123958664358e-02
1.746309309309309654e+01 1.393041210240540673e-02
1.750312312312312812e+01 1.389135195802428634e-02
1.754315315315315615e+01 1.385245980383495792e-02
1.758318318318318774e+01 1.381373464487096851e-02
1.762321321321321577e+01 1.377517549373641868e-02
1.766324324324324735e+01 1.373678137053538535e-02
1.770327327327327538e+01 1.369855130280214252e-02
1.774330330330330696e+01 1.366048432543215917e-02
1.778333333333333854e+01 1.362257948061385178e-02
1.782336336336336657e+01 1.358483581776106369e-02
1.786339339339339816e+01 1.354725239344631293e-02
1.790342342342342619e+01 1.350982827133475304e-02
1.794345345345345777e+01 1.347256252211886420e-02
1.798348348348348580e+01 1.343545422345384169e-02
1.802351351351351738e+01 1.339850245989371302e-02
1.806354354354354896e+01 1.336170632282811764e-02
1.810357357357357699e+01 1.332506491041979962e-02
1.814360360360360858e+01 1.328857732754274920e-02
1.818363363363363661e+01 1.325224268572105027e-02
1.822366366366366819e+01 1.321606010306834202e-02
1.826369369369369622e+01 1.318002870422797269e-02
1.830372372372372780e+01 1.314414762031377963e-02
1.834375375375375938e+01 1.310841598885149374e-02
1.838378378378378741e+01 1.307283295372080670e-02
1.842381381381381900e+01 1.303739766509799669e-02
1.846384384384384703e+01 1.300210927939925674e-02
1.850387387387387861e+01 1.296696695922452437e-02
1.854390390390390664e+01 1.293196987330200685e-02
1.858393393393393822e+01 1.289711719643321826e-02
1.862396396396396625e+01 1.286240810943864790e-02
1.866399399399399783e+01 1.282784179910397698e-02
1.870402402402402942e+01 1.279341745812689196e-02
1.874405405405405745e+01 1.275913428506442529e-02
1.878408408408408903e+01 1.272499148428087729e-02
1.882411411411411706e+01 1.269098826589627402e-02
1.886414414414414864e+01 1.265712384573538726e-02
1.890417417417417667e+01 1.262339744527723670e-02
1.894420420420420825e+01 1.258980829160519233e-02
1.898423423423423984e+01 1.255635561735754524e-02
1.902426426426426787e+01 1.252303866067861968e-02
1.906429429429429945e+01 1.248985666517037074e-02
1.910432432432432748e+01 1.245680887984452513e-02
1.914435435435435906e+01 1.242389455907517808e-02
1.918438438438438709e+01 1.239111296255190724e-02
1.922441441441441867e+01 1.235846335523336191e-02
1.926444444444445026e+01 1.232594500730134317e-02
1.930447447447447828e+01 1.229355719411533154e-02
1.934450450450450987e+01 1.226129919616751433e-02
1.938453453453453790e+01 1.222917029903826565e-02
1.942456456456456948e+01 1.219716979335206709e-02
1.946459459459459751e+01 1.216529697473390029e-02
1.950462462462462909e+01 1.213355114376608694e-02
1.954465465465465712e+01 1.210193160594555048e-02
1.958468468468468870e+01 1.207043767164153215e-02
1.962471471471472029e+01 1.203906865605373216e-02
1.966474474474474832e+01 1.200782387917087232e-02
1.970477477477477990e+01 1.197670266572969239e-02
1.974480480480480793e+01 1.194570434517434020e-02
1.978483483483483951e+01 1.191482825161619373e-02
1.982486486486486754e+01 1.188407372379409258e-02
1.986489489489489912e+01 1.185344010503493022e-02
1.990492492492493071e+01 1.182292674321471122e-02
1.994495495495495874e+01 1.179253299071993284e-02
1.998498498498499032e+01 1.176225820440939332e-02
2.002501501501501835e+01 1.173210174557638187e-02
2.006504504504504993e+01 1.170206297991122600e-02
2.010507507507507796e+01 1.167214127746424128e-02
2.014510510510510954e+01 1.164233601260902112e-02
2.018513513513513757e+01 1.161264656400612383e-02
2.022516516516516916e+01 1.158307231456708053e-02
2.026519519519520074e+01 1.155361265141881949e-02
2.030522522522522877e+01 1.152426696586838183e-02
2.034525525525526035e+01 1.149503465336802407e-02
2.038528528528528838e+01 1.146591511348065903e-02
2.042531531531531996e+01 1.143690774984561752e-02
2.046534534534534799e+01 1.140801197014479698e-02
2.050537537537537958e+01 1.137922718606907031e-02
2.054540540540541116e+01 1.135055281328510579e-02
2.058543543543543919e+01 1.132198827140244377e-02
2.062546546546547077e+01 1.129353298394094283e-02
2.066549549549549880e+01 1.126518637829850879e-02
2.070552552552553038e+01 1.123694788571917222e-02
2.074555555555555841e+01 1.120881694126146452e-02
2.078558558558559000e+01 1.118079298376707317e-02
2.082561561561562158e+01 1.115287545582985956e-02
2.086564564564564961e+01 1.112506380376512838e-02
2.090567567567568119e+01 1.109735747757920922e-02
2.094570570570570922e+01 1.106975593093935568e-02
2.098573573573574080e+01 1.104225862114388904e-02
2.102576576576576883e+01 1.101486500909268015e-02
2.106579579579580042e+01 1.098757455925788128e-02
2.110582582582582845e+01 1.096038673965494398e-02
2.114585585585586003e+01 1.093330102181393378e-02
2.118588588588589161e+01 1.090631688075110843e-02
2.122591591591591964e+01 1.087943379494075817e-02
2.126594594594595122e+01 1.085265124628732696e-02
2.130597597597597925e+01 1.082596872009781303e-02
2.134600600600601084e+01 1.079938570505439670e-02
2.138603603603603887e+01 1.077290169318736654e-02
2.142606606606607045e+01 1.074651617984827799e-02
2.146609609609610203e+01 1.072022866368337220e-02
2.150612612612613006e+01 1.069403864660725852e-02
2.154615615615616164e+01 1.066794563377683296e-02
2.158618618618618967e+01 1.064194913356545161e-02
2.162621621621622126e+01 1.061604865753732786e-02
2.166624624624624929e+01 1.059024372042221239e-02
2.170627627627628087e+01 1.056453384009025526e-02
2.174630630630630890e+01 1.053891853752716296e-02
2.178633633633634048e+01 1.051339733680954625e-02
2.182636636636637206e+01 1.048796976508050392e-02
2.186639639639640009e+01 1.046263535252547026e-02
2.190642642642643168e+01 1.043739363234822554e-02
2.194645645645645970e+01 1.041224414074719794e-02
2.198648648648649129e+01 1.038718641689193901e-02
2.202651651651651932e+01 1.036222000289983673e-02
2.206654654654655090e+01 1.033734444381302804e-02
2.210657657657658248e+01 1.031255928757557339e-02
2.214660660660661051e+01 1.028786408501076999e-02
2.218663663663664209e+01 1.026325838979872361e-02
2.222666666666667012e+01 1.023874175845413542e-02
2.226669669669670171e+01 1.021431375030424672e-02
2.230672672672672974e+01 1.018997392746703694e-02
2.234675675675676132e+01 1.016572185482958295e-02
2.238678678678679290e+01 1.014155710002664045e-02
2.242681681681682093e+01 1.011747923341942655e-02
2.246684684684685251e+01 1.009348782807455679e-02
2.250687687687688054e+01 1.006958245974323533e-02
2.254690690690691213e+01 1.004576270684057020e-02
2.258693693693694016e+01 1.002202815042513816e-02
2.262696696696697174e+01 9.998378374178681569e-03
2.266699699699699977e+01 9.974812964386035874e-03
2.270702702702703135e+01 9.951331509915204571e-03
2.274705705705706293e+01 9.927933602197624996e-03
2.278708708708709096e+01 9.904618835208638811e-03
2.282711711711712255e+01 9.881386805448078708e-03
2.286714714714715058e+01 9.858237111921099721e-03
2.290717717717718216e+01 9.835169356119144099e-03
2.294720720720721019e+01 9.812183142001060579e-03
2.298723723723724177e+01 9.789278075974450904e-03
2.302726726726727335e+01 9.766453766877127365e-03
2.306729729729730138e+01 9.743709825958769832e-03
2.310732732732733297e+01 9.721045866862714629e-03
2.314735735735736100e+01 9.698461505607967187e-03
2.318738738738739258e+01 9.675956360571289286e-03
2.322741741741742061e+01 9.653530052469529166e-03
2.326744744744745219e+01 9.631182204342041836e-03
2.330747747747748377e+01 9.608912441533315821e-03
2.334750750750751180e+01 9.586720391675724803e-03
2.338753753753754339e+01 9.564605684672437130e-03
2.342756756756757142e+01 9.542567952680490115e-03
2.346759759759760300e+01 9.520606830093987505e-03
2.350762762762763103e+01 9.498721953527479098e-03
2.354765765765766261e+01 9.476912961799453111e-03
2.358768768768769064e+01 9.455179495916002028e-03
2.362771771771772222e+01 9.433521199054608133e-03
2.366774774774775381e+01 9.411937716548086919e-03
2.370777777777778184e+01 9.390428695868677927e-03
2.374780780780781342e+01 9.368993786612237959e-03
2.378783783783784145e+01 9.347632640482619881e-03
2.382786786786787303e+01 9.326344911276157265e-03
2.386789789789790106e+01 9.305130254866298203e-03
2.390792792792793264e+01 9.283988329188351887e-03
2.394795795795796423e+01 9.262918794224403451e-03
2.398798798798799226e+01 9.241921311988327697e-03
2.402801801801802384e+01 9.220995546510938126e-03
2.406804804804805187e+01 9.200141163825290361e-03
2.410807807807808345e+01 9.179357831952070571e-03
2.414810810810811148e+01 9.158645220885150429e-03
2.418813813813814306e+01 9.138003002577232275e-03
2.422816816816817109e+01 9.117430850925645203e-03
2.426819819819820268e+01 9.096928441758248690e-03
2.430822822822823426e+01 9.076495452819457674e-03
2.434825825825826229e+01 9.056131563756394248e-03
2.438828828828829387e+01 9.035836456105152126e-03
2.442831831831832190e+01 9.015609813277173853e-03
2.446834834834835348e+01 8.995451320545754664e-03
2.450837837837838151e+01 8.975360665032674698e-03
2.454840840840841310e+01 8.955337535694888468e-03
2.458843843843844468e+01 8.935381623311399943e-03
2.462846846846847271e+01 8.915492620470210489e-03
2.466849849849850429e+01 8.895670221555367421e-03
2.470852852852853232e+01 8.875914122734147871e-03
2.474855855855856390e+01 8.856224021944346728e-03
2.478858858858859193e+01 8.836599618881651325e-03
2.482861861861862351e+01 8.817040614987144490e-03
2.486864864864865510e+01 8.797546713434909946e-03
2.490867867867868313e+01 8.778117619119731388e-03
2.494870870870871471e+01 8.758753038644899111e-03
2.498873873873874274e+01 8.739452680310127661e-03
2.502876876876877432e+01 8.720216254099558487e-03
2.506879879879880235e+01 8.701043471669887494e-03
2.510882882882883393e+01 8.681934046338556782e-03
2.514885885885886196e+01 8.662887693072079953e-03
2.518888888888889355e+01 8.643904128474442020e-03
2.522891891891892513e+01 8.624983070775610328e-03
2.526894894894895316e+01 8.606124239820121813e-03
2.530897897897898474e+01 8.587327357055796889e-03
2.534900900900901277e+01 8.568592145522496706e-03
2.538903903903904435e+01 8.549918329841039999e-03
2.542906906906907238e+01 8.531305636202149434e-03
2.546909909909910397e+01 8.512753792355522847e-03
2.550912912912913555e+01 8.494262527598986021e-03
2.554915915915916358e+01 8.475831572767749539e-03
2.558918918918919516e+01 8.457460660223714219e-03
2.562921921921922319e+01 8.439149523844915318e-03
2.566924924924925477e+01 8.420897899015015314e-03
2.570927927927928280e+01 8.402705522612895564e-03
2.574930930930931439e+01 8.384572133002334698e-03
2.578933933933934597e+01 8.366497470021785898e-03
2.582936936936937400e+01 8.348481274974197536e-03
2.586939939939940558e+01 8.330523290616955248e-03
2.590942942942943361e+01 8.312623261151891665e-03
2.594945945945946519e+01 8.294780932215367261e-03
2.598948948948949322e+01 8.276996050868462226e-03
2.602951951951952481e+01 8.259268365587204772e-03
2.606954954954955284e+01 8.241597626252917391e-03
2.610957957957958442e+01 8.223983584142620373e-03
2.614960960960961600e+01 8.206425991919518576e-03
2.618963963963964403e+01 8.188924603623562795e-03
2.622966966966967561e+01 8.171479174662090936e-03
2.626969969969970364e+01 8.154089461800536828e-03
2.630972972972973523e+01 8.136755223153225788e-03
2.634975975975976326e+01 8.119476218174236093e-03
2.638978978978979484e+01 8.102252207648333315e-03
2.642981981981982642e+01 8.085082953681979254e-03
2.646984984984985445e+01 8.067968219694413717e-03
2.650987987987988603e+01 8.050907770408802233e-03
2.654990990990991406e+01 8.033901371843470487e-03
2.658993993993994565e+01 8.016948791303175198e-03
2.662996996996997368e+01 8.000049797370489477e-03
2.667000000000000526e+01 7.983204159897215949e-03
2.671003003003003329e+01 7.966411649995900485e-03
2.675006006006006487e+01 7.949672040031375425e-03
2.679009009009009645e+01 7.932985103612415559e-03
2.683012012012012448e+01 7.916350615583427064e-03
2.687015015015015607e+01 7.899768352016205836e-03
2.691018018018018410e+01 7.883238090201777348e-03
2.695021021021021568e+01 7.866759608642283352e-03
2.699024024024024371e+01 7.850332687042939697e-03
2.703027027027027529e+01 7.833957106304063542e-03
2.707030030030030687e+01 7.817632648513149138e-03
2.711033033033033490e+01 7.801359096937017339e-03
2.715036036036036649e+01 7.785136236014019752e-03
2.719039039039039451e+01 7.768963851346303608e-03
2.723042042042042610e+01 7.752841729692152087e-03
2.727045045045045413e+01 7.736769658958357609e-03
2.731048048048048571e+01 7.720747428192680992e-03
2.735051051051051729e+01 7.704774827576347032e-03
2.739054054054054532e+01 7.688851648416619895e-03
2.743057057057057690e+01 7.672977683139410587e-03
2.747060060060060493e+01 7.657152725281978975e-03
2.751063063063063652e+01 7.641376569485644477e-03
2.755066066066066455e+01 7.625649011488593032e-03
2.759069069069069613e+01 7.609969848118721368e-03
2.763072072072072416e+01 7.594338877286543714e-03
2.767075075075075574e+01 7.578755897978140151e-03
2.771078078078078732e+01 7.563220710248182155e-03
2.775081081081081535e+01 7.547733115212984165e-03
2.779084084084084694e+01 7.532292915043628870e-03
2.783087087087087497e+01 7.516899912959148014e-03
2.787090090090090655e+01 7.501553913219724881e-03
2.791093093093093458e+01 7.486254721119992191e-03
2.795096096096096616e+01 7.471002142982345606e-03
2.799099099099099774e+01 7.455795986150325766e-03
2.803102102102102577e+01 7.440636058982050619e-03
2.807105105105105736e+01 7.425522170843688527e-03
2.811108108108108539e+01 7.410454132102988617e-03
2.815111111111111697e+01 7.395431754122855361e-03
2.819114114114114500e+01 7.380454849254988216e-03
2.823117117117117658e+01 7.365523230833534267e-03
2.827120120120120816e+01 7.350636713168822410e-03
2.831123123123123619e+01 7.335795111541146100e-03
2.835126126126126778e+01 7.320998242194550441e-03
2.839129129129129581e+01 7.306245922330722488e-03
2.843132132132132739e+01 7.291537970102885020e-03
2.847135135135135542e+01 7.276874204609760574e-03
2.851138138138138700e+01 7.262254445889566694e-03
2.855141141141141503e+01 7.247678514914071037e-03
2.859144144144144661e+01 7.233146233582663821e-03
2.863147147147147820e+01 7.218657424716520485e-03
2.867150150150150623e+01 7.204211912052750459e-03
2.871153153153153781e+01 7.189809520238637890e-03
2.875156156156156584e+01 7.175450074825909241e-03
2.879159159159159742e+01 7.161133402265020854e-03
2.883162162162162545e+01 7.146859329899541043e-03
2.887165165165165703e+01 7.132627685960509639e-03
2.891168168168168862e+01 7.118438299560891219e-03
2.895171171171171665e+01 7.104291000690056944e-03
2.899174174174174823e+01 7.090185620208275946e-03
2.903177177177177626e+01 7.076121989841299524e-03
2.907180180180180784e+01 7.062099942174934059e-03
2.911183183183183587e+01 7.048119310649702401e-03
2.915186186186186745e+01 7.034179929555496591e-03
2.919189189189189548e+01 7.020281634026316435e-03
2.923192192192192707e+01 7.006424260035007227e-03
2.927195195195195865e+01 6.992607644388052976e-03
2.931198198198198668e+01 6.978831624720431212e-03
2.935201201201201826e+01 6.965096039490448719e-03
2.939204204204204629e+01 6.951400727974670936e-03
2.943207207207207787e+01 6.937745530262862635e-03
2.947210210210210590e+01 6.924130287252967635e-03
2.951213213213213749e+01 6.910554840646117997e-03
2.955216216216216907e+01 6.897019032941709149e-03
2.959219219219219710e+01 6.883522707432463729e-03
2.963222222222222868e+01 6.870065708199583898e-03
2.967225225225225671e+01 6.856647880107891516e-03
2.971228228228228829e+01 6.843269068801033361e-03
2.975231231231231632e+01 6.829929120696718453e-03
2.979234234234234791e+01 6.816627882981970109e-03
2.983237237237237949e+01 6.803365203608436988e-03
2.987240240240240752e+01 6.790140931287728422e-03
2.991243243243243910e+01 6.776954915486767955e-03
2.995246246246246713e+01 6.763807006423210207e-03
2.999249249249249871e+01 6.750697055060869006e-03
3.003252252252252674e+01 6.737624913105181960e-03
3.007255255255255832e+01 6.724590432998711446e-03
3.011258258258258635e+01 6.711593467916685506e-03
3.015261261261261794e+01 6.698633871762541339e-03
3.019264264264264952e+01 6.685711499163543396e-03
3.023267267267267755e+01 6.672826205466401463e-03
3.027270270270270913e+01 6.659977846732918240e-03
3.031273273273273716e+01 6.647166279735702843e-03
3.035276276276276874e+01 6.634391361953866084e-03
3.039279279279279677e+01 6.621652951568785146e-03
3.043282282282282836e+01 6.608950907459887336e-03
3.047285285285285994e+01 6.596285089200448586e-03
3.051288288288288797e+01 6.583655357053444859e-03
3.055291291291291955e+01 6.571061571967414840e-03
3.059294294294294758e+01 6.558503595572365112e-03
3.063297297297297916e+01 6.545981290175693565e-03
3.067300300300300719e+01 6.533494518758150085e-03
3.071303303303303878e+01 6.521043144969822410e-03
3.075306306306307036e+01 6.508627033126144525e-03
3.079309309309309839e+01 6.496246048203948437e-03
3.083312312312312997e+01 6.483900055837522013e-03
3.087315315315315800e+01 6.471588922314713659e-03
3.091318318318318958e+01 6.459312514573062151e-03
3.095321321321321761e+01 6.447070700195936012e-03
3.099324324324324920e+01 6.434863347408721450e-03
3.103327327327327723e+01 6.422690325075025054e-03
3.107330330330330881e+01 6.410551502692906842e-03
3.111333333333334039e+01 6.398446750391137590e-03
3.115336336336336842e+01 6.386375938925490867e-03
3.119339339339340000e+01 6.374338939675033323e-03
3.123342342342342803e+01 6.362335624638487848e-03
3.127345345345345962e+01 6.350365866430572430e-03
3.131348348348348765e+01 6.338429538278403212e-03
3.135351351351351923e+01 6.326526514017893205e-03
3.139354354354355081e+01 6.314656668090200438e-03
3.143357357357357884e+01 6.302819875538182189e-03
3.147360360360361042e+01 6.291016012002881297e-03
3.151363363363363845e+01 6.279244953720041975e-03
3.155366366366367004e+01 6.267506577516632552e-03
3.159369369369369807e+01 6.255800760807420265e-03
3.163372372372372965e+01 6.244127381591534770e-03
3.167375375375375768e+01 6.232486318449091504e-03
3.171378378378378926e+01 6.220877450537802902e-03
3.175381381381382084e+01 6.209300657589641656e-03
3.179384384384384887e+01 6.197755819907512648e-03
3.183387387387388046e+01 6.186242818361948302e-03
3.187390390390390849e+01 6.174761534387829959e-03
3.191393393393394007e+01 6.163311849981130928e-03
3.195396396396396810e+01 6.151893647695682969e-03
3.199399399399399968e+01 6.140506810639952302e-03
3.203402402402402771e+01 6.129151222473867670e-03
3.207405405405405929e+01 6.117826767405629314e-03
3.211408408408408377e+01 6.106533330188578662e-03
3.215411411411411535e+01 6.095270796118055015e-03
3.219414414414414694e+01 6.084039051028307735e-03
3.223417417417417852e+01 6.072837981289394560e-03
3.227420420420420299e+01 6.061667473804131963e-03
3.231423423423423458e+01 6.050527416005038565e-03
3.235426426426426616e+01 6.039417695851327997e-03
3.239429429429429774e+01 6.028338201825893944e-03
3.243432432432432933e+01 6.017288822932333366e-03
3.247435435435435380e+01 6.006269448691987922e-03
3.251438438438438538e+01 5.995279969140990609e-03
3.255441441441441697e+01 5.984320274827362694e-03
3.259444444444444855e+01 5.973390256808087245e-03
3.263447447447448013e+01 5.962489806646252902e-03
3.267450450450450461e+01 5.951618816408165563e-03
3.271453453453453619e+01 5.940777178660515585e-03
3.275456456456456777e+01 5.929964786467555385e-03
3.279459459459459936e+01 5.919181533388283983e-03
3.283462462462462383e+01 5.908427313473667113e-03
3.287465465465465542e+01 5.897702021263859055e-03
3.291468468468468700e+01 5.887005551785457445e-03
3.295471471471471858e+01 5.876337800548770210e-03
3.299474474474475016e+01 5.865698663545099861e-03
3.303477477477477464e+01 5.855088037244052072e-03
3.307480480480480622e+01 5.844505818590839050e-03
3.311483483483483781e+01 5.833951905003641886e-03
3.315486486486486939e+01 5.823426194370954698e-03
3.319489489489489387e+01 5.812928585048959124e-03
3.323492492492492545e+01 5.802458975858912696e-03
3.327495495495495703e+01 5.792017266084570175e-03
3.331498498498498861e+01 5.781603355469594474e-03
3.335501501501502020e+01 5.771217144215007484e-03
3.339504504504504467e+01 5.760858532976649571e-03
3.343507507507507626e+01 5.750527422862644275e-03
3.347510510510510784e+01 5.740223715430912456e-03
3.351513513513513942e+01 5.729947312686657808e-03
3.355516516516517100e+01 5.719698117079907024e-03
3.359519519519519548e+01 5.709476031503052558e-03
3.363522522522522706e+01 5.699280959288396259e-03
3.367525525525525865e+01 5.689112804205735500e-03
3.371528528528529023e+01 5.678971470459947581e-03
3.375531531531531471e+01 5.668856862688597537e-03
3.379534534534534629e+01 5.658768885959550299e-03
3.383537537537537787e+01 5.648707445768621008e-03
3.387540540540540945e+01 5.638672448037210586e-03
3.391543543543544104e+01 5.628663799109989881e-03
3.395546546546546551e+01 5.618681405752562127e-03
3.399549549549549710e+01 5.608725175149171377e-03
3.403552552552552868e+01 5.598795014900416131e-03
3.407555555555556026e+01 5.588890833020965579e-03
3.411558558558558474e+01 5.579012537937308794e-03
3.415561561561561632e+01 5.569160038485506531e-03
3.419564564564564790e+01 5.559333243908967312e-03
3.423567567567567949e+01 5.549532063856217438e-03
3.427570570570571107e+01 5.539756408378722179e-03
3.431573573573573555e+01 5.530006187928676598e-03
3.435576576576576713e+01 5.520281313356842356e-03
3.439579579579579871e+01 5.510581695910387982e-03
3.443582582582583029e+01 5.500907247230741280e-03
3.447585585585585477e+01 5.491257879351466899e-03
3.451588588588588635e+01 5.481633504696127417e-03
3.455591591591591794e+01 5.472034036076202541e-03
3.459594594594594952e+01 5.462459386688981421e-03
3.463597597597598110e+01 5.452909470115492249e-03
3.467600600600600558e+01 5.443384200318434479e-03
3.471603603603603716e+01 5.433883491640127510e-03
3.475606606606606874e+01 5.424407258800476722e-03
3.479609609609610033e+01 5.414955416894940386e-03
3.483612612612613191e+01 5.405527881392521716e-03
3.487615615615615638e+01 5.396124568133772205e-03
3.491618618618618797e+01 5.386745393328789752e-03
3.495621621621621955e+01 5.377390273555261897e-03
3.499624624624625113e+01 5.368059125756496040e-03
3.503627627627627561e+01 5.358751867239464409e-03
3.507630630630630719e+01 5.349468415672870708e-03
3.511633633633633877e+01 5.340208689085230651e-03
3.515636636636637036e+01 5.330972605862944677e-03
3.519639639639640194e+01 5.321760084748409711e-03
3.523642642642642642e+01 5.312571044838125707e-03
3.527645645645645800e+01 5.303405405580811742e-03
3.531648648648648958e+01 5.294263086775548993e-03
3.535651651651652116e+01 5.285144008569920247e-03
3.539654654654654564e+01 5.276048091458176298e-03
3.543657657657657722e+01 5.266975256279389332e-03
3.547660660660660881e+01 5.257925424215645349e-03
3.551663663663664039e+01 5.248898516790236578e-03
3.555666666666667197e+01 5.239894455865858232e-03
3.559669669669669645e+01 5.230913163642826082e-03
3.563672672672672803e+01 5.221954562657295761e-03
3.567675675675675961e+01 5.213018575779509826e-03
3.571678678678679120e+01 5.204105126212037885e-03
3.575681681681682278e+01 5.195214137488033193e-03
3.579684684684684726e+01 5.186345533469507475e-03
3.583687687687687884e+01 5.177499238345602273e-03
3.587690690690691042e+01 5.168675176630888046e-03
3.591693693693694200e+01 5.159873273163658076e-03
3.595696696696696648e+01 5.151093453104246649e-03
3.599699699699699806e+01 5.142335641933337698e-03
3.603702702702702965e+01 5.133599765450313351e-03
3.607705705705706123e+01 5.124885749771580790e-03
3.611708708708709281e+01 5.116193521328939002e-03
3.615711711711711729e+01 5.107523006867930801e-03
3.619714714714714887e+01 5.098874133446214783e-03
3.623717717717718045e+01 5.090246828431955507e-03
3.627720720720721204e+01 5.081641019502213669e-03
3.631723723723723651e+01 5.073056634641339747e-03
3.635726726726726810e+01 5.064493602139400613e-03
3.639729729729729968e+01 5.055951850590583579e-03
3.643732732732733126e+01 5.047431308891646429e-03
3.647735735735736284e+01 5.038931906240346620e-03
3.651738738738738732e+01 5.030453572133889578e-03
3.655741741741741890e+01 5.021996236367397802e-03
3.659744744744745049e+01 5.013559829032371296e-03
3.663747747747748207e+01 5.005144280515173155e-03
3.667750750750751365e+01 4.996749521495510819e-03
3.671753753753753813e+01 4.988375482944939869e-03
3.675756756756756971e+01 4.980022096125358289e-03
3.679759759759760129e+01 4.971689292587535419e-03
3.683762762762763288e+01 4.963377004169625302e-03
3.687765765765765735e+01 4.955085162995704305e-03
3.691768768768768894e+01 4.946813701474313089e-03
3.695771771771772052e+01 4.938562552296997706e-03
3.699774774774775210e+01 4.930331648436889723e-03
3.703777777777778368e+01 4.922120923147250797e-03
3.707780780780780816e+01 4.913930309960062338e-03
3.711783783783783974e+01 4.905759742684602173e-03
3.715786786786787133e+01 4.897609155406050692e-03
3.719789789789790291e+01 4.889478482484077050e-03
3.723792792792792739e+01 4.881367658551463533e-03
3.727795795795795897e+01 4.873276618512713439e-03
3.731798798798799055e+01 4.865205297542679781e-03
3.735801801801802213e+01 4.857153631085207868e-03
3.739804804804805372e+01 4.849121554851766602e-03
3.743807807807807819e+01 4.841109004820113616e-03
3.747810810810810978e+01 4.833115917232935245e-03
3.751813813813814136e+01 4.825142228596533342e-03
3.755816816816817294e+01 4.817187875679490409e-03
3.759819819819820452e+01 4.809252795511350341e-03
3.763822822822822900e+01 4.801336925381319981e-03
3.767825825825826058e+01 4.793440202836949000e-03
3.771828828828829216e+01 4.785562565682858344e-03
3.775831831831832375e+01 4.777703951979435718e-03
3.779834834834834822e+01 4.769864300041569243e-03
3.783837837837837981e+01 4.762043548437365492e-03
3.787840840840841139e+01 4.754241635986898758e-03
3.791843843843844297e+01 4.746458501760942965e-03
3.795846846846847455e+01 4.738694085079728745e-03
3.799849849849849903e+01 4.730948325511703974e-03
3.803852852852853061e+01 4.723221162872292579e-03
3.807855855855856220e+01 4.715512537222675896e-03
3.811858858858859378e+01 4.707822388868567083e-03
3.815861861861861826e+01 4.700150658359003759e-03
3.819864864864864984e+01 4.692497286485134561e-03
3.823867867867868142e+01 4.684862214279024786e-03
3.827870870870871300e+01 4.677245383012476783e-03
3.831873873873874459e+01 4.669646734195821713e-03
3.835876876876876906e+01 4.662066209576761627e-03
3.839879879879880065e+01 4.654503751139191584e-03
3.843882882882883223e+01 4.646959301102033917e-03
3.847885885885886381e+01 4.639432801918084645e-03
3.851888888888889539e+01 4.631924196272865085e-03
3.855891891891891987e+01 4.624433427083471729e-03
3.859894894894895145e+01 4.616960437497441734e-03
3.863897897897898304e+01 4.609505170891625356e-03
3.867900900900901462e+01 4.602067570871060109e-03
3.871903903903903910e+01 4.594647581267852741e-03
3.875906906906907068e+01 4.587245146140069875e-03
3.879909909909910226e+01 4.579860209770626051e-03
3.883912912912913384e+01 4.572492716666200392e-03
3.887915915915916543e+01 4.565142611556131588e-03
3.891918918918918990e+01 4.557809839391339761e-03
3.895921921921922149e+01 4.550494345343240529e-03
3.899924924924925307e+01 4.543196074802677287e-03
3.903927927927928465e+01 4.535914973378850877e-03
3.907930930930930913e+01 4.528650986898266617e-03
3.911933933933934071e+01 4.521404061403663972e-03
3.915936936936937229e+01 4.514174143152986998e-03
3.919939939939940388e+01 4.506961178618323557e-03
3.923942942942943546e+01 4.499765114484882700e-03
3.927945945945945994e+01 4.492585897649958165e-03
3.931948948948949152e+01 4.485423475221896224e-03
3.935951951951952310e+01 4.478277794519091269e-03
3.939954954954955468e+01 4.471148803068962334e-03
3.943957957957957916e+01 4.464036448606950418e-03
3.947960960960961074e+01 4.456940679075506277e-03
3.951963963963964233e+01 4.449861442623111174e-03
3.955966966966967391e+01 4.442798687603277674e-03
3.959969969969970549e+01 4.435752362573555652e-03
3.963972972972972997e+01 4.428722416294575588e-03
3.967975975975976155e+01 4.421708797729050240e-03
3.971978978978979313e+01 4.414711456040821408e-03
3.975981981981982472e+01 4.407730340593895429e-03
3.979984984984985630e+01 4.400765400951481277e-03
3.983987987987988078e+01 4.393816586875045997e-03
3.987990990990991236e+01 4.386883848323354547e-03
3.991993993993994394e+01 4.379967135451546915e-03
3.995996996996997552e+01 4.373066398610185763e-03
4.000000000000000000e+01 4.366181588344340489e-03
