5.000000000000000000e-01 8.063167924326116731e-01
8.203125000000000000e-01 8.044039244550904577e-01
1.140625000000000000e+00 8.214220877843554369e-01
1.460937500000000000e+00 8.034073973228340604e-01
1.781250000000000000e+00 8.321491450530122957e-01
2.101562500000000000e+00 8.327707365385905725e-01
2.421875000000000000e+00 8.371287950866084238e-01
2.742187500000000000e+00 8.280848371863759327e-01
3.062500000000000000e+00 8.616033871925496967e-01
3.382812500000000000e+00 8.713457948338203529e-01
3.703125000000000000e+00 8.956258672764305651e-01
4.023437500000000000e+00 8.838488462656602929e-01
4.343750000000000000e+00 8.843182002280516318e-01
4.664062500000000000e+00 9.047589444263081093e-01
4.984375000000000000e+00 9.132318001008837838e-01
5.304687500000000000e+00 8.966825805746247990e-01
5.625000000000000000e+00 9.125868134016437150e-01
5.945312500000000000e+00 9.095370975309459149e-01
6.265625000000000000e+00 9.320679057440206527e-01
6.585937500000000000e+00 9.374014572513996724e-01
6.906250000000000000e+00 9.192152930485801843e-01
7.226562500000000000e+00 9.385725597203035120e-01
7.546875000000000000e+00 9.163659066332774383e-01
7.867187500000000000e+00 9.216427037203287487e-01
8.187500000000000000e+00 9.607374539838330341e-01
8.507812500000000000e+00 9.377053014107327167e-01
8.828125000000000000e+00 9.469090684779715161e-01
9.148437500000000000e+00 9.523308037833542183e-01
9.468750000000000000e+00 9.461851679028091544e-01
9.789062500000000000e+00 9.386632570048547564e-01
1.010937500000000000e+01 9.406587537845036984e-01
1.042968750000000000e+01 9.635903806372783098e-01
1.075000000000000000e+01 9.448148265200306817e-01
