5.000000000000000000e-01 1.336825605941224069e+02
6.523437500000000000e-01 1.371368368430292719e+02
8.046875000000000000e-01 1.392080267650721339e+02
9.570312500000000000e-01 1.416090623948186931e+02
1.109375000000000000e+00 1.434493277026222415e+02
1.261718750000000000e+00 1.462819082587265314e+02
1.414062500000000000e+00 1.470954719159407489e+02
1.566406250000000000e+00 1.492059529802446320e+02
1.718750000000000000e+00 1.502272667445945729e+02
1.871093750000000000e+00 1.551736984195163984e+02
2.023437500000000000e+00 1.556175030117622100e+02
2.175781250000000000e+00 1.574765230472430630e+02
2.328125000000000000e+00 1.590167886497200129e+02
2.480468750000000000e+00 1.618625326918099177e+02
2.632812500000000000e+00 1.660149621111490035e+02
2.785156250000000000e+00 1.627477901791723127e+02
2.937500000000000000e+00 1.642032550177752341e+02
3.089843750000000000e+00 1.681390395716207706e+02
3.242187500000000000e+00 1.668267688854641904e+02
3.394531250000000000e+00 1.698364465676185375e+02
3.546875000000000000e+00 1.699401866344192626e+02
3.699218750000000000e+00 1.706582954238517686e+02
3.851562500000000000e+00 1.727186854595752834e+02
4.003906250000000000e+00 1.741389660203384722e+02
4.156250000000000000e+00 1.745277201201955393e+02
4.308593750000000000e+00 1.743492749043145977e+02
4.460937500000000000e+00 1.771056600220520068e+02
4.613281250000000000e+00 1.756512132380203752e+02
4.765625000000000000e+00 1.755998482215682657e+02
4.917968750000000000e+00 1.769206722774175091e+02
5.070312500000000000e+00 1.773010196541096661e+02
5.222656250000000000e+00 1.791385812712878192e+02
5.375000000000000000e+00 1.785762134596206749e+02
