5.000000000000000000e-01 8.236472517818251049e+01
5.102602602602602788e-01 8.242303589129686259e+01
5.205205205205205576e-01 8.248133375151905966e+01
5.307807807807807254e-01 8.253961884014354666e+01
5.410410410410410043e-01 8.259789123805656175e+01
5.513013013013012831e-01 8.265615102573701733e+01
5.615615615615615619e-01 8.271439828325551957e+01
5.718218218218218407e-01 8.277263309027577520e+01
5.820820820820821195e-01 8.283085552605419366e+01
5.923423423423423984e-01 8.288906566943988707e+01
6.026026026026025662e-01 8.294726359887515343e+01
6.128628628628628450e-01 8.300544939239559028e+01
6.231231231231231238e-01 8.306362312763008049e+01
6.333833833833834026e-01 8.312178488180080649e+01
6.436436436436436814e-01 8.317993473172391816e+01
6.539039039039038492e-01 8.323807275380879389e+01
6.641641641641641280e-01 8.329619902405880794e+01
6.744244244244244069e-01 8.335431361807083306e+01
6.846846846846846857e-01 8.341241661103590843e+01
6.949449449449449645e-01 8.347050807773877068e+01
7.052052052052051323e-01 8.352858809255812389e+01
7.154654654654655221e-01 8.358665672946654013e+01
7.257257257257256899e-01 8.364471406203033155e+01
7.359859859859859688e-01 8.370276016340999092e+01
7.462462462462462476e-01 8.376079510635977954e+01
7.565065065065064154e-01 8.381881896322768455e+01
7.667667667667668052e-01 8.387683180595563215e+01
7.770270270270269730e-01 8.393483370607916072e+01
7.872872872872872518e-01 8.399282473472744925e+01
7.975475475475475307e-01 8.405080496262334577e+01
8.078078078078078095e-01 8.410877446008313996e+01
8.180680680680680883e-01 8.416673329701653472e+01
8.283283283283282561e-01 8.422468154292612041e+01
8.385885885885886459e-01 8.428261926690805694e+01
8.488488488488488137e-01 8.434054653765126375e+01
8.591091091091090926e-01 8.439846342343746244e+01
8.693693693693693714e-01 8.445636999214114837e+01
8.796296296296295392e-01 8.451426631122905064e+01
8.898898898898899290e-01 8.457215244776044472e+01
9.001501501501500968e-01 8.463002846838645610e+01
9.104104104104103756e-01 8.468789443935034456e+01
9.206706706706706544e-01 8.474575042648663725e+01
9.309309309309309333e-01 8.480359649522179666e+01
9.411911911911912121e-01 8.486143271057302684e+01
9.514514514514513799e-01 8.491925913714860030e+01
9.617117117117117697e-01 8.497707583914737484e+01
9.719719719719719375e-01 8.503488288035899245e+01
9.822322322322322163e-01 8.509268032416257199e+01
9.924924924924924952e-01 8.515046823352759020e+01
1.002752752752752663e+00 8.520824667101247485e+01
1.013013013013012831e+00 8.526601569876538633e+01
1.023273273273273221e+00 8.532377537852285343e+01
1.033533533533533610e+00 8.538152577161045542e+01
1.043793793793793778e+00 8.543926693894141522e+01
1.054054054054053946e+00 8.549699894101685516e+01
1.064314314314314336e+00 8.555472183792549856e+01
1.074574574574574504e+00 8.561243568934328607e+01
1.084834834834834894e+00 8.567014055453236665e+01
1.095095095095095061e+00 8.572783649234148129e+01
1.105355355355355229e+00 8.578552356120506772e+01
1.115615615615615619e+00 8.584320181914321779e+01
1.125875875875876009e+00 8.590087132376081058e+01
1.136136136136136177e+00 8.595853213224724243e+01
1.146396396396396344e+00 8.601618430137634164e+01
1.156656656656656512e+00 8.607382788750541636e+01
1.166916916916916902e+00 8.613146294657492774e+01
1.177177177177177292e+00 8.618908953410800677e+01
1.187437437437437460e+00 8.624670770521028373e+01
1.197697697697697627e+00 8.630431751456887923e+01
1.207957957957957795e+00 8.636191901645221947e+01
1.218218218218218185e+00 8.641951226470935410e+01
1.228478478478478575e+00 8.647709731276978573e+01
1.238738738738738743e+00 8.653467421364233303e+01
1.248998998998998911e+00 8.659224301991515915e+01
1.259259259259259078e+00 8.664980378375483383e+01
1.269519519519519468e+00 8.670735655690594967e+01
1.279779779779779858e+00 8.676490139069065322e+01
1.290040040040040026e+00 8.682243833600787752e+01
1.300300300300300194e+00 8.687996744333261745e+01
1.310560560560560361e+00 8.693748876271560277e+01
1.320820820820820751e+00 8.699500234378298558e+01
1.331081081081081141e+00 8.705250823573483387e+01
1.341341341341341309e+00 8.711000648734516005e+01
1.351601601601601477e+00 8.716749714696130980e+01
1.361861861861861867e+00 8.722498026250303838e+01
1.372122122122122034e+00 8.728245588146199907e+01
1.382382382382382424e+00 8.733992405090098998e+01
1.392642642642642592e+00 8.739738481745345666e+01
1.402902902902902760e+00 8.745483822732268209e+01
1.413163163163163150e+00 8.751228432628111875e+01
1.423423423423423539e+00 8.756972315966976339e+01
1.433683683683683707e+00 8.762715477239704853e+01
1.443943943943943875e+00 8.768457920893916935e+01
1.454204204204204043e+00 8.774199651333810834e+01
1.464464464464464433e+00 8.779940672920156430e+01
1.474724724724724823e+00 8.785680989970222754e+01
1.484984984984984990e+00 8.791420606757698408e+01
1.495245245245245158e+00 8.797159527512599198e+01
1.505505505505505548e+00 8.802897756421185704e+01
1.515765765765765716e+00 8.808635297625954763e+01
1.526026026026025884e+00 8.814372155225456140e+01
1.536286286286286273e+00 8.820108333274322376e+01
1.546546546546546441e+00 8.825843835783076941e+01
1.556806806806806831e+00 8.831578666718168336e+01
1.567067067067066999e+00 8.837312830001798147e+01
1.577327327327327167e+00 8.843046329511884096e+01
1.587587587587587556e+00 8.848779169081971929e+01
1.597847847847847724e+00 8.854511352501150157e+01
1.608108108108108114e+00 8.860242883513953416e+01
1.618368368368368282e+00 8.865973765820312735e+01
1.628628628628628672e+00 8.871704003075412004e+01
1.638888888888888840e+00 8.877433598889660971e+01
1.649149149149149007e+00 8.883162556828571610e+01
1.659409409409409397e+00 8.888890880412689910e+01
1.669669669669669565e+00 8.894618573117482185e+01
1.679929929929929955e+00 8.900345638373278234e+01
1.690190190190190123e+00 8.906072079565154809e+01
1.700450450450450290e+00 8.911797900032857456e+01
1.710710710710710680e+00 8.917523103070702462e+01
1.720970970970970848e+00 8.923247691927505798e+01
1.731231231231231238e+00 8.928971669806448119e+01
1.741491491491491406e+00 8.934695039864999444e+01
1.751751751751751796e+00 8.940417805214885050e+01
1.762012012012011963e+00 8.946139968921848151e+01
1.772272272272272131e+00 8.951861534005719534e+01
1.782532532532532521e+00 8.957582503440208654e+01
1.792792792792792689e+00 8.963302880152838270e+01
1.803053053053053079e+00 8.969022667024857753e+01
1.813313313313313246e+00 8.974741866891130826e+01
1.823573573573573414e+00 8.980460482540028977e+01
1.833833833833833804e+00 8.986178516713368936e+01
1.844094094094093972e+00 8.991895972106260615e+01
1.854354354354354362e+00 8.997612851367046005e+01
1.864614614614614529e+00 9.003329157097171276e+01
1.874874874874874697e+00 9.009044891851094405e+01
1.885135135135135087e+00 9.014760058136198495e+01
1.895395395395395255e+00 9.020474658412651081e+01
1.905655655655655645e+00 9.026188695093303238e+01
1.915915915915915813e+00 9.031902170543654051e+01
1.926176176176176202e+00 9.037615087081640297e+01
1.936436436436436370e+00 9.043327446977595230e+01
1.946696696696696538e+00 9.049039252454134896e+01
1.956956956956956928e+00 9.054750505686030237e+01
1.967217217217217096e+00 9.060461208800096244e+01
1.977477477477477485e+00 9.066171363875137956e+01
1.987737737737737653e+00 9.071880972941754351e+01
1.997997997997997821e+00 9.077590037982290028e+01
2.008258258258257989e+00 9.083298560930708732e+01
2.018518518518518157e+00 9.089006543672459770e+01
2.028778778778778769e+00 9.094713988044406960e+01
2.039039039039038936e+00 9.100420895834687940e+01
2.049299299299299548e+00 9.106127268782591955e+01
2.059559559559559716e+00 9.111833108578481699e+01
2.069819819819819884e+00 9.117538416863639839e+01
2.080080080080080052e+00 9.123243195230168112e+01
2.090340340340340219e+00 9.128947445220893542e+01
2.100600600600600387e+00 9.134651168329220638e+01
2.110860860860860555e+00 9.140354365999014874e+01
2.121121121121120723e+00 9.146057039624528784e+01
2.131381381381381335e+00 9.151759190550194489e+01
2.141641641641641503e+00 9.157460820070636487e+01
2.151901901901902114e+00 9.163161929430428643e+01
2.162162162162162282e+00 9.168862519824018875e+01
2.172422422422422450e+00 9.174562592395659522e+01
2.182682682682682618e+00 9.180262148239185649e+01
2.192942942942942786e+00 9.185961188397999422e+01
2.203203203203202953e+00 9.191659713864859782e+01
2.213463463463463121e+00 9.197357725581819921e+01
2.223723723723723733e+00 9.203055224440080906e+01
2.233983983983983901e+00 9.208752211279863786e+01
2.244244244244244069e+00 9.214448686890280271e+01
2.254504504504504681e+00 9.220144652009255992e+01
2.264764764764764848e+00 9.225840107323323025e+01
2.275025025025025016e+00 9.231535053467602836e+01
2.285285285285285184e+00 9.237229491025561856e+01
2.295545545545545352e+00 9.242923420528966005e+01
2.305805805805805520e+00 9.248616842457730058e+01
2.316066066066065687e+00 9.254309757239784062e+01
2.326326326326326299e+00 9.260002165250966755e+01
2.336586586586586467e+00 9.265694066814857877e+01
2.346846846846847079e+00 9.271385462202708538e+01
2.357107107107107247e+00 9.277076351633249374e+01
2.367367367367367414e+00 9.282766735272593905e+01
2.377627627627627582e+00 9.288456613234127701e+01
2.387887887887887750e+00 9.294145985578317948e+01
2.398148148148147918e+00 9.299834852312652345e+01
2.408408408408408086e+00 9.305523213391460047e+01
2.418668668668668253e+00 9.311211068715795136e+01
2.428928928928928865e+00 9.316898418133295934e+01
2.439189189189189033e+00 9.322585261438085524e+01
2.449449449449449645e+00 9.328271598370588436e+01
2.459709709709709813e+00 9.333957428617438268e+01
2.469969969969969981e+00 9.339642751811334165e+01
2.480230230230230148e+00 9.345327567530870283e+01
2.490490490490490316e+00 9.351011875300493159e+01
2.500750750750750484e+00 9.356695674590231704e+01
2.511011011011011096e+00 9.362378964815694360e+01
2.521271271271271264e+00 9.368061745337840307e+01
2.531531531531531432e+00 9.373744015462926882e+01
2.541791791791791599e+00 9.379425774442259467e+01
2.552052052052051767e+00 9.385107021472165911e+01
2.562312312312312379e+00 9.390787755693823158e+01
2.572572572572572547e+00 9.396467976193076765e+01
2.582832832832832715e+00 9.402147682000358486e+01
2.593093093093092882e+00 9.407826872090537051e+01
2.603353353353353050e+00 9.413505545382739115e+01
2.613613613613613662e+00 9.419183700740302356e+01
2.623873873873873830e+00 9.424861336970518266e+01
2.634134134134133998e+00 9.430538452824573881e+01
2.644394394394394165e+00 9.436215046997399725e+01
2.654654654654654333e+00 9.441891118127502125e+01
2.664914914914914945e+00 9.447566664796876523e+01
2.675175175175175113e+00 9.453241685530790051e+01
2.685435435435435281e+00 9.458916178797713314e+01
2.695695695695695449e+00 9.464590143009155554e+01
2.705955955955956060e+00 9.470263576519481319e+01
2.716216216216216228e+00 9.475936477625846521e+01
2.726476476476476396e+00 9.481608844568009431e+01
2.736736736736736564e+00 9.487280675528188567e+01
2.746996996996996732e+00 9.492951968630914905e+01
2.757257257257257343e+00 9.498622721942936664e+01
2.767517517517517511e+00 9.504292933473011828e+01
2.777777777777777679e+00 9.509962601171834251e+01
2.788038038038037847e+00 9.515631722931800596e+01
2.798298298298298015e+00 9.521300296586979073e+01
2.808558558558558627e+00 9.526968319912887750e+01
2.818818818818818794e+00 9.532635790626363814e+01
2.829079079079078962e+00 9.538302706385418617e+01
2.839339339339339130e+00 9.543969064789131096e+01
2.849599599599599298e+00 9.549634863377448823e+01
2.859859859859859910e+00 9.555300099631105581e+01
2.870120120120120077e+00 9.560964770971426674e+01
2.880380380380380245e+00 9.566628874760171186e+01
2.890640640640640413e+00 9.572292408299462352e+01
2.900900900900900581e+00 9.577955368831582916e+01
2.911161161161161193e+00 9.583617753538840134e+01
2.921421421421421361e+00 9.589279559543437870e+01
2.931681681681681528e+00 9.594940783907300386e+01
2.941941941941941696e+00 9.600601423631987075e+01
2.952202202202201864e+00 9.606261475658459403e+01
2.962462462462462476e+00 9.611920936867005594e+01
2.972722722722722644e+00 9.617579804077091410e+01
2.982982982982982811e+00 9.623238074047186785e+01
2.993243243243242979e+00 9.628895743474613766e+01
3.003503503503503591e+00 9.634552808995428563e+01
3.013763763763763759e+00 9.640209267184286546e+01
3.024024024024023927e+00 9.645865114554250397e+01
3.034284284284284094e+00 9.651520347556677848e+01
3.044544544544544262e+00 9.657174962581085254e+01
3.054804804804804874e+00 9.662828955954947219e+01
3.065065065065065042e+00 9.668482323943641177e+01
3.075325325325325210e+00 9.674135062750210068e+01
3.085585585585585378e+00 9.679787168515271389e+01
3.095845845845845545e+00 9.685438637316852351e+01
3.106106106106106157e+00 9.691089465170267658e+01
3.116366366366366325e+00 9.696739648027924829e+01
3.126626626626626493e+00 9.702389181779223293e+01
3.136886886886886661e+00 9.708038062250406597e+01
3.147147147147146828e+00 9.713686285204373405e+01
3.157407407407407440e+00 9.719333846340614969e+01
3.167667667667667608e+00 9.724980741294970699e+01
3.177927927927927776e+00 9.730626965639561377e+01
3.188188188188187944e+00 9.736272514882593043e+01
3.198448448448448111e+00 9.741917384468248997e+01
3.208708708708708723e+00 9.747561569776509316e+01
3.218968968968968891e+00 9.753205066123057065e+01
3.229229229229229059e+00 9.758847868759063715e+01
3.239489489489489227e+00 9.764489972871126611e+01
3.249749749749749395e+00 9.770131373581025969e+01
3.260010010010010006e+00 9.775772065945697875e+01
3.270270270270270174e+00 9.781412044956960017e+01
3.280530530530530342e+00 9.787051305541514523e+01
3.290790790790790510e+00 9.792689842560639590e+01
3.301051051051051122e+00 9.798327650810189482e+01
3.311311311311311290e+00 9.803964725020378523e+01
3.321571571571571457e+00 9.809601059855657468e+01
3.331831831831831625e+00 9.815236649914534439e+01
3.342092092092091793e+00 9.820871489729496773e+01
3.352352352352352405e+00 9.826505573766820589e+01
3.362612612612612573e+00 9.832138896426440056e+01
3.372872872872872740e+00 9.837771452041812381e+01
3.383133133133132908e+00 9.843403234879768604e+01
3.393393393393393076e+00 9.849034239140375746e+01
3.403653653653653688e+00 9.854664458956773387e+01
3.413913913913913856e+00 9.860293888395102613e+01
3.424174174174174023e+00 9.865922521454260163e+01
3.434434434434434191e+00 9.871550352065825962e+01
3.444694694694694359e+00 9.877177374093936635e+01
3.454954954954954971e+00 9.882803581335095089e+01
3.465215215215215139e+00 9.888428967518038348e+01
3.475475475475475307e+00 9.894053526303648027e+01
3.485735735735735474e+00 9.899677251284769852e+01
3.495995995995995642e+00 9.905300135986055921e+01
3.506256256256256254e+00 9.910922173863890805e+01
3.516516516516516422e+00 9.916543358306178391e+01
3.526776776776776590e+00 9.922163682632263715e+01
3.537037037037036757e+00 9.927783140092756753e+01
3.547297297297296925e+00 9.933401723869440048e+01
3.557557557557557537e+00 9.939019427075075441e+01
3.567817817817817705e+00 9.944636242753286126e+01
3.578078078078077873e+00 9.950252163878494116e+01
3.588338338338338041e+00 9.955867183355665873e+01
3.598598598598598652e+00 9.961481294020219934e+01
3.608858858858858820e+00 9.967094488637957284e+01
3.619119119119118988e+00 9.972706759904856710e+01
3.629379379379379156e+00 9.978318100446928440e+01
3.639639639639639324e+00 9.983928502820181450e+01
3.649899899899899935e+00 9.989537959510357723e+01
3.660160160160160103e+00 9.995146462932922304e+01
3.670420420420420271e+00 1.000075400543281035e+02
3.680680680680680439e+00 1.000636057928443421e+02
3.690940940940940607e+00 1.001196617669141062e+02
3.701201201201201219e+00 1.001757078978654363e+02
3.711461461461461386e+00 1.002317441063163272e+02
3.721721721721721554e+00 1.002877703121739472e+02
3.731981981981981722e+00 1.003437864346326478e+02
3.742242242242241890e+00 1.003997923921731683e+02
3.752502502502502502e+00 1.004557881025614137e+02
3.762762762762762669e+00 1.005117734828469054e+02
3.773023023023022837e+00 1.005677484493617300e+02
3.783283283283283005e+00 1.006237129177192315e+02
3.793543543543543173e+00 1.006796668028125197e+02
3.803803803803803785e+00 1.007356100188140289e+02
3.814064064064063952e+00 1.007915424791730032e+02
3.824324324324324120e+00 1.008474640966156102e+02
3.834584584584584288e+00 1.009033747831425956e+02
3.844844844844844456e+00 1.009592744500287722e+02
3.855105105105105068e+00 1.010151630078217693e+02
3.865365365365365236e+00 1.010710403663402559e+02
3.875625625625625403e+00 1.011269064346735433e+02
3.885885885885885571e+00 1.011827611211798228e+02
3.896146146146146183e+00 1.012386043334852843e+02
3.906406406406406351e+00 1.012944359784825252e+02
3.916666666666666519e+00 1.013502559623301806e+02
3.926926926926926686e+00 1.014060641904507065e+02
3.937187187187186854e+00 1.014618605675304650e+02
3.947447447447447466e+00 1.015176449975173369e+02
3.957707707707707634e+00 1.015734173836204235e+02
3.967967967967967802e+00 1.016291776283086676e+02
3.978228228228227970e+00 1.016849256333097600e+02
3.988488488488488137e+00 1.017406612996087318e+02
3.998748748748748749e+00 1.017963845274475432e+02
4.009009009009009361e+00 1.018520952163234199e+02
4.019269269269269529e+00 1.019077932649875891e+02
4.029529529529529697e+00 1.019634785714450516e+02
4.039789789789789864e+00 1.020191510329526068e+02
4.050050050050050032e+00 1.020748105460183126e+02
4.060310310310310200e+00 1.021304570064004622e+02
4.070570570570570368e+00 1.021860903091060493e+02
4.080830830830830536e+00 1.022417103483904839e+02
4.091091091091090703e+00 1.022973170177557733e+02
4.101351351351350871e+00 1.023529102099500960e+02
4.111611611611611039e+00 1.024084898169667355e+02
4.121871871871871207e+00 1.024640557300426167e+02
4.132132132132131375e+00 1.025196078396577803e+02
4.142392392392391542e+00 1.025751460355343596e+02
4.152652652652652598e+00 1.026306702066355712e+02
4.162912912912912766e+00 1.026861802411646636e+02
4.173173173173172934e+00 1.027416760265638089e+02
4.183433433433433102e+00 1.027971574495138469e+02
4.193693693693694158e+00 1.028526243959326933e+02
4.203953953953954326e+00 1.029080767509745442e+02
4.214214214214214493e+00 1.029635143990290373e+02
4.224474474474474661e+00 1.030189372237205703e+02
4.234734734734734829e+00 1.030743451079072770e+02
4.244994994994994997e+00 1.031297379336799906e+02
4.255255255255255165e+00 1.031851155823614761e+02
4.265515515515515332e+00 1.032404779345058614e+02
4.275775775775775500e+00 1.032958248698973165e+02
4.286036036036035668e+00 1.033511562675495128e+02
4.296296296296295836e+00 1.034064720057047850e+02
4.306556556556556004e+00 1.034617719618334206e+02
4.316816816816816171e+00 1.035170560126328212e+02
4.327077077077076339e+00 1.035723240340262805e+02
4.337337337337336507e+00 1.036275759011628566e+02
4.347597597597597563e+00 1.036828114884165046e+02
4.357857857857857731e+00 1.037380306693848695e+02
4.368118118118117899e+00 1.037932333168891006e+02
4.378378378378378066e+00 1.038484193029727862e+02
4.388638638638638234e+00 1.039035884989015130e+02
4.398898898898899290e+00 1.039587407751618144e+02
4.409159159159159458e+00 1.040138760014609005e+02
4.419419419419419626e+00 1.040689940467254644e+02
4.429679679679679793e+00 1.041240947791019948e+02
4.439939939939939961e+00 1.041791780659547157e+02
4.450200200200200129e+00 1.042342437738662966e+02
4.460460460460460297e+00 1.042892917686365166e+02
4.470720720720720465e+00 1.043443219152816113e+02
4.480980980980980632e+00 1.043993340780341867e+02
4.491241241241240800e+00 1.044543281203422254e+02
4.501501501501500968e+00 1.045093039048685881e+02
4.511761761761761136e+00 1.045642612934906310e+02
4.522022022022022192e+00 1.046192001472995372e+02
4.532282282282282360e+00 1.046741203265997910e+02
4.542542542542542527e+00 1.047290216909087803e+02
4.552802802802802695e+00 1.047839040989561568e+02
4.563063063063062863e+00 1.048387674086834380e+02
4.573323323323323031e+00 1.048936114772435246e+02
4.583583583583583199e+00 1.049484361610004868e+02
4.593843843843843366e+00 1.050032413155286264e+02
4.604104104104103534e+00 1.050580267956125908e+02
4.614364364364364590e+00 1.051127924552463924e+02
4.624624624624624758e+00 1.051675381476337634e+02
4.634884884884884926e+00 1.052222637251869912e+02
4.645145145145145094e+00 1.052769690395273443e+02
4.655405405405405261e+00 1.053316539414839355e+02
4.665665665665665429e+00 1.053863182810940629e+02
4.675925925925925597e+00 1.054409619076025422e+02
4.686186186186185765e+00 1.054955846694613513e+02
4.696446446446445933e+00 1.055501864143298718e+02
4.706706706706706100e+00 1.056047669890738234e+02
4.716966966966967156e+00 1.056593262397656190e+02
4.727227227227227324e+00 1.057138640116840236e+02
4.737487487487487492e+00 1.057683801493137850e+02
4.747747747747747660e+00 1.058228744963453636e+02
4.758008008008007828e+00 1.058773468956753021e+02
4.768268268268267995e+00 1.059317971894054153e+02
4.778528528528528163e+00 1.059862252188428755e+02
4.788788788788788331e+00 1.060406308245001981e+02
4.799049049049048499e+00 1.060950138460948438e+02
4.809309309309308667e+00 1.061493741225495739e+02
4.819569569569569722e+00 1.062037114919918963e+02
4.829829829829829890e+00 1.062580257917543491e+02
4.840090090090090058e+00 1.063123168583740750e+02
4.850350350350350226e+00 1.063665845275934032e+02
4.860610610610610394e+00 1.064208286343590970e+02
4.870870870870870561e+00 1.064750490128227653e+02
4.881131131131130729e+00 1.065292454963413320e+02
4.891391391391390897e+00 1.065834179174759413e+02
4.901651651651651065e+00 1.066375661079930381e+02
4.911911911911912121e+00 1.066916898988640696e+02
4.922172172172172289e+00 1.067457891202654849e+02
4.932432432432432456e+00 1.067998636015791760e+02
4.942692692692692624e+00 1.068539131713921506e+02
4.952952952952952792e+00 1.069079376574970013e+02
4.963213213213212960e+00 1.069619368868921754e+02
4.973473473473473128e+00 1.070159106857817477e+02
4.983733733733733295e+00 1.070698588795762731e+02
4.993993993993993463e+00 1.071237812928922040e+02
5.004254254254253631e+00 1.071776777495525863e+02
5.014514514514514687e+00 1.072315480725879127e+02
5.024774774774774855e+00 1.072853920842348572e+02
5.035035035035035023e+00 1.073392096059382510e+02
5.045295295295295190e+00 1.073930004583505280e+02
5.055555555555555358e+00 1.074467644613318100e+02
5.065815815815815526e+00 1.075005014339514560e+02
5.076076076076075694e+00 1.075542111944869532e+02
5.086336336336335862e+00 1.076078935604253530e+02
5.096596596596596029e+00 1.076615483484633700e+02
5.106856856856856197e+00 1.077151753745080072e+02
5.117117117117117253e+00 1.077687744536764285e+02
5.127377377377377421e+00 1.078223454002973085e+02
5.137637637637637589e+00 1.078758880279107188e+02
5.147897897897897757e+00 1.079294021492688103e+02
5.158158158158157924e+00 1.079828875763365374e+02
5.168418418418418092e+00 1.080363441202920143e+02
5.178678678678678260e+00 1.080897715915269686e+02
5.188938938938938428e+00 1.081431697996479073e+02
5.199199199199198596e+00 1.081965385534762163e+02
5.209459459459459651e+00 1.082498776610489273e+02
5.219719719719719819e+00 1.083031869296196277e+02
5.229979979979979987e+00 1.083564661656589294e+02
5.240240240240240155e+00 1.084097151748552221e+02
5.250500500500500323e+00 1.084629337621153411e+02
5.260760760760760490e+00 1.085161217315657041e+02
5.271021021021020658e+00 1.085692788865524392e+02
5.281281281281280826e+00 1.086224050296427777e+02
5.291541541541540994e+00 1.086754999626258211e+02
5.301801801801801162e+00 1.087285634865128117e+02
5.312062062062062218e+00 1.087815954015387803e+02
5.322322322322322385e+00 1.088345955071629163e+02
5.332582582582582553e+00 1.088875636020697613e+02
5.342842842842842721e+00 1.089404994841699903e+02
5.353103103103102889e+00 1.089934029506013076e+02
5.363363363363363057e+00 1.090462737977296541e+02
5.373623623623623224e+00 1.090991118211499753e+02
5.383883883883883392e+00 1.091519168156875708e+02
5.394144144144143560e+00 1.092046885753988334e+02
5.404404404404403728e+00 1.092574268935723865e+02
5.414664664664664784e+00 1.093101315627302341e+02
5.424924924924924952e+00 1.093628023746289131e+02
5.435185185185185119e+00 1.094154391202607144e+02
5.445445445445445287e+00 1.094680415898543799e+02
5.455705705705705455e+00 1.095206095728771061e+02
5.465965965965965623e+00 1.095731428580349984e+02
5.476226226226225791e+00 1.096256412332746777e+02
5.486486486486485958e+00 1.096781044857844023e+02
5.496746746746746126e+00 1.097305324019956174e+02
5.507007007007007182e+00 1.097829247675838786e+02
5.517267267267267350e+00 1.098352813674704009e+02
5.527527527527527518e+00 1.098876019858233803e+02
5.537787787787787686e+00 1.099398864060595997e+02
5.548048048048047853e+00 1.099921344108453809e+02
5.558308308308308021e+00 1.100443457820980626e+02
5.568568568568568189e+00 1.100965203009883169e+02
5.578828828828828357e+00 1.101486577479401632e+02
5.589089089089088525e+00 1.102007579026337396e+02
5.599349349349348692e+00 1.102528205440061839e+02
5.609609609609609748e+00 1.103048454502532394e+02
5.619869869869869916e+00 1.103568323988314717e+02
5.630130130130130084e+00 1.104087811664583825e+02
5.640390390390390252e+00 1.104606915291159766e+02
5.650650650650650419e+00 1.105125632620506906e+02
5.660910910910910587e+00 1.105643961397762638e+02
5.671171171171170755e+00 1.106161899360746759e+02
5.681431431431430923e+00 1.106679444239983212e+02
5.691691691691691091e+00 1.107196593758715295e+02
5.701951951951951258e+00 1.107713345632923847e+02
5.712212212212212314e+00 1.108229697571348709e+02
5.722472472472472482e+00 1.108745647275498527e+02
5.732732732732732650e+00 1.109261192439681594e+02
5.742992992992992818e+00 1.109776330751009397e+02
5.753253253253252986e+00 1.110291059889429874e+02
5.763513513513513153e+00 1.110805377527738358e+02
5.773773773773773321e+00 1.111319281331600592e+02
5.784034034034033489e+00 1.111832768959570927e+02
5.794294294294293657e+00 1.112345838063113064e+02
5.804554554554554713e+00 1.112858486286617818e+02
5.814814814814814881e+00 1.113370711267428277e+02
5.825075075075075048e+00 1.113882510635861109e+02
5.835335335335335216e+00 1.114393882015219930e+02
5.845595595595595384e+00 1.114904823021820590e+02
5.855855855855855552e+00 1.115415331265020882e+02
5.866116116116115720e+00 1.115925404347229488e+02
5.876376376376375887e+00 1.116435039863936964e+02
5.886636636636636055e+00 1.116944235403732790e+02
5.896896896896896223e+00 1.117452988548329813e+02
5.907157157157157279e+00 1.117961296872593095e+02
5.917417417417417447e+00 1.118469157944551426e+02
5.927677677677677615e+00 1.118976569325432280e+02
5.937937937937937782e+00 1.119483528569675315e+02
5.948198198198197950e+00 1.119990033224964918e+02
5.958458458458458118e+00 1.120496080832248964e+02
5.968718718718718286e+00 1.121001668925768371e+02
5.978978978978978454e+00 1.121506795033076145e+02
5.989239239239238621e+00 1.122011456675065091e+02
5.999499499499498789e+00 1.122515651365994529e+02
6.009759759759759845e+00 1.123019376613511611e+02
6.020020020020020013e+00 1.123522629918684288e+02
6.030280280280280181e+00 1.124025408776020640e+02
6.040540540540540349e+00 1.124527710673497722e+02
6.050800800800800516e+00 1.125029533092587428e+02
6.061061061061060684e+00 1.125530873508289602e+02
6.071321321321320852e+00 1.126031729389144971e+02
6.081581581581581020e+00 1.126532098197279055e+02
6.091841841841841187e+00 1.127031977388419790e+02
6.102102102102102243e+00 1.127531364411927797e+02
6.112362362362362411e+00 1.128030256710825938e+02
6.122622622622622579e+00 1.128528651721824616e+02
6.132882882882882747e+00 1.129026546875357013e+02
6.143143143143142915e+00 1.129523939595600694e+02
6.153403403403403082e+00 1.130020827300511570e+02
6.163663663663663250e+00 1.130517207401851465e+02
6.173923923923923418e+00 1.131013077305220094e+02
6.184184184184183586e+00 1.131508434410083623e+02
6.194444444444443754e+00 1.132003276109805654e+02
6.204704704704704810e+00 1.132497599791676777e+02
6.214964964964964977e+00 1.132991402836946548e+02
6.225225225225225145e+00 1.133484682620858308e+02
6.235485485485485313e+00 1.133977436512672625e+02
6.245745745745745481e+00 1.134469661875705384e+02
6.256006006006005649e+00 1.134961356067358054e+02
6.266266266266265816e+00 1.135452516439151651e+02
6.276526526526525984e+00 1.135943140336756016e+02
6.286786786786786152e+00 1.136433225100026192e+02
6.297047047047046320e+00 1.136922768063030560e+02
6.307307307307307376e+00 1.137411766554094612e+02
6.317567567567567544e+00 1.137900217895819566e+02
6.327827827827827711e+00 1.138388119405128691e+02
6.338088088088087879e+00 1.138875468393299997e+02
6.348348348348348047e+00 1.139362262165993371e+02
6.358608608608608215e+00 1.139848498023293502e+02
6.368868868868868383e+00 1.140334173259740140e+02
6.379129129129128550e+00 1.140819285164365766e+02
6.389389389389388718e+00 1.141303831020729831e+02
6.399649649649649774e+00 1.141787808106956135e+02
6.409909909909909942e+00 1.142271213695769490e+02
6.420170170170170110e+00 1.142754045054529257e+02
6.430430430430430278e+00 1.143236299445265729e+02
6.440690690690690445e+00 1.143717974124723753e+02
6.450950950950950613e+00 1.144199066344391014e+02
6.461211211211210781e+00 1.144679573350542228e+02
6.471471471471470949e+00 1.145159492384275381e+02
6.481731731731731116e+00 1.145638820681547827e+02
6.491991991991991284e+00 1.146117555473215788e+02
6.502252252252252340e+00 1.146595693985073865e+02
6.512512512512512508e+00 1.147073233437890991e+02
6.522772772772772676e+00 1.147550171047454910e+02
6.533033033033032844e+00 1.148026504024607419e+02
6.543293293293293011e+00 1.148502229575282456e+02
6.553553553553553179e+00 1.148977344900554556e+02
6.563813813813813347e+00 1.149451847196667984e+02
6.574074074074073515e+00 1.149925733655083775e+02
6.584334334334333683e+00 1.150399001462520516e+02
6.594594594594593850e+00 1.150871647800994282e+02
6.604854854854854906e+00 1.151343669847858280e+02
6.615115115115115074e+00 1.151815064775845343e+02
6.625375375375375242e+00 1.152285829753114399e+02
6.635635635635635410e+00 1.152755961943283438e+02
6.645895895895895578e+00 1.153225458505482663e+02
6.656156156156155745e+00 1.153694316594386464e+02
6.666416416416415913e+00 1.154162533360265002e+02
6.676676676676676081e+00 1.154630105949022152e+02
6.686936936936936249e+00 1.155097031502239275e+02
6.697197197197197305e+00 1.155563307157223392e+02
6.707457457457457473e+00 1.156028930047046117e+02
6.717717717717717640e+00 1.156493897300590135e+02
6.727977977977977808e+00 1.156958206042592394e+02
6.738238238238237976e+00 1.157421853393692288e+02
6.748498498498498144e+00 1.157884836470470020e+02
6.758758758758758312e+00 1.158347152385501033e+02
6.769019019019018479e+00 1.158808798247394094e+02
6.779279279279278647e+00 1.159269771160839042e+02
6.789539539539538815e+00 1.159730068226652264e+02
6.799799799799799871e+00 1.160189686541826717e+02
6.810060060060060039e+00 1.160648623199576406e+02
6.820320320320320207e+00 1.161106875289379587e+02
6.830580580580580374e+00 1.161564439897031207e+02
6.840840840840840542e+00 1.162021314104687804e+02
6.851101101101100710e+00 1.162477494990911993e+02
6.861361361361360878e+00 1.162932979630728312e+02
6.871621621621621046e+00 1.163387765095664150e+02
6.881881881881881213e+00 1.163841848453799344e+02
6.892142142142141381e+00 1.164295226769819891e+02
6.902402402402402437e+00 1.164747897105056893e+02
6.912662662662662605e+00 1.165199856517547943e+02
6.922922922922922773e+00 1.165651102062076347e+02
6.933183183183182940e+00 1.166101630790223140e+02
6.943443443443443108e+00 1.166551439750422503e+02
6.953703703703703276e+00 1.167000525988005677e+02
6.963963963963963444e+00 1.167448886545250275e+02
6.974224224224223612e+00 1.167896518461437410e+02
6.984484484484483779e+00 1.168343418772899156e+02
6.994744744744744835e+00 1.168789584513068291e+02
7.005005005005005003e+00 1.169235012712527890e+02
7.015265265265265171e+00 1.169679700399067599e+02
7.025525525525525339e+00 1.170123644597735506e+02
7.035785785785785507e+00 1.170566842330886885e+02
7.046046046046045674e+00 1.171009290618235639e+02
7.056306306306305842e+00 1.171450986476909009e+02
7.066566566566566010e+00 1.171891926921503568e+02
7.076826826826826178e+00 1.172332108964129560e+02
7.087087087087086346e+00 1.172771529614475554e+02
7.097347347347347402e+00 1.173210185879846534e+02
7.107607607607607569e+00 1.173648074765233815e+02
7.117867867867867737e+00 1.174085193273360090e+02
7.128128128128127905e+00 1.174521538404732723e+02
7.138388388388388073e+00 1.174957107157703149e+02
7.148648648648648241e+00 1.175391896528516327e+02
7.158908908908908408e+00 1.175825903511369432e+02
7.169169169169168576e+00 1.176259125098463585e+02
7.179429429429428744e+00 1.176691558280062964e+02
7.189689689689688912e+00 1.177123200044546820e+02
7.199949949949949968e+00 1.177554047378464475e+02
7.210210210210210136e+00 1.177984097266597701e+02
7.220470470470470303e+00 1.178413346692008474e+02
7.230730730730730471e+00 1.178841792636098091e+02
7.240990990990990639e+00 1.179269432078671258e+02
7.251251251251250807e+00 1.179696261997977587e+02
7.261511511511510975e+00 1.180122279370781229e+02
7.271771771771771142e+00 1.180547481172416013e+02
7.282032032032031310e+00 1.180971864376837743e+02
7.292292292292292366e+00 1.181395425956685727e+02
7.302552552552552534e+00 1.181818162883340051e+02
7.312812812812812702e+00 1.182240072126977992e+02
7.323073073073072869e+00 1.182661150656634561e+02
7.333333333333333037e+00 1.183081395440258916e+02
7.343593593593593205e+00 1.183500803444776039e+02
7.353853853853853373e+00 1.183919371636139886e+02
7.364114114114113541e+00 1.184337096979397899e+02
7.374374374374373708e+00 1.184753976438747287e+02
7.384634634634633876e+00 1.185170006977595705e+02
7.394894894894894932e+00 1.185585185558620083e+02
7.405155155155155100e+00 1.185999509143825037e+02
7.415415415415415268e+00 1.186412974694608096e+02
7.425675675675675436e+00 1.186825579171810858e+02
7.435935935935935603e+00 1.187237319535791187e+02
7.446196196196195771e+00 1.187648192746471238e+02
7.456456456456455939e+00 1.188058195763406530e+02
7.466716716716716107e+00 1.188467325545845483e+02
7.476976976976976275e+00 1.188875579052786691e+02
7.487237237237236442e+00 1.189282953243043721e+02
7.497497497497497498e+00 1.189689445075307219e+02
7.507757757757757666e+00 1.190095051508202175e+02
7.518018018018017834e+00 1.190499769500355285e+02
7.528278278278278002e+00 1.190903596010451366e+02
7.538538538538538170e+00 1.191306527997297593e+02
7.548798798798798337e+00 1.191708562419892132e+02
7.559059059059058505e+00 1.192109696237472178e+02
7.569319319319318673e+00 1.192509926409592111e+02
7.579579579579578841e+00 1.192909249896172810e+02
7.589839839839839897e+00 1.193307663657575546e+02
7.600100100100100065e+00 1.193705164654660820e+02
7.610360360360360232e+00 1.194101749848848044e+02
7.620620620620620400e+00 1.194497416202182620e+02
7.630880880880880568e+00 1.194892160677400739e+02
7.641141141141140736e+00 1.195285980237992476e+02
7.651401401401400904e+00 1.195678871848258638e+02
7.661661661661661071e+00 1.196070832473384797e+02
7.671921921921921239e+00 1.196461859079503540e+02
7.682182182182181407e+00 1.196851948633750169e+02
7.692442442442442463e+00 1.197241098104337027e+02
7.702702702702702631e+00 1.197629304460614890e+02
7.712962962962962798e+00 1.198016564673135491e+02
7.723223223223222966e+00 1.198402875713718316e+02
7.733483483483483134e+00 1.198788234555513981e+02
7.743743743743743302e+00 1.199172638173072585e+02
7.754004004004003470e+00 1.199556083542407805e+02
7.764264264264263637e+00 1.199938567641056864e+02
7.774524524524523805e+00 1.200320087448154283e+02
7.784784784784783973e+00 1.200700639944493417e+02
7.795045045045045029e+00 1.201080222112588984e+02
7.805305305305305197e+00 1.201458830936751667e+02
7.815565565565565365e+00 1.201836463403143682e+02
7.825825825825825532e+00 1.202213116499851395e+02
7.836086086086085700e+00 1.202588787216952824e+02
7.846346346346345868e+00 1.202963472546576469e+02
7.856606606606606036e+00 1.203337169482975497e+02
7.866866866866866204e+00 1.203709875022590126e+02
7.877127127127126371e+00 1.204081586164116260e+02
7.887387387387387427e+00 1.204452299908566175e+02
7.897647647647647595e+00 1.204822013259347244e+02
7.907907907907907763e+00 1.205190723222316649e+02
7.918168168168167931e+00 1.205558426805857692e+02
7.928428428428428099e+00 1.205925121020936075e+02
7.938688688688688266e+00 1.206290802881182600e+02
7.948948948948948434e+00 1.206655469402943908e+02
7.959209209209208602e+00 1.207019117605363192e+02
7.969469469469468770e+00 1.207381744510437613e+02
7.979729729729728938e+00 1.207743347143092052e+02
7.989989989989989994e+00 1.208103922531243200e+02
8.000250250250250161e+00 1.208463467705872603e+02
8.010510510510510329e+00 1.208821979701088480e+02
8.020770770770770497e+00 1.209179455554193510e+02
8.031031031031030665e+00 1.209535892305758722e+02
8.041291291291290833e+00 1.209891286999682904e+02
8.051551551551551000e+00 1.210245636683271755e+02
8.061811811811811168e+00 1.210598938407294440e+02
8.072072072072071336e+00 1.210951189226057636e+02
8.082332332332331504e+00 1.211302386197473737e+02
8.092592592592591672e+00 1.211652526383129924e+02
8.102852852852851839e+00 1.212001606848352679e+02
8.113113113113112007e+00 1.212349624662278273e+02
8.123373373373372175e+00 1.212696576897922540e+02
8.133633633633632343e+00 1.213042460632247668e+02
8.143893893893892511e+00 1.213387272946228848e+02
8.154154154154152678e+00 1.213731010924929876e+02
8.164414414414412846e+00 1.214073671657561277e+02
8.174674674674673014e+00 1.214415252237559031e+02
8.184934934934934958e+00 1.214755749762644541e+02
8.195195195195195126e+00 1.215095161334903366e+02
8.205455455455455294e+00 1.215433484060841920e+02
8.215715715715715461e+00 1.215770715051463355e+02
8.225975975975975629e+00 1.216106851422339901e+02
8.236236236236235797e+00 1.216441890293670269e+02
8.246496496496495965e+00 1.216775828790363221e+02
8.256756756756756133e+00 1.217108664042087867e+02
8.267017017017016300e+00 1.217440393183362772e+02
8.277277277277276468e+00 1.217771013353610812e+02
8.287537537537538412e+00 1.218100521697228231e+02
8.297797797797798580e+00 1.218428915363665652e+02
8.308058058058058748e+00 1.218756191507483777e+02
8.318318318318318916e+00 1.219082347288424586e+02
8.328578578578579084e+00 1.219407379871488786e+02
8.338838838838839251e+00 1.219731286426992085e+02
8.349099099099099419e+00 1.220054064130649607e+02
8.359359359359359587e+00 1.220375710163622642e+02
8.369619619619619755e+00 1.220696221712614147e+02
8.379879879879879923e+00 1.221015595969912368e+02
8.390140140140140090e+00 1.221333830133476823e+02
8.400400400400400258e+00 1.221650921407004660e+02
8.410660660660660426e+00 1.221966866999984944e+02
8.420920920920920594e+00 1.222281664127788616e+02
8.431181181181180762e+00 1.222595310011722063e+02
8.441441441441440929e+00 1.222907801879102010e+02
8.451701701701701097e+00 1.223219136963323592e+02
8.461961961961961265e+00 1.223529312503927429e+02
8.472222222222221433e+00 1.223838325746667692e+02
8.482482482482481601e+00 1.224146173943579754e+02
8.492742742742741768e+00 1.224452854353055784e+02
8.503003003003001936e+00 1.224758364239906570e+02
8.513263263263262104e+00 1.225062700875427026e+02
8.523523523523522272e+00 1.225365861537474217e+02
8.533783783783784216e+00 1.225667843510522772e+02
8.544044044044044384e+00 1.225968644085752146e+02
8.554304304304304551e+00 1.226268260561090528e+02
8.564564564564564719e+00 1.226566690241301103e+02
8.574824824824824887e+00 1.226863930438042871e+02
8.585085085085085055e+00 1.227159978469944264e+02
8.595345345345345223e+00 1.227454831662659984e+02
8.605605605605605390e+00 1.227748487348949027e+02
8.615865865865865558e+00 1.228040942868736778e+02
8.626126126126125726e+00 1.228332195569187775e+02
8.636386386386385894e+00 1.228622242804768945e+02
8.646646646646646062e+00 1.228911081937316112e+02
8.656906906906906229e+00 1.229198710336103915e+02
8.667167167167166397e+00 1.229485125377914301e+02
8.677427427427426565e+00 1.229770324447101757e+02
8.687687687687686733e+00 1.230054304935659815e+02
8.697947947947946901e+00 1.230337064243287415e+02
8.708208208208207068e+00 1.230618599777459536e+02
8.718468468468467236e+00 1.230898908953488728e+02
8.728728728728729180e+00 1.231177989194601707e+02
8.738988988988989348e+00 1.231455837931988810e+02
8.749249249249249516e+00 1.231732452604886419e+02
8.759509509509509684e+00 1.232007830660636500e+02
8.769769769769769852e+00 1.232281969554752976e+02
8.780030030030030019e+00 1.232554866750990641e+02
8.790290290290290187e+00 1.232826519721403571e+02
8.800550550550550355e+00 1.233096925946422004e+02
8.810810810810810523e+00 1.233366082914910464e+02
8.821071071071070691e+00 1.233633988124233127e+02
8.831331331331330858e+00 1.233900639080322321e+02
8.841591591591591026e+00 1.234166033297745457e+02
8.851851851851851194e+00 1.234430168299765143e+02
8.862112112112111362e+00 1.234693041618405402e+02
8.872372372372371530e+00 1.234954650794521456e+02
8.882632632632631697e+00 1.235214993377857837e+02
8.892892892892891865e+00 1.235474066927115473e+02
8.903153153153152033e+00 1.235731869010017618e+02
8.913413413413412201e+00 1.235988397203375797e+02
8.923673673673672369e+00 1.236243649093144654e+02
8.933933933933934313e+00 1.236497622274498553e+02
8.944194194194194480e+00 1.236750314351884015e+02
8.954454454454454648e+00 1.237001722939091195e+02
8.964714714714714816e+00 1.237251845659314995e+02
8.974974974974974984e+00 1.237500680145217018e+02
8.985235235235235152e+00 1.237748224038986820e+02
8.995495495495495319e+00 1.237994474992411682e+02
9.005755755755755487e+00 1.238239430666933885e+02
9.016016016016015655e+00 1.238483088733712378e+02
9.026276276276275823e+00 1.238725446873688867e+02
9.036536536536535991e+00 1.238966502777648344e+02
9.046796796796796158e+00 1.239206254146279491e+02
9.057057057057056326e+00 1.239444698690242888e+02
9.067317317317316494e+00 1.239681834130219329e+02
9.077577577577576662e+00 1.239917658196987418e+02
9.087837837837836830e+00 1.240152168631474012e+02
9.098098098098096997e+00 1.240385363184812206e+02
9.108358358358357165e+00 1.240617239618420911e+02
9.118618618618617333e+00 1.240847795704042085e+02
9.128878878878879277e+00 1.241077029223811934e+02
9.139139139139139445e+00 1.241304937970324573e+02
9.149399399399399613e+00 1.241531519746688019e+02
9.159659659659659781e+00 1.241756772366579185e+02
9.169919919919919948e+00 1.241980693654310244e+02
9.180180180180180116e+00 1.242203281444885192e+02
9.190440440440440284e+00 1.242424533584062942e+02
9.200700700700700452e+00 1.242644447928406777e+02
9.210960960960960620e+00 1.242863022345349435e+02
9.221221221221220787e+00 1.243080254713254647e+02
9.231481481481480955e+00 1.243296142921463598e+02
9.241741741741741123e+00 1.243510684870365992e+02
9.252002002002001291e+00 1.243723878471451343e+02
9.262262262262261459e+00 1.243935721647362413e+02
9.272522522522521626e+00 1.244146212331958310e+02
9.282782782782781794e+00 1.244355348470374025e+02
9.293043043043041962e+00 1.244563128019066198e+02
9.303303303303302130e+00 1.244769548945877773e+02
9.313563563563562298e+00 1.244974609230091858e+02
9.323823823823824242e+00 1.245178306862489706e+02
9.334084084084084409e+00 1.245380639845402015e+02
9.344344344344344577e+00 1.245581606192764355e+02
9.354604604604604745e+00 1.245781203930179828e+02
9.364864864864864913e+00 1.245979431094962138e+02
9.375125125125125081e+00 1.246176285736198821e+02
9.385385385385385248e+00 1.246371765914800989e+02
9.395645645645645416e+00 1.246565869703562157e+02
9.405905905905905584e+00 1.246758595187205714e+02
9.416166166166165752e+00 1.246949940462438917e+02
9.426426426426425920e+00 1.247139903638013010e+02
9.436686686686686087e+00 1.247328482834763861e+02
9.446946946946946255e+00 1.247515676185679894e+02
9.457207207207206423e+00 1.247701481835936619e+02
9.467467467467466591e+00 1.247885897942966409e+02
9.477727727727726759e+00 1.248068922676496442e+02
9.487987987987986926e+00 1.248250554218601707e+02
9.498248248248247094e+00 1.248430790763765970e+02
9.508508508508507262e+00 1.248609630518923979e+02
9.518768768768767430e+00 1.248787071703508360e+02
9.529029029029029374e+00 1.248963112549505894e+02
9.539289289289289542e+00 1.249137751301509383e+02
9.549549549549549710e+00 1.249310986216765116e+02
9.559809809809809877e+00 1.249482815565210245e+02
9.570070070070070045e+00 1.249653237629544265e+02
9.580330330330330213e+00 1.249822250705253879e+02
9.590590590590590381e+00 1.249989853100678943e+02
9.600850850850850549e+00 1.250156043137050261e+02
9.611111111111110716e+00 1.250320819148545013e+02
9.621371371371370884e+00 1.250484179482319149e+02
9.631631631631631052e+00 1.250646122498573050e+02
9.641891891891891220e+00 1.250806646570586054e+02
9.652152152152151388e+00 1.250965750084765489e+02
9.662412412412411555e+00 1.251123431440691007e+02
9.672672672672671723e+00 1.251279689051163615e+02
9.682932932932931891e+00 1.251434521342244039e+02
9.693193193193192059e+00 1.251587926753309290e+02
9.703453453453452227e+00 1.251739903737085626e+02
9.713713713713712394e+00 1.251890450759696876e+02
9.723973973973974338e+00 1.252039566300706781e+02
9.734234234234234506e+00 1.252187248853165755e+02
9.744494494494494674e+00 1.252333496923649534e+02
9.754754754754754842e+00 1.252478309032308488e+02
9.765015015015015010e+00 1.252621683712899454e+02
9.775275275275275177e+00 1.252763619512838176e+02
9.785535535535535345e+00 1.252904114993232270e+02
9.795795795795795513e+00 1.253043168728931533e+02
9.806056056056055681e+00 1.253180779308554378e+02
9.816316316316315849e+00 1.253316945334549928e+02
9.826576576576576016e+00 1.253451665423215928e+02
9.836836836836836184e+00 1.253584938204751182e+02
9.847097097097096352e+00 1.253716762323293068e+02
9.857357357357356520e+00 1.253847136436951359e+02
9.867617617617616688e+00 1.253976059217855976e+02
9.877877877877876855e+00 1.254103529352186968e+02
9.888138138138137023e+00 1.254229545540212172e+02
9.898398398398397191e+00 1.254354106496332975e+02
9.908658658658657359e+00 1.254477210949114152e+02
9.918918918918919303e+00 1.254598857641321530e+02
9.929179179179179471e+00 1.254719045329958362e+02
9.939439439439439639e+00 1.254837772786302423e+02
9.949699699699699806e+00 1.254955038795943096e+02
9.959959959959959974e+00 1.255070842158810649e+02
9.970220220220220142e+00 1.255185181689217444e+02
9.980480480480480310e+00 1.255298056215886220e+02
9.990740740740740478e+00 1.255409464581990164e+02
1.000100100100100065e+01 1.255519405645180626e+02
1.001126126126126081e+01 1.255627878277626195e+02
1.002152152152152098e+01 1.255734881366036859e+02
1.003178178178178115e+01 1.255840413811705503e+02
1.004204204204204132e+01 1.255944474530534478e+02
1.005230230230230148e+01 1.256047062453068577e+02
1.006256256256256165e+01 1.256148176524523024e+02
1.007282282282282182e+01 1.256247815704818720e+02
1.008308308308308199e+01 1.256345978968612371e+02
1.009334334334334216e+01 1.256442665305323061e+02
1.010360360360360232e+01 1.256537873719160956e+02
1.011386386386386249e+01 1.256631603229157008e+02
1.012412412412412444e+01 1.256723852869198907e+02
1.013438438438438460e+01 1.256814621688047708e+02
1.014464464464464477e+01 1.256903908749373215e+02
1.015490490490490494e+01 1.256991713131776294e+02
1.016516516516516511e+01 1.257078033928822549e+02
1.017542542542542527e+01 1.257162870249058955e+02
1.018568568568568544e+01 1.257246221216048951e+02
1.019594594594594561e+01 1.257328085968394618e+02
1.020620620620620578e+01 1.257408463659760969e+02
1.021646646646646595e+01 1.257487353458901396e+02
1.022672672672672611e+01 1.257564754549680686e+02
1.023698698698698628e+01 1.257640666131098470e+02
1.024724724724724645e+01 1.257715087417318358e+02
1.025750750750750662e+01 1.257788017637685130e+02
1.026776776776776678e+01 1.257859456036749037e+02
1.027802802802802695e+01 1.257929401874284281e+02
1.028828828828828712e+01 1.257997854425319844e+02
1.029854854854854729e+01 1.258064812980149725e+02
1.030880880880880746e+01 1.258130276844362925e+02
1.031906906906906940e+01 1.258194245338855666e+02
1.032932932932932957e+01 1.258256717799860098e+02
1.033958958958958974e+01 1.258317693578955101e+02
1.034984984984984990e+01 1.258377172043091576e+02
1.036011011011011007e+01 1.258435152574608082e+02
1.037037037037037024e+01 1.258491634571249591e+02
1.038063063063063041e+01 1.258546617446181983e+02
1.039089089089089057e+01 1.258600100628019192e+02
1.040115115115115074e+01 1.258652083560826895e+02
1.041141141141141091e+01 1.258702565704147389e+02
1.042167167167167108e+01 1.258751546533012231e+02
1.043193193193193125e+01 1.258799025537960858e+02
1.044219219219219141e+01 1.258845002225052099e+02
1.045245245245245158e+01 1.258889476115876676e+02
1.046271271271271175e+01 1.258932446747581224e+02
1.047297297297297192e+01 1.258973913672866018e+02
1.048323323323323208e+01 1.259013876460015098e+02
1.049349349349349225e+01 1.259052334692897119e+02
1.050375375375375242e+01 1.259089287970984401e+02
1.051401401401401436e+01 1.259124735909357895e+02
1.052427427427427453e+01 1.259158678138725094e+02
1.053453453453453470e+01 1.259191114305426851e+02
1.054479479479479487e+01 1.259222044071451023e+02
1.055505505505505504e+01 1.259251467114437446e+02
1.056531531531531520e+01 1.259279383127693706e+02
1.057557557557557537e+01 1.259305791820198834e+02
1.058583583583583554e+01 1.259330692916616812e+02
1.059609609609609571e+01 1.259354086157296138e+02
1.060635635635635587e+01 1.259375971298290153e+02
1.061661661661661604e+01 1.259396348111352779e+02
1.062687687687687621e+01 1.259415216383952156e+02
1.063713713713713638e+01 1.259432575919272779e+02
1.064739739739739655e+01 1.259448426536221746e+02
1.065765765765765671e+01 1.259462768069438994e+02
1.066791791791791688e+01 1.259475600369294881e+02
1.067817817817817705e+01 1.259486923301902408e+02
1.068843843843843722e+01 1.259496736749115513e+02
1.069869869869869738e+01 1.259505040608528930e+02
1.070895895895895755e+01 1.259511834793493534e+02
1.071921921921921950e+01 1.259517119233106115e+02
1.072947947947947966e+01 1.259520893872224292e+02
1.073973973973973983e+01 1.259523158671449607e+02
1.075000000000000000e+01 1.259523913607151400e+02
