5.000000000000000000e-01 7.747396976868262186e+01
5.102602602602602788e-01 7.754844065854484825e+01
5.205205205205205576e-01 7.762292606601917555e+01
5.307807807807807254e-01 7.769742603885008236e+01
5.410410410410410043e-01 7.777194062444054623e+01
5.513013013013012831e-01 7.784646986984971306e+01
5.615615615615615619e-01 7.792101382179198765e+01
5.718218218218218407e-01 7.799557252663511520e+01
5.820820820820821195e-01 7.807014603039903022e+01
5.923423423423423984e-01 7.814473437875416550e+01
6.026026026026025662e-01 7.821933761701966148e+01
6.128628628628628450e-01 7.829395579016211570e+01
6.231231231231231238e-01 7.836858894279399124e+01
6.333833833833834026e-01 7.844323711917218134e+01
6.436436436436436814e-01 7.851790036319592048e+01
6.539039039039038492e-01 7.859257871840584642e+01
6.641641641641641280e-01 7.866727222798206753e+01
6.744244244244244069e-01 7.874198093474259963e+01
6.846846846846846857e-01 7.881670488114183115e+01
6.949449449449449645e-01 7.889144410926897422e+01
7.052052052052051323e-01 7.896619866084604666e+01
7.154654654654655221e-01 7.904096857722703362e+01
7.257257257257256899e-01 7.911575389939557112e+01
7.359859859859859688e-01 7.919055466796326925e+01
7.462462462462462476e-01 7.926537092316884525e+01
7.565065065065064154e-01 7.934020270487562243e+01
7.667667667667668052e-01 7.941505005257025118e+01
7.770270270270269730e-01 7.948991300536106053e+01
7.872872872872872518e-01 7.956479160197628175e+01
7.975475475475475307e-01 7.963968588076232891e+01
8.078078078078078095e-01 7.971459587968250560e+01
8.180680680680680883e-01 7.978952163631456074e+01
8.283283283283282561e-01 7.986446318784953746e+01
8.385885885885886459e-01 7.993942057109022414e+01
8.488488488488488137e-01 8.001439382244880960e+01
8.591091091091090926e-01 8.008938297794566097e+01
8.693693693693693714e-01 8.016438807320737681e+01
8.796296296296295392e-01 8.023940914346495390e+01
8.898898898898899290e-01 8.031444622355247986e+01
9.001501501501500968e-01 8.038949934790487362e+01
9.104104104104103756e-01 8.046456855055619428e+01
9.206706706706706544e-01 8.053965386513843328e+01
9.309309309309309333e-01 8.061475532487882845e+01
9.411911911911912121e-01 8.068987296259901143e+01
9.514514514514513799e-01 8.076500681071210863e+01
9.617117117117117697e-01 8.084015690122232911e+01
9.719719719719719375e-01 8.091532326572183820e+01
9.822322322322322163e-01 8.099050593538983378e+01
9.924924924924924952e-01 8.106570494099024415e+01
1.002752752752752663e+00 8.114092031287034956e+01
1.013013013013012831e+00 8.121615208095830951e+01
1.023273273273273221e+00 8.129140027476165642e+01
1.033533533533533610e+00 8.136666492336590295e+01
1.043793793793793778e+00 8.144194605543171406e+01
1.054054054054053946e+00 8.151724369919395485e+01
1.064314314314314336e+00 8.159255788245931740e+01
1.074574574574574504e+00 8.166788863260424591e+01
1.084834834834834894e+00 8.174323597657394203e+01
1.095095095095095061e+00 8.181859994087942312e+01
1.105355355355355229e+00 8.189398055159605860e+01
1.115615615615615619e+00 8.196937783436202096e+01
1.125875875875876009e+00 8.204479181437589830e+01
1.136136136136136177e+00 8.212022251639474746e+01
1.146396396396396344e+00 8.219566996473244558e+01
1.156656656656656512e+00 8.227113418325775740e+01
1.166916916916916902e+00 8.234661519539186258e+01
1.177177177177177292e+00 8.242211302410733254e+01
1.187437437437437460e+00 8.249762769192530243e+01
1.197697697697697627e+00 8.257315922091378013e+01
1.207957957957957795e+00 8.264870763268615406e+01
1.218218218218218185e+00 8.272427294839823730e+01
1.228478478478478575e+00 8.279985518874747186e+01
1.238738738738738743e+00 8.287545437396964587e+01
1.248998998998998911e+00 8.295107052383816892e+01
1.259259259259259078e+00 8.302670365766094562e+01
1.269519519519519468e+00 8.310235379427936664e+01
1.279779779779779858e+00 8.317802095206518231e+01
1.290040040040040026e+00 8.325370514891983476e+01
1.300300300300300194e+00 8.332940640227081985e+01
1.310560560560560361e+00 8.340512472907121833e+01
1.320820820820820751e+00 8.348086014579659775e+01
1.331081081081081141e+00 8.355661266844334989e+01
1.341341341341341309e+00 8.363238231252650223e+01
1.351601601601601477e+00 8.370816909307770004e+01
1.361861861861861867e+00 8.378397302464331631e+01
1.372122122122122034e+00 8.385979412128197907e+01
1.382382382382382424e+00 8.393563239656300823e+01
1.392642642642642592e+00 8.401148786356354492e+01
1.402902902902902760e+00 8.408736053486735784e+01
1.413163163163163150e+00 8.416325042256200106e+01
1.423423423423423539e+00 8.423915753823727925e+01
1.433683683683683707e+00 8.431508189298260447e+01
1.443943943943943875e+00 8.439102349738512032e+01
1.454204204204204043e+00 8.446698236152768402e+01
1.464464464464464433e+00 8.454295849498632265e+01
1.474724724724724823e+00 8.461895190682889734e+01
1.484984984984984990e+00 8.469496260561193424e+01
1.495245245245245158e+00 8.477099059937890502e+01
1.505505505505505548e+00 8.484703589565856419e+01
1.515765765765765716e+00 8.492309850146163797e+01
1.526026026026025884e+00 8.499917842327988637e+01
1.536286286286286273e+00 8.507527566708307631e+01
1.546546546546546441e+00 8.515139023831729048e+01
1.556806806806806831e+00 8.522752214190212783e+01
1.567067067067066999e+00 8.530367138222911194e+01
1.577327327327327167e+00 8.537983796315918994e+01
1.587587587587587556e+00 8.545602188802054400e+01
1.597847847847847724e+00 8.553222315960657340e+01
1.608108108108108114e+00 8.560844178017313766e+01
1.618368368368368282e+00 8.568467775143699328e+01
1.628628628628628672e+00 8.576093107457288056e+01
1.638888888888888840e+00 8.583720175021200305e+01
1.649149149149149007e+00 8.591348977843917112e+01
1.659409409409409397e+00 8.598979515879081248e+01
1.669669669669669565e+00 8.606611789025267001e+01
1.679929929929929955e+00 8.614245797125751380e+01
1.690190190190190123e+00 8.621881539968282482e+01
1.700450450450450290e+00 8.629519017284876270e+01
1.710710710710710680e+00 8.637158228751540889e+01
1.720970970970970848e+00 8.644799173988090502e+01
1.731231231231231238e+00 8.652441852557888069e+01
1.741491491491491406e+00 8.660086263967650666e+01
1.751751751751751796e+00 8.667732407667155314e+01
1.762012012012011963e+00 8.675380283049105401e+01
1.772272272272272131e+00 8.683029889448775407e+01
1.782532532532532521e+00 8.690681226143861693e+01
1.792792792792792689e+00 8.698334292354256547e+01
1.803053053053053079e+00 8.705989087241752600e+01
1.813313313313313246e+00 8.713645609909875134e+01
1.823573573573573414e+00 8.721303859403592185e+01
1.833833833833833804e+00 8.728963834709108482e+01
1.844094094094093972e+00 8.736625534753635236e+01
1.854354354354354362e+00 8.744288958405124390e+01
1.864614614614614529e+00 8.751954104472062568e+01
1.874874874874874697e+00 8.759620971703222381e+01
1.885135135135135087e+00 8.767289558787412318e+01
1.895395395395395255e+00 8.774959864353256478e+01
1.905655655655655645e+00 8.782631886968950141e+01
1.915915915915915813e+00 8.790305625142002555e+01
1.926176176176176202e+00 8.797981077319046506e+01
1.936436436436436370e+00 8.805658241885544157e+01
1.946696696696696538e+00 8.813337117165535517e+01
1.956956956956956928e+00 8.821017701421494905e+01
1.967217217217217096e+00 8.828699992853974265e+01
1.977477477477477485e+00 8.836383989601407052e+01
1.987737737737737653e+00 8.844069689739902174e+01
1.997997997997997821e+00 8.851757091282945566e+01
2.008258258258257989e+00 8.859446192181168556e+01
2.018518518518518157e+00 8.867136990322121903e+01
2.028778778778778769e+00 8.874829483530045593e+01
2.039039039039038936e+00 8.882523669565546243e+01
2.049299299299299548e+00 8.890219546125446470e+01
2.059559559559559716e+00 8.897917110842497834e+01
2.069819819819819884e+00 8.905616361285117932e+01
2.080080080080080052e+00 8.913317294957164449e+01
2.090340340340340219e+00 8.921019909297707784e+01
2.100600600600600387e+00 8.928724201680726935e+01
2.110860860860860555e+00 8.936430169414907709e+01
2.121121121121120723e+00 8.944137809743398293e+01
2.131381381381381335e+00 8.951847119843526457e+01
2.141641641641641503e+00 8.959558096826563656e+01
2.151901901901902114e+00 8.967270737737496233e+01
2.162162162162162282e+00 8.974985039554761101e+01
2.172422422422422450e+00 8.982700999189972890e+01
2.182682682682682618e+00 8.990418613487727839e+01
2.192942942942942786e+00 8.998137879225291158e+01
2.203203203203202953e+00 9.005858793112388128e+01
2.213463463463463121e+00 9.013581351790934093e+01
2.223723723723723733e+00 9.021305551834798564e+01
2.233983983983983901e+00 9.029031389749533787e+01
2.244244244244244069e+00 9.036758861972133161e+01
2.254504504504504681e+00 9.044487964870768337e+01
2.264764764764764848e+00 9.052218694744557581e+01
2.275025025025025016e+00 9.059951047823298609e+01
2.285285285285285184e+00 9.067685020267204266e+01
2.295545545545545352e+00 9.075420608166666625e+01
2.305805805805805520e+00 9.083157807541994089e+01
2.316066066066065687e+00 9.090896614343159854e+01
2.326326326326326299e+00 9.098637024449541855e+01
2.336586586586586467e+00 9.106379033669665546e+01
2.346846846846847079e+00 9.114122637740976529e+01
2.357107107107107247e+00 9.121867832329530756e+01
2.367367367367367414e+00 9.129614613029799841e+01
2.377627627627627582e+00 9.137362975364379736e+01
2.387887887887887750e+00 9.145112914783722147e+01
2.398148148148147918e+00 9.152864426665915687e+01
2.408408408408408086e+00 9.160617506316398817e+01
2.418668668668668253e+00 9.168372148967728208e+01
2.428928928928928865e+00 9.176128349779285998e+01
2.439189189189189033e+00 9.183886103837069470e+01
2.449449449449449645e+00 9.191645406153372733e+01
2.459709709709709813e+00 9.199406251666599132e+01
2.469969969969969981e+00 9.207168635240954302e+01
2.480230230230230148e+00 9.214932551666204574e+01
2.490490490490490316e+00 9.222697995657385661e+01
2.500750750750750484e+00 9.230464961854647754e+01
2.511011011011011096e+00 9.238233444822840568e+01
2.521271271271271264e+00 9.246003439051401074e+01
2.531531531531531432e+00 9.253774938953989704e+01
2.541791791791791599e+00 9.261547938868295660e+01
2.552052052052051767e+00 9.269322433055764066e+01
2.562312312312312379e+00 9.277098415701297540e+01
2.572572572572572547e+00 9.284875880913062929e+01
2.582832832832832715e+00 9.292654822722168717e+01
2.593093093093092882e+00 9.300435235082463237e+01
2.603353353353353050e+00 9.308217111870214922e+01
2.613613613613613662e+00 9.316000446883903408e+01
2.623873873873873830e+00 9.323785233843939579e+01
2.634134134134133998e+00 9.331571466392408354e+01
2.644394394394394165e+00 9.339359138092790147e+01
2.654654654654654333e+00 9.347148242429744869e+01
2.664914914914914945e+00 9.354938772808807812e+01
2.675175175175175113e+00 9.362730722556158014e+01
2.685435435435435281e+00 9.370524084918326935e+01
2.695695695695695449e+00 9.378318853062013716e+01
2.705955955955956060e+00 9.386115020073705750e+01
2.716216216216216228e+00 9.393912578959535153e+01
2.726476476476476396e+00 9.401711522644949071e+01
2.736736736736736564e+00 9.409511843974473777e+01
2.746996996996996732e+00 9.417313535711456041e+01
2.757257257257257343e+00 9.425116590537787431e+01
2.767517517517517511e+00 9.432921001053681209e+01
2.777777777777777679e+00 9.440726759777363952e+01
2.788038038038037847e+00 9.448533859144858127e+01
2.798298298298298015e+00 9.456342291509699294e+01
2.808558558558558627e+00 9.464152049142683154e+01
2.818818818818818794e+00 9.471963124231611175e+01
2.829079079079078962e+00 9.479775508881036217e+01
2.839339339339339130e+00 9.487589195111958418e+01
2.849599599599599298e+00 9.495404174861654667e+01
2.859859859859859910e+00 9.503220439983361700e+01
2.870120120120120077e+00 9.511037982245983358e+01
2.880380380380380245e+00 9.518856793333922894e+01
2.890640640640640413e+00 9.526676864846731974e+01
2.900900900900900581e+00 9.534498188298945820e+01
2.911161161161161193e+00 9.542320755119752107e+01
2.921421421421421361e+00 9.550144556652767847e+01
2.931681681681681528e+00 9.557969584155762277e+01
2.941941941941941696e+00 9.565795828800436595e+01
2.952202202202201864e+00 9.573623281672098528e+01
2.962462462462462476e+00 9.581451933769514540e+01
2.972722722722722644e+00 9.589281776004528979e+01
2.982982982982982811e+00 9.597112799201896394e+01
2.993243243243242979e+00 9.604944994099022892e+01
3.003503503503503591e+00 9.612778351345635031e+01
3.013763763763763759e+00 9.620612861503599333e+01
3.024024024024023927e+00 9.628448515046675027e+01
3.034284284284284094e+00 9.636285302360197136e+01
3.044544544544544262e+00 9.644123213740847689e+01
3.054804804804804874e+00 9.651962239396432608e+01
3.065065065065065042e+00 9.659802369445606018e+01
3.075325325325325210e+00 9.667643593917603084e+01
3.085585585585585378e+00 9.675485902751999845e+01
3.095845845845845545e+00 9.683329285798490105e+01
3.106106106106106157e+00 9.691173732816588426e+01
3.116366366366366325e+00 9.699019233475385704e+01
3.126626626626626493e+00 9.706865777353324631e+01
3.136886886886886661e+00 9.714713353937936802e+01
3.147147147147146828e+00 9.722561952625574122e+01
3.157407407407407440e+00 9.730411562721195651e+01
3.167667667667667608e+00 9.738262173438101854e+01
3.177927927927927776e+00 9.746113773897661758e+01
3.188188188188187944e+00 9.753966353129102629e+01
3.198448448448448111e+00 9.761819900069234279e+01
3.208708708708708723e+00 9.769674403562221698e+01
3.218968968968968891e+00 9.777529852359333518e+01
3.229229229229229059e+00 9.785386235118694742e+01
3.239489489489489227e+00 9.793243540405028114e+01
3.249749749749749395e+00 9.801101756689426736e+01
3.260010010010010006e+00 9.808960872349115334e+01
3.270270270270270174e+00 9.816820875667191615e+01
3.280530530530530342e+00 9.824681754832369052e+01
3.290790790790790510e+00 9.832543497938775090e+01
3.301051051051051122e+00 9.840406092985678299e+01
3.311311311311311290e+00 9.848269527877255314e+01
3.321571571571571457e+00 9.856133790422356356e+01
3.331831831831831625e+00 9.863998868334249437e+01
3.342092092092091793e+00 9.871864749230417146e+01
3.352352352352352405e+00 9.879731420632252537e+01
3.362612612612612573e+00 9.887598869964902804e+01
3.372872872872872740e+00 9.895467084556960913e+01
3.383133133133132908e+00 9.903336051640273752e+01
3.393393393393393076e+00 9.911205758349686334e+01
3.403653653653653688e+00 9.919076191722821534e+01
3.413913913913913856e+00 9.926947338699837076e+01
3.424174174174174023e+00 9.934819186123185375e+01
3.434434434434434191e+00 9.942691720737383321e+01
3.444694694694694359e+00 9.950564929188807639e+01
3.454954954954954971e+00 9.958438798025414940e+01
3.465215215215215139e+00 9.966313313696535658e+01
3.475475475475475307e+00 9.974188462552699264e+01
3.485735735735735474e+00 9.982064230845273300e+01
3.495995995995995642e+00 9.989940604726402285e+01
3.506256256256256254e+00 9.997817570248625429e+01
3.516516516516516422e+00 1.000569511336476296e+02
3.526776776776776590e+00 1.001357321992762905e+02
3.537037037037036757e+00 1.002145187568981868e+02
3.547297297297296925e+00 1.002933106630355127e+02
3.557557557557557537e+00 1.003721077732031972e+02
3.567817817817817705e+00 1.004509099419077671e+02
3.578078078078077873e+00 1.005297170226447463e+02
3.588338338338338041e+00 1.006085288678965100e+02
3.598598598598598652e+00 1.006873453291300677e+02
3.608858858858858820e+00 1.007661662567950174e+02
3.619119119119118988e+00 1.008449915003211430e+02
3.629379379379379156e+00 1.009238209081164968e+02
3.639639639639639324e+00 1.010026543275651534e+02
3.649899899899899935e+00 1.010814916050251639e+02
3.660160160160160103e+00 1.011603325858262821e+02
3.670420420420420271e+00 1.012391771142681165e+02
3.680680680680680439e+00 1.013180250336177295e+02
3.690940940940940607e+00 1.013968761861075478e+02
3.701201201201201219e+00 1.014757304129337712e+02
3.711461461461461386e+00 1.015545875542537289e+02
3.721721721721721554e+00 1.016334474491842030e+02
3.731981981981981722e+00 1.017123099357992544e+02
3.742242242242241890e+00 1.017911748511281047e+02
3.752502502502502502e+00 1.018700420311531332e+02
3.762762762762762669e+00 1.019489113108082705e+02
3.773023023023022837e+00 1.020277825239765264e+02
3.783283283283283005e+00 1.021066555034880423e+02
3.793543543543543173e+00 1.021855300811185856e+02
3.803803803803803785e+00 1.022644060875869343e+02
3.814064064064063952e+00 1.023432833525535841e+02
3.824324324324324120e+00 1.024221617046183326e+02
3.834584584584584288e+00 1.025010409713187016e+02
3.844844844844844456e+00 1.025799209791276922e+02
3.855105105105105068e+00 1.026588015534523635e+02
3.865365365365365236e+00 1.027376825186313596e+02
3.875625625625625403e+00 1.028165636979338586e+02
3.885885885885885571e+00 1.028954449135568581e+02
3.896146146146146183e+00 1.029743259866237821e+02
3.906406406406406351e+00 1.030532067371829186e+02
3.916666666666666519e+00 1.031320869842050172e+02
3.926926926926926686e+00 1.032109665455819822e+02
3.937187187187186854e+00 1.032898452381249541e+02
3.947447447447447466e+00 1.033687228775624334e+02
3.957707707707707634e+00 1.034475992785387746e+02
3.967967967967967802e+00 1.035264742546121539e+02
3.978228228228227970e+00 1.036053476182531483e+02
3.988488488488488137e+00 1.036842191808429163e+02
3.998748748748748749e+00 1.037630887526715071e+02
4.009009009009009361e+00 1.038419561429361266e+02
4.019269269269269529e+00 1.039208211597399156e+02
4.029529529529529697e+00 1.039996836100893915e+02
4.039789789789789864e+00 1.040785432998938944e+02
4.050050050050050032e+00 1.041574000339633272e+02
4.060310310310310200e+00 1.042362536160069340e+02
4.070570570570570368e+00 1.043151038486312530e+02
4.080830830830830536e+00 1.043939505333390940e+02
4.091091091091090703e+00 1.044727934705276624e+02
4.101351351351350871e+00 1.045516324594873936e+02
4.111611611611611039e+00 1.046304672983998643e+02
4.121871871871871207e+00 1.047092977843369539e+02
4.132132132132131375e+00 1.047881237132589405e+02
4.142392392392391542e+00 1.048669448800134916e+02
4.152652652652652598e+00 1.049457610783335468e+02
4.162912912912912766e+00 1.050245721008365933e+02
4.173173173173172934e+00 1.051033777390230739e+02
4.183433433433433102e+00 1.051821777832746676e+02
4.193693693693694158e+00 1.052609720228535934e+02
4.203953953953954326e+00 1.053397602459005640e+02
4.214214214214214493e+00 1.054185422394337195e+02
4.224474474474474661e+00 1.054973177893478606e+02
4.234734734734734829e+00 1.055760866804125442e+02
4.244994994994994997e+00 1.056548486962707898e+02
4.255255255255255165e+00 1.057336036194381705e+02
4.265515515515515332e+00 1.058123512313017329e+02
4.275775775775775500e+00 1.058910913121180215e+02
4.286036036036035668e+00 1.059698236410130505e+02
4.296296296296295836e+00 1.060485479959799875e+02
4.306556556556556004e+00 1.061272641538787269e+02
4.316816816816816171e+00 1.062059718904348671e+02
4.327077077077076339e+00 1.062846709802378768e+02
4.337337337337336507e+00 1.063633611967406551e+02
4.347597597597597563e+00 1.064420423122582378e+02
4.357857857857857731e+00 1.065207140979671294e+02
4.368118118118117899e+00 1.065993763239035559e+02
4.378378378378378066e+00 1.066780287589631087e+02
4.388638638638638234e+00 1.067566711708995513e+02
4.398898898898899290e+00 1.068353033263236398e+02
4.409159159159159458e+00 1.069139249907029097e+02
4.419419419419419626e+00 1.069925359283598425e+02
4.429679679679679793e+00 1.070711359024716245e+02
4.439939939939939961e+00 1.071497246750691090e+02
4.450200200200200129e+00 1.072283020070357793e+02
4.460460460460460297e+00 1.073068676581073220e+02
4.470720720720720465e+00 1.073854213868706324e+02
4.480980980980980632e+00 1.074639629507626637e+02
4.491241241241240800e+00 1.075424921060705969e+02
4.501501501501500968e+00 1.076210086079302926e+02
4.511761761761761136e+00 1.076995122103257074e+02
4.522022022022022192e+00 1.077780026660886676e+02
4.532282282282282360e+00 1.078564797268978168e+02
4.542542542542542527e+00 1.079349431432779767e+02
4.552802802802802695e+00 1.080133926645999196e+02
4.563063063063062863e+00 1.080918280390791040e+02
4.573323323323323031e+00 1.081702490137761714e+02
4.583583583583583199e+00 1.082486553345951137e+02
4.593843843843843366e+00 1.083270467462838269e+02
4.604104104104103534e+00 1.084054229924332304e+02
4.614364364364364590e+00 1.084837838154764427e+02
4.624624624624624758e+00 1.085621289566893068e+02
4.634884884884884926e+00 1.086404581561889842e+02
4.645145145145145094e+00 1.087187711529339822e+02
4.655405405405405261e+00 1.087970676847239702e+02
4.665665665665665429e+00 1.088753474881991252e+02
4.675925925925925597e+00 1.089536102988401467e+02
4.686186186186185765e+00 1.090318558509676450e+02
4.696446446446445933e+00 1.091100838777420137e+02
4.706706706706706100e+00 1.091882941111634580e+02
4.716966966966967156e+00 1.092664862820714262e+02
4.727227227227227324e+00 1.093446601201446242e+02
4.737487487487487492e+00 1.094228153539006883e+02
4.747747747747747660e+00 1.095009517106963131e+02
4.758008008008007828e+00 1.095790689167270813e+02
4.768268268268267995e+00 1.096571666970273924e+02
4.778528528528528163e+00 1.097352447754703633e+02
4.788788788788788331e+00 1.098133028747678566e+02
4.799049049049048499e+00 1.098913407164702534e+02
4.809309309309308667e+00 1.099693580209672774e+02
4.819569569569569722e+00 1.100473545074868866e+02
4.829829829829829890e+00 1.101253298940966090e+02
4.840090090090090058e+00 1.102032838977026898e+02
4.850350350350350226e+00 1.102812162340506461e+02
4.860610610610610394e+00 1.103591266177256216e+02
4.870870870870870561e+00 1.104370147621524865e+02
4.881131131131130729e+00 1.105148803795957519e+02
4.891391391391390897e+00 1.105927231811602240e+02
4.901651651651651065e+00 1.106705428767913020e+02
4.911911911911912121e+00 1.107483391752749071e+02
4.922172172172172289e+00 1.108261117842385630e+02
4.932432432432432456e+00 1.109038604101510543e+02
4.942692692692692624e+00 1.109815847583231516e+02
4.952952952952952792e+00 1.110592845329082508e+02
4.963213213213212960e+00 1.111369594369023446e+02
4.973473473473473128e+00 1.112146091721451455e+02
4.983733733733733295e+00 1.112922334393202561e+02
4.993993993993993463e+00 1.113698319379557802e+02
5.004254254254253631e+00 1.114474043664249621e+02
5.014514514514514687e+00 1.115249504219466985e+02
5.024774774774774855e+00 1.116024698005864764e+02
5.035035035035035023e+00 1.116799621972568701e+02
5.045295295295295190e+00 1.117574273057182381e+02
5.055555555555555358e+00 1.118348648185796179e+02
5.065815815815815526e+00 1.119122744272993515e+02
5.076076076076075694e+00 1.119896558221863501e+02
5.086336336336335862e+00 1.120670086923999662e+02
5.096596596596596029e+00 1.121443327259517986e+02
5.106856856856856197e+00 1.122216276097064309e+02
5.117117117117117253e+00 1.122988930293821852e+02
5.127377377377377421e+00 1.123761286695519885e+02
5.137637637637637589e+00 1.124533342136447800e+02
5.147897897897897757e+00 1.125305093439463491e+02
5.158158158158157924e+00 1.126076537416001742e+02
5.168418418418418092e+00 1.126847670866088578e+02
5.178678678678678260e+00 1.127618490578353203e+02
5.188938938938938428e+00 1.128388993330036385e+02
5.199199199199198596e+00 1.129159175887005517e+02
5.209459459459459651e+00 1.129929035003764710e+02
5.219719719719719819e+00 1.130698567423469143e+02
5.229979979979979987e+00 1.131467769877937712e+02
5.240240240240240155e+00 1.132236639087667243e+02
5.250500500500500323e+00 1.133005171761843997e+02
5.260760760760760490e+00 1.133773364598363003e+02
5.271021021021020658e+00 1.134541214283832176e+02
5.281281281281280826e+00 1.135308717493597896e+02
5.291541541541540994e+00 1.136075870891755244e+02
5.301801801801801162e+00 1.136842671131164479e+02
5.312062062062062218e+00 1.137609114853464547e+02
5.322322322322322385e+00 1.138375198689093821e+02
5.332582582582582553e+00 1.139140919257301192e+02
5.342842842842842721e+00 1.139906273166167949e+02
5.353103103103102889e+00 1.140671257012620856e+02
5.363363363363363057e+00 1.141435867382449345e+02
5.373623623623623224e+00 1.142200100850331097e+02
5.383883883883883392e+00 1.142963953979841847e+02
5.394144144144143560e+00 1.143727423323474142e+02
5.404404404404403728e+00 1.144490505422662352e+02
5.414664664664664784e+00 1.145253196807800151e+02
5.424924924924924952e+00 1.146015493998252879e+02
5.435185185185185119e+00 1.146777393502387383e+02
5.445445445445445287e+00 1.147538891817589217e+02
5.455705705705705455e+00 1.148299985430277985e+02
5.465965965965965623e+00 1.149060670815938465e+02
5.476226226226225791e+00 1.149820944439131978e+02
5.486486486486485958e+00 1.150580802753524949e+02
5.496746746746746126e+00 1.151340242201909660e+02
5.507007007007007182e+00 1.152099259216224851e+02
5.517267267267267350e+00 1.152857850217579170e+02
5.527527527527527518e+00 1.153616011616275046e+02
5.537787787787787686e+00 1.154373739811836259e+02
5.548048048048047853e+00 1.155131031193024711e+02
5.558308308308308021e+00 1.155887882137867706e+02
5.568568568568568189e+00 1.156644289013686659e+02
5.578828828828828357e+00 1.157400248177114435e+02
5.589089089089088525e+00 1.158155755974128169e+02
5.599349349349348692e+00 1.158910808740073577e+02
5.609609609609609748e+00 1.159665402799685694e+02
5.619869869869869916e+00 1.160419534467124549e+02
5.630130130130130084e+00 1.161173200045992786e+02
5.640390390390390252e+00 1.161926395829372183e+02
5.650650650650650419e+00 1.162679118099842839e+02
5.660910910910910587e+00 1.163431363129516001e+02
5.671171171171170755e+00 1.164183127180063764e+02
5.681431431431430923e+00 1.164934406502745219e+02
5.691691691691691091e+00 1.165685197338436012e+02
5.701951951951951258e+00 1.166435495917660461e+02
5.712212212212212314e+00 1.167185298460615996e+02
5.722472472472472482e+00 1.167934601177211249e+02
5.732732732732732650e+00 1.168683400267091201e+02
5.742992992992992818e+00 1.169431691919670584e+02
5.753253253253252986e+00 1.170179472314163434e+02
5.763513513513513153e+00 1.170926737619618336e+02
5.773773773773773321e+00 1.171673483994949692e+02
5.784034034034033489e+00 1.172419707588966702e+02
5.794294294294293657e+00 1.173165404540413164e+02
5.804554554554554713e+00 1.173910570977995178e+02
5.814814814814814881e+00 1.174655203020417247e+02
5.825075075075075048e+00 1.175399296776419220e+02
5.835335335335335216e+00 1.176142848344804435e+02
5.845595595595595384e+00 1.176885853814481209e+02
5.855855855855855552e+00 1.177628309264494675e+02
5.866116116116115720e+00 1.178370210764066570e+02
5.876376376376375887e+00 1.179111554372622805e+02
5.886636636636636055e+00 1.179852336139843345e+02
5.896896896896896223e+00 1.180592552105684234e+02
5.907157157157157279e+00 1.181332198300429468e+02
5.917417417417417447e+00 1.182071270744718277e+02
5.927677677677677615e+00 1.182809765449586905e+02
5.937937937937937782e+00 1.183547678416507978e+02
5.948198198198197950e+00 1.184285005637429293e+02
5.958458458458458118e+00 1.185021743094813473e+02
5.968718718718718286e+00 1.185757886761674627e+02
5.978978978978978454e+00 1.186493432601623681e+02
5.989239239239238621e+00 1.187228376568904764e+02
5.999499499499498789e+00 1.187962714608437977e+02
6.009759759759759845e+00 1.188696442655858903e+02
6.020020020020020013e+00 1.189429556637564218e+02
6.030280280280280181e+00 1.190162052470752343e+02
6.040540540540540349e+00 1.190893926063462942e+02
6.050800800800800516e+00 1.191625173314621549e+02
6.061061061061060684e+00 1.192355790114088734e+02
6.071321321321320852e+00 1.193085772342690518e+02
6.081581581581581020e+00 1.193815115872278341e+02
6.091841841841841187e+00 1.194543816565762739e+02
6.102102102102102243e+00 1.195271870277160957e+02
6.112362362362362411e+00 1.195999272851644690e+02
6.122622622622622579e+00 1.196726020125582295e+02
6.132882882882882747e+00 1.197452107926588667e+02
6.143143143143142915e+00 1.198177532073568585e+02
6.153403403403403082e+00 1.198902288376765597e+02
6.163663663663663250e+00 1.199626372637809055e+02
6.173923923923923418e+00 1.200349780649759452e+02
6.184184184184183586e+00 1.201072508197163131e+02
6.194444444444443754e+00 1.201794551056091933e+02
6.204704704704704810e+00 1.202515904994198053e+02
6.214964964964964977e+00 1.203236565770761075e+02
6.225225225225225145e+00 1.203956529136742546e+02
6.235485485485485313e+00 1.204675790834829314e+02
6.245745745745745481e+00 1.205394346599484692e+02
6.256006006006005649e+00 1.206112192157006859e+02
6.266266266266265816e+00 1.206829323225570363e+02
6.276526526526525984e+00 1.207545735515285230e+02
6.286786786786786152e+00 1.208261424728247277e+02
6.297047047047046320e+00 1.208976386558586427e+02
6.307307307307307376e+00 1.209690616692524259e+02
6.317567567567567544e+00 1.210404110808429863e+02
6.327827827827827711e+00 1.211116864576865311e+02
6.338088088088087879e+00 1.211828873660647474e+02
6.348348348348348047e+00 1.212540133714895489e+02
6.358608608608608215e+00 1.213250640387094705e+02
6.368868868868868383e+00 1.213960389317142301e+02
6.379129129129128550e+00 1.214669376137411660e+02
6.389389389389388718e+00 1.215377596472801116e+02
6.399649649649649774e+00 1.216085045940795624e+02
6.409909909909909942e+00 1.216791720151524743e+02
6.420170170170170110e+00 1.217497614707811238e+02
6.430430430430430278e+00 1.218202725205238721e+02
6.440690690690690445e+00 1.218907047232204519e+02
6.450950950950950613e+00 1.219610576369979924e+02
6.461211211211210781e+00 1.220313308192768176e+02
6.471471471471470949e+00 1.221015238267762157e+02
6.481731731731731116e+00 1.221716362155210334e+02
6.491991991991991284e+00 1.222416675408470752e+02
6.502252252252252340e+00 1.223116173574069308e+02
6.512512512512512508e+00 1.223814852191769944e+02
6.522772772772772676e+00 1.224512706794627093e+02
6.533033033033032844e+00 1.225209732909053741e+02
6.543293293293293011e+00 1.225905926054875152e+02
6.553553553553553179e+00 1.226601281745403611e+02
6.563813813813813347e+00 1.227295795487488306e+02
6.574074074074073515e+00 1.227989462781585672e+02
6.584334334334333683e+00 1.228682279121822347e+02
6.594594594594593850e+00 1.229374239996057270e+02
6.604854854854854906e+00 1.230065340885950036e+02
6.615115115115115074e+00 1.230755577267017600e+02
6.625375375375375242e+00 1.231444944608708596e+02
6.635635635635635410e+00 1.232133438374460042e+02
6.645895895895895578e+00 1.232821054021776348e+02
6.656156156156155745e+00 1.233507787002276075e+02
6.666416416416415913e+00 1.234193632761778616e+02
6.676676676676676081e+00 1.234878586740355075e+02
6.686936936936936249e+00 1.235562644372407135e+02
6.697197197197197305e+00 1.236245801086726175e+02
6.707457457457457473e+00 1.236928052306572141e+02
6.717717717717717640e+00 1.237609393449727975e+02
6.727977977977977808e+00 1.238289819928578623e+02
6.738238238238237976e+00 1.238969327150178259e+02
6.748498498498498144e+00 1.239647910516318916e+02
6.758758758758758312e+00 1.240325565423599272e+02
6.769019019019018479e+00 1.241002287263499682e+02
6.779279279279278647e+00 1.241678071422446692e+02
6.789539539539538815e+00 1.242352913281884810e+02
6.799799799799799871e+00 1.243026808218354802e+02
6.810060060060060039e+00 1.243699751603560060e+02
6.820320320320320207e+00 1.244371738804438223e+02
6.830580580580580374e+00 1.245042765183236497e+02
6.840840840840840542e+00 1.245712826097580148e+02
6.851101101101100710e+00 1.246381916900552085e+02
6.861361361361360878e+00 1.247050032940760076e+02
6.871621621621621046e+00 1.247717169562417467e+02
6.881881881881881213e+00 1.248383322105410116e+02
6.892142142142141381e+00 1.249048485905378243e+02
6.902402402402402437e+00 1.249712656293784931e+02
6.912662662662662605e+00 1.250375828597997128e+02
6.922922922922922773e+00 1.251037998141356411e+02
6.933183183183182940e+00 1.251699160243260707e+02
6.943443443443443108e+00 1.252359310219231929e+02
6.953703703703703276e+00 1.253018443381005227e+02
6.963963963963963444e+00 1.253676555036593356e+02
6.974224224224223612e+00 1.254333640490374080e+02
6.984484484484483779e+00 1.254989695043161504e+02
6.994744744744744835e+00 1.255644713992289780e+02
7.005005005005005003e+00 1.256298692631681746e+02
7.015265265265265171e+00 1.256951626251938166e+02
7.025525525525525339e+00 1.257603510140417171e+02
7.035785785785785507e+00 1.258254339581304890e+02
7.046046046046045674e+00 1.258904109855700426e+02
7.056306306306305842e+00 1.259552816241694870e+02
7.066566566566566010e+00 1.260200454014456852e+02
7.076826826826826178e+00 1.260847018446303451e+02
7.087087087087086346e+00 1.261492504806791999e+02
7.097347347347347402e+00 1.262136908362789285e+02
7.107607607607607569e+00 1.262780224378568619e+02
7.117867867867867737e+00 1.263422448115877472e+02
7.128128128128127905e+00 1.264063574834031272e+02
7.138388388388388073e+00 1.264703599789985162e+02
7.148648648648648241e+00 1.265342518238427090e+02
7.158908908908908408e+00 1.265980325431855675e+02
7.169169169169168576e+00 1.266617016620664202e+02
7.179429429429428744e+00 1.267252587053227302e+02
7.189689689689688912e+00 1.267887031975980108e+02
7.199949949949949968e+00 1.268520346633508638e+02
7.210210210210210136e+00 1.269152526268629799e+02
7.220470470470470303e+00 1.269783566122482625e+02
7.230730730730730471e+00 1.270413461434606006e+02
7.240990990990990639e+00 1.271042207443032055e+02
7.251251251251250807e+00 1.271669799384362989e+02
7.261511511511510975e+00 1.272296232493867052e+02
7.271771771771771142e+00 1.272921502005562218e+02
7.282032032032031310e+00 1.273545603152293779e+02
7.292292292292292366e+00 1.274168531165840932e+02
7.302552552552552534e+00 1.274790281276986406e+02
7.312812812812812702e+00 1.275410848715610257e+02
7.323073073073072869e+00 1.276030228710779255e+02
7.333333333333333037e+00 1.276648416490837263e+02
7.343593593593593205e+00 1.277265407283490219e+02
7.353853853853853373e+00 1.277881196315888559e+02
7.364114114114113541e+00 1.278495778814735502e+02
7.374374374374373708e+00 1.279109150006351854e+02
7.384634634634633876e+00 1.279721305116789694e+02
7.394894894894894932e+00 1.280332239371902858e+02
7.405155155155155100e+00 1.280941947997445993e+02
7.415415415415415268e+00 1.281550426219170333e+02
7.425675675675675436e+00 1.282157669262898025e+02
7.435935935935935603e+00 1.282763672354634537e+02
7.446196196196195771e+00 1.283368430720640845e+02
7.456456456456455939e+00 1.283971939587532063e+02
7.466716716716716107e+00 1.284574194182372651e+02
7.476976976976976275e+00 1.285175189732767365e+02
7.487237237237236442e+00 1.285774921466944818e+02
7.497497497497497498e+00 1.286373384613862640e+02
7.507757757757757666e+00 1.286970574403291039e+02
7.518018018018017834e+00 1.287566486065906588e+02
7.528278278278278002e+00 1.288161114833391423e+02
7.538538538538538170e+00 1.288754455938517367e+02
7.548798798798798337e+00 1.289346504615253366e+02
7.559059059059058505e+00 1.289937256098839384e+02
7.569319319319318673e+00 1.290526705625897534e+02
7.579579579579578841e+00 1.291114848434518194e+02
7.589839839839839897e+00 1.291701679764358630e+02
7.600100100100100065e+00 1.292287194856733663e+02
7.610360360360360232e+00 1.292871388954712302e+02
7.620620620620620400e+00 1.293454257303210682e+02
7.630880880880880568e+00 1.294035795149091541e+02
7.641141141141140736e+00 1.294615997741260855e+02
7.651401401401400904e+00 1.295194860330752249e+02
7.661661661661661071e+00 1.295772378170833576e+02
7.671921921921921239e+00 1.296348546517104126e+02
7.682182182182181407e+00 1.296923360627581872e+02
7.692442442442442463e+00 1.297496815762803806e+02
7.702702702702702631e+00 1.298068907185929390e+02
7.712962962962962798e+00 1.298639630162825540e+02
7.723223223223222966e+00 1.299208979962170645e+02
7.733483483483483134e+00 1.299776951855549498e+02
7.743743743743743302e+00 1.300343541117557891e+02
7.754004004004003470e+00 1.300908743025877925e+02
7.764264264264263637e+00 1.301472552861411884e+02
7.774524524524523805e+00 1.302034965908341348e+02
7.784784784784783973e+00 1.302595977454255376e+02
7.795045045045045029e+00 1.303155582790227243e+02
7.805305305305305197e+00 1.303713777210930118e+02
7.815565565565565365e+00 1.304270556014716362e+02
7.825825825825825532e+00 1.304825914503737181e+02
7.836086086086085700e+00 1.305379847984025048e+02
7.846346346346345868e+00 1.305932351765597730e+02
7.856606606606606036e+00 1.306483421162561172e+02
7.866866866866866204e+00 1.307033051493204994e+02
7.877127127127126371e+00 1.307581238080095716e+02
7.887387387387387427e+00 1.308127976250189306e+02
7.897647647647647595e+00 1.308673261334919289e+02
7.907907907907907763e+00 1.309217088670302473e+02
7.918168168168167931e+00 1.309759453597037009e+02
7.928428428428428099e+00 1.310300351460596175e+02
7.938688688688688266e+00 1.310839777611342072e+02
7.948948948948948434e+00 1.311377727404614291e+02
7.959209209209208602e+00 1.311914196200831668e+02
7.969469469469468770e+00 1.312449179365596592e+02
7.979729729729728938e+00 1.312982672269785382e+02
7.989989989989989994e+00 1.313514670289665389e+02
8.000250250250250161e+00 1.314045168806985657e+02
8.010510510510510329e+00 1.314574163209069297e+02
8.020770770770770497e+00 1.315101648888932289e+02
8.031031031031030665e+00 1.315627621245370733e+02
8.041291291291290833e+00 1.316152075683060332e+02
8.051551551551551000e+00 1.316675007612673198e+02
8.061811811811811168e+00 1.317196412450965113e+02
8.072072072072071336e+00 1.317716285620872156e+02
8.082332332332331504e+00 1.318234622551626956e+02
8.092592592592591672e+00 1.318751418678850484e+02
8.102852852852851839e+00 1.319266669444654667e+02
8.113113113113112007e+00 1.319780370297744412e+02
8.123373373373372175e+00 1.320292516693515665e+02
8.133633633633632343e+00 1.320803104094161995e+02
8.143893893893892511e+00 1.321312127968775485e+02
8.154154154154152678e+00 1.321819583793443087e+02
8.164414414414412846e+00 1.322325467051351495e+02
8.174674674674673014e+00 1.322829773232888613e+02
8.184934934934934958e+00 1.323332497835743879e+02
8.195195195195195126e+00 1.323833636365015138e+02
8.205455455455455294e+00 1.324333184333299300e+02
8.215715715715715461e+00 1.324831137260804041e+02
8.225975975975975629e+00 1.325327490675445006e+02
8.236236236236235797e+00 1.325822240112949828e+02
8.246496496496495965e+00 1.326315381116953631e+02
8.256756756756756133e+00 1.326806909239109018e+02
8.267017017017016300e+00 1.327296820039182990e+02
8.277277277277276468e+00 1.327785109085159547e+02
8.287537537537538412e+00 1.328271771953336895e+02
8.297797797797798580e+00 1.328756804228438568e+02
8.308058058058058748e+00 1.329240201503708079e+02
8.318318318318318916e+00 1.329721959381005547e+02
8.328578578578579084e+00 1.330202073470927360e+02
8.338838838838839251e+00 1.330680539392882906e+02
8.349099099099099419e+00 1.331157352775223330e+02
8.359359359359359587e+00 1.331632509255311732e+02
8.369619619619619755e+00 1.332106004479655894e+02
8.379879879879879923e+00 1.332577834103987300e+02
8.390140140140140090e+00 1.333047993793369415e+02
8.400400400400400258e+00 1.333516479222307964e+02
8.410660660660660426e+00 1.333983286074835064e+02
8.420920920920920594e+00 1.334448410044620346e+02
8.431181181181180762e+00 1.334911846835076972e+02
8.441441441441440929e+00 1.335373592159448890e+02
8.451701701701701097e+00 1.335833641740924520e+02
8.461961961961961265e+00 1.336291991312732819e+02
8.472222222222221433e+00 1.336748636618234798e+02
8.482482482482481601e+00 1.337203573411042896e+02
8.492742742742741768e+00 1.337656797455111359e+02
8.503003003003001936e+00 1.338108304524831738e+02
8.513263263263262104e+00 1.338558090405140319e+02
8.523523523523522272e+00 1.339006150891617892e+02
8.533783783783784216e+00 1.339452481790588365e+02
8.544044044044044384e+00 1.339897078919224498e+02
8.554304304304304551e+00 1.340339938105632882e+02
8.564564564564564719e+00 1.340781055188971322e+02
8.574824824824824887e+00 1.341220426019539218e+02
8.585085085085085055e+00 1.341658046458879028e+02
8.595345345345345223e+00 1.342093912379878589e+02
8.605605605605605390e+00 1.342528019666860075e+02
8.615865865865865558e+00 1.342960364215695961e+02
8.626126126126125726e+00 1.343390941933896841e+02
8.636386386386385894e+00 1.343819748740713749e+02
8.646646646646646062e+00 1.344246780567226836e+02
8.656906906906906229e+00 1.344672033356468432e+02
8.667167167167166397e+00 1.345095503063496096e+02
8.677427427427426565e+00 1.345517185655509707e+02
8.687687687687686733e+00 1.345937077111930193e+02
8.697947947947946901e+00 1.346355173424524310e+02
8.708208208208207068e+00 1.346771470597473694e+02
8.718468468468467236e+00 1.347185964647490550e+02
8.728728728728729180e+00 1.347598651603921383e+02
8.738988988988989348e+00 1.348009527508814642e+02
8.749249249249249516e+00 1.348418588417052035e+02
8.759509509509509684e+00 1.348825830396431229e+02
8.769769769769769852e+00 1.349231249527750549e+02
8.780030030030030019e+00 1.349634841904932898e+02
8.790290290290290187e+00 1.350036603635091979e+02
8.800550550550550355e+00 1.350436530838655358e+02
8.810810810810810523e+00 1.350834619649440924e+02
8.821071071071070691e+00 1.351230866214767730e+02
8.831331331331330858e+00 1.351625266695535288e+02
8.841591591591591026e+00 1.352017817266336408e+02
8.851851851851851194e+00 1.352408514115540186e+02
8.862112112112111362e+00 1.352797353445391195e+02
8.872372372372371530e+00 1.353184331472102429e+02
8.882632632632631697e+00 1.353569444425954771e+02
8.892892892892891865e+00 1.353952688551387951e+02
8.903153153153152033e+00 1.354334060107092341e+02
8.913413413413412201e+00 1.354713555366106448e+02
8.923673673673672369e+00 1.355091170615906151e+02
8.933933933933934313e+00 1.355466902158506457e+02
8.944194194194194480e+00 1.355840746310541647e+02
8.954454454454454648e+00 1.356212699403371005e+02
8.964714714714714816e+00 1.356582757783165789e+02
8.974974974974974984e+00 1.356950917810999329e+02
8.985235235235235152e+00 1.357317175862941383e+02
8.995495495495495319e+00 1.357681528330151650e+02
9.005755755755755487e+00 1.358043971618968442e+02
9.016016016016015655e+00 1.358404502150999917e+02
9.026276276276275823e+00 1.358763116363215318e+02
9.036536536536535991e+00 1.359119810708037051e+02
9.046796796796796158e+00 1.359474581653430221e+02
9.057057057057056326e+00 1.359827425682993294e+02
9.067317317317316494e+00 1.360178339296045635e+02
9.077577577577576662e+00 1.360527319007716471e+02
9.087837837837836830e+00 1.360874361349040953e+02
9.098098098098096997e+00 1.361219462867037180e+02
9.108358358358357165e+00 1.361562620124808518e+02
9.118618618618617333e+00 1.361903829701618633e+02
9.128878878878879277e+00 1.362243088192987273e+02
9.139139139139139445e+00 1.362580392210773539e+02
9.149399399399399613e+00 1.362915738383273094e+02
9.159659659659659781e+00 1.363249123355286372e+02
9.169919919919919948e+00 1.363580543788222030e+02
9.180180180180180116e+00 1.363909996360178241e+02
9.190440440440440284e+00 1.364237477766024256e+02
9.200700700700700452e+00 1.364562984717487666e+02
9.210960960960960620e+00 1.364886513943243926e+02
9.221221221221220787e+00 1.365208062189000771e+02
9.231481481481480955e+00 1.365527626217568695e+02
9.241741741741741123e+00 1.365845202808968111e+02
9.252002002002001291e+00 1.366160788760498122e+02
9.262262262262261459e+00 1.366474380886818665e+02
9.272522522522521626e+00 1.366785976020034923e+02
9.282782782782781794e+00 1.367095571009797652e+02
9.293043043043041962e+00 1.367403162723354626e+02
9.303303303303302130e+00 1.367708748045652953e+02
9.313563563563562298e+00 1.368012323879418375e+02
9.323823823823824242e+00 1.368313887145232854e+02
9.334084084084084409e+00 1.368613434781613591e+02
9.344344344344344577e+00 1.368910963745095444e+02
9.354604604604604745e+00 1.369206471010315056e+02
9.364864864864864913e+00 1.369499953570080493e+02
9.375125125125125081e+00 1.369791408435462188e+02
9.385385385385385248e+00 1.370080832635860020e+02
9.395645645645645416e+00 1.370368223219089145e+02
9.405905905905905584e+00 1.370653577251454749e+02
9.416166166166165752e+00 1.370936891817833327e+02
9.426426426426425920e+00 1.371218164021741757e+02
9.436686686686686087e+00 1.371497390985420282e+02
9.446946946946946255e+00 1.371774569849907266e+02
9.457207207207206423e+00 1.372049697775110246e+02
9.467467467467466591e+00 1.372322771939891481e+02
9.477727727727726759e+00 1.372593789542135596e+02
9.487987987987986926e+00 1.372862747798822056e+02
9.498248248248247094e+00 1.373129643946099350e+02
9.508508508508507262e+00 1.373394475239369967e+02
9.518768768768767430e+00 1.373657238953347814e+02
9.529029029029029374e+00 1.373917932382130118e+02
9.539289289289289542e+00 1.374176552839289513e+02
9.549549549549549710e+00 1.374433097657929750e+02
9.559809809809809877e+00 1.374687564190753619e+02
9.570070070070070045e+00 1.374939949810143673e+02
9.580330330330330213e+00 1.375190251908225605e+02
9.590590590590590381e+00 1.375438467896945838e+02
9.600850850850850549e+00 1.375684595208129508e+02
9.611111111111110716e+00 1.375928631293562034e+02
9.621371371371370884e+00 1.376170573625043687e+02
9.631631631631631052e+00 1.376410419694469454e+02
9.641891891891891220e+00 1.376648167013888440e+02
9.652152152152151388e+00 1.376883813115579756e+02
9.662412412412411555e+00 1.377117355552095717e+02
9.672672672672671723e+00 1.377348791896363025e+02
9.682932932932931891e+00 1.377578119741720570e+02
9.693193193193192059e+00 1.377805336701991621e+02
9.703453453453452227e+00 1.378030440411556299e+02
9.713713713713712394e+00 1.378253428525402455e+02
9.723973973973974338e+00 1.378474298719197009e+02
9.734234234234234506e+00 1.378693048689344209e+02
9.744494494494494674e+00 1.378909676153052146e+02
9.754754754754754842e+00 1.379124178848393569e+02
9.765015015015015010e+00 1.379336554534366712e+02
9.775275275275275177e+00 1.379546800990950146e+02
9.785535535535535345e+00 1.379754916019174402e+02
9.795795795795795513e+00 1.379960897441169436e+02
9.806056056056055681e+00 1.380164743100227156e+02
9.816316316316315849e+00 1.380366450860874465e+02
9.826576576576576016e+00 1.380566018608907655e+02
9.836836836836836184e+00 1.380763444251460612e+02
9.847097097097096352e+00 1.380958725717068489e+02
9.857357357357356520e+00 1.381151860955710049e+02
9.867617617617616688e+00 1.381342847938875309e+02
9.877877877877876855e+00 1.381531684659620964e+02
9.888138138138137023e+00 1.381718369132607052e+02
9.898398398398397191e+00 1.381902899394176529e+02
9.908658658658657359e+00 1.382085273502388816e+02
9.918918918918919303e+00 1.382265489537086012e+02
9.929179179179179471e+00 1.382443545599937238e+02
9.939439439439439639e+00 1.382619439814489795e+02
9.949699699699699806e+00 1.382793170326228847e+02
9.959959959959959974e+00 1.382964735302619488e+02
9.970220220220220142e+00 1.383134132933161879e+02
9.980480480480480310e+00 1.383301361429436440e+02
9.990740740740740478e+00 1.383466419025157279e+02
1.000100100100100065e+01 1.383629303976218239e+02
1.001126126126126081e+01 1.383790014560739792e+02
1.002152152152152098e+01 1.383948549079118493e+02
1.003178178178178115e+01 1.384104905854074730e+02
1.004204204204204132e+01 1.384259083230694785e+02
1.005230230230230148e+01 1.384411079576471195e+02
1.006256256256256165e+01 1.384560893281367555e+02
1.007282282282282182e+01 1.384708522757836420e+02
1.008308308308308199e+01 1.384853966440886950e+02
1.009334334334334216e+01 1.384997222788110776e+02
1.010360360360360232e+01 1.385138290279731734e+02
1.011386386386386249e+01 1.385277167418645661e+02
1.012412412412412444e+01 1.385413852730462168e+02
1.013438438438438460e+01 1.385548344763548414e+02
1.014464464464464477e+01 1.385680642089064065e+02
1.015490490490490494e+01 1.385810743301002788e+02
1.016516516516516511e+01 1.385938647016229197e+02
1.017542542542542527e+01 1.386064351874525187e+02
1.018568568568568544e+01 1.386187856538611527e+02
1.019594594594594561e+01 1.386309159694200446e+02
1.020620620620620578e+01 1.386428260050029166e+02
1.021646646646646595e+01 1.386545156337882077e+02
1.022672672672672611e+01 1.386659847312643308e+02
1.023698698698698628e+01 1.386772331752318621e+02
1.024724724724724645e+01 1.386882608458081449e+02
1.025750750750750662e+01 1.386990676254288246e+02
1.026776776776776678e+01 1.387096533988532485e+02
1.027802802802802695e+01 1.387200180531656031e+02
1.028828828828828712e+01 1.387301614777798022e+02
1.029854854854854729e+01 1.387400835644407664e+02
1.030880880880880746e+01 1.387497842072295384e+02
1.031906906906906940e+01 1.387592633025639941e+02
1.032932932932932957e+01 1.387685207492035318e+02
1.033958958958958974e+01 1.387775564482507491e+02
1.034984984984984990e+01 1.387863703031543139e+02
1.036011011011011007e+01 1.387949622197128292e+02
1.037037037037037024e+01 1.388033321060754020e+02
1.038063063063063041e+01 1.388114798727460482e+02
1.039089089089089057e+01 1.388194054325852278e+02
1.040115115115115074e+01 1.388271087008116922e+02
1.041141141141141091e+01 1.388345895950070314e+02
1.042167167167167108e+01 1.388418480351155040e+02
1.043193193193193125e+01 1.388488839434470492e+02
1.044219219219219141e+01 1.388556972446810107e+02
1.045245245245245158e+01 1.388622878658652837e+02
1.046271271271271175e+01 1.388686557364214025e+02
1.047297297297297192e+01 1.388748007881434319e+02
1.048323323323323208e+01 1.388807229552032254e+02
1.049349349349349225e+01 1.388864221741490041e+02
1.050375375375375242e+01 1.388918983839102452e+02
1.051401401401401436e+01 1.388971515257959766e+02
1.052427427427427453e+01 1.389021815434993812e+02
1.053453453453453470e+01 1.389069883830976551e+02
1.054479479479479487e+01 1.389115719930545083e+02
1.055505505505505504e+01 1.389159323242204209e+02
1.056531531531531520e+01 1.389200693298356555e+02
1.057557557557557537e+01 1.389239829655294329e+02
1.058583583583583554e+01 1.389276731893235421e+02
1.059609609609609571e+01 1.389311399616312883e+02
1.060635635635635587e+01 1.389343832452599941e+02
1.061661661661661604e+01 1.389374030054122215e+02
1.062687687687687621e+01 1.389401992096855167e+02
1.063713713713713638e+01 1.389427718280738873e+02
1.064739739739739655e+01 1.389451208329693657e+02
1.065765765765765671e+01 1.389472461991612704e+02
1.066791791791791688e+01 1.389491479038385364e+02
1.067817817817817705e+01 1.389508259265896584e+02
1.068843843843843722e+01 1.389522802494022926e+02
1.069869869869869738e+01 1.389535108566651900e+02
1.070895895895895755e+01 1.389545177351683378e+02
1.071921921921921950e+01 1.389553008741027327e+02
1.072947947947947966e+01 1.389558602650613750e+02
1.073973973973973983e+01 1.389561959020385871e+02
1.075000000000000000e+01 1.389563077814314056e+02
